// MilkShape 3D ASCII

Frames: 52
Frame: 1

Meshes: 1
"Cylinder02" 0 0
26
1 126.500000 0.000000 0.000000 0.000000 1.000000 -1
1 126.500000 172.000000 0.000000 0.000000 0.000000 -1
1 109.552208 0.000000 63.250000 0.083333 1.000000 -1
1 109.552208 172.000000 63.250000 0.083333 0.000000 -1
1 63.250000 172.000000 109.552208 0.166667 0.000000 -1
1 63.250000 0.000000 109.552208 0.166667 1.000000 -1
1 0.000000 0.000000 126.500000 0.250000 1.000000 -1
1 0.000000 172.000000 126.500000 0.250000 0.000000 -1
1 -63.250000 172.000000 109.552208 0.333333 0.000000 -1
1 -63.250000 0.000000 109.552208 0.333333 1.000000 -1
1 -109.552208 0.000000 63.250000 0.416667 1.000000 -1
1 -109.552208 172.000000 63.250000 0.416667 0.000000 -1
1 -126.500000 172.000000 0.000000 0.500000 0.000000 -1
1 -126.500000 0.000000 0.000000 0.500000 1.000000 -1
1 -109.552208 0.000000 -63.250000 0.583333 1.000000 -1
1 -109.552208 172.000000 -63.250000 0.583333 0.000000 -1
1 -63.250000 172.000000 -109.552216 0.666667 0.000000 -1
1 -63.250000 0.000000 -109.552216 0.666667 1.000000 -1
1 0.000000 0.000000 -126.500000 0.750000 1.000000 -1
1 0.000000 172.000000 -126.500000 0.750000 0.000000 -1
1 63.250000 172.000000 -109.552216 0.833333 0.000000 -1
1 63.250000 0.000000 -109.552216 0.833333 1.000000 -1
1 109.552208 0.000000 -63.250000 0.916667 1.000000 -1
1 109.552208 172.000000 -63.250000 0.916667 0.000000 -1
1 126.500000 172.000000 0.000000 1.000000 0.000000 -1
1 126.500000 0.000000 0.000000 1.000000 1.000000 -1
13
0.965926 0.000000 0.258819
0.866025 0.000000 0.500000
0.500000 0.000000 0.866025
0.000000 0.000000 1.000000
-0.500000 0.000000 0.866025
-0.866025 0.000000 0.500000
-1.000000 0.000000 0.000000
-0.866025 0.000000 -0.500000
-0.500000 0.000000 -0.866025
0.000000 0.000000 -1.000000
0.500000 0.000000 -0.866025
0.866025 0.000000 -0.500000
0.965926 0.000000 -0.258819
24
1 0 1 2 0 0 1 1
1 1 3 2 0 1 1 1
1 2 3 4 1 1 2 1
1 2 4 5 1 2 2 1
1 5 4 6 2 2 3 1
1 4 7 6 2 3 3 1
1 6 7 8 3 3 4 1
1 6 8 9 3 4 4 1
1 9 8 10 4 4 5 1
1 8 11 10 4 5 5 1
1 10 11 12 5 5 6 1
1 10 12 13 5 6 6 1
1 13 12 14 6 6 7 1
1 12 15 14 6 7 7 1
1 14 15 16 7 7 8 1
1 14 16 17 7 8 8 1
1 17 16 18 8 8 9 1
1 16 19 18 8 9 9 1
1 18 19 20 9 9 10 1
1 18 20 21 9 10 10 1
1 21 20 22 10 10 11 1
1 20 23 22 10 11 11 1
1 22 23 24 11 11 12 1
1 22 24 25 11 12 12 1

Materials: 1
"Material01"
0.200000 0.200000 0.200000 1.000000
0.800000 0.800000 0.800000 1.000000
0.000000 0.000000 0.000000 1.000000
0.000000 0.000000 0.000000 1.000000
0.000000
1.000000
"..\Image\AniEnergyUp.tga"
""

Bones: 33
"b"
""
8 0.000000 0.000000 0.000000 -1.570796 -0.000000 0.000000
10
1.000000 0.000000 0.000000 0.000000
4.000000 0.000000 0.000000 0.000000
5.000000 0.000000 0.000000 0.000000
6.000000 0.000000 0.000000 0.000000
7.000000 0.000000 0.000000 0.000000
8.000000 0.000000 0.000000 0.000000
9.000000 0.000000 0.000000 0.000000
10.000000 0.000000 0.000000 0.000000
11.000000 0.000000 0.000000 0.000000
15.000000 0.000000 0.000000 0.000000
10
1.000000 0.000000 -0.000000 0.000000
4.000000 0.000000 -0.000000 0.000000
5.000000 0.000000 -0.000000 0.000000
6.000000 0.000000 -0.000000 0.000000
7.000000 0.000000 -0.000000 0.000000
8.000000 0.000000 -0.000000 0.000000
9.000000 0.000000 -0.000000 0.000000
10.000000 0.000000 -0.000000 0.000000
11.000000 0.000000 -0.000000 0.000000
15.000000 0.000000 -0.000000 0.000000
"b_c"
"b"
8 0.000000 0.000000 13.257512 0.000000 -0.000000 0.000000
10
1.000000 0.000000 0.000000 0.000000
4.000000 0.000000 0.000000 0.000000
5.000000 0.000000 0.000000 0.000000
6.000000 0.000000 0.000000 0.000000
7.000000 0.000000 0.000000 0.000000
8.000000 0.000000 0.000000 0.000000
9.000000 0.000000 0.000000 0.000000
10.000000 0.000000 0.000000 0.000000
11.000000 0.000000 0.000000 0.000000
15.000000 0.000000 0.000000 0.000000
10
1.000000 0.000000 -0.000000 0.000000
4.000000 0.000000 -0.000000 0.000000
5.000000 0.000000 -0.000000 0.000000
6.000000 0.000000 -0.000000 0.000000
7.000000 0.000000 -0.000000 0.000000
8.000000 0.000000 -0.000000 0.000000
9.000000 0.000000 -0.000000 0.000000
10.000000 0.000000 -0.000000 0.000000
11.000000 0.000000 -0.000000 0.000000
15.000000 0.000000 -0.000000 0.000000
"b_r3"
"b_c"
8 0.002182 -13.444907 0.000011 0.000000 -0.000000 0.000000
10
1.000000 0.000000 0.000000 0.000000
4.000000 0.000000 0.000000 0.000000
5.000000 0.000000 0.000000 0.000000
6.000000 0.000000 0.000000 0.000000
7.000000 0.000000 0.000000 0.000000
8.000000 0.000000 0.000000 0.000000
9.000000 0.000000 0.000000 0.000000
10.000000 0.000000 0.000000 0.000000
11.000000 0.000000 0.000000 0.000000
15.000000 0.000000 0.000000 0.000000
10
1.000000 0.000000 -0.000000 0.000000
4.000000 0.000000 -0.000000 0.000000
5.000000 0.000000 -0.000000 0.000000
6.000000 0.000000 -0.000000 0.000000
7.000000 0.000000 -0.000000 0.000000
8.000000 0.000000 -0.000000 0.000000
9.000000 0.000000 -0.000000 0.000000
10.000000 0.000000 -0.000000 0.000000
11.000000 0.000000 -0.000000 0.000000
15.000000 0.000000 -0.000000 0.000000
"r3"
"b_r3"
8 49.343346 -0.000001 -0.000006 0.000000 -0.000000 0.000000
10
1.000000 0.000000 0.000000 0.000000
4.000000 0.000000 0.000000 0.000000
5.000000 0.000000 0.000000 0.000000
6.000000 0.000000 0.000000 0.000000
7.000000 0.000000 0.000000 0.000000
8.000000 0.000000 0.000000 0.000000
9.000000 0.000000 0.000000 0.000000
10.000000 0.000000 0.000000 0.000000
11.000000 0.000000 0.000000 0.000000
15.000000 0.000000 0.000000 0.000000
10
1.000000 0.000000 -0.000000 0.000000
4.000000 3.141591 -0.000000 0.000000
5.000000 -2.094398 -0.000000 0.000000
6.000000 -0.523601 0.000000 0.000000
7.000000 -0.000002 0.000000 0.000000
8.000000 -0.000002 0.000000 0.000000
9.000000 -0.523601 0.000000 0.000000
10.000000 -2.094398 -0.000000 0.000000
11.000000 3.141591 -0.000000 0.000000
15.000000 0.000000 -0.000000 0.000000
"b_r2"
"b_r3"
8 0.000012 -27.333317 -0.166681 0.000000 -0.000000 0.000000
10
1.000000 0.000000 0.000000 0.000000
4.000000 0.000000 0.000000 0.000000
5.000000 0.000000 0.000000 0.000000
6.000000 0.000000 0.000000 0.000000
7.000000 0.000000 0.000000 0.000000
8.000000 0.000000 0.000000 0.000000
9.000000 0.000000 0.000000 0.000000
10.000000 0.000000 0.000000 0.000000
11.000000 0.000000 0.000000 0.000000
15.000000 0.000000 0.000000 0.000000
10
1.000000 0.000000 -0.000000 0.000000
4.000000 0.000000 -0.000000 0.000000
5.000000 0.000000 -0.000000 0.000000
6.000000 0.000000 -0.000000 0.000000
7.000000 0.000000 -0.000000 0.000000
8.000000 0.000000 -0.000000 0.000000
9.000000 0.000000 -0.000000 0.000000
10.000000 0.000000 -0.000000 0.000000
11.000000 0.000000 -0.000000 0.000000
15.000000 0.000000 -0.000000 0.000000
"r2"
"b_r2"
8 49.341141 -0.000008 0.000578 0.000000 -0.000000 0.000000
10
1.000000 0.000000 0.000000 0.000000
4.000000 0.000000 0.000000 0.000000
5.000000 0.000000 0.000000 0.000000
6.000000 0.000000 0.000000 0.000000
7.000000 0.000000 0.000000 0.000000
8.000000 0.000000 0.000000 0.000000
9.000000 0.000000 0.000000 0.000000
10.000000 0.000000 0.000000 0.000000
11.000000 0.000000 0.000000 0.000000
15.000000 0.000000 0.000000 0.000000
10
1.000000 0.000000 -0.000000 0.000000
4.000000 3.141591 -0.000000 0.000000
5.000000 -2.094398 -0.000000 0.000000
6.000000 -0.523601 0.000000 0.000000
7.000000 -0.000002 0.000000 0.000000
8.000000 -0.000002 0.000000 0.000000
9.000000 -0.523601 0.000000 0.000000
10.000000 -2.094398 -0.000000 0.000000
11.000000 3.141591 -0.000000 0.000000
15.000000 0.000000 -0.000000 0.000000
"b_r1"
"b_r2"
8 -0.000010 -28.166653 0.166677 0.000000 -0.000000 0.000000
10
1.000000 0.000000 0.000000 0.000000
4.000000 0.000000 0.000000 0.000000
5.000000 0.000000 0.000000 0.000000
6.000000 0.000000 0.000000 0.000000
7.000000 0.000000 0.000000 0.000000
8.000000 0.000000 0.000000 0.000000
9.000000 0.000000 0.000000 0.000000
10.000000 0.000000 0.000000 0.000000
11.000000 0.000000 0.000000 0.000000
15.000000 0.000000 0.000000 0.000000
10
1.000000 0.000000 -0.000000 0.000000
4.000000 0.000000 -0.000000 0.000000
5.000000 0.000000 -0.000000 0.000000
6.000000 0.000000 -0.000000 0.000000
7.000000 0.000000 -0.000000 0.000000
8.000000 0.000000 -0.000000 0.000000
9.000000 0.000000 -0.000000 0.000000
10.000000 0.000000 -0.000000 0.000000
11.000000 0.000000 -0.000000 0.000000
15.000000 0.000000 -0.000000 0.000000
"r1"
"b_r1"
8 49.340874 0.000046 0.000029 0.000000 -0.000000 0.000000
10
1.000000 0.000000 0.000000 0.000000
4.000000 0.000000 0.000000 0.000000
5.000000 0.000000 0.000000 0.000000
6.000000 0.000000 0.000000 0.000000
7.000000 0.000000 0.000000 0.000000
8.000000 0.000000 0.000000 0.000000
9.000000 0.000000 0.000000 0.000000
10.000000 0.000000 0.000000 0.000000
11.000000 0.000000 0.000000 0.000000
15.000000 0.000000 0.000000 0.000000
10
1.000000 0.000000 -0.000000 0.000000
4.000000 3.141591 -0.000000 0.000000
5.000000 -2.094398 -0.000000 0.000000
6.000000 -0.523601 0.000000 0.000000
7.000000 -0.000002 0.000000 0.000000
8.000000 -0.000002 0.000000 0.000000
9.000000 -0.523601 0.000000 0.000000
10.000000 -2.094398 -0.000000 0.000000
11.000000 3.141591 -0.000000 0.000000
15.000000 0.000000 -0.000000 0.000000
"b_r0"
"b_r1"
8 -0.002463 -25.666664 9.333327 -0.000016 1.570790 0.000000
10
1.000000 0.000000 0.000000 0.000000
4.000000 0.000000 0.000000 0.000000
5.000000 0.000000 0.000000 0.000000
6.000000 0.000000 0.000000 0.000000
7.000000 0.000000 0.000000 0.000000
8.000000 0.000000 0.000000 0.000000
9.000000 0.000000 0.000000 0.000000
10.000000 0.000000 0.000000 0.000000
11.000000 0.000000 0.000000 0.000000
15.000000 0.000000 0.000000 0.000000
10
1.000000 0.000000 -0.000000 0.000000
4.000000 0.000000 -0.000000 0.000000
5.000000 0.000000 -0.000000 0.000000
6.000000 0.000000 -0.000000 0.000000
7.000000 0.000000 -0.000000 0.000000
8.000000 0.000000 -0.000000 0.000000
9.000000 0.000000 -0.000000 0.000000
10.000000 0.000000 -0.000000 0.000000
11.000000 0.000000 -0.000000 0.000000
15.000000 0.000000 -0.000000 0.000000
"r0"
"b_r0"
8 0.000000 0.000000 49.345795 0.000000 -0.000000 0.000000
10
1.000000 0.000000 0.000000 0.000000
4.000000 0.000000 0.000000 0.000000
5.000000 0.000000 0.000000 0.000000
6.000000 0.000000 0.000000 0.000000
7.000000 0.000000 0.000000 0.000000
8.000000 0.000000 0.000000 0.000000
9.000000 0.000000 0.000000 0.000000
10.000000 0.000000 0.000000 0.000000
11.000000 0.000000 0.000000 0.000000
15.000000 0.000000 0.000000 0.000000
10
1.000000 0.000000 -0.000000 0.000000
4.000000 3.141591 -0.000000 0.000000
5.000000 -2.094398 -0.000000 0.000000
6.000000 -0.523601 0.000000 0.000000
7.000000 -0.000002 0.000000 0.000000
8.000000 -0.000002 0.000000 0.000000
9.000000 -0.523601 0.000000 0.000000
10.000000 -2.094398 -0.000000 0.000000
11.000000 3.141591 -0.000000 0.000000
15.000000 0.000000 -0.000000 0.000000
"b_r4"
"b_c"
8 -0.000000 14.888461 0.166658 0.000000 -0.000000 0.000000
10
1.000000 0.000000 0.000000 0.000000
4.000000 0.000000 0.000000 0.000000
5.000000 0.000000 0.000000 0.000000
6.000000 0.000000 0.000000 0.000000
7.000000 0.000000 0.000000 0.000000
8.000000 0.000000 0.000000 0.000000
9.000000 0.000000 0.000000 0.000000
10.000000 0.000000 0.000000 0.000000
11.000000 0.000000 0.000000 0.000000
15.000000 0.000000 0.000000 0.000000
10
1.000000 0.000000 -0.000000 0.000000
4.000000 0.000000 -0.000000 0.000000
5.000000 0.000000 -0.000000 0.000000
6.000000 0.000000 -0.000000 0.000000
7.000000 0.000000 -0.000000 0.000000
8.000000 0.000000 -0.000000 0.000000
9.000000 0.000000 -0.000000 0.000000
10.000000 0.000000 -0.000000 0.000000
11.000000 0.000000 -0.000000 0.000000
15.000000 0.000000 -0.000000 0.000000
"r4"
"b_r4"
8 49.343338 0.000023 -0.000031 0.000000 -0.000000 0.000000
10
1.000000 0.000000 0.000000 0.000000
4.000000 0.000000 0.000000 0.000000
5.000000 0.000000 0.000000 0.000000
6.000000 0.000000 0.000000 0.000000
7.000000 0.000000 0.000000 0.000000
8.000000 0.000000 0.000000 0.000000
9.000000 0.000000 0.000000 0.000000
10.000000 0.000000 0.000000 0.000000
11.000000 0.000000 0.000000 0.000000
15.000000 0.000000 0.000000 0.000000
10
1.000000 0.000000 -0.000000 0.000000
4.000000 3.141591 -0.000000 0.000000
5.000000 -2.094398 -0.000000 0.000000
6.000000 -0.523601 0.000000 0.000000
7.000000 -0.000002 0.000000 0.000000
8.000000 -0.000002 0.000000 0.000000
9.000000 -0.523601 0.000000 0.000000
10.000000 -2.094398 -0.000000 0.000000
11.000000 3.141591 -0.000000 0.000000
15.000000 0.000000 -0.000000 0.000000
"b_r5"
"b_r4"
8 0.000000 27.666653 0.166666 0.000000 -0.000000 0.000000
10
1.000000 0.000000 0.000000 0.000000
4.000000 0.000000 0.000000 0.000000
5.000000 0.000000 0.000000 0.000000
6.000000 0.000000 0.000000 0.000000
7.000000 0.000000 0.000000 0.000000
8.000000 0.000000 0.000000 0.000000
9.000000 0.000000 0.000000 0.000000
10.000000 0.000000 0.000000 0.000000
11.000000 0.000000 0.000000 0.000000
15.000000 0.000000 0.000000 0.000000
10
1.000000 0.000000 -0.000000 0.000000
4.000000 0.000000 -0.000000 0.000000
5.000000 0.000000 -0.000000 0.000000
6.000000 0.000000 -0.000000 0.000000
7.000000 0.000000 -0.000000 0.000000
8.000000 0.000000 -0.000000 0.000000
9.000000 0.000000 -0.000000 0.000000
10.000000 0.000000 -0.000000 0.000000
11.000000 0.000000 -0.000000 0.000000
15.000000 0.000000 -0.000000 0.000000
"r5"
"b_r5"
8 49.343334 0.000000 0.000000 0.000000 -0.000000 0.000000
10
1.000000 0.000000 0.000000 0.000000
4.000000 0.000000 0.000000 0.000000
5.000000 0.000000 0.000000 0.000000
6.000000 0.000000 0.000000 0.000000
7.000000 0.000000 0.000000 0.000000
8.000000 0.000000 0.000000 0.000000
9.000000 0.000000 0.000000 0.000000
10.000000 0.000000 0.000000 0.000000
11.000000 0.000000 0.000000 0.000000
15.000000 0.000000 0.000000 0.000000
10
1.000000 0.000000 -0.000000 0.000000
4.000000 3.141591 -0.000000 0.000000
5.000000 -2.094398 -0.000000 0.000000
6.000000 -0.523601 0.000000 0.000000
7.000000 -0.000002 0.000000 0.000000
8.000000 -0.000002 0.000000 0.000000
9.000000 -0.523601 0.000000 0.000000
10.000000 -2.094398 -0.000000 0.000000
11.000000 3.141591 -0.000000 0.000000
15.000000 0.000000 -0.000000 0.000000
"b_r6"
"b_r5"
8 0.000002 29.166683 -0.000003 0.000000 -0.000000 0.000000
10
1.000000 0.000000 0.000000 0.000000
4.000000 0.000000 0.000000 0.000000
5.000000 0.000000 0.000000 0.000000
6.000000 0.000000 0.000000 0.000000
7.000000 0.000000 0.000000 0.000000
8.000000 0.000000 0.000000 0.000000
9.000000 0.000000 0.000000 0.000000
10.000000 0.000000 0.000000 0.000000
11.000000 0.000000 0.000000 0.000000
15.000000 0.000000 0.000000 0.000000
10
1.000000 0.000000 -0.000000 0.000000
4.000000 0.000000 -0.000000 0.000000
5.000000 0.000000 -0.000000 0.000000
6.000000 0.000000 -0.000000 0.000000
7.000000 0.000000 -0.000000 0.000000
8.000000 0.000000 -0.000000 0.000000
9.000000 0.000000 -0.000000 0.000000
10.000000 0.000000 -0.000000 0.000000
11.000000 0.000000 -0.000000 0.000000
15.000000 0.000000 -0.000000 0.000000
"r6"
"b_r6"
8 49.343330 0.000023 -0.000033 0.000000 -0.000000 0.000000
10
1.000000 0.000000 0.000000 0.000000
4.000000 0.000000 0.000000 0.000000
5.000000 0.000000 0.000000 0.000000
6.000000 0.000000 0.000000 0.000000
7.000000 0.000000 0.000000 0.000000
8.000000 0.000000 0.000000 0.000000
9.000000 0.000000 0.000000 0.000000
10.000000 0.000000 0.000000 0.000000
11.000000 0.000000 0.000000 0.000000
15.000000 0.000000 0.000000 0.000000
10
1.000000 0.000000 -0.000000 0.000000
4.000000 3.141591 -0.000000 0.000000
5.000000 -2.094398 -0.000000 0.000000
6.000000 -0.523601 0.000000 0.000000
7.000000 -0.000002 0.000000 0.000000
8.000000 -0.000002 0.000000 0.000000
9.000000 -0.523601 0.000000 0.000000
10.000000 -2.094398 -0.000000 0.000000
11.000000 3.141591 -0.000000 0.000000
15.000000 0.000000 -0.000000 0.000000
"b_r7"
"b_r6"
8 -0.000006 22.833321 8.666670 -0.000012 1.570790 0.000000
10
1.000000 0.000000 0.000000 0.000000
4.000000 0.000000 0.000000 0.000000
5.000000 0.000000 0.000000 0.000000
6.000000 0.000000 0.000000 0.000000
7.000000 0.000000 0.000000 0.000000
8.000000 0.000000 0.000000 0.000000
9.000000 0.000000 0.000000 0.000000
10.000000 0.000000 0.000000 0.000000
11.000000 0.000000 0.000000 0.000000
15.000000 0.000000 0.000000 0.000000
10
1.000000 0.000000 -0.000000 0.000000
4.000000 0.000000 -0.000000 0.000000
5.000000 0.000000 -0.000000 0.000000
6.000000 0.000000 -0.000000 0.000000
7.000000 0.000000 -0.000000 0.000000
8.000000 0.000000 -0.000000 0.000000
9.000000 0.000000 -0.000000 0.000000
10.000000 0.000000 -0.000000 0.000000
11.000000 0.000000 -0.000000 0.000000
15.000000 0.000000 -0.000000 0.000000
"r7"
"b_r7"
8 0.000000 0.000000 49.343334 0.000000 -0.000000 0.000000
10
1.000000 0.000000 0.000000 0.000000
4.000000 0.000000 0.000000 0.000000
5.000000 0.000000 0.000000 0.000000
6.000000 0.000000 0.000000 0.000000
7.000000 0.000000 0.000000 0.000000
8.000000 0.000000 0.000000 0.000000
9.000000 0.000000 0.000000 0.000000
10.000000 0.000000 0.000000 0.000000
11.000000 0.000000 0.000000 0.000000
15.000000 0.000000 0.000000 0.000000
10
1.000000 0.000000 -0.000000 0.000000
4.000000 3.141591 -0.000000 0.000000
5.000000 -2.094398 -0.000000 0.000000
6.000000 -0.523601 0.000000 0.000000
7.000000 -0.000002 0.000000 0.000000
8.000000 -0.000002 0.000000 0.000000
9.000000 -0.523601 0.000000 0.000000
10.000000 -2.094398 -0.000000 0.000000
11.000000 3.141591 -0.000000 0.000000
15.000000 0.000000 -0.000000 0.000000
"ch_top"
"b_c"
8 0.000000 0.000001 18.084156 0.000000 -0.000000 0.000000
10
1.000000 0.000000 0.000000 0.000000
4.000000 0.000000 0.000000 7.400000
5.000000 0.000000 0.000000 9.918518
6.000000 0.000000 0.000000 12.457407
7.000000 0.000000 0.000000 15.000001
8.000000 0.000000 0.000000 15.000001
9.000000 0.000000 0.000000 12.457407
10.000000 0.000000 0.000000 9.918518
11.000000 0.000000 0.000000 7.400000
15.000000 0.000000 0.000000 0.000000
10
1.000000 0.000000 -0.000000 0.000000
4.000000 0.000000 -0.000000 0.000000
5.000000 0.000000 -0.000000 0.000000
6.000000 0.000000 -0.000000 0.000000
7.000000 0.000000 -0.000000 0.000000
8.000000 0.000000 -0.000000 0.000000
9.000000 0.000000 -0.000000 0.000000
10.000000 0.000000 -0.000000 0.000000
11.000000 0.000000 -0.000000 0.000000
15.000000 0.000000 -0.000000 0.000000
"ch_1"
"b_c"
8 -0.000000 -87.647079 20.131378 0.000000 -0.000000 0.000000
10
1.000000 0.000000 0.000000 0.000000
4.000000 0.000000 -1.800003 10.599998
5.000000 0.000000 -2.762966 12.422218
6.000000 0.000000 -3.868521 13.572220
7.000000 0.000000 -5.000001 14.599998
8.000000 0.000000 -5.000001 14.599998
9.000000 0.000000 -3.868521 13.572220
10.000000 0.000000 -2.762966 12.422218
11.000000 0.000000 -1.800003 10.599998
15.000000 0.000000 0.000000 0.000000
10
1.000000 0.000000 -0.000000 0.000000
4.000000 0.401426 -0.000000 0.000000
5.000000 0.546870 -0.000000 0.000000
6.000000 0.692314 -0.000000 0.000000
7.000000 0.837758 -0.000000 0.000000
8.000000 0.837758 -0.000000 0.000000
9.000000 0.692314 -0.000000 0.000000
10.000000 0.546870 -0.000000 0.000000
11.000000 0.401426 -0.000000 0.000000
15.000000 0.000000 -0.000000 0.000000
"ch_2"
"b_c"
8 0.000000 -102.231285 15.210323 0.000000 -0.000000 0.000000
10
1.000000 0.000000 0.000000 0.000000
4.000000 0.000000 -7.800001 2.000000
5.000000 0.000000 -10.192594 1.214813
6.000000 0.000000 -12.503703 -0.140739
7.000000 0.000000 -14.799999 -1.599998
8.000000 0.000000 -14.799999 -1.599998
9.000000 0.000000 -12.503703 -0.140739
10.000000 0.000000 -10.192594 1.214813
11.000000 0.000000 -7.800001 2.000000
15.000000 0.000000 0.000000 0.000000
10
1.000000 0.000000 -0.000000 0.000000
4.000000 0.907571 -0.000000 0.000000
5.000000 1.058833 -0.000000 0.000000
6.000000 1.210095 -0.000000 0.000000
7.000000 1.361357 -0.000000 0.000000
8.000000 1.361357 -0.000000 0.000000
9.000000 1.210095 -0.000000 0.000000
10.000000 1.058833 -0.000000 0.000000
11.000000 0.907571 -0.000000 0.000000
15.000000 0.000000 -0.000000 0.000000
"ch_3"
"b_c"
8 -0.000000 -100.652351 0.420849 0.000000 -0.000000 0.000000
10
1.000000 0.000000 0.000000 0.000000
4.000000 0.000000 -5.599999 -5.600006
5.000000 0.000000 -7.155555 -7.933342
6.000000 0.000000 -8.588889 -10.450005
7.000000 0.000000 -10.000000 -13.000008
8.000000 0.000000 -10.000000 -13.000008
9.000000 0.000000 -8.588889 -10.450005
10.000000 0.000000 -7.155555 -7.933342
11.000000 0.000000 -5.599999 -5.600006
15.000000 0.000000 0.000000 0.000000
10
1.000000 0.000000 -0.000000 0.000000
4.000000 0.366519 -0.000000 0.000000
5.000000 0.383973 -0.000000 0.000000
6.000000 0.401426 -0.000000 0.000000
7.000000 0.418879 -0.000000 0.000000
8.000000 0.418879 -0.000000 0.000000
9.000000 0.401426 -0.000000 0.000000
10.000000 0.383973 -0.000000 0.000000
11.000000 0.366519 -0.000000 0.000000
15.000000 0.000000 -0.000000 0.000000
"ch_4"
"b_c"
8 0.000000 -87.494453 -9.631783 0.000000 -0.000000 0.000000
10
1.000000 0.000000 0.000000 0.000000
4.000000 0.000000 -1.799999 -8.199997
5.000000 0.000000 -2.088888 -10.362961
6.000000 0.000000 -2.255555 -12.301849
7.000000 0.000000 -2.400001 -14.199997
8.000000 0.000000 -2.400001 -14.199997
9.000000 0.000000 -2.255555 -12.301849
10.000000 0.000000 -2.088888 -10.362961
11.000000 0.000000 -1.799999 -8.199997
15.000000 0.000000 0.000000 0.000000
10
1.000000 0.000000 -0.000000 0.000000
4.000000 0.349065 -0.000000 0.000000
5.000000 0.413061 -0.000000 0.000000
6.000000 0.477056 -0.000000 0.000000
7.000000 0.541052 -0.000000 0.000000
8.000000 0.541052 -0.000000 0.000000
9.000000 0.477056 -0.000000 0.000000
10.000000 0.413061 -0.000000 0.000000
11.000000 0.349065 -0.000000 0.000000
15.000000 0.000000 -0.000000 0.000000
"ch_5"
"b_c"
8 -0.000000 -71.178665 -12.842310 0.000000 -0.000000 0.000000
10
1.000000 0.000000 0.000000 0.000000
4.000000 0.000000 0.000000 -8.800003
5.000000 0.000000 0.051852 -11.214817
6.000000 0.000000 0.124075 -13.425926
7.000000 0.000000 0.200001 -15.600002
8.000000 0.000000 0.200001 -15.600002
9.000000 0.000000 0.124075 -13.425926
10.000000 0.000000 0.051852 -11.214817
11.000000 0.000000 0.000000 -8.800003
15.000000 0.000000 0.000000 0.000000
10
1.000000 0.000000 -0.000000 0.000000
4.000000 0.000000 -0.000000 0.000000
5.000000 0.000000 -0.000000 0.000000
6.000000 0.000000 -0.000000 0.000000
7.000000 0.000000 -0.000000 0.000000
8.000000 0.000000 -0.000000 0.000000
9.000000 0.000000 -0.000000 0.000000
10.000000 0.000000 -0.000000 0.000000
11.000000 0.000000 -0.000000 0.000000
15.000000 0.000000 -0.000000 0.000000
"ch_bottom"
"b_c"
8 -0.000000 0.105015 -11.543072 0.000000 -0.000000 0.000000
10
1.000000 0.000000 0.000000 0.000000
4.000000 0.000000 0.000000 -8.800000
5.000000 0.000000 0.000000 -11.422222
6.000000 0.000000 0.000000 -13.922222
7.000000 0.000000 0.000000 -16.400000
8.000000 0.000000 0.000000 -16.400000
9.000000 0.000000 0.000000 -13.922222
10.000000 0.000000 0.000000 -11.422222
11.000000 0.000000 0.000000 -8.800000
15.000000 0.000000 0.000000 0.000000
10
1.000000 0.000000 -0.000000 0.000000
4.000000 0.000000 -0.000000 0.000000
5.000000 0.000000 -0.000000 0.000000
6.000000 0.000000 -0.000000 0.000000
7.000000 0.000000 -0.000000 0.000000
8.000000 0.000000 -0.000000 0.000000
9.000000 0.000000 -0.000000 0.000000
10.000000 0.000000 -0.000000 0.000000
11.000000 0.000000 -0.000000 0.000000
15.000000 0.000000 -0.000000 0.000000
"ch_11"
"b_c"
8 -0.000000 87.602921 20.342487 0.000000 -0.000000 0.000000
10
1.000000 0.000000 0.000000 0.000000
4.000000 0.000000 0.000000 6.199997
5.000000 0.000000 0.000000 9.199997
6.000000 0.000000 0.000000 12.566666
7.000000 0.000000 0.000000 16.000000
8.000000 0.000000 0.000000 16.000000
9.000000 0.000000 0.000000 12.566666
10.000000 0.000000 0.000000 9.199997
11.000000 0.000000 0.000000 6.199997
15.000000 0.000000 0.000000 0.000000
10
1.000000 0.000000 -0.000000 0.000000
4.000000 0.000000 -0.000000 0.000000
5.000000 0.000000 -0.000000 0.000000
6.000000 0.000000 -0.000000 0.000000
7.000000 0.000000 -0.000000 0.000000
8.000000 0.000000 -0.000000 0.000000
9.000000 0.000000 -0.000000 0.000000
10.000000 0.000000 -0.000000 0.000000
11.000000 0.000000 -0.000000 0.000000
15.000000 0.000000 -0.000000 0.000000
"ch_21"
"b_c"
8 -0.000000 102.202934 15.342487 0.000000 -0.000000 0.000000
10
1.000000 0.000000 0.000000 0.000000
4.000000 0.000000 3.600003 5.199982
5.000000 0.000000 4.177781 8.074059
6.000000 0.000000 4.511113 11.396286
7.000000 0.000000 4.800000 14.799995
8.000000 0.000000 4.800000 14.799995
9.000000 0.000000 4.511113 11.396286
10.000000 0.000000 4.177781 8.074059
11.000000 0.000000 3.600003 5.199982
15.000000 0.000000 0.000000 0.000000
10
1.000000 0.000000 -0.000000 0.000000
4.000000 0.541052 -0.000000 0.000000
5.000000 0.674861 -0.000000 0.000000
6.000000 0.808669 -0.000000 0.000000
7.000000 0.942478 -0.000000 0.000000
8.000000 0.942478 -0.000000 0.000000
9.000000 0.808669 -0.000000 0.000000
10.000000 0.674861 -0.000000 0.000000
11.000000 0.541052 -0.000000 0.000000
15.000000 0.000000 -0.000000 0.000000
"ch_31"
"b_c"
8 -0.000000 100.752922 0.292486 0.000000 -0.000000 0.000000
10
1.000000 0.000000 0.000000 0.000000
4.000000 0.000000 7.000002 -3.800003
5.000000 0.000000 9.540743 -3.459267
6.000000 0.000000 12.162964 -2.487045
7.000000 0.000000 14.800001 -1.400009
8.000000 0.000000 14.800001 -1.400009
9.000000 0.000000 12.162964 -2.487045
10.000000 0.000000 9.540743 -3.459267
11.000000 0.000000 7.000002 -3.800003
15.000000 0.000000 0.000000 0.000000
10
1.000000 0.000000 -0.000000 0.000000
4.000000 0.523599 -0.000000 0.000000
5.000000 0.779580 -0.000000 0.000000
6.000000 1.035562 -0.000000 0.000000
7.000000 1.291544 -0.000000 0.000000
8.000000 1.291544 -0.000000 0.000000
9.000000 1.035562 -0.000000 0.000000
10.000000 0.779580 -0.000000 0.000000
11.000000 0.523599 -0.000000 0.000000
15.000000 0.000000 -0.000000 0.000000
"ch_41"
"b_c"
8 -0.000000 87.602921 -9.657514 0.000000 -0.000000 0.000000
10
1.000000 0.000000 0.000000 0.000000
4.000000 0.000000 4.599999 -8.000000
5.000000 0.000000 6.340740 -9.940742
6.000000 0.000000 8.162962 -11.596298
7.000000 0.000000 10.000000 -13.199997
8.000000 0.000000 10.000000 -13.199997
9.000000 0.000000 8.162962 -11.596298
10.000000 0.000000 6.340740 -9.940742
11.000000 0.000000 4.599999 -8.000000
15.000000 0.000000 0.000000 0.000000
10
1.000000 0.000000 -0.000000 0.000000
4.000000 0.000000 -0.000000 0.000000
5.000000 0.127992 -0.000000 0.000000
6.000000 0.255982 -0.000000 0.000000
7.000000 0.383973 -0.000000 0.000000
8.000000 0.383973 -0.000000 0.000000
9.000000 0.255982 -0.000000 0.000000
10.000000 0.127992 -0.000000 0.000000
11.000000 0.000000 -0.000000 0.000000
15.000000 0.000000 -0.000000 0.000000
"ch_51"
"b_c"
8 -0.000000 71.302925 -12.707514 0.000000 -0.000000 0.000000
10
1.000000 0.000000 0.000000 0.000000
4.000000 0.000000 0.400001 -8.599998
5.000000 0.000000 1.103704 -11.207405
6.000000 0.000000 2.031482 -13.712967
7.000000 0.000000 3.000000 -16.200005
8.000000 0.000000 3.000000 -16.200005
9.000000 0.000000 2.031482 -13.712967
10.000000 0.000000 1.103704 -11.207405
11.000000 0.000000 0.400001 -8.599998
15.000000 0.000000 0.000000 0.000000
10
1.000000 0.000000 -0.000000 0.000000
4.000000 0.191986 -0.000000 0.000000
5.000000 0.337430 -0.000000 0.000000
6.000000 0.482875 -0.000000 0.000000
7.000000 0.628319 -0.000000 0.000000
8.000000 0.628319 -0.000000 0.000000
9.000000 0.482875 -0.000000 0.000000
10.000000 0.337430 -0.000000 0.000000
11.000000 0.191986 -0.000000 0.000000
15.000000 0.000000 -0.000000 0.000000
"Base"
""
8 0.000000 0.000000 46.000000 1.578014 0.092685 -3.141593
2
1.000000 0.000000 0.000000 0.000000
21.000000 0.000000 0.000000 0.000000
2
1.000000 0.000000 -0.000000 0.000000
21.000000 0.000000 -0.000000 0.000000
"base1"
"Base"
8 0.000000 0.000000 71.734589 1.476121 1.351398 -3.141593
2
1.000000 0.000000 0.000000 0.000000
21.000000 0.000000 0.000000 0.000000
2
1.000000 0.000000 -0.000000 0.000000
21.000000 0.000000 -0.000000 0.000000
"Po"
"base1"
8 0.000000 0.000000 36.013897 0.000000 -0.000000 0.000000
52
1.000000 0.000000 0.000000 0.000000
2.000000 0.000000 0.000000 0.000000
3.000000 0.000000 0.000000 0.000000
4.000000 0.000000 0.000000 0.000000
5.000000 0.000000 0.000000 0.000000
6.000000 0.000000 0.000000 0.000000
7.000000 0.000000 0.000000 0.000000
8.000000 0.000000 0.000000 0.000000
9.000000 0.000000 0.000000 0.000000
10.000000 0.000000 0.000000 0.000000
11.000000 0.000000 0.000000 0.000000
12.000000 0.000000 0.000000 0.000000
13.000000 0.000000 0.000000 0.000000
14.000000 0.000000 0.000000 0.000000
15.000000 0.000000 0.000000 0.000000
16.000000 0.000000 0.000000 0.000000
17.000000 0.000000 0.000000 0.000000
18.000000 0.000000 0.000000 0.000000
19.000000 0.000000 0.000000 0.000000
20.000000 0.000000 0.000000 0.000000
21.000000 0.000000 0.000000 0.000000
22.000000 0.000000 0.000000 0.000000
23.000000 0.000000 0.000000 0.000000
24.000000 0.000000 0.000000 0.000000
25.000000 0.000000 0.000000 0.000000
26.000000 0.000000 0.000000 0.000000
27.000000 0.000000 0.000000 0.000000
28.000000 0.000000 0.000000 0.000000
29.000000 0.000000 0.000000 0.000000
30.000000 0.000000 0.000000 0.000000
31.000000 0.000000 0.000000 0.000000
32.000000 0.000000 0.000000 0.000000
33.000000 0.000000 0.000000 0.000000
34.000000 0.000000 0.000000 0.000000
35.000000 0.000000 0.000000 0.000000
36.000000 0.000000 0.000000 0.000000
37.000000 0.000000 0.000000 0.000000
38.000000 0.000000 0.000000 0.000000
39.000000 0.000000 0.000000 0.000000
40.000000 0.000000 0.000000 0.000000
41.000000 0.000000 0.000000 0.000000
42.000000 0.000000 0.000000 0.000000
43.000000 0.000000 0.000000 0.000000
44.000000 0.000000 0.000000 0.000000
45.000000 0.000000 0.000000 0.000000
46.000000 0.000000 0.000000 0.000000
47.000000 0.000000 0.000000 0.000000
48.000000 0.000000 0.000000 0.000000
49.000000 0.000000 0.000000 0.000000
50.000000 0.000000 0.000000 0.000000
51.000000 0.000000 0.000000 0.000000
52.000000 0.000000 0.000000 0.000000
52
1.000000 0.279252 0.000696 0.000314
2.000000 0.218165 0.000552 0.000229
3.000000 0.157079 0.000403 0.000153
4.000000 0.095993 0.000249 0.000086
5.000000 0.034906 0.000091 0.000028
6.000000 -0.026180 -0.000069 -0.000019
7.000000 -0.087267 -0.000233 -0.000057
8.000000 -0.148353 -0.000398 -0.000085
9.000000 -0.209439 -0.000565 -0.000102
10.000000 -0.270525 -0.000732 -0.000109
11.000000 -0.331611 -0.000900 -0.000106
12.000000 -0.392698 -0.001067 -0.000093
13.000000 -0.453784 -0.001233 -0.000070
14.000000 -0.514870 -0.001397 -0.000037
15.000000 -0.575957 -0.001559 0.000007
16.000000 -0.637043 -0.001718 0.000060
17.000000 -0.698129 -0.001873 0.000123
18.000000 -0.759216 -0.002025 0.000195
19.000000 -0.820302 -0.002171 0.000276
20.000000 -0.881389 -0.002313 0.000366
21.000000 -0.933749 -0.002290 0.000487
22.000000 -0.986109 -0.002262 0.000606
23.000000 -1.038469 -0.002227 0.000724
24.000000 -1.090829 -0.002186 0.000839
25.000000 -1.143189 -0.002139 0.000952
26.000000 -1.195549 -0.002086 0.001063
27.000000 -1.143189 -0.002139 0.000952
28.000000 -1.090829 -0.002186 0.000839
29.000000 -1.038470 -0.002227 0.000724
30.000000 -0.986110 -0.002262 0.000606
31.000000 -0.933750 -0.002290 0.000487
32.000000 -0.881390 -0.002313 0.000366
33.000000 -0.829030 -0.002329 0.000245
34.000000 -0.776670 -0.002338 0.000123
35.000000 -0.724310 -0.002341 0.000000
36.000000 -0.671950 -0.002338 -0.000123
37.000000 -0.619590 -0.002329 -0.000245
38.000000 -0.567230 -0.002313 -0.000366
39.000000 -0.514870 -0.002290 -0.000487
40.000000 -0.462510 -0.002262 -0.000606
41.000000 -0.410150 -0.002227 -0.000724
42.000000 -0.357790 -0.002186 -0.000839
43.000000 -0.305430 -0.002139 -0.000952
44.000000 -0.253070 -0.002086 -0.001063
45.000000 -0.200710 -0.002028 -0.001171
46.000000 -0.148350 -0.001964 -0.001275
47.000000 -0.095990 -0.001894 -0.001376
48.000000 -0.043630 -0.001820 -0.001473
49.000000 0.008730 -0.001740 -0.001567
50.000000 0.061089 -0.001656 -0.001656
51.000000 0.113450 -0.001567 -0.001740
52.000000 0.165809 -0.001473 -0.001820
GroupComments: 0
MaterialComments: 0
BoneComments: 0
ModelComment: 0
