// MilkShape 3D ASCII

Frames: 30
Frame: 1

Meshes: 4
"1_Blz" 0 0
17
0 -15.000000 26.000000 -3.000000 -4.359375 -0.468750 -1
0 -15.000000 0.000000 -3.000000 -4.359375 3.531250 -1
0 -14.000000 0.000000 -1.000000 -4.230343 3.531250 -1
0 -12.000000 0.000000 0.000000 -3.972278 3.531250 -1
0 -14.000000 26.000000 -1.000000 -4.230343 -0.468750 -1
0 -12.000000 26.000000 0.000000 -3.972278 -0.468750 -1
0 13.000000 0.000000 0.000000 -0.746472 3.531250 -1
0 13.000000 26.000000 0.000000 -0.746472 -0.468750 -1
0 14.999998 26.000000 -1.000000 -0.488408 -0.468750 -1
0 15.000000 0.000000 -1.000000 -0.488407 3.531250 -1
0 16.000000 26.000000 -3.000000 -0.359375 -0.468750 -1
0 16.000000 0.000000 -3.000000 -0.359375 3.531250 -1
0 16.000000 26.000000 -15.970589 -0.359375 -0.468750 -1
0 -15.000000 26.000000 -16.029411 -4.359375 -0.468750 -1
0 -0.986425 26.000000 -5.977426 -2.551172 -0.468750 -1
0 -15.000000 0.000000 -16.000000 -4.359375 3.531250 -1
0 16.000000 0.000000 -16.000000 -0.359375 3.531250 -1
17
-0.862715 0.376920 0.337127
-0.973249 0.000000 0.229753
-0.780869 0.000000 0.624695
-0.305393 0.000000 0.952226
-0.589768 0.329690 0.737210
-0.144505 0.323124 0.935259
0.229753 0.000000 0.973249
0.204362 0.456966 0.865689
0.589768 0.329690 0.737210
0.780869 0.000000 0.624695
0.862715 0.376920 0.337128
0.973249 0.000000 0.229753
0.577716 0.577168 -0.577167
-0.666483 0.666739 -0.333557
0.000000 1.000000 0.000000
-0.446535 0.000000 -0.894766
0.707107 0.000800 -0.707106
34
0 0 1 2 0 1 2 1
0 2 3 4 2 3 4 1
0 4 0 2 4 0 2 1
0 5 4 3 5 4 3 1
0 5 3 6 5 3 6 1
0 6 7 5 6 7 5 1
0 8 7 6 8 7 6 1
0 6 9 8 6 9 8 1
0 10 8 9 10 8 9 1
0 9 11 10 9 11 10 1
0 0 1 2 0 1 2 1
0 2 3 4 2 3 4 1
0 4 0 2 4 0 2 1
0 5 4 3 5 4 3 1
0 5 3 6 5 3 6 1
0 6 7 5 6 7 5 1
0 8 7 6 8 7 6 1
0 6 9 8 6 9 8 1
0 10 8 9 10 8 9 1
0 9 11 10 9 11 10 1
0 12 13 14 12 13 14 1
0 13 0 14 13 0 14 1
0 0 4 14 0 4 14 1
0 4 5 14 4 5 14 1
0 8 10 14 8 10 14 1
0 7 8 14 7 8 14 1
0 5 7 14 5 7 14 1
0 14 10 12 14 10 12 1
0 13 12 15 13 12 15 1
0 12 16 15 12 16 15 1
0 1 0 13 1 0 13 1
0 15 1 13 15 1 13 1
0 12 10 11 12 10 11 1
0 12 11 16 12 11 16 1
"1_Blz_Windows" 0 2
8
0 -11.554645 15.154022 0.500000 -0.015625 0.996648 -1
0 12.304645 19.109131 0.500000 1.000000 0.000000 -1
0 -11.554645 19.109131 0.500000 0.000000 0.000000 -1
0 12.304645 15.154022 0.500000 0.984375 0.996648 -1
0 -11.554645 4.029022 0.500000 0.000000 1.000000 -1
0 12.304645 7.984131 0.500000 0.968750 0.018977 -1
0 -11.554645 7.984131 0.500000 -0.031250 0.018977 -1
0 12.304645 4.029022 0.500000 1.000000 1.000000 -1
1
0.000000 0.000000 1.000000
4
0 0 1 2 0 0 0 1
0 0 3 1 0 0 0 1
0 4 5 6 0 0 0 1
0 4 7 5 0 0 0 1
"1_Blz_Frame" 0 1
144
0 -16.000000 12.250000 -3.000000 0.000000 0.528846 -1
0 -14.000000 12.250000 -1.000000 0.060606 0.528846 -1
0 -15.000000 12.250000 -3.000000 0.030303 0.528846 -1
0 -15.000000 12.250000 0.000000 0.030303 0.528846 -1
0 -12.000000 12.250000 1.000000 0.121212 0.528846 -1
0 -12.000000 12.250000 0.000000 0.121212 0.528846 -1
0 13.000000 12.250000 0.000000 0.878788 0.528846 -1
0 13.000000 12.250000 1.000000 0.878788 0.528846 -1
0 15.000000 12.250000 -1.000000 0.939394 0.528846 -1
0 15.000000 12.250000 0.000000 0.939394 0.528846 -1
0 16.000000 12.250000 -3.000000 0.969697 0.528846 -1
0 17.000000 12.250000 -3.000000 1.000000 0.528846 -1
0 17.000000 12.250000 -16.000000 1.000000 0.528846 -1
0 16.000000 12.250000 -16.000000 0.969697 0.528846 -1
0 -14.000000 11.250000 -1.000000 0.060606 0.567308 -1
0 -15.000000 11.250000 -3.000000 0.030303 0.567308 -1
0 -16.000000 11.250000 -3.000000 0.000000 0.567308 -1
0 -15.000000 11.250000 0.000000 0.030303 0.567308 -1
0 -12.000000 11.250000 0.000000 0.121212 0.567308 -1
0 -12.000000 11.250000 1.000000 0.121212 0.567308 -1
0 13.000000 11.250000 0.000000 0.878788 0.567308 -1
0 13.000000 11.250000 1.000000 0.878788 0.567308 -1
0 15.000000 11.250000 -1.000000 0.939394 0.567308 -1
0 15.000000 11.250000 0.000000 0.939394 0.567308 -1
0 16.000000 11.250000 -3.000000 0.969697 0.567308 -1
0 17.000000 11.250000 -3.000000 1.000000 0.567308 -1
0 17.000000 11.250000 -16.000000 1.000000 0.567308 -1
0 16.000000 11.250000 -16.000000 0.969697 0.567308 -1
0 -16.000000 1.000000 -3.000000 0.000000 0.961538 -1
0 -14.000000 1.000000 -1.000000 0.060606 0.961538 -1
0 -15.000000 1.000000 -3.000000 0.030303 0.961538 -1
0 -15.000000 1.000000 0.000000 0.030303 0.961538 -1
0 -12.000000 1.000000 1.000000 0.121212 0.961538 -1
0 -12.000000 1.000000 0.000000 0.121212 0.961538 -1
0 13.000000 1.000000 0.000000 0.878788 0.961538 -1
0 13.000000 1.000000 1.000000 0.878788 0.961538 -1
0 15.000000 1.000000 -1.000000 0.939394 0.961538 -1
0 15.000000 1.000000 0.000000 0.939394 0.961538 -1
0 16.000000 1.000000 -3.000000 0.969697 0.961538 -1
0 17.000000 1.000000 -3.000000 1.000000 0.961538 -1
0 17.000000 1.000000 -16.000000 1.000000 0.961538 -1
0 16.000000 1.000000 -16.000000 0.969697 0.961538 -1
0 -14.000000 0.000000 -1.000000 0.060606 1.000000 -1
0 -15.000000 0.000000 -3.000000 0.030303 1.000000 -1
0 -16.000000 0.000000 -3.000000 0.000000 1.000000 -1
0 -15.000000 0.000000 0.000000 0.030303 1.000000 -1
0 -12.000000 0.000000 0.000000 0.121212 1.000000 -1
0 -12.000000 0.000000 1.000000 0.121212 1.000000 -1
0 13.000000 0.000000 0.000000 0.878788 1.000000 -1
0 13.000000 0.000000 1.000000 0.878788 1.000000 -1
0 15.000000 0.000000 -1.000000 0.939394 1.000000 -1
0 15.000000 0.000000 0.000000 0.939394 1.000000 -1
0 16.000000 0.000000 -3.000000 0.969697 1.000000 -1
0 17.000000 0.000000 -3.000000 1.000000 1.000000 -1
0 17.000000 0.000000 -16.000000 1.000000 1.000000 -1
0 16.000000 0.000000 -16.000000 0.969697 1.000000 -1
0 -16.000000 23.000000 -3.000000 0.000000 0.115385 -1
0 -14.000000 23.000000 -1.000000 0.060606 0.115385 -1
0 -15.000000 23.000000 -3.000000 0.030303 0.115385 -1
0 -15.000000 23.000000 0.000000 0.030303 0.115385 -1
0 -12.000000 23.000000 1.000000 0.121212 0.115385 -1
0 -12.000000 23.000000 0.000000 0.121212 0.115385 -1
0 13.000000 23.000000 0.000000 0.878788 0.115385 -1
0 13.000000 23.000000 1.000000 0.878788 0.115385 -1
0 15.000000 23.000000 -1.000000 0.939394 0.115385 -1
0 15.000000 23.000000 0.000000 0.939394 0.115385 -1
0 16.000000 23.000000 -3.000000 0.969697 0.115385 -1
0 17.000000 23.000000 -3.000000 1.000000 0.115385 -1
0 17.000000 23.000000 -16.000000 1.000000 0.115385 -1
0 16.000000 23.000000 -16.000000 0.969697 0.115385 -1
0 -14.000000 22.000000 -1.000000 0.060606 0.153846 -1
0 -15.000000 22.000000 -3.000000 0.030303 0.153846 -1
0 -16.000000 22.000000 -3.000000 0.000000 0.153846 -1
0 -15.000000 22.000000 0.000000 0.030303 0.153846 -1
0 -12.000000 22.000000 0.000000 0.121212 0.153846 -1
0 -12.000000 22.000000 1.000000 0.121212 0.153846 -1
0 13.000000 22.000000 0.000000 0.878788 0.153846 -1
0 13.000000 22.000000 1.000000 0.878788 0.153846 -1
0 15.000000 22.000000 -1.000000 0.939394 0.153846 -1
0 15.000000 22.000000 0.000000 0.939394 0.153846 -1
0 16.000000 22.000000 -3.000000 0.969697 0.153846 -1
0 17.000000 22.000000 -3.000000 1.000000 0.153846 -1
0 17.000000 22.000000 -16.000000 1.000000 0.153846 -1
0 16.000000 22.000000 -16.000000 0.969697 0.153846 -1
0 -16.000000 26.000000 -3.000000 0.000000 0.000000 -1
0 -14.000000 26.000000 -1.000000 0.060606 0.000000 -1
0 -15.000000 26.000000 -3.000000 0.030303 0.000000 -1
0 -15.000000 26.000000 0.000000 0.030303 0.000000 -1
0 -12.000000 26.000000 1.000000 0.121212 0.000000 -1
0 -12.000000 26.000000 0.000000 0.121212 0.000000 -1
0 13.000000 26.000000 0.000000 0.878788 0.000000 -1
0 13.000000 26.000000 1.000000 0.878788 0.000000 -1
0 15.000000 26.000000 -1.000000 0.939394 0.000000 -1
0 15.000000 26.000000 0.000000 0.939394 0.000000 -1
0 16.000000 26.000000 -3.000000 0.969697 0.000000 -1
0 17.000000 26.000000 -3.000000 1.000000 0.000000 -1
0 17.000000 26.000000 -16.000000 1.000000 0.000000 -1
0 16.000000 26.000000 -16.000000 0.969697 0.000000 -1
0 -14.000000 25.000000 -1.000000 0.060606 0.038462 -1
0 -15.000000 25.000000 -3.000000 0.030303 0.038462 -1
0 -16.000000 25.000000 -3.000000 0.000000 0.038462 -1
0 -15.000000 25.000000 0.000000 0.030303 0.038462 -1
0 -12.000000 25.000000 0.000000 0.121212 0.038462 -1
0 -12.000000 25.000000 1.000000 0.121212 0.038462 -1
0 13.000000 25.000000 0.000000 0.878788 0.038462 -1
0 13.000000 25.000000 1.000000 0.878788 0.038462 -1
0 15.000000 25.000000 -1.000000 0.939394 0.038462 -1
0 15.000000 25.000000 0.000000 0.939394 0.038462 -1
0 16.000000 25.000000 -3.000000 0.969697 0.038462 -1
0 17.000000 25.000000 -3.000000 1.000000 0.038462 -1
0 17.000000 25.000000 -16.000000 1.000000 0.038462 -1
0 16.000000 25.000000 -16.000000 0.969697 0.038462 -1
0 -12.000000 19.631573 1.000000 0.121212 0.244940 -1
0 -11.554645 19.109131 1.000000 0.134708 0.265033 -1
0 12.304645 19.109131 1.000000 0.857717 0.265033 -1
0 12.750000 19.631573 1.000000 0.871212 0.244940 -1
0 -11.554645 15.154022 1.000000 0.134708 0.417153 -1
0 -12.000000 14.631579 1.000000 0.121212 0.437247 -1
0 12.750000 14.631579 1.000000 0.871212 0.437247 -1
0 12.304645 15.154022 1.000000 0.857717 0.417153 -1
0 -11.554645 19.109131 0.500000 0.134708 0.265033 -1
0 12.304645 19.109131 0.500000 0.857717 0.265033 -1
0 12.750000 19.631573 0.000000 0.871212 0.244940 -1
0 -12.000000 19.631573 0.000000 0.121212 0.244940 -1
0 -11.554645 15.154022 0.500000 0.134708 0.417153 -1
0 -12.000000 14.631579 0.000000 0.121212 0.437247 -1
0 12.304645 15.154022 0.500000 0.857717 0.417153 -1
0 12.750000 14.631579 0.000000 0.871212 0.437247 -1
0 -12.000000 8.506573 1.000000 0.121212 0.672824 -1
0 -11.554645 7.984131 1.000000 0.134708 0.692918 -1
0 12.304645 7.984131 1.000000 0.857717 0.692918 -1
0 12.750000 8.506573 1.000000 0.871212 0.672824 -1
0 -11.554645 4.029022 1.000000 0.134708 0.845038 -1
0 -12.000000 3.506579 1.000000 0.121212 0.865132 -1
0 12.750000 3.506579 1.000000 0.871212 0.865132 -1
0 12.304645 4.029022 1.000000 0.857717 0.845038 -1
0 -11.554645 7.984131 0.500000 0.134708 0.692918 -1
0 12.304645 7.984131 0.500000 0.857717 0.692918 -1
0 12.750000 8.506573 0.000000 0.871212 0.672824 -1
0 -12.000000 8.506573 0.000000 0.121212 0.672824 -1
0 -11.554645 4.029022 0.500000 0.134708 0.845038 -1
0 -12.000000 3.506579 0.000000 0.121212 0.865132 -1
0 12.304645 4.029022 0.500000 0.857717 0.845038 -1
0 12.750000 3.506579 0.000000 0.871212 0.865132 -1
38
0.000000 1.000000 0.000000
0.780869 0.000000 -0.624695
0.624695 0.000000 -0.780869
0.686557 0.000000 -0.727076
0.343279 0.000000 -0.939234
-0.490875 0.000000 -0.871230
-0.981750 0.000000 -0.190178
-0.813733 0.000000 0.581238
-0.581238 0.000000 0.813733
0.305393 0.000000 -0.952226
0.152697 0.000000 -0.988273
-0.213265 0.000000 0.976995
-0.106632 0.000000 0.994299
-0.152697 0.000000 -0.988273
-0.305393 0.000000 -0.952226
0.152697 0.000000 0.988273
0.305393 0.000000 0.952226
-0.624695 0.000000 -0.780869
-0.780869 0.000000 -0.624695
0.593121 0.000000 0.805114
0.725329 0.000000 0.688402
-0.952226 0.000000 -0.305393
-0.988273 0.000000 -0.152697
0.923156 0.000000 0.384426
0.981353 0.000000 0.192213
0.447214 0.000000 -0.894427
0.894427 0.000000 -0.447214
-0.447214 0.000000 -0.894427
-0.894427 0.000000 -0.447214
0.000000 0.000000 1.000000
0.894427 -0.447214 0.000000
-0.447214 -0.894427 0.000000
0.894427 0.447214 0.000000
-0.447214 0.894427 0.000000
0.447214 0.894427 0.000000
-0.894427 -0.447214 0.000000
-0.894427 0.447214 0.000000
0.447214 -0.894427 0.000000
240
0 0 1 2 0 0 0 1
0 1 0 3 0 0 0 1
0 4 5 1 0 0 0 1
0 1 3 4 0 0 0 1
0 4 6 5 0 0 0 1
0 6 4 7 0 0 0 1
0 7 8 6 0 0 0 1
0 8 7 9 0 0 0 1
0 9 10 8 0 0 0 1
0 10 9 11 0 0 0 1
0 12 13 10 0 0 0 1
0 10 11 12 0 0 0 1
0 1 14 15 1 2 3 2
0 1 15 2 1 3 4 2
0 2 15 16 4 3 5 2
0 2 16 0 4 5 6 2
0 0 16 17 6 5 7 2
0 0 17 3 6 7 8 2
0 5 18 14 9 10 2 2
0 5 14 1 9 2 1 2
0 3 17 19 8 7 11 2
0 3 19 4 8 11 12 2
0 6 20 18 13 14 10 2
0 6 18 5 13 10 9 2
0 4 19 21 12 11 15 2
0 4 21 7 12 15 16 2
0 8 22 20 17 18 14 2
0 8 20 6 17 14 13 2
0 7 21 23 16 15 19 2
0 7 23 9 16 19 20 2
0 10 24 22 21 22 18 2
0 10 22 8 21 18 17 2
0 9 23 25 20 19 23 2
0 9 25 11 20 23 24 2
0 12 26 27 25 26 27 2
0 12 27 13 25 27 28 2
0 13 27 24 28 27 22 2
0 13 24 10 28 22 21 2
0 11 25 26 24 23 26 2
0 11 26 12 24 26 25 2
0 28 29 30 0 0 0 1
0 29 28 31 0 0 0 1
0 32 33 29 0 0 0 1
0 29 31 32 0 0 0 1
0 32 34 33 0 0 0 1
0 34 32 35 0 0 0 1
0 35 36 34 0 0 0 1
0 36 35 37 0 0 0 1
0 37 38 36 0 0 0 1
0 38 37 39 0 0 0 1
0 40 41 38 0 0 0 1
0 38 39 40 0 0 0 1
0 29 42 43 1 2 3 2
0 29 43 30 1 3 4 2
0 30 43 44 4 3 5 2
0 30 44 28 4 5 6 2
0 28 44 45 6 5 7 2
0 28 45 31 6 7 8 2
0 33 46 42 9 10 2 2
0 33 42 29 9 2 1 2
0 31 45 47 8 7 11 2
0 31 47 32 8 11 12 2
0 34 48 46 13 14 10 2
0 34 46 33 13 10 9 2
0 32 47 49 12 11 15 2
0 32 49 35 12 15 16 2
0 36 50 48 17 18 14 2
0 36 48 34 17 14 13 2
0 35 49 51 16 15 19 2
0 35 51 37 16 19 20 2
0 38 52 50 21 22 18 2
0 38 50 36 21 18 17 2
0 37 51 53 20 19 23 2
0 37 53 39 20 23 24 2
0 40 54 55 25 26 27 2
0 40 55 41 25 27 28 2
0 41 55 52 28 27 22 2
0 41 52 38 28 22 21 2
0 39 53 54 24 23 26 2
0 39 54 40 24 26 25 2
0 56 57 58 0 0 0 1
0 57 56 59 0 0 0 1
0 60 61 57 0 0 0 1
0 57 59 60 0 0 0 1
0 60 62 61 0 0 0 1
0 62 60 63 0 0 0 1
0 63 64 62 0 0 0 1
0 64 63 65 0 0 0 1
0 65 66 64 0 0 0 1
0 66 65 67 0 0 0 1
0 68 69 66 0 0 0 1
0 66 67 68 0 0 0 1
0 57 70 71 1 2 3 2
0 57 71 58 1 3 4 2
0 58 71 72 4 3 5 2
0 58 72 56 4 5 6 2
0 56 72 73 6 5 7 2
0 56 73 59 6 7 8 2
0 61 74 70 9 10 2 2
0 61 70 57 9 2 1 2
0 59 73 75 8 7 11 2
0 59 75 60 8 11 12 2
0 62 76 74 13 14 10 2
0 62 74 61 13 10 9 2
0 60 75 77 12 11 15 2
0 60 77 63 12 15 16 2
0 64 78 76 17 18 14 2
0 64 76 62 17 14 13 2
0 63 77 79 16 15 19 2
0 63 79 65 16 19 20 2
0 66 80 78 21 22 18 2
0 66 78 64 21 18 17 2
0 65 79 81 20 19 23 2
0 65 81 67 20 23 24 2
0 68 82 83 25 26 27 2
0 68 83 69 25 27 28 2
0 69 83 80 28 27 22 2
0 69 80 66 28 22 21 2
0 67 81 82 24 23 26 2
0 67 82 68 24 26 25 2
0 84 85 86 0 0 0 1
0 85 84 87 0 0 0 1
0 88 89 85 0 0 0 1
0 85 87 88 0 0 0 1
0 88 90 89 0 0 0 1
0 90 88 91 0 0 0 1
0 91 92 90 0 0 0 1
0 92 91 93 0 0 0 1
0 93 94 92 0 0 0 1
0 94 93 95 0 0 0 1
0 96 97 94 0 0 0 1
0 94 95 96 0 0 0 1
0 85 98 99 1 2 3 2
0 85 99 86 1 3 4 2
0 86 99 100 4 3 5 2
0 86 100 84 4 5 6 2
0 84 100 101 6 5 7 2
0 84 101 87 6 7 8 2
0 89 102 98 9 10 2 2
0 89 98 85 9 2 1 2
0 87 101 103 8 7 11 2
0 87 103 88 8 11 12 2
0 90 104 102 13 14 10 2
0 90 102 89 13 10 9 2
0 88 103 105 12 11 15 2
0 88 105 91 12 15 16 2
0 92 106 104 17 18 14 2
0 92 104 90 17 14 13 2
0 91 105 107 16 15 19 2
0 91 107 93 16 19 20 2
0 94 108 106 21 22 18 2
0 94 106 92 21 18 17 2
0 93 107 109 20 19 23 2
0 93 109 95 20 23 24 2
0 96 110 111 25 26 27 2
0 96 111 97 25 27 28 2
0 97 111 108 28 27 22 2
0 97 108 94 28 22 21 2
0 95 109 110 24 23 26 2
0 95 110 96 24 26 25 2
0 112 113 114 29 29 29 1
0 114 115 112 29 29 29 1
0 116 113 112 29 29 29 1
0 116 112 117 29 29 29 1
0 118 119 116 29 29 29 1
0 117 118 116 29 29 29 1
0 115 114 119 29 29 29 1
0 118 115 119 29 29 29 1
0 120 120 121 30 30 31 2
0 120 121 121 30 31 31 2
0 122 122 123 32 32 33 2
0 122 123 123 32 33 33 2
0 124 124 120 34 34 30 2
0 124 120 120 34 30 30 2
0 123 123 125 33 33 35 2
0 123 125 125 33 35 35 2
0 126 126 124 36 36 34 2
0 126 124 124 36 34 34 2
0 125 125 127 35 35 37 2
0 125 127 127 35 37 37 2
0 121 121 126 31 31 36 2
0 121 126 126 31 36 36 2
0 127 127 122 37 37 32 2
0 127 122 122 37 32 32 2
0 113 120 121 37 30 31 2
0 113 121 114 37 31 35 2
0 115 122 123 34 32 33 2
0 115 123 112 34 33 36 2
0 116 124 120 32 34 30 2
0 116 120 113 32 30 37 2
0 112 123 125 36 33 35 2
0 112 125 117 36 35 31 2
0 119 126 124 33 36 34 2
0 119 124 116 33 34 32 2
0 117 125 127 31 35 37 2
0 117 127 118 31 37 30 2
0 114 121 126 35 31 36 2
0 114 126 119 35 36 33 2
0 118 127 122 30 37 32 2
0 118 122 115 30 32 34 2
0 128 129 130 29 29 29 1
0 130 131 128 29 29 29 1
0 132 129 128 29 29 29 1
0 132 128 133 29 29 29 1
0 134 135 132 29 29 29 1
0 133 134 132 29 29 29 1
0 131 130 135 29 29 29 1
0 134 131 135 29 29 29 1
0 136 136 137 30 30 31 2
0 136 137 137 30 31 31 2
0 138 138 139 32 32 33 2
0 138 139 139 32 33 33 2
0 140 140 136 34 34 30 2
0 140 136 136 34 30 30 2
0 139 139 141 33 33 35 2
0 139 141 141 33 35 35 2
0 142 142 140 36 36 34 2
0 142 140 140 36 34 34 2
0 141 141 143 35 35 37 2
0 141 143 143 35 37 37 2
0 137 137 142 31 31 36 2
0 137 142 142 31 36 36 2
0 143 143 138 37 37 32 2
0 143 138 138 37 32 32 2
0 129 136 137 37 30 31 2
0 129 137 130 37 31 35 2
0 131 138 139 34 32 33 2
0 131 139 128 34 33 36 2
0 132 140 136 32 34 30 2
0 132 136 129 32 30 37 2
0 128 139 141 36 33 35 2
0 128 141 133 36 35 31 2
0 135 142 140 33 36 34 2
0 135 140 132 33 34 32 2
0 133 141 143 31 35 37 2
0 133 143 134 31 37 30 2
0 130 137 142 35 31 36 2
0 130 142 135 35 36 33 2
0 134 143 138 30 37 32 2
0 134 138 131 30 32 34 2
"Duplicate01" 1 1
144
1 -16.000000 12.250000 -3.000000 0.000000 0.528846 -1
1 -14.000000 12.250000 -1.000000 0.060606 0.528846 -1
1 -15.000000 12.250000 -3.000000 0.030303 0.528846 -1
1 -15.000000 12.250000 0.000000 0.030303 0.528846 -1
1 -12.000000 12.250000 1.000000 0.121212 0.528846 -1
1 -12.000000 12.250000 0.000000 0.121212 0.528846 -1
1 13.000000 12.250000 0.000000 0.878788 0.528846 -1
1 13.000000 12.250000 1.000000 0.878788 0.528846 -1
1 15.000000 12.250000 -1.000000 0.939394 0.528846 -1
1 15.000000 12.250000 0.000000 0.939394 0.528846 -1
1 16.000000 12.250000 -3.000000 0.969697 0.528846 -1
1 17.000000 12.250000 -3.000000 1.000000 0.528846 -1
1 17.000000 12.250000 -16.000000 1.000000 0.528846 -1
1 16.000000 12.250000 -16.000000 0.969697 0.528846 -1
1 -14.000000 11.250000 -1.000000 0.060606 0.567308 -1
1 -15.000000 11.250000 -3.000000 0.030303 0.567308 -1
1 -16.000000 11.250000 -3.000000 0.000000 0.567308 -1
1 -15.000000 11.250000 0.000000 0.030303 0.567308 -1
1 -12.000000 11.250000 0.000000 0.121212 0.567308 -1
1 -12.000000 11.250000 1.000000 0.121212 0.567308 -1
1 13.000000 11.250000 0.000000 0.878788 0.567308 -1
1 13.000000 11.250000 1.000000 0.878788 0.567308 -1
1 15.000000 11.250000 -1.000000 0.939394 0.567308 -1
1 15.000000 11.250000 0.000000 0.939394 0.567308 -1
1 16.000000 11.250000 -3.000000 0.969697 0.567308 -1
1 17.000000 11.250000 -3.000000 1.000000 0.567308 -1
1 17.000000 11.250000 -16.000000 1.000000 0.567308 -1
1 16.000000 11.250000 -16.000000 0.969697 0.567308 -1
1 -16.000000 1.000000 -3.000000 0.000000 0.961538 -1
1 -14.000000 1.000000 -1.000000 0.060606 0.961538 -1
1 -15.000000 1.000000 -3.000000 0.030303 0.961538 -1
1 -15.000000 1.000000 0.000000 0.030303 0.961538 -1
1 -12.000000 1.000000 1.000000 0.121212 0.961538 -1
1 -12.000000 1.000000 0.000000 0.121212 0.961538 -1
1 13.000000 1.000000 0.000000 0.878788 0.961538 -1
1 13.000000 1.000000 1.000000 0.878788 0.961538 -1
1 15.000000 1.000000 -1.000000 0.939394 0.961538 -1
1 15.000000 1.000000 0.000000 0.939394 0.961538 -1
1 16.000000 1.000000 -3.000000 0.969697 0.961538 -1
1 17.000000 1.000000 -3.000000 1.000000 0.961538 -1
1 17.000000 1.000000 -16.000000 1.000000 0.961538 -1
1 16.000000 1.000000 -16.000000 0.969697 0.961538 -1
1 -14.000000 0.000000 -1.000000 0.060606 1.000000 -1
1 -15.000000 0.000000 -3.000000 0.030303 1.000000 -1
1 -16.000000 0.000000 -3.000000 0.000000 1.000000 -1
1 -15.000000 0.000000 0.000000 0.030303 1.000000 -1
1 -12.000000 0.000000 0.000000 0.121212 1.000000 -1
1 -12.000000 0.000000 1.000000 0.121212 1.000000 -1
1 13.000000 0.000000 0.000000 0.878788 1.000000 -1
1 13.000000 0.000000 1.000000 0.878788 1.000000 -1
1 15.000000 0.000000 -1.000000 0.939394 1.000000 -1
1 15.000000 0.000000 0.000000 0.939394 1.000000 -1
1 16.000000 0.000000 -3.000000 0.969697 1.000000 -1
1 17.000000 0.000000 -3.000000 1.000000 1.000000 -1
1 17.000000 0.000000 -16.000000 1.000000 1.000000 -1
1 16.000000 0.000000 -16.000000 0.969697 1.000000 -1
1 -16.000000 23.000000 -3.000000 0.000000 0.115385 -1
1 -14.000000 23.000000 -1.000000 0.060606 0.115385 -1
1 -15.000000 23.000000 -3.000000 0.030303 0.115385 -1
1 -15.000000 23.000000 0.000000 0.030303 0.115385 -1
1 -12.000000 23.000000 1.000000 0.121212 0.115385 -1
1 -12.000000 23.000000 0.000000 0.121212 0.115385 -1
1 13.000000 23.000000 0.000000 0.878788 0.115385 -1
1 13.000000 23.000000 1.000000 0.878788 0.115385 -1
1 15.000000 23.000000 -1.000000 0.939394 0.115385 -1
1 15.000000 23.000000 0.000000 0.939394 0.115385 -1
1 16.000000 23.000000 -3.000000 0.969697 0.115385 -1
1 17.000000 23.000000 -3.000000 1.000000 0.115385 -1
1 17.000000 23.000000 -16.000000 1.000000 0.115385 -1
1 16.000000 23.000000 -16.000000 0.969697 0.115385 -1
1 -14.000000 22.000000 -1.000000 0.060606 0.153846 -1
1 -15.000000 22.000000 -3.000000 0.030303 0.153846 -1
1 -16.000000 22.000000 -3.000000 0.000000 0.153846 -1
1 -15.000000 22.000000 0.000000 0.030303 0.153846 -1
1 -12.000000 22.000000 0.000000 0.121212 0.153846 -1
1 -12.000000 22.000000 1.000000 0.121212 0.153846 -1
1 13.000000 22.000000 0.000000 0.878788 0.153846 -1
1 13.000000 22.000000 1.000000 0.878788 0.153846 -1
1 15.000000 22.000000 -1.000000 0.939394 0.153846 -1
1 15.000000 22.000000 0.000000 0.939394 0.153846 -1
1 16.000000 22.000000 -3.000000 0.969697 0.153846 -1
1 17.000000 22.000000 -3.000000 1.000000 0.153846 -1
1 17.000000 22.000000 -16.000000 1.000000 0.153846 -1
1 16.000000 22.000000 -16.000000 0.969697 0.153846 -1
1 -16.000000 26.000000 -3.000000 0.000000 0.000000 -1
1 -14.000000 26.000000 -1.000000 0.060606 0.000000 -1
1 -15.000000 26.000000 -3.000000 0.030303 0.000000 -1
1 -15.000000 26.000000 0.000000 0.030303 0.000000 -1
1 -12.000000 26.000000 1.000000 0.121212 0.000000 -1
1 -12.000000 26.000000 0.000000 0.121212 0.000000 -1
1 13.000000 26.000000 0.000000 0.878788 0.000000 -1
1 13.000000 26.000000 1.000000 0.878788 0.000000 -1
1 15.000000 26.000000 -1.000000 0.939394 0.000000 -1
1 15.000000 26.000000 0.000000 0.939394 0.000000 -1
1 16.000000 26.000000 -3.000000 0.969697 0.000000 -1
1 17.000000 26.000000 -3.000000 1.000000 0.000000 -1
1 17.000000 26.000000 -16.000000 1.000000 0.000000 -1
1 16.000000 26.000000 -16.000000 0.969697 0.000000 -1
1 -14.000000 25.000000 -1.000000 0.060606 0.038462 -1
1 -15.000000 25.000000 -3.000000 0.030303 0.038462 -1
1 -16.000000 25.000000 -3.000000 0.000000 0.038462 -1
1 -15.000000 25.000000 0.000000 0.030303 0.038462 -1
1 -12.000000 25.000000 0.000000 0.121212 0.038462 -1
1 -12.000000 25.000000 1.000000 0.121212 0.038462 -1
1 13.000000 25.000000 0.000000 0.878788 0.038462 -1
1 13.000000 25.000000 1.000000 0.878788 0.038462 -1
1 15.000000 25.000000 -1.000000 0.939394 0.038462 -1
1 15.000000 25.000000 0.000000 0.939394 0.038462 -1
1 16.000000 25.000000 -3.000000 0.969697 0.038462 -1
1 17.000000 25.000000 -3.000000 1.000000 0.038462 -1
1 17.000000 25.000000 -16.000000 1.000000 0.038462 -1
1 16.000000 25.000000 -16.000000 0.969697 0.038462 -1
1 -12.000000 19.631573 1.000000 0.121212 0.244940 -1
1 -11.554645 19.109131 1.000000 0.134708 0.265033 -1
1 12.304645 19.109131 1.000000 0.857717 0.265033 -1
1 12.750000 19.631573 1.000000 0.871212 0.244940 -1
1 -11.554645 15.154022 1.000000 0.134708 0.417153 -1
1 -12.000000 14.631579 1.000000 0.121212 0.437247 -1
1 12.750000 14.631579 1.000000 0.871212 0.437247 -1
1 12.304645 15.154022 1.000000 0.857717 0.417153 -1
1 -11.554645 19.109131 0.500000 0.134708 0.265033 -1
1 12.304645 19.109131 0.500000 0.857717 0.265033 -1
1 12.750000 19.631573 0.000000 0.871212 0.244940 -1
1 -12.000000 19.631573 0.000000 0.121212 0.244940 -1
1 -11.554645 15.154022 0.500000 0.134708 0.417153 -1
1 -12.000000 14.631579 0.000000 0.121212 0.437247 -1
1 12.304645 15.154022 0.500000 0.857717 0.417153 -1
1 12.750000 14.631579 0.000000 0.871212 0.437247 -1
1 -12.000000 8.506573 1.000000 0.121212 0.672824 -1
1 -11.554645 7.984131 1.000000 0.134708 0.692918 -1
1 12.304645 7.984131 1.000000 0.857717 0.692918 -1
1 12.750000 8.506573 1.000000 0.871212 0.672824 -1
1 -11.554645 4.029022 1.000000 0.134708 0.845038 -1
1 -12.000000 3.506579 1.000000 0.121212 0.865132 -1
1 12.750000 3.506579 1.000000 0.871212 0.865132 -1
1 12.304645 4.029022 1.000000 0.857717 0.845038 -1
1 -11.554645 7.984131 0.500000 0.134708 0.692918 -1
1 12.304645 7.984131 0.500000 0.857717 0.692918 -1
1 12.750000 8.506573 0.000000 0.871212 0.672824 -1
1 -12.000000 8.506573 0.000000 0.121212 0.672824 -1
1 -11.554645 4.029022 0.500000 0.134708 0.845038 -1
1 -12.000000 3.506579 0.000000 0.121212 0.865132 -1
1 12.304645 4.029022 0.500000 0.857717 0.845038 -1
1 12.750000 3.506579 0.000000 0.871212 0.865132 -1
38
0.000000 1.000000 0.000000
0.780869 0.000000 -0.624695
0.624695 0.000000 -0.780869
0.686557 0.000000 -0.727076
0.343279 0.000000 -0.939234
-0.490875 0.000000 -0.871230
-0.981750 0.000000 -0.190178
-0.813733 0.000000 0.581238
-0.581238 0.000000 0.813733
0.305393 0.000000 -0.952226
0.152697 0.000000 -0.988273
-0.213265 0.000000 0.976995
-0.106632 0.000000 0.994299
-0.152697 0.000000 -0.988273
-0.305393 0.000000 -0.952226
0.152697 0.000000 0.988273
0.305393 0.000000 0.952226
-0.624695 0.000000 -0.780869
-0.780869 0.000000 -0.624695
0.593121 0.000000 0.805114
0.725329 0.000000 0.688402
-0.952226 0.000000 -0.305393
-0.988273 0.000000 -0.152697
0.923156 0.000000 0.384426
0.981353 0.000000 0.192213
0.447214 0.000000 -0.894427
0.894427 0.000000 -0.447214
-0.447214 0.000000 -0.894427
-0.894427 0.000000 -0.447214
0.000000 0.000000 1.000000
0.894427 -0.447214 0.000000
-0.447214 -0.894427 0.000000
0.894427 0.447214 0.000000
-0.447214 0.894427 0.000000
0.447214 0.894427 0.000000
-0.894427 -0.447214 0.000000
-0.894427 0.447214 0.000000
0.447214 -0.894427 0.000000
240
1 0 1 2 0 0 0 1
1 1 0 3 0 0 0 1
1 4 5 1 0 0 0 1
1 1 3 4 0 0 0 1
1 4 6 5 0 0 0 1
1 6 4 7 0 0 0 1
1 7 8 6 0 0 0 1
1 8 7 9 0 0 0 1
1 9 10 8 0 0 0 1
1 10 9 11 0 0 0 1
1 12 13 10 0 0 0 1
1 10 11 12 0 0 0 1
1 1 14 15 1 2 3 2
1 1 15 2 1 3 4 2
1 2 15 16 4 3 5 2
1 2 16 0 4 5 6 2
1 0 16 17 6 5 7 2
1 0 17 3 6 7 8 2
1 5 18 14 9 10 2 2
1 5 14 1 9 2 1 2
1 3 17 19 8 7 11 2
1 3 19 4 8 11 12 2
1 6 20 18 13 14 10 2
1 6 18 5 13 10 9 2
1 4 19 21 12 11 15 2
1 4 21 7 12 15 16 2
1 8 22 20 17 18 14 2
1 8 20 6 17 14 13 2
1 7 21 23 16 15 19 2
1 7 23 9 16 19 20 2
1 10 24 22 21 22 18 2
1 10 22 8 21 18 17 2
1 9 23 25 20 19 23 2
1 9 25 11 20 23 24 2
1 12 26 27 25 26 27 2
1 12 27 13 25 27 28 2
1 13 27 24 28 27 22 2
1 13 24 10 28 22 21 2
1 11 25 26 24 23 26 2
1 11 26 12 24 26 25 2
1 28 29 30 0 0 0 1
1 29 28 31 0 0 0 1
1 32 33 29 0 0 0 1
1 29 31 32 0 0 0 1
1 32 34 33 0 0 0 1
1 34 32 35 0 0 0 1
1 35 36 34 0 0 0 1
1 36 35 37 0 0 0 1
1 37 38 36 0 0 0 1
1 38 37 39 0 0 0 1
1 40 41 38 0 0 0 1
1 38 39 40 0 0 0 1
1 29 42 43 1 2 3 2
1 29 43 30 1 3 4 2
1 30 43 44 4 3 5 2
1 30 44 28 4 5 6 2
1 28 44 45 6 5 7 2
1 28 45 31 6 7 8 2
1 33 46 42 9 10 2 2
1 33 42 29 9 2 1 2
1 31 45 47 8 7 11 2
1 31 47 32 8 11 12 2
1 34 48 46 13 14 10 2
1 34 46 33 13 10 9 2
1 32 47 49 12 11 15 2
1 32 49 35 12 15 16 2
1 36 50 48 17 18 14 2
1 36 48 34 17 14 13 2
1 35 49 51 16 15 19 2
1 35 51 37 16 19 20 2
1 38 52 50 21 22 18 2
1 38 50 36 21 18 17 2
1 37 51 53 20 19 23 2
1 37 53 39 20 23 24 2
1 40 54 55 25 26 27 2
1 40 55 41 25 27 28 2
1 41 55 52 28 27 22 2
1 41 52 38 28 22 21 2
1 39 53 54 24 23 26 2
1 39 54 40 24 26 25 2
1 56 57 58 0 0 0 1
1 57 56 59 0 0 0 1
1 60 61 57 0 0 0 1
1 57 59 60 0 0 0 1
1 60 62 61 0 0 0 1
1 62 60 63 0 0 0 1
1 63 64 62 0 0 0 1
1 64 63 65 0 0 0 1
1 65 66 64 0 0 0 1
1 66 65 67 0 0 0 1
1 68 69 66 0 0 0 1
1 66 67 68 0 0 0 1
1 57 70 71 1 2 3 2
1 57 71 58 1 3 4 2
1 58 71 72 4 3 5 2
1 58 72 56 4 5 6 2
1 56 72 73 6 5 7 2
1 56 73 59 6 7 8 2
1 61 74 70 9 10 2 2
1 61 70 57 9 2 1 2
1 59 73 75 8 7 11 2
1 59 75 60 8 11 12 2
1 62 76 74 13 14 10 2
1 62 74 61 13 10 9 2
1 60 75 77 12 11 15 2
1 60 77 63 12 15 16 2
1 64 78 76 17 18 14 2
1 64 76 62 17 14 13 2
1 63 77 79 16 15 19 2
1 63 79 65 16 19 20 2
1 66 80 78 21 22 18 2
1 66 78 64 21 18 17 2
1 65 79 81 20 19 23 2
1 65 81 67 20 23 24 2
1 68 82 83 25 26 27 2
1 68 83 69 25 27 28 2
1 69 83 80 28 27 22 2
1 69 80 66 28 22 21 2
1 67 81 82 24 23 26 2
1 67 82 68 24 26 25 2
1 84 85 86 0 0 0 1
1 85 84 87 0 0 0 1
1 88 89 85 0 0 0 1
1 85 87 88 0 0 0 1
1 88 90 89 0 0 0 1
1 90 88 91 0 0 0 1
1 91 92 90 0 0 0 1
1 92 91 93 0 0 0 1
1 93 94 92 0 0 0 1
1 94 93 95 0 0 0 1
1 96 97 94 0 0 0 1
1 94 95 96 0 0 0 1
1 85 98 99 1 2 3 2
1 85 99 86 1 3 4 2
1 86 99 100 4 3 5 2
1 86 100 84 4 5 6 2
1 84 100 101 6 5 7 2
1 84 101 87 6 7 8 2
1 89 102 98 9 10 2 2
1 89 98 85 9 2 1 2
1 87 101 103 8 7 11 2
1 87 103 88 8 11 12 2
1 90 104 102 13 14 10 2
1 90 102 89 13 10 9 2
1 88 103 105 12 11 15 2
1 88 105 91 12 15 16 2
1 92 106 104 17 18 14 2
1 92 104 90 17 14 13 2
1 91 105 107 16 15 19 2
1 91 107 93 16 19 20 2
1 94 108 106 21 22 18 2
1 94 106 92 21 18 17 2
1 93 107 109 20 19 23 2
1 93 109 95 20 23 24 2
1 96 110 111 25 26 27 2
1 96 111 97 25 27 28 2
1 97 111 108 28 27 22 2
1 97 108 94 28 22 21 2
1 95 109 110 24 23 26 2
1 95 110 96 24 26 25 2
1 112 113 114 29 29 29 1
1 114 115 112 29 29 29 1
1 116 113 112 29 29 29 1
1 116 112 117 29 29 29 1
1 118 119 116 29 29 29 1
1 117 118 116 29 29 29 1
1 115 114 119 29 29 29 1
1 118 115 119 29 29 29 1
1 120 120 121 30 30 31 2
1 120 121 121 30 31 31 2
1 122 122 123 32 32 33 2
1 122 123 123 32 33 33 2
1 124 124 120 34 34 30 2
1 124 120 120 34 30 30 2
1 123 123 125 33 33 35 2
1 123 125 125 33 35 35 2
1 126 126 124 36 36 34 2
1 126 124 124 36 34 34 2
1 125 125 127 35 35 37 2
1 125 127 127 35 37 37 2
1 121 121 126 31 31 36 2
1 121 126 126 31 36 36 2
1 127 127 122 37 37 32 2
1 127 122 122 37 32 32 2
1 113 120 121 37 30 31 2
1 113 121 114 37 31 35 2
1 115 122 123 34 32 33 2
1 115 123 112 34 33 36 2
1 116 124 120 32 34 30 2
1 116 120 113 32 30 37 2
1 112 123 125 36 33 35 2
1 112 125 117 36 35 31 2
1 119 126 124 33 36 34 2
1 119 124 116 33 34 32 2
1 117 125 127 31 35 37 2
1 117 127 118 31 37 30 2
1 114 121 126 35 31 36 2
1 114 126 119 35 36 33 2
1 118 127 122 30 37 32 2
1 118 122 115 30 32 34 2
1 128 129 130 29 29 29 1
1 130 131 128 29 29 29 1
1 132 129 128 29 29 29 1
1 132 128 133 29 29 29 1
1 134 135 132 29 29 29 1
1 133 134 132 29 29 29 1
1 131 130 135 29 29 29 1
1 134 131 135 29 29 29 1
1 136 136 137 30 30 31 2
1 136 137 137 30 31 31 2
1 138 138 139 32 32 33 2
1 138 139 139 32 33 33 2
1 140 140 136 34 34 30 2
1 140 136 136 34 30 30 2
1 139 139 141 33 33 35 2
1 139 141 141 33 35 35 2
1 142 142 140 36 36 34 2
1 142 140 140 36 34 34 2
1 141 141 143 35 35 37 2
1 141 143 143 35 37 37 2
1 137 137 142 31 31 36 2
1 137 142 142 31 36 36 2
1 143 143 138 37 37 32 2
1 143 138 138 37 32 32 2
1 129 136 137 37 30 31 2
1 129 137 130 37 31 35 2
1 131 138 139 34 32 33 2
1 131 139 128 34 33 36 2
1 132 140 136 32 34 30 2
1 132 136 129 32 30 37 2
1 128 139 141 36 33 35 2
1 128 141 133 36 35 31 2
1 135 142 140 33 36 34 2
1 135 140 132 33 34 32 2
1 133 141 143 31 35 37 2
1 133 143 134 31 37 30 2
1 130 137 142 35 31 36 2
1 130 142 135 35 36 33 2
1 134 143 138 30 37 32 2
1 134 138 131 30 32 34 2

Materials: 3
"Blz"
0.200000 0.200000 0.200000 1.000000
0.800000 0.800000 0.800000 1.000000
0.000000 0.000000 0.000000 1.000000
0.000000 0.000000 0.000000 1.000000
0.000000
1.000000
"..\Image\brick01.tga"
""
"Blz_Other"
0.200000 0.200000 0.200000 1.000000
0.800000 0.800000 0.800000 1.000000
0.000000 0.000000 0.000000 1.000000
0.000000 0.000000 0.000000 1.000000
0.000000
1.000000
"..\Image\Blz_Round_Gate_Windows.tga"
""
"Windows"
0.200000 0.200000 0.200000 1.000000
0.800000 0.800000 0.800000 1.000000
0.000000 0.000000 0.000000 1.000000
0.000000 0.000000 0.000000 1.000000
0.000000
1.000000
"..\Image\window.tga"
""

Bones: 0
GroupComments: 0
MaterialComments: 0
BoneComments: 0
ModelComment: 0
