// MilkShape 3D ASCII

Frames: 30
Frame: 1

Meshes: 3
"1_Blz" 0 0
22
0 -10.000000 44.000000 0.000000 1.111111 4.782754 -1
0 -17.000000 35.000000 0.000000 0.138889 3.805151 -1
0 -16.020527 35.271400 -0.017376 0.274927 3.834631 -1
0 17.000000 35.000000 0.000000 4.861111 3.805151 -1
0 7.000000 44.000000 0.000000 3.472222 4.782754 -1
0 16.008575 35.199974 0.017529 4.723413 3.826872 -1
1 15.000000 -0.030884 -15.982483 4.583333 0.000002 -1
0 -15.000000 -0.030884 -15.982483 0.416667 0.000002 -1
0 -14.991150 34.271362 -16.017395 0.417896 3.726004 -1
1 15.053650 34.271362 -16.017395 4.590785 3.726004 -1
0 -14.999999 -0.030899 0.017529 0.416667 0.000000 -1
0 -14.991121 34.271408 -0.017376 0.417900 3.726009 -1
0 15.053621 34.271408 -0.017376 4.590781 3.726009 -1
0 14.999999 -0.030899 0.017529 4.583333 0.000000 -1
0 15.991122 35.199974 -16.017376 4.720989 3.826872 -1
0 7.000000 45.000000 -16.000000 3.472222 4.891377 -1
0 18.000000 35.000000 -16.000000 5.000000 3.805151 -1
0 -18.000000 35.000000 -16.000000 0.000000 3.805151 -1
0 -10.000000 45.000000 -16.000000 1.111111 4.891377 -1
0 -16.037983 35.271400 -15.982471 0.272502 3.834631 -1
0 -2.000000 46.000000 -16.000000 2.222222 5.000000 -1
0 -2.000000 45.000000 0.000000 2.222222 4.891377 -1
23
0.011439 -0.009881 0.999886
0.022604 -0.017581 0.999590
0.005405 -0.005106 0.999972
0.022774 0.025305 0.999420
0.007173 0.008216 0.999941
0.010845 0.013094 0.999855
0.000000 -0.001018 -0.999999
-1.000000 0.000258 0.000001
-1.000000 0.000259 0.000002
-1.000000 0.000258 0.000000
0.999999 -0.001564 0.000001
0.999999 -0.001563 0.000000
0.999999 -0.001564 0.000002
0.000000 0.001018 0.999999
0.000000 0.001018 0.999999
0.002168 0.003216 -0.999992
0.004966 0.006329 -0.999968
0.009712 0.010683 -0.999896
0.010045 -0.008036 -0.999917
0.002929 -0.002609 -0.999992
0.004476 -0.004580 -0.999979
0.000026 0.001653 -0.999999
0.000051 -0.001859 0.999998
18
0 0 1 2 0 1 2 1
0 3 4 5 3 4 5 1
0 6 7 8 6 6 6 1
0 8 9 6 6 6 6 1
0 10 11 8 7 8 7 2
0 7 10 8 9 7 7 2
0 12 13 6 10 11 10 2
1 9 12 6 12 10 10 2
0 11 10 13 13 14 13 1
0 11 13 12 13 13 13 1
0 14 15 16 15 16 17 1
0 17 18 19 18 19 20 1
0 18 14 19 19 15 20 1
0 14 18 20 15 19 21 1
0 14 20 15 15 21 16 1
0 4 2 5 4 2 5 1
0 4 21 2 4 22 2 1
0 21 0 2 22 0 2 1
"1_Blz_Other" 0 1
301
0 -16.037983 35.271400 -15.982471 0.054500 0.766926 -1
0 15.991122 35.199974 -16.017376 0.944198 0.765374 -1
0 15.991122 34.199982 -16.017376 0.944198 0.743650 -1
0 -15.008575 34.271408 -15.982471 0.083095 0.745202 -1
0 14.999999 -0.030899 0.017529 0.916667 0.000000 -1
0 16.008575 34.199982 0.017529 0.944683 0.743650 -1
0 16.000004 -0.030899 0.017529 0.944445 0.000000 -1
0 15.053621 34.271408 -0.017376 0.918156 0.745202 -1
0 -14.999999 -0.030899 0.017529 0.083333 0.000000 -1
0 -16.000004 -0.030899 0.017529 0.055555 0.000000 -1
0 -16.008575 34.199982 0.017529 0.055317 0.743650 -1
0 -14.991121 34.271408 -0.017376 0.083580 0.745202 -1
0 16.008575 35.199974 0.017529 0.944683 0.765374 -1
0 -16.020527 35.271400 -0.017376 0.054985 0.766926 -1
0 15.991122 35.199974 1.017376 0.944198 0.765374 -1
0 -16.037983 35.271400 0.982472 0.054500 0.766926 -1
0 15.991122 34.199982 1.017376 0.944198 0.743650 -1
0 -15.008575 34.271408 0.982472 0.083095 0.745202 -1
0 -15.000001 -0.013443 1.017376 0.083333 0.000379 -1
0 -16.000004 -0.013454 1.017376 0.055555 0.000379 -1
0 15.000001 -0.013443 1.017376 0.916667 0.000379 -1
0 15.071075 34.271408 0.982472 0.918641 0.745202 -1
0 16.000004 -0.013454 1.017376 0.944445 0.000379 -1
0 15.096055 35.197014 -16.020130 0.919335 0.765310 -1
0 14.955820 35.259514 0.080029 0.915439 0.766668 -1
0 15.983687 34.202930 -16.003735 0.943991 0.743714 -1
0 15.096055 34.202930 -16.020130 0.919335 0.743714 -1
0 -15.983687 35.197014 -16.003735 0.056009 0.765310 -1
0 -14.955820 35.259514 0.080029 0.084561 0.766668 -1
0 -15.096055 35.197014 -16.020130 0.080665 0.765310 -1
0 -15.983687 34.202930 -16.003735 0.056009 0.743714 -1
0 -15.096055 34.202930 -16.020130 0.080665 0.743714 -1
0 -17.000000 35.000000 1.000000 0.027778 0.761030 -1
0 -17.000000 35.000000 -16.000000 0.027778 0.761030 -1
0 17.000000 35.000000 -16.000000 0.972222 0.761030 -1
0 17.000000 35.000000 1.000000 0.972222 0.761030 -1
0 -10.000000 45.000000 1.000000 0.222222 0.978275 -1
0 -18.000000 35.000000 1.000000 0.000000 0.761030 -1
0 -10.000000 44.000000 1.000000 0.222222 0.956551 -1
0 -2.000000 46.000000 1.000000 0.444444 1.000000 -1
0 -2.000000 45.000000 1.000000 0.444444 0.978275 -1
0 7.000000 45.000000 1.000000 0.694444 0.978275 -1
0 7.000000 44.000000 1.000000 0.694444 0.956551 -1
0 18.000000 35.000000 1.000000 1.000000 0.761030 -1
0 -10.000000 45.000000 -15.000000 0.222222 0.978275 -1
0 -10.000000 45.000000 -16.000000 0.222222 0.978275 -1
0 -18.000000 35.000000 -16.000000 0.000000 0.761030 -1
0 -18.000000 35.000000 -15.000000 0.000000 0.761030 -1
0 -17.000000 35.000000 -15.000000 0.027778 0.761030 -1
0 -17.000000 35.000000 0.000000 0.027778 0.761030 -1
0 -10.000000 44.000000 0.000000 0.222222 0.956551 -1
0 -2.000000 46.000000 -15.000000 0.444444 1.000000 -1
0 -2.000000 46.000000 -16.000000 0.444444 1.000000 -1
0 -2.000000 45.000000 0.000000 0.444444 0.978275 -1
0 7.000000 45.000000 -15.000000 0.694444 0.978275 -1
0 7.000000 45.000000 -16.000000 0.694444 0.978275 -1
0 7.000000 44.000000 0.000000 0.694444 0.956551 -1
0 18.000000 35.000000 -15.000000 1.000000 0.761030 -1
0 18.000000 35.000000 -16.000000 1.000000 0.761030 -1
0 17.000000 35.000000 0.000000 0.972222 0.761030 -1
0 17.000000 35.000000 -15.000000 0.972222 0.761030 -1
0 -18.000000 35.000000 0.000000 0.000000 0.761030 -1
0 18.000000 35.000000 0.000000 1.000000 0.761030 -1
0 13.000000 13.000000 2.000000 0.000000 0.000000 -1
0 -13.000000 12.000000 2.000000 0.000000 0.000000 -1
0 13.000000 12.000000 2.000000 0.000000 0.000000 -1
0 -13.000000 13.000000 2.000000 0.000000 0.000000 -1
0 -13.000000 12.000000 1.000000 0.000000 0.000000 -1
0 13.000000 12.000000 1.000000 0.000000 0.000000 -1
0 13.000000 13.000000 1.000000 0.000000 0.000000 -1
0 -13.000000 13.000000 1.000000 0.000000 0.000000 -1
0 13.000000 0.222221 1.277778 0.000000 1.000000 -1
0 13.000000 12.222221 1.277778 0.000000 0.000000 -1
0 12.853554 0.222221 1.631331 0.125000 1.000000 -1
0 12.853554 12.222221 1.631331 0.125000 0.000000 -1
0 12.500000 12.222221 1.777778 0.250000 0.000000 -1
0 12.500000 0.222221 1.777778 0.250000 1.000000 -1
0 12.146446 0.222221 1.631331 0.375000 1.000000 -1
0 12.146446 12.222221 1.631331 0.375000 0.000000 -1
0 12.000000 12.222221 1.277778 0.500000 0.000000 -1
0 12.000000 0.222221 1.277778 0.500000 1.000000 -1
0 0.590909 0.222221 1.277778 0.000000 1.000000 -1
0 0.590909 12.222221 1.277778 0.000000 0.000000 -1
0 0.444463 0.222221 1.631331 0.125000 1.000000 -1
0 0.444463 12.222221 1.631331 0.125000 0.000000 -1
0 0.090909 12.222221 1.777778 0.250000 0.000000 -1
0 0.090909 0.222221 1.777778 0.250000 1.000000 -1
0 -0.262645 0.222221 1.631331 0.375000 1.000000 -1
0 -0.262645 12.222221 1.631331 0.375000 0.000000 -1
0 -0.409091 12.222221 1.277778 0.500000 0.000000 -1
0 -0.409091 0.222221 1.277778 0.500000 1.000000 -1
0 -12.000000 0.222221 1.277778 0.000000 1.000000 -1
0 -12.000000 12.222221 1.277778 0.000000 0.000000 -1
0 -12.146446 0.222221 1.631331 0.125000 1.000000 -1
0 -12.146446 12.222221 1.631331 0.125000 0.000000 -1
0 -12.500000 12.222221 1.777778 0.250000 0.000000 -1
0 -12.500000 0.222221 1.777778 0.250000 1.000000 -1
0 -12.853554 0.222221 1.631331 0.375000 1.000000 -1
0 -12.853554 12.222221 1.631331 0.375000 0.000000 -1
0 -13.000000 12.222221 1.277778 0.500000 0.000000 -1
0 -13.000000 0.222221 1.277778 0.500000 1.000000 -1
0 2.681818 10.027029 1.783808 0.000000 0.000000 -1
0 9.681814 10.027029 1.783808 0.000000 0.000000 -1
0 10.681812 11.027029 1.783808 0.000000 0.000000 -1
0 1.681818 11.027029 1.783808 0.000000 0.000000 -1
0 10.681812 1.027028 1.783808 0.000000 0.000000 -1
0 9.681814 2.027028 1.783808 0.000000 0.000000 -1
0 1.681818 1.027028 1.783808 0.000000 0.000000 -1
0 2.681818 2.027028 1.783808 0.000000 0.000000 -1
0 10.681812 11.027029 1.270270 0.000000 0.000000 -1
0 10.681812 11.027029 0.783784 0.000000 0.000000 -1
0 1.681818 11.027029 0.783784 0.000000 0.000000 -1
0 1.681818 11.027029 1.270270 0.000000 0.000000 -1
0 10.681812 1.027028 1.270270 0.000000 0.000000 -1
0 10.681812 1.027028 0.783784 0.000000 0.000000 -1
0 1.681818 1.027028 1.270270 0.000000 0.000000 -1
0 1.681818 1.027028 0.783784 0.000000 0.000000 -1
0 2.681818 10.027029 1.270270 0.000000 0.000000 -1
0 9.681814 10.027029 1.270270 0.000000 0.000000 -1
0 9.681814 2.027028 1.270270 0.000000 0.000000 -1
0 2.681818 2.027028 1.270270 0.000000 0.000000 -1
0 -9.954548 10.027029 1.783808 0.000000 0.000000 -1
0 -2.954549 10.027029 1.783808 0.000000 0.000000 -1
0 -1.954551 11.027029 1.783808 0.000000 0.000000 -1
0 -10.954548 11.027029 1.783808 0.000000 0.000000 -1
0 -1.954551 1.027028 1.783808 0.000000 0.000000 -1
0 -2.954549 2.027028 1.783808 0.000000 0.000000 -1
0 -10.954548 1.027028 1.783808 0.000000 0.000000 -1
0 -9.954548 2.027028 1.783808 0.000000 0.000000 -1
0 -1.954551 11.027029 1.270270 0.000000 0.000000 -1
0 -1.954551 11.027029 0.783784 0.000000 0.000000 -1
0 -10.954548 11.027029 0.783784 0.000000 0.000000 -1
0 -10.954548 11.027029 1.270270 0.000000 0.000000 -1
0 -1.954551 1.027028 1.270270 0.000000 0.000000 -1
0 -1.954551 1.027028 0.783784 0.000000 0.000000 -1
0 -10.954548 1.027028 1.270270 0.000000 0.000000 -1
0 -10.954548 1.027028 0.783784 0.000000 0.000000 -1
0 -9.954548 10.027029 1.270270 0.000000 0.000000 -1
0 -2.954549 10.027029 1.270270 0.000000 0.000000 -1
0 -2.954549 2.027028 1.270270 0.000000 0.000000 -1
0 -9.954548 2.027028 1.270270 0.000000 0.000000 -1
0 7.745096 21.457075 1.783808 0.000000 0.000000 -1
0 12.891256 21.457075 1.783808 0.000000 0.000000 -1
0 13.626431 21.996399 1.783808 0.000000 0.000000 -1
0 7.009921 21.996399 1.783808 0.000000 0.000000 -1
0 13.626431 16.603109 1.783808 0.000000 0.000000 -1
0 12.891256 17.142439 1.783808 0.000000 0.000000 -1
0 7.009921 16.603109 1.783808 0.000000 0.000000 -1
0 7.745096 17.142439 1.783808 0.000000 0.000000 -1
0 13.626431 21.996399 1.270270 0.000000 0.000000 -1
0 13.626431 21.996399 0.783784 0.000000 0.000000 -1
0 7.009921 21.996399 0.783784 0.000000 0.000000 -1
0 7.009921 21.996399 1.270270 0.000000 0.000000 -1
0 13.626431 16.603109 1.270270 0.000000 0.000000 -1
0 13.626431 16.603109 0.783784 0.000000 0.000000 -1
0 7.009921 16.603109 1.270270 0.000000 0.000000 -1
0 7.009921 16.603109 0.783784 0.000000 0.000000 -1
0 7.745096 21.457075 1.270270 0.000000 0.000000 -1
0 12.891256 21.457075 1.270270 0.000000 0.000000 -1
0 12.891256 17.142439 1.270270 0.000000 0.000000 -1
0 7.745096 17.142439 1.270270 0.000000 0.000000 -1
0 -2.436722 21.411619 1.783808 0.000000 0.000000 -1
0 2.709440 21.411619 1.783808 0.000000 0.000000 -1
0 3.444613 21.950943 1.783808 0.000000 0.000000 -1
0 -3.171897 21.950943 1.783808 0.000000 0.000000 -1
0 3.444613 16.557653 1.783808 0.000000 0.000000 -1
0 2.709440 17.096983 1.783808 0.000000 0.000000 -1
0 -3.171897 16.557653 1.783808 0.000000 0.000000 -1
0 -2.436722 17.096983 1.783808 0.000000 0.000000 -1
0 3.444613 21.950943 1.270270 0.000000 0.000000 -1
0 3.444613 21.950943 0.783784 0.000000 0.000000 -1
0 -3.171897 21.950943 0.783784 0.000000 0.000000 -1
0 -3.171897 21.950943 1.270270 0.000000 0.000000 -1
0 3.444613 16.557653 1.270270 0.000000 0.000000 -1
0 3.444613 16.557653 0.783784 0.000000 0.000000 -1
0 -3.171897 16.557653 1.270270 0.000000 0.000000 -1
0 -3.171897 16.557653 0.783784 0.000000 0.000000 -1
0 -2.436722 21.411619 1.270270 0.000000 0.000000 -1
0 2.709440 21.411619 1.270270 0.000000 0.000000 -1
0 2.709440 17.096983 1.270270 0.000000 0.000000 -1
0 -2.436722 17.096983 1.270270 0.000000 0.000000 -1
0 -11.663996 21.502527 1.783808 0.000000 0.000000 -1
0 -6.517833 21.502527 1.783808 0.000000 0.000000 -1
0 -5.782660 22.041851 1.783808 0.000000 0.000000 -1
0 -12.399172 22.041851 1.783808 0.000000 0.000000 -1
0 -5.782660 16.648561 1.783808 0.000000 0.000000 -1
0 -6.517833 17.187891 1.783808 0.000000 0.000000 -1
0 -12.399172 16.648561 1.783808 0.000000 0.000000 -1
0 -11.663996 17.187891 1.783808 0.000000 0.000000 -1
0 -5.782660 22.041851 1.270270 0.000000 0.000000 -1
0 -5.782660 22.041851 0.783784 0.000000 0.000000 -1
0 -12.399172 22.041851 0.783784 0.000000 0.000000 -1
0 -12.399172 22.041851 1.270270 0.000000 0.000000 -1
0 -5.782660 16.648561 1.270270 0.000000 0.000000 -1
0 -5.782660 16.648561 0.783784 0.000000 0.000000 -1
0 -12.399172 16.648561 1.270270 0.000000 0.000000 -1
0 -12.399172 16.648561 0.783784 0.000000 0.000000 -1
0 -11.663996 21.502527 1.270270 0.000000 0.000000 -1
0 -6.517833 21.502527 1.270270 0.000000 0.000000 -1
0 -6.517833 17.187891 1.270270 0.000000 0.000000 -1
0 -11.663996 17.187891 1.270270 0.000000 0.000000 -1
0 7.608731 30.366169 1.783808 0.000000 0.000000 -1
0 12.754890 30.366169 1.783808 0.000000 0.000000 -1
0 13.490063 30.905493 1.783808 0.000000 0.000000 -1
0 6.873558 30.905493 1.783808 0.000000 0.000000 -1
0 13.490063 25.512203 1.783808 0.000000 0.000000 -1
0 12.754890 26.051533 1.783808 0.000000 0.000000 -1
0 6.873558 25.512203 1.783808 0.000000 0.000000 -1
0 7.608731 26.051533 1.783808 0.000000 0.000000 -1
0 13.490063 30.905493 1.270270 0.000000 0.000000 -1
0 13.490063 30.905493 0.783784 0.000000 0.000000 -1
0 6.873558 30.905493 0.783784 0.000000 0.000000 -1
0 6.873558 30.905493 1.270270 0.000000 0.000000 -1
0 13.490063 25.512203 1.270270 0.000000 0.000000 -1
0 13.490063 25.512203 0.783784 0.000000 0.000000 -1
0 6.873558 25.512203 1.270270 0.000000 0.000000 -1
0 6.873558 25.512203 0.783784 0.000000 0.000000 -1
0 7.608731 30.366169 1.270270 0.000000 0.000000 -1
0 12.754890 30.366169 1.270270 0.000000 0.000000 -1
0 12.754890 26.051533 1.270270 0.000000 0.000000 -1
0 7.608731 26.051533 1.270270 0.000000 0.000000 -1
0 -2.573086 30.320713 1.783808 0.000000 0.000000 -1
0 2.573077 30.320713 1.783808 0.000000 0.000000 -1
0 3.308249 30.860037 1.783808 0.000000 0.000000 -1
0 -3.308261 30.860037 1.783808 0.000000 0.000000 -1
0 3.308249 25.466747 1.783808 0.000000 0.000000 -1
0 2.573077 26.006077 1.783808 0.000000 0.000000 -1
0 -3.308261 25.466747 1.783808 0.000000 0.000000 -1
0 -2.573086 26.006077 1.783808 0.000000 0.000000 -1
0 3.308249 30.860037 1.270270 0.000000 0.000000 -1
0 3.308249 30.860037 0.783784 0.000000 0.000000 -1
0 -3.308261 30.860037 0.783784 0.000000 0.000000 -1
0 -3.308261 30.860037 1.270270 0.000000 0.000000 -1
0 3.308249 25.466747 1.270270 0.000000 0.000000 -1
0 3.308249 25.466747 0.783784 0.000000 0.000000 -1
0 -3.308261 25.466747 1.270270 0.000000 0.000000 -1
0 -3.308261 25.466747 0.783784 0.000000 0.000000 -1
0 -2.573086 30.320713 1.270270 0.000000 0.000000 -1
0 2.573077 30.320713 1.270270 0.000000 0.000000 -1
0 2.573077 26.006077 1.270270 0.000000 0.000000 -1
0 -2.573086 26.006077 1.270270 0.000000 0.000000 -1
0 -11.800364 30.411621 1.783808 0.000000 0.000000 -1
0 -6.654196 30.411621 1.783808 0.000000 0.000000 -1
0 -5.919024 30.950945 1.783808 0.000000 0.000000 -1
0 -12.535538 30.950945 1.783808 0.000000 0.000000 -1
0 -5.919024 25.557655 1.783808 0.000000 0.000000 -1
0 -6.654196 26.096985 1.783808 0.000000 0.000000 -1
0 -12.535538 25.557655 1.783808 0.000000 0.000000 -1
0 -11.800364 26.096985 1.783808 0.000000 0.000000 -1
0 -5.919024 30.950945 1.270270 0.000000 0.000000 -1
0 -5.919024 30.950945 0.783784 0.000000 0.000000 -1
0 -12.535538 30.950945 0.783784 0.000000 0.000000 -1
0 -12.535538 30.950945 1.270270 0.000000 0.000000 -1
0 -5.919024 25.557655 1.270270 0.000000 0.000000 -1
0 -5.919024 25.557655 0.783784 0.000000 0.000000 -1
0 -12.535538 25.557655 1.270270 0.000000 0.000000 -1
0 -12.535538 25.557655 0.783784 0.000000 0.000000 -1
0 -11.800364 30.411621 1.270270 0.000000 0.000000 -1
0 -6.654196 30.411621 1.270270 0.000000 0.000000 -1
0 -6.654196 26.096985 1.270270 0.000000 0.000000 -1
0 -11.800364 26.096985 1.270270 0.000000 0.000000 -1
0 0.745096 42.047989 1.783808 0.000000 0.000000 -1
0 5.891259 42.047989 1.783808 0.000000 0.000000 -1
0 6.626431 42.587315 1.783808 0.000000 0.000000 -1
0 0.009921 42.587315 1.783808 0.000000 0.000000 -1
0 6.626431 37.194023 1.783808 0.000000 0.000000 -1
0 5.891259 37.733353 1.783808 0.000000 0.000000 -1
0 0.009921 37.194023 1.783808 0.000000 0.000000 -1
0 0.745096 37.733353 1.783808 0.000000 0.000000 -1
0 6.626431 42.587315 1.270270 0.000000 0.000000 -1
0 6.626431 42.587315 0.783784 0.000000 0.000000 -1
0 0.009921 42.587315 0.783784 0.000000 0.000000 -1
0 0.009921 42.587315 1.270270 0.000000 0.000000 -1
0 6.626431 37.194023 1.270270 0.000000 0.000000 -1
0 6.626431 37.194023 0.783784 0.000000 0.000000 -1
0 0.009921 37.194023 1.270270 0.000000 0.000000 -1
0 0.009921 37.194023 0.783784 0.000000 0.000000 -1
0 0.745096 42.047989 1.270270 0.000000 0.000000 -1
0 5.891259 42.047989 1.270270 0.000000 0.000000 -1
0 5.891259 37.733353 1.270270 0.000000 0.000000 -1
0 0.745096 37.733353 1.270270 0.000000 0.000000 -1
0 -8.482182 42.138897 1.783808 0.000000 0.000000 -1
0 -3.336014 42.138897 1.783808 0.000000 0.000000 -1
0 -2.600842 42.678219 1.783808 0.000000 0.000000 -1
0 -9.217356 42.678219 1.783808 0.000000 0.000000 -1
0 -2.600842 37.284931 1.783808 0.000000 0.000000 -1
0 -3.336014 37.824261 1.783808 0.000000 0.000000 -1
0 -9.217356 37.284931 1.783808 0.000000 0.000000 -1
0 -8.482182 37.824261 1.783808 0.000000 0.000000 -1
0 -2.600842 42.678219 1.270270 0.000000 0.000000 -1
0 -2.600842 42.678219 0.783784 0.000000 0.000000 -1
0 -9.217356 42.678219 0.783784 0.000000 0.000000 -1
0 -9.217356 42.678219 1.270270 0.000000 0.000000 -1
0 -2.600842 37.284931 1.270270 0.000000 0.000000 -1
0 -2.600842 37.284931 0.783784 0.000000 0.000000 -1
0 -9.217356 37.284931 1.270270 0.000000 0.000000 -1
0 -9.217356 37.284931 0.783784 0.000000 0.000000 -1
0 -8.482182 42.138897 1.270270 0.000000 0.000000 -1
0 -3.336014 42.138897 1.270270 0.000000 0.000000 -1
0 -3.336014 37.824261 1.270270 0.000000 0.000000 -1
0 -8.482182 37.824261 1.270270 0.000000 0.000000 -1
78
-0.001109 -0.000581 -0.999999
0.515687 0.607318 -0.604345
-0.001129 -0.001162 -0.999999
-0.707097 0.001105 -0.707116
0.381845 -0.826147 -0.414337
0.707108 -0.000172 -0.707105
-0.721015 -0.692878 0.007521
0.434951 -0.000571 -0.900454
-0.707110 -0.000411 -0.707103
-0.395142 -0.413845 -0.820119
0.442493 -0.871103 -0.213026
0.897787 0.440418 0.003272
-0.800063 0.599894 -0.005192
0.274773 0.018306 0.961335
-0.168921 -0.297374 0.939699
-0.002413 -0.707324 0.706886
0.299399 -0.299851 0.905787
0.891279 0.000458 0.453455
-0.710001 0.000118 0.704200
-0.891283 0.002082 0.453443
-0.457546 0.001366 0.889185
0.697303 0.000362 0.716776
-0.003295 0.999987 -0.003911
0.026595 0.999644 -0.001987
0.692685 -0.721240 0.000565
-0.000079 -0.999991 0.004279
-0.616926 0.787008 -0.004564
0.005758 0.999974 -0.004254
-0.000072 0.999992 -0.003881
-0.692800 -0.721130 0.000123
0.000079 -0.999991 0.004279
0.121427 -0.430413 0.894427
0.231123 -0.972921 0.002456
-0.194432 -0.980916 0.000000
-0.137484 -0.693612 0.707107
0.000000 0.000000 1.000000
-0.601031 0.799226 0.000000
-0.366849 0.930280 0.000000
-0.987489 0.157690 0.000000
-0.493744 -0.869607 0.000000
0.000000 -1.000000 0.000000
0.789352 -0.613941 0.000000
0.608571 -0.793500 0.000000
0.370782 -0.928720 0.000000
-0.046162 0.998934 0.000000
0.032475 0.999473 0.000000
0.046162 -0.998934 0.000000
-0.032475 -0.999473 0.000000
0.311301 0.950311 0.000000
0.507181 0.861840 0.000000
-0.309789 -0.950805 0.000000
-0.504240 -0.863564 0.000000
0.941875 0.335964 0.000000
0.470937 -0.882167 0.000000
-0.668965 -0.743294 0.000000
0.000000 1.000000 0.000000
-0.447214 -0.894427 0.000000
-0.894427 -0.447214 0.000000
0.447214 -0.894427 0.000000
0.894427 -0.447214 0.000000
0.894427 0.447214 0.000000
0.447214 0.894427 0.000000
-0.447214 0.894427 0.000000
-0.894427 0.447214 0.000000
0.923880 0.000000 0.382683
0.707107 0.000000 0.707106
0.707107 0.000000 0.707106
-0.707107 0.000000 0.707106
-0.923880 0.000000 0.382683
0.923880 0.000000 0.382682
0.707107 0.000000 0.707106
-0.707107 0.000000 0.707106
-0.707107 0.000000 0.707106
-0.923880 0.000000 0.382682
0.707107 0.707107 0.000000
-0.707107 0.707107 0.000000
0.707107 -0.707107 0.000000
-0.707107 -0.707107 0.000000
451
0 0 1 2 0 1 0 1
0 0 2 3 0 0 2 1
0 4 5 6 3 4 5 1
0 4 7 5 3 6 4 1
0 5 7 4 4 6 3 1
0 8 9 10 7 8 9 1
0 11 8 10 10 7 9 1
0 12 13 14 11 12 13 1
0 13 15 14 12 14 13 1
0 16 14 15 15 13 14 1
0 17 16 15 16 15 14 1
0 16 11 5 15 10 4 1
0 16 17 11 15 16 10 1
0 8 11 18 7 10 17 1
0 11 17 18 10 16 17 1
0 19 18 17 18 17 16 1
0 15 19 17 14 18 16 1
0 19 13 9 18 12 8 1
0 19 15 13 18 14 12 1
0 20 7 4 19 6 3 1
0 20 21 7 19 20 6 1
0 21 20 22 20 19 21 1
0 21 22 14 20 21 13 1
0 6 12 22 5 11 21 1
0 12 14 22 11 13 21 1
0 23 24 1 22 23 1 1
0 24 12 1 23 11 1 1
0 25 1 12 24 1 11 1
0 5 25 12 4 24 11 1
0 25 7 26 24 6 25 1
0 25 5 7 24 4 6 1
0 27 28 29 26 27 28 1
0 27 13 28 26 12 27 1
0 13 27 30 12 26 29 1
0 13 30 10 12 29 9 1
0 31 11 30 30 10 29 1
0 11 10 30 10 9 29 1
0 15 32 33 14 31 32 1
0 33 27 15 32 26 14 1
0 14 1 34 13 1 33 1
0 34 35 14 33 34 13 1
0 36 37 32 35 35 31 1
0 32 38 36 31 35 35 1
0 39 36 38 35 35 35 1
0 39 38 40 35 35 35 1
0 40 41 39 35 35 35 1
0 41 40 42 35 35 35 1
0 42 43 41 35 35 35 1
0 43 42 35 35 35 34 1
0 44 45 46 36 37 38 2
0 44 46 47 36 38 39 2
0 47 46 33 39 38 40 2
0 47 33 48 39 40 40 2
0 32 49 50 41 41 42 2
0 32 50 38 41 42 43 2
0 51 52 45 44 45 37 2
0 51 45 44 44 37 36 2
0 38 50 53 43 42 46 2
0 38 53 40 43 46 47 2
0 54 55 52 48 49 45 2
0 54 52 51 48 45 44 2
0 40 53 56 47 46 50 2
0 40 56 42 47 50 51 2
0 57 58 55 52 53 49 2
0 57 55 54 52 49 48 2
0 42 56 59 51 50 54 2
0 42 59 35 51 54 54 2
0 60 34 58 40 40 53 2
0 60 58 57 40 53 52 2
0 46 61 49 55 55 55 3
0 46 49 33 55 55 55 3
0 48 32 37 40 40 40 3
0 48 37 47 40 40 40 3
0 34 59 62 55 55 55 3
0 34 62 58 55 55 55 3
0 57 43 35 40 40 40 3
0 57 35 60 40 40 40 3
0 63 64 65 35 35 35 1
0 63 66 64 35 35 35 1
0 64 67 68 56 57 58 2
0 64 68 65 56 58 59 2
0 65 68 69 59 58 60 2
0 65 69 63 59 60 61 2
0 63 69 70 61 60 62 2
0 63 70 66 61 62 63 2
0 66 70 67 63 62 57 2
0 66 67 64 63 57 56 2
0 71 72 73 64 64 65 1
0 72 74 73 64 66 65 1
0 73 74 75 65 66 35 1
0 73 75 76 65 35 35 1
0 76 75 77 35 35 67 1
0 75 78 77 35 67 67 1
0 77 78 79 67 67 68 1
0 77 79 80 67 68 68 1
0 81 82 83 69 69 70 1
0 82 84 83 69 70 70 1
0 83 84 85 70 70 35 1
0 83 85 86 70 35 35 1
0 86 85 87 35 35 71 1
0 85 88 87 35 72 71 1
0 87 88 89 71 72 73 1
0 87 89 90 71 73 73 1
0 91 92 93 64 64 65 1
0 92 94 93 64 66 65 1
0 93 94 95 65 66 35 1
0 93 95 96 65 35 35 1
0 96 95 97 35 35 67 1
0 95 98 97 35 67 67 1
0 97 98 99 67 67 68 1
0 97 99 100 67 68 68 1
0 101 102 103 35 35 35 1
0 103 104 101 35 35 35 1
0 102 105 103 35 35 35 1
0 105 102 106 35 35 35 1
0 107 105 108 35 35 35 1
0 105 106 108 35 35 35 1
0 104 108 101 35 35 35 1
0 104 107 108 35 35 35 1
0 109 110 111 74 60 62 2
0 109 111 112 74 62 75 2
0 113 114 110 76 58 60 2
0 113 110 109 76 60 74 2
0 115 116 114 77 57 58 2
0 115 114 113 77 58 76 2
0 112 111 116 75 62 57 2
0 112 116 115 75 57 77 2
0 101 117 118 58 59 56 2
0 101 118 102 58 56 57 2
0 103 109 112 61 74 75 2
0 103 112 104 61 75 63 2
0 105 113 109 59 76 74 2
0 105 109 103 59 74 61 2
0 102 118 119 57 56 63 2
0 102 119 106 57 63 62 2
0 107 115 113 56 77 76 2
0 107 113 105 56 76 59 2
0 106 119 120 62 63 61 2
0 106 120 108 62 61 60 2
0 108 120 117 60 61 59 2
0 108 117 101 60 59 58 2
0 104 112 115 63 75 77 2
0 104 115 107 63 77 56 2
0 120 119 117 35 35 35 1
0 119 118 117 35 35 35 1
0 121 122 123 35 35 35 1
0 123 124 121 35 35 35 1
0 122 125 123 35 35 35 1
0 125 122 126 35 35 35 1
0 127 125 128 35 35 35 1
0 125 126 128 35 35 35 1
0 124 128 121 35 35 35 1
0 124 127 128 35 35 35 1
0 129 130 131 74 60 62 2
0 129 131 132 74 62 75 2
0 133 134 130 76 58 60 2
0 133 130 129 76 60 74 2
0 135 136 134 77 57 58 2
0 135 134 133 77 58 76 2
0 132 131 136 75 62 57 2
0 132 136 135 75 57 77 2
0 121 137 138 58 59 56 2
0 121 138 122 58 56 57 2
0 123 129 132 61 74 75 2
0 123 132 124 61 75 63 2
0 125 133 129 59 76 74 2
0 125 129 123 59 74 61 2
0 122 138 139 57 56 63 2
0 122 139 126 57 63 62 2
0 127 135 133 56 77 76 2
0 127 133 125 56 76 59 2
0 126 139 140 62 63 61 2
0 126 140 128 62 61 60 2
0 128 140 137 60 61 59 2
0 128 137 121 60 59 58 2
0 124 132 135 63 75 77 2
0 124 135 127 63 77 56 2
0 140 139 137 35 35 35 1
0 139 138 137 35 35 35 1
0 141 142 143 35 35 35 1
0 143 144 141 35 35 35 1
0 142 145 143 35 35 35 1
0 145 142 146 35 35 35 1
0 147 145 148 35 35 35 1
0 145 146 148 35 35 35 1
0 144 148 141 35 35 35 1
0 144 147 148 35 35 35 1
0 149 150 151 74 60 62 2
0 149 151 152 74 62 75 2
0 153 154 150 76 58 60 2
0 153 150 149 76 60 74 2
0 155 156 154 77 57 58 2
0 155 154 153 77 58 76 2
0 152 151 156 75 62 57 2
0 152 156 155 75 57 77 2
0 141 157 158 58 59 56 2
0 141 158 142 58 56 57 2
0 143 149 152 61 74 75 2
0 143 152 144 61 75 63 2
0 145 153 149 59 76 74 2
0 145 149 143 59 74 61 2
0 142 158 159 57 56 63 2
0 142 159 146 57 63 62 2
0 147 155 153 56 77 76 2
0 147 153 145 56 76 59 2
0 146 159 160 62 63 61 2
0 146 160 148 62 61 60 2
0 148 160 157 60 61 59 2
0 148 157 141 60 59 58 2
0 144 152 155 63 75 77 2
0 144 155 147 63 77 56 2
0 160 159 157 35 35 35 1
0 159 158 157 35 35 35 1
0 161 162 163 35 35 35 1
0 163 164 161 35 35 35 1
0 162 165 163 35 35 35 1
0 165 162 166 35 35 35 1
0 167 165 168 35 35 35 1
0 165 166 168 35 35 35 1
0 164 168 161 35 35 35 1
0 164 167 168 35 35 35 1
0 169 170 171 74 60 62 2
0 169 171 172 74 62 75 2
0 173 174 170 76 58 60 2
0 173 170 169 76 60 74 2
0 175 176 174 77 57 58 2
0 175 174 173 77 58 76 2
0 172 171 176 75 62 57 2
0 172 176 175 75 57 77 2
0 161 177 178 58 59 56 2
0 161 178 162 58 56 57 2
0 163 169 172 61 74 75 2
0 163 172 164 61 75 63 2
0 165 173 169 59 76 74 2
0 165 169 163 59 74 61 2
0 162 178 179 57 56 63 2
0 162 179 166 57 63 62 2
0 167 175 173 56 77 76 2
0 167 173 165 56 76 59 2
0 166 179 180 62 63 61 2
0 166 180 168 62 61 60 2
0 168 180 177 60 61 59 2
0 168 177 161 60 59 58 2
0 164 172 175 63 75 77 2
0 164 175 167 63 77 56 2
0 180 179 177 35 35 35 1
0 179 178 177 35 35 35 1
0 181 182 183 35 35 35 1
0 183 184 181 35 35 35 1
0 182 185 183 35 35 35 1
0 185 182 186 35 35 35 1
0 187 185 188 35 35 35 1
0 185 186 188 35 35 35 1
0 184 188 181 35 35 35 1
0 184 187 188 35 35 35 1
0 189 190 191 74 60 62 2
0 189 191 192 74 62 75 2
0 193 194 190 76 58 60 2
0 193 190 189 76 60 74 2
0 195 196 194 77 57 58 2
0 195 194 193 77 58 76 2
0 192 191 196 75 62 57 2
0 192 196 195 75 57 77 2
0 181 197 198 58 59 56 2
0 181 198 182 58 56 57 2
0 183 189 192 61 74 75 2
0 183 192 184 61 75 63 2
0 185 193 189 59 76 74 2
0 185 189 183 59 74 61 2
0 182 198 199 57 56 63 2
0 182 199 186 57 63 62 2
0 187 195 193 56 77 76 2
0 187 193 185 56 76 59 2
0 186 199 200 62 63 61 2
0 186 200 188 62 61 60 2
0 188 200 197 60 61 59 2
0 188 197 181 60 59 58 2
0 184 192 195 63 75 77 2
0 184 195 187 63 77 56 2
0 200 199 197 35 35 35 1
0 199 198 197 35 35 35 1
0 201 202 203 35 35 35 1
0 203 204 201 35 35 35 1
0 202 205 203 35 35 35 1
0 205 202 206 35 35 35 1
0 207 205 208 35 35 35 1
0 205 206 208 35 35 35 1
0 204 208 201 35 35 35 1
0 204 207 208 35 35 35 1
0 209 210 211 74 60 62 2
0 209 211 212 74 62 75 2
0 213 214 210 76 58 60 2
0 213 210 209 76 60 74 2
0 215 216 214 77 57 58 2
0 215 214 213 77 58 76 2
0 212 211 216 75 62 57 2
0 212 216 215 75 57 77 2
0 201 217 218 58 59 56 2
0 201 218 202 58 56 57 2
0 203 209 212 61 74 75 2
0 203 212 204 61 75 63 2
0 205 213 209 59 76 74 2
0 205 209 203 59 74 61 2
0 202 218 219 57 56 63 2
0 202 219 206 57 63 62 2
0 207 215 213 56 77 76 2
0 207 213 205 56 76 59 2
0 206 219 220 62 63 61 2
0 206 220 208 62 61 60 2
0 208 220 217 60 61 59 2
0 208 217 201 60 59 58 2
0 204 212 215 63 75 77 2
0 204 215 207 63 77 56 2
0 220 219 217 35 35 35 1
0 219 218 217 35 35 35 1
0 221 222 223 35 35 35 1
0 223 224 221 35 35 35 1
0 222 225 223 35 35 35 1
0 225 222 226 35 35 35 1
0 227 225 228 35 35 35 1
0 225 226 228 35 35 35 1
0 224 228 221 35 35 35 1
0 224 227 228 35 35 35 1
0 229 230 231 74 60 62 2
0 229 231 232 74 62 75 2
0 233 234 230 76 58 60 2
0 233 230 229 76 60 74 2
0 235 236 234 77 57 58 2
0 235 234 233 77 58 76 2
0 232 231 236 75 62 57 2
0 232 236 235 75 57 77 2
0 221 237 238 58 59 56 2
0 221 238 222 58 56 57 2
0 223 229 232 61 74 75 2
0 223 232 224 61 75 63 2
0 225 233 229 59 76 74 2
0 225 229 223 59 74 61 2
0 222 238 239 57 56 63 2
0 222 239 226 57 63 62 2
0 227 235 233 56 77 76 2
0 227 233 225 56 76 59 2
0 226 239 240 62 63 61 2
0 226 240 228 62 61 60 2
0 228 240 237 60 61 59 2
0 228 237 221 60 59 58 2
0 224 232 235 63 75 77 2
0 224 235 227 63 77 56 2
0 240 239 237 35 35 35 1
0 239 238 237 35 35 35 1
0 241 242 243 35 35 35 1
0 243 244 241 35 35 35 1
0 242 245 243 35 35 35 1
0 245 242 246 35 35 35 1
0 247 245 248 35 35 35 1
0 245 246 248 35 35 35 1
0 244 248 241 35 35 35 1
0 244 247 248 35 35 35 1
0 249 250 251 74 60 62 2
0 249 251 252 74 62 75 2
0 253 254 250 76 58 60 2
0 253 250 249 76 60 74 2
0 255 256 254 77 57 58 2
0 255 254 253 77 58 76 2
0 252 251 256 75 62 57 2
0 252 256 255 75 57 77 2
0 241 257 258 58 59 56 2
0 241 258 242 58 56 57 2
0 243 249 252 61 74 75 2
0 243 252 244 61 75 63 2
0 245 253 249 59 76 74 2
0 245 249 243 59 74 61 2
0 242 258 259 57 56 63 2
0 242 259 246 57 63 62 2
0 247 255 253 56 77 76 2
0 247 253 245 56 76 59 2
0 246 259 260 62 63 61 2
0 246 260 248 62 61 60 2
0 248 260 257 60 61 59 2
0 248 257 241 60 59 58 2
0 244 252 255 63 75 77 2
0 244 255 247 63 77 56 2
0 260 259 257 35 35 35 1
0 259 258 257 35 35 35 1
0 261 262 263 35 35 35 1
0 263 264 261 35 35 35 1
0 262 265 263 35 35 35 1
0 265 262 266 35 35 35 1
0 267 265 268 35 35 35 1
0 265 266 268 35 35 35 1
0 264 268 261 35 35 35 1
0 264 267 268 35 35 35 1
0 269 270 271 74 60 62 2
0 269 271 272 74 62 75 2
0 273 274 270 76 58 60 2
0 273 270 269 76 60 74 2
0 275 276 274 77 57 58 2
0 275 274 273 77 58 76 2
0 272 271 276 75 62 57 2
0 272 276 275 75 57 77 2
0 261 277 278 58 59 56 2
0 261 278 262 58 56 57 2
0 263 269 272 61 74 75 2
0 263 272 264 61 75 63 2
0 265 273 269 59 76 74 2
0 265 269 263 59 74 61 2
0 262 278 279 57 56 63 2
0 262 279 266 57 63 62 2
0 267 275 273 56 77 76 2
0 267 273 265 56 76 59 2
0 266 279 280 62 63 61 2
0 266 280 268 62 61 60 2
0 268 280 277 60 61 59 2
0 268 277 261 60 59 58 2
0 264 272 275 63 75 77 2
0 264 275 267 63 77 56 2
0 280 279 277 35 35 35 1
0 279 278 277 35 35 35 1
0 281 282 283 35 35 35 1
0 283 284 281 35 35 35 1
0 282 285 283 35 35 35 1
0 285 282 286 35 35 35 1
0 287 285 288 35 35 35 1
0 285 286 288 35 35 35 1
0 284 288 281 35 35 35 1
0 284 287 288 35 35 35 1
0 289 290 291 74 60 62 2
0 289 291 292 74 62 75 2
0 293 294 290 76 58 60 2
0 293 290 289 76 60 74 2
0 295 296 294 77 57 58 2
0 295 294 293 77 58 76 2
0 292 291 296 75 62 57 2
0 292 296 295 75 57 77 2
0 281 297 298 58 59 56 2
0 281 298 282 58 56 57 2
0 283 289 292 61 74 75 2
0 283 292 284 61 75 63 2
0 285 293 289 59 76 74 2
0 285 289 283 59 74 61 2
0 282 298 299 57 56 63 2
0 282 299 286 57 63 62 2
0 287 295 293 56 77 76 2
0 287 293 285 56 76 59 2
0 286 299 300 62 63 61 2
0 286 300 288 62 61 60 2
0 288 300 297 60 61 59 2
0 288 297 281 60 59 58 2
0 284 292 295 63 75 77 2
0 284 295 287 63 77 56 2
0 300 299 297 35 35 35 1
0 299 298 297 35 35 35 1
"1_Blz_Top" 0 1
10
0 -18.000000 35.000000 -15.000000 0.000000 0.761030 -1
0 -10.000000 45.000000 1.000000 0.222222 0.978275 -1
0 -10.000000 45.000000 -15.000000 0.222222 0.978275 -1
0 -2.000000 46.000000 1.000000 0.444444 1.000000 -1
0 -2.000000 46.000000 -15.000000 0.444444 1.000000 -1
0 7.000000 45.000000 1.000000 0.694444 0.978275 -1
0 7.000000 45.000000 -15.000000 0.694444 0.978275 -1
0 18.000000 35.000000 1.000000 1.000000 0.761030 -1
0 18.000000 35.000000 -15.000000 1.000000 0.761030 -1
0 -18.000000 35.000000 1.000000 0.000000 0.761030 -1
8
-0.780869 0.624695 0.000000
-0.601031 0.799226 0.000000
-0.366849 0.930280 0.000000
-0.046162 0.998934 0.000000
0.032475 0.999473 0.000000
0.311301 0.950311 0.000000
0.507181 0.861840 0.000000
0.672673 0.739940 0.000000
8
0 0 1 2 0 1 2 3
0 2 1 3 2 1 3 3
0 2 3 4 2 3 4 3
0 4 3 5 4 3 5 3
0 4 5 6 4 5 6 3
0 6 5 7 6 5 7 3
0 6 7 8 6 7 7 3
0 0 9 1 0 0 1 3

Materials: 2
"Blz"
0.200000 0.200000 0.200000 1.000000
0.800000 0.800000 0.800000 1.000000
0.000000 0.000000 0.000000 1.000000
0.000000 0.000000 0.000000 1.000000
0.000000
1.000000
"..\Image\brick01.tga"
""
"Blz_Other"
0.200000 0.200000 0.200000 1.000000
0.800000 0.800000 0.800000 1.000000
0.000000 0.000000 0.000000 1.000000
0.000000 0.000000 0.000000 1.000000
0.000000
1.000000
"..\Image\window.tga"
""

Bones: 0
GroupComments: 0
MaterialComments: 0
BoneComments: 0
ModelComment: 0
