// MilkShape 3D ASCII

Frames: 30
Frame: 1

Meshes: 2
"1_Blz" 0 0
17
0 -16.000000 35.000000 -3.000000 10.000000 8.128440 -1
0 -16.000000 0.000000 -3.000000 0.000000 8.128440 -1
0 -15.000000 0.000000 -1.000000 0.000000 9.376146 -1
0 -13.000000 0.000000 0.000000 0.000000 10.000000 -1
0 -15.000000 35.000000 -1.000000 10.000000 9.376146 -1
0 -13.000000 35.000000 0.000000 10.000000 10.000000 -1
0 13.000000 0.000000 0.000000 0.000000 10.000000 -1
0 13.000000 35.000000 0.000000 10.000000 10.000000 -1
0 14.999998 35.000000 -1.000000 10.000000 9.376146 -1
0 15.000000 0.000000 -1.000000 0.000000 9.376146 -1
0 16.000000 35.000000 -3.000000 10.000000 8.128440 -1
0 16.000000 0.000000 -3.000000 0.000000 8.128440 -1
0 16.000000 35.000000 -15.970589 10.000000 0.036697 -1
0 -16.000000 35.000000 -16.029411 10.000000 0.000000 -1
0 -0.986425 35.000000 -5.977426 10.000000 6.270964 -1
32 -16.000000 0.000000 -16.000000 0.000000 0.018348 -1
32 16.000000 0.000000 -16.000000 0.000000 0.018348 -1
17
-0.862715 0.376920 0.337127
-0.973249 0.000000 0.229753
-0.780869 0.000000 0.624695
-0.305393 0.000000 0.952226
-0.589768 0.329690 0.737210
-0.144505 0.323124 0.935259
0.229753 0.000000 0.973249
0.204362 0.456966 0.865689
0.589768 0.329690 0.737210
0.780869 0.000000 0.624695
0.862715 0.376920 0.337128
0.973249 0.000000 0.229753
0.577704 0.577174 -0.577173
-0.666451 0.666784 -0.333531
0.000000 1.000000 0.000000
-0.446556 0.000000 -0.894756
0.707107 0.000594 -0.707107
34
0 0 1 2 0 1 2 1
0 2 3 4 2 3 4 1
0 4 0 2 4 0 2 1
0 5 4 3 5 4 3 1
0 5 3 6 5 3 6 1
0 6 7 5 6 7 5 1
0 8 7 6 8 7 6 1
0 6 9 8 6 9 8 1
0 10 8 9 10 8 9 1
0 9 11 10 9 11 10 1
0 0 1 2 0 1 2 1
0 2 3 4 2 3 4 1
0 4 0 2 4 0 2 1
0 5 4 3 5 4 3 1
0 5 3 6 5 3 6 1
0 6 7 5 6 7 5 1
0 8 7 6 8 7 6 1
0 6 9 8 6 9 8 1
0 10 8 9 10 8 9 1
0 9 11 10 9 11 10 1
0 12 13 14 12 13 14 1
0 13 0 14 13 0 14 1
0 0 4 14 0 4 14 1
0 4 5 14 4 5 14 1
0 8 10 14 8 10 14 1
0 7 8 14 7 8 14 1
0 5 7 14 5 7 14 1
0 14 10 12 14 10 12 1
0 13 12 15 13 12 15 1
0 12 16 15 12 16 15 1
0 1 0 13 1 0 13 1
0 15 1 13 15 1 13 1
0 12 10 11 12 10 11 1
0 12 11 16 12 11 16 1
"1_Blz_Other" 0 1
290
0 -11.820688 29.071400 0.834152 0.515093 0.982860 -1
0 -11.820688 29.071400 -0.094166 0.515093 0.994901 -1
0 0.580050 29.071400 -0.094166 0.554905 0.994901 -1
0 0.580050 29.071400 0.834152 0.554905 0.982860 -1
0 0.580050 32.945145 -0.094166 0.798512 0.937248 -1
0 -11.820688 32.945145 -0.094166 0.758699 0.937248 -1
0 -11.820688 32.945145 0.834152 0.758699 0.949288 -1
0 0.580050 32.945145 0.834152 0.798512 0.949288 -1
0 -11.820688 32.945145 0.834152 0.050315 0.955524 -1
0 -11.820688 32.945145 -0.094166 0.050315 0.968222 -1
0 -11.820688 29.071400 -0.094166 0.083525 0.968222 -1
0 -11.820688 29.071400 0.834152 0.083525 0.955523 -1
0 0.580050 32.945145 0.834152 0.239173 0.984127 -1
0 0.580050 29.071400 0.834152 0.205964 0.984127 -1
0 0.580050 29.071400 -0.094166 0.205964 0.996826 -1
0 0.580050 32.945145 -0.094166 0.239173 0.996826 -1
0 0.580050 32.945145 0.834152 0.608935 0.050109 -1
0 -11.820688 32.945145 0.834152 0.540957 0.050109 -1
0 -11.820688 29.071400 0.834152 0.540957 0.148987 -1
0 0.580050 29.071400 0.834152 0.608935 0.148987 -1
0 2.629307 29.071398 0.834152 0.645633 0.982860 -1
0 2.629307 29.071398 -0.094166 0.645633 0.994901 -1
0 6.655048 29.071398 -0.094166 0.685446 0.994901 -1
0 6.655048 29.071398 0.834152 0.685446 0.982860 -1
0 6.655048 32.945152 -0.094166 0.929052 0.937248 -1
0 2.629307 32.945152 -0.094166 0.889240 0.937248 -1
0 2.629307 32.945152 0.834152 0.889240 0.949288 -1
0 6.655048 32.945152 0.834152 0.929052 0.949288 -1
0 2.629307 32.945152 0.834152 0.050315 0.955524 -1
0 2.629307 32.945152 -0.094166 0.050315 0.968222 -1
0 2.629307 29.071398 -0.094166 0.083525 0.968222 -1
0 2.629307 29.071398 0.834152 0.083525 0.955523 -1
0 6.655048 32.945152 0.834152 0.239173 0.984127 -1
0 6.655048 29.071398 0.834152 0.205964 0.984127 -1
0 6.655048 29.071398 -0.094166 0.205964 0.996826 -1
0 6.655048 32.945152 -0.094166 0.239173 0.996826 -1
0 6.655048 32.945152 0.834152 0.831827 0.050109 -1
0 2.629307 32.945152 0.834152 0.763849 0.050109 -1
0 2.629307 29.071398 0.834152 0.763849 0.148987 -1
0 6.655048 29.071398 0.834152 0.831827 0.148987 -1
0 7.979307 29.071396 0.834152 0.709892 0.982860 -1
0 7.979307 29.071396 -0.094166 0.709892 0.994901 -1
0 12.005049 29.071396 -0.094166 0.749705 0.994901 -1
0 12.005049 29.071396 0.834152 0.749705 0.982860 -1
0 12.005049 32.945152 -0.094166 0.994322 0.937248 -1
0 7.979307 32.945152 -0.094166 0.954510 0.937248 -1
0 7.979307 32.945152 0.834152 0.954510 0.949288 -1
0 12.005049 32.945152 0.834152 0.994322 0.949288 -1
0 7.979307 32.945152 0.834152 0.050315 0.955524 -1
0 7.979307 32.945152 -0.094166 0.050315 0.968222 -1
0 7.979307 29.071396 -0.094166 0.083525 0.968222 -1
0 7.979307 29.071396 0.834152 0.083525 0.955523 -1
0 12.005049 32.945152 0.834152 0.239173 0.984127 -1
0 12.005049 29.071396 0.834152 0.205964 0.984127 -1
0 12.005049 29.071396 -0.094166 0.205964 0.996826 -1
0 12.005049 32.945152 -0.094166 0.239173 0.996826 -1
0 12.005049 32.945152 0.834152 0.943273 0.050109 -1
0 7.979307 32.945152 0.834152 0.875295 0.050109 -1
0 7.979307 29.071396 0.834152 0.875295 0.148987 -1
0 12.005049 29.071396 0.834152 0.943273 0.148987 -1
0 -11.820688 22.471399 0.834152 0.515093 0.982860 -1
0 -11.820688 22.471399 -0.094166 0.515093 0.994901 -1
0 0.580050 22.471399 -0.094166 0.554905 0.994901 -1
0 0.580050 22.471399 0.834152 0.554905 0.982860 -1
0 0.580050 26.345144 -0.094166 0.798512 0.937248 -1
0 -11.820688 26.345144 -0.094166 0.758699 0.937248 -1
0 -11.820688 26.345144 0.834152 0.758699 0.949288 -1
0 0.580050 26.345144 0.834152 0.798512 0.949288 -1
0 -11.820688 26.345144 0.834152 0.106897 0.955523 -1
0 -11.820688 26.345144 -0.094166 0.106897 0.968222 -1
0 -11.820688 22.471399 -0.094166 0.140106 0.968222 -1
0 -11.820688 22.471399 0.834152 0.140106 0.955523 -1
0 0.580050 26.345144 0.834152 0.182592 0.984127 -1
0 0.580050 22.471399 0.834152 0.149383 0.984127 -1
0 0.580050 22.471399 -0.094166 0.149383 0.996826 -1
0 0.580050 26.345144 -0.094166 0.182592 0.996826 -1
0 0.580050 26.345144 0.834152 0.608935 0.218575 -1
0 -11.820688 26.345144 0.834152 0.540957 0.218575 -1
0 -11.820688 22.471399 0.834152 0.540957 0.317452 -1
0 0.580050 22.471399 0.834152 0.608935 0.317452 -1
0 2.629307 22.471397 0.834152 0.645633 0.982860 -1
0 2.629307 22.471397 -0.094166 0.645633 0.994901 -1
0 6.655048 22.471397 -0.094166 0.685446 0.994901 -1
0 6.655048 22.471397 0.834152 0.685446 0.982860 -1
0 6.655048 26.345152 -0.094166 0.929052 0.937248 -1
0 2.629307 26.345152 -0.094166 0.889240 0.937248 -1
0 2.629307 26.345152 0.834152 0.889240 0.949288 -1
0 6.655048 26.345152 0.834152 0.929052 0.949288 -1
0 2.629307 26.345152 0.834152 0.106897 0.955523 -1
0 2.629307 26.345152 -0.094166 0.106897 0.968222 -1
0 2.629307 22.471397 -0.094166 0.140106 0.968222 -1
0 2.629307 22.471397 0.834152 0.140106 0.955523 -1
0 6.655048 26.345152 0.834152 0.182592 0.984127 -1
0 6.655048 22.471397 0.834152 0.149383 0.984127 -1
0 6.655048 22.471397 -0.094166 0.149383 0.996826 -1
0 6.655048 26.345152 -0.094166 0.182592 0.996826 -1
0 6.655048 26.345152 0.834152 0.831827 0.218574 -1
0 2.629307 26.345152 0.834152 0.763849 0.218574 -1
0 2.629307 22.471397 0.834152 0.763849 0.317452 -1
0 6.655048 22.471397 0.834152 0.831827 0.317452 -1
0 7.979307 22.471395 0.834152 0.709892 0.982860 -1
0 7.979307 22.471395 -0.094166 0.709892 0.994901 -1
0 12.005049 22.471395 -0.094166 0.749705 0.994901 -1
0 12.005049 22.471395 0.834152 0.749705 0.982860 -1
0 12.005049 26.345152 -0.094166 0.994322 0.937248 -1
0 7.979307 26.345152 -0.094166 0.954510 0.937248 -1
0 7.979307 26.345152 0.834152 0.954510 0.949288 -1
0 12.005049 26.345152 0.834152 0.994322 0.949288 -1
0 7.979307 26.345152 0.834152 0.106897 0.955523 -1
0 7.979307 26.345152 -0.094166 0.106897 0.968222 -1
0 7.979307 22.471395 -0.094166 0.140106 0.968222 -1
0 7.979307 22.471395 0.834152 0.140106 0.955523 -1
0 12.005049 26.345152 0.834152 0.182592 0.984127 -1
0 12.005049 22.471395 0.834152 0.149383 0.984127 -1
0 12.005049 22.471395 -0.094166 0.149383 0.996826 -1
0 12.005049 26.345152 -0.094166 0.182592 0.996826 -1
0 12.005049 26.345152 0.834152 0.943273 0.218574 -1
0 7.979307 26.345152 0.834152 0.875295 0.218574 -1
0 7.979307 22.471395 0.834152 0.875295 0.317452 -1
0 12.005049 22.471395 0.834152 0.943273 0.317452 -1
0 -11.820688 15.971397 0.834152 0.515093 0.982860 -1
0 -11.820688 15.971397 -0.094166 0.515093 0.994901 -1
0 0.580050 15.971397 -0.094166 0.554905 0.994901 -1
0 0.580050 15.971397 0.834152 0.554905 0.982860 -1
0 0.580050 19.845142 -0.094166 0.798512 0.937248 -1
0 -11.820688 19.845142 -0.094166 0.758699 0.937248 -1
0 -11.820688 19.845142 0.834152 0.758699 0.949288 -1
0 0.580050 19.845142 0.834152 0.798512 0.949288 -1
0 -11.820688 19.845142 0.834152 0.162621 0.955523 -1
0 -11.820688 19.845142 -0.094166 0.162621 0.968222 -1
0 -11.820688 15.971397 -0.094166 0.195830 0.968222 -1
0 -11.820688 15.971397 0.834152 0.195830 0.955523 -1
0 0.580050 19.845142 0.834152 0.126868 0.984127 -1
0 0.580050 15.971397 0.834152 0.093659 0.984127 -1
0 0.580050 15.971397 -0.094166 0.093659 0.996826 -1
0 0.580050 19.845142 -0.094166 0.126868 0.996826 -1
0 0.580050 19.845142 0.834152 0.608935 0.384487 -1
0 -11.820688 19.845142 0.834152 0.540957 0.384487 -1
0 -11.820688 15.971397 0.834152 0.540957 0.483365 -1
0 0.580050 15.971397 0.834152 0.608935 0.483365 -1
0 2.629307 15.971397 0.834152 0.645633 0.982860 -1
0 2.629307 15.971397 -0.094166 0.645633 0.994901 -1
0 6.655048 15.971397 -0.094166 0.685446 0.994901 -1
0 6.655048 15.971397 0.834152 0.685446 0.982860 -1
0 6.655048 19.845150 -0.094166 0.929052 0.937248 -1
0 2.629307 19.845150 -0.094166 0.889240 0.937248 -1
0 2.629307 19.845150 0.834152 0.889240 0.949288 -1
0 6.655048 19.845150 0.834152 0.929052 0.949288 -1
0 2.629307 19.845150 0.834152 0.162621 0.955523 -1
0 2.629307 19.845150 -0.094166 0.162621 0.968222 -1
0 2.629307 15.971397 -0.094166 0.195830 0.968222 -1
0 2.629307 15.971397 0.834152 0.195830 0.955523 -1
0 6.655048 19.845150 0.834152 0.126868 0.984127 -1
0 6.655048 15.971397 0.834152 0.093659 0.984127 -1
0 6.655048 15.971397 -0.094166 0.093659 0.996826 -1
0 6.655048 19.845150 -0.094166 0.126868 0.996826 -1
0 6.655048 19.845150 0.834152 0.831827 0.384487 -1
0 2.629307 19.845150 0.834152 0.763849 0.384487 -1
0 2.629307 15.971397 0.834152 0.763849 0.483365 -1
0 6.655048 15.971397 0.834152 0.831827 0.483365 -1
0 7.979307 15.971394 0.834152 0.709892 0.982860 -1
0 7.979307 15.971394 -0.094166 0.709892 0.994901 -1
0 12.005049 15.971394 -0.094166 0.749705 0.994901 -1
0 12.005049 15.971394 0.834152 0.749705 0.982860 -1
0 12.005049 19.845150 -0.094166 0.994322 0.937248 -1
0 7.979307 19.845150 -0.094166 0.954510 0.937248 -1
0 7.979307 19.845150 0.834152 0.954510 0.949288 -1
0 12.005049 19.845150 0.834152 0.994322 0.949288 -1
0 7.979307 19.845150 0.834152 0.162621 0.955523 -1
0 7.979307 19.845150 -0.094166 0.162621 0.968222 -1
0 7.979307 15.971394 -0.094166 0.195830 0.968222 -1
0 7.979307 15.971394 0.834152 0.195830 0.955523 -1
0 12.005049 19.845150 0.834152 0.126868 0.984127 -1
0 12.005049 15.971394 0.834152 0.093659 0.984127 -1
0 12.005049 15.971394 -0.094166 0.093659 0.996826 -1
0 12.005049 19.845150 -0.094166 0.126868 0.996826 -1
0 12.005049 19.845150 0.834152 0.943273 0.384487 -1
0 7.979307 19.845150 0.834152 0.875295 0.384487 -1
0 7.979307 15.971394 0.834152 0.875295 0.483365 -1
0 12.005049 15.971394 0.834152 0.943273 0.483365 -1
0 -11.820688 10.771400 0.834152 0.514082 0.982860 -1
0 -11.820688 10.771400 -0.094166 0.514082 0.994901 -1
0 12.005051 10.771400 -0.094166 0.749705 0.994901 -1
0 12.005051 10.771400 0.834152 0.749705 0.982860 -1
0 12.005051 14.645148 -0.094166 0.994322 0.937248 -1
0 -11.820688 14.645148 -0.094166 0.758699 0.937248 -1
0 -11.820688 14.645148 0.834152 0.758699 0.949288 -1
0 12.005051 14.645148 0.834152 0.994322 0.949288 -1
0 -11.820688 14.645148 0.834152 0.207200 0.955523 -1
0 -11.820688 14.645148 -0.094166 0.207200 0.968222 -1
0 -11.820688 10.771400 -0.094166 0.240409 0.968222 -1
0 -11.820688 10.771400 0.834152 0.240409 0.955523 -1
0 12.005051 14.645148 0.834152 0.082289 0.984127 -1
0 12.005051 10.771400 0.834152 0.049080 0.984127 -1
0 12.005051 10.771400 -0.094166 0.049080 0.996826 -1
0 12.005051 14.645148 -0.094166 0.082289 0.996826 -1
0 12.005051 14.645148 0.834152 0.943273 0.517217 -1
0 -11.820688 14.645148 0.834152 0.540957 0.517217 -1
0 -11.820688 10.771400 0.834152 0.540957 0.616095 -1
0 12.005051 10.771400 0.834152 0.943273 0.616095 -1
0 -11.820688 8.718352 4.282427 0.514082 0.938136 -1
0 -11.820688 10.625250 -0.094166 0.514082 0.994901 -1
0 12.005051 10.625250 -0.094166 0.749705 0.994901 -1
0 12.005051 8.718352 4.282427 0.749705 0.938136 -1
0 12.005051 11.698994 -0.094166 0.994322 0.937248 -1
0 -11.820688 11.698994 -0.094166 0.758699 0.937248 -1
0 -11.820688 9.067956 4.282427 0.758699 0.994013 -1
0 12.005051 9.067956 4.282427 0.994322 0.994013 -1
0 -11.820688 9.067956 4.282427 0.269191 0.908353 -1
0 -11.820688 11.698994 -0.094166 0.246635 0.968222 -1
0 -11.820688 10.625250 -0.094166 0.255840 0.968222 -1
0 -11.820688 8.718352 4.282427 0.272188 0.908353 -1
0 12.005051 9.067956 4.282427 0.020298 0.936957 -1
0 12.005051 8.718352 4.282427 0.017301 0.936957 -1
0 12.005051 10.625250 -0.094166 0.033648 0.996826 -1
0 12.005051 11.698994 -0.094166 0.042854 0.996826 -1
0 12.005051 9.067956 4.282427 0.943273 0.701790 -1
0 -11.820688 9.067956 4.282427 0.540957 0.701790 -1
0 -11.820688 8.718352 4.282427 0.540957 0.710714 -1
0 12.005051 8.718352 4.282427 0.943273 0.710714 -1
0 -6.155732 9.023911 0.647059 0.304354 0.061227 -1
0 -7.561072 8.372612 0.647059 0.099814 0.132915 -1
0 -6.766758 8.318351 0.647059 0.215422 0.138887 -1
0 -8.233180 7.178611 0.647059 0.001992 0.264339 -1
0 -7.438866 7.178611 0.647059 0.117600 0.264339 -1
0 -4.689355 8.915361 0.647059 0.517778 0.073175 -1
0 -4.689355 9.566616 0.647059 0.517778 0.001491 -1
0 -3.467303 9.023911 0.647059 0.695641 0.061227 -1
0 -3.467303 8.318351 0.647059 0.695641 0.138887 -1
0 -2.123087 8.372612 0.647059 0.891284 0.132915 -1
0 -2.062005 7.124352 0.647059 0.900175 0.270311 -1
0 -1.450980 7.178611 0.647059 0.989106 0.264339 -1
0 -7.377783 1.208604 0.647059 0.119498 0.933332 -1
0 -8.110973 0.557347 0.647059 0.019779 0.993139 -1
0 -2.000923 1.262898 0.647059 0.909065 0.915479 -1
0 -1.389898 0.503054 0.647059 0.997996 0.999115 -1
0 -6.155752 9.023901 0.000000 0.304351 0.061229 -1
0 -7.561068 8.372620 0.000000 0.099815 0.132915 -1
0 -8.233176 7.178618 0.000000 0.001993 0.264338 -1
0 -7.438866 7.178618 0.230769 0.117600 0.264338 -1
0 -6.766758 8.318348 3.185315 0.215422 0.138888 -1
0 -4.689336 8.915348 3.185315 0.517780 0.073176 -1
0 -4.689336 9.566628 0.000000 0.517780 0.001490 -1
0 -3.467322 9.023901 0.000000 0.695638 0.061229 -1
0 -3.467322 8.318348 3.185315 0.695638 0.138888 -1
0 -2.123106 8.372620 0.000000 0.891282 0.132915 -1
0 -1.450998 7.178618 0.000000 0.989103 0.264338 -1
0 -2.062005 7.124347 0.230769 0.900175 0.270312 -1
0 -7.377766 1.208615 0.230769 0.119500 0.933331 -1
0 -8.110973 0.557340 0.000000 0.019779 0.993140 -1
0 -2.000905 1.262885 0.230769 0.909067 0.915481 -1
0 -1.389898 0.503067 0.000000 0.997996 0.999114 -1
0 3.328456 8.891243 0.647059 0.305780 0.057292 -1
0 1.923116 8.239944 0.647059 0.102676 0.129321 -1
0 2.717429 8.185690 0.647059 0.217472 0.135321 -1
0 1.251008 7.045943 0.647059 0.005541 0.261370 -1
0 2.045321 7.045943 0.647059 0.120338 0.261370 -1
0 4.794832 8.782691 0.647059 0.517705 0.069296 -1
0 4.794832 9.433954 0.647059 0.517705 -0.002729 -1
0 6.016884 8.891243 0.647059 0.694319 0.057292 -1
0 6.016884 8.185690 0.647059 0.694319 0.135321 -1
0 7.361100 8.239944 0.647059 0.888589 0.129321 -1
0 7.422181 6.991685 0.647059 0.897417 0.267371 -1
0 8.033207 7.045943 0.647059 0.985724 0.261370 -1
0 2.106403 1.075936 0.647059 0.122172 0.933492 -1
0 1.373213 0.424682 0.647059 0.023203 0.993641 -1
0 7.483262 1.130231 0.647059 0.906245 0.915612 -1
0 8.094290 0.370388 0.647059 0.994552 0.999645 -1
0 3.328436 8.891233 0.000000 0.305777 0.057293 -1
0 1.923119 8.239954 0.000000 0.102677 0.129320 -1
0 1.251011 7.045952 0.000000 0.005542 0.261370 -1
0 2.045321 7.045952 0.230769 0.120338 0.261370 -1
0 2.717429 8.185683 3.185315 0.217472 0.135322 -1
0 4.794851 8.782681 3.185315 0.517708 0.069297 -1
0 4.794851 9.433958 0.000000 0.517708 -0.002730 -1
0 6.016865 8.891233 0.000000 0.694317 0.057293 -1
0 6.016865 8.185683 3.185315 0.694317 0.135322 -1
0 7.361081 8.239954 0.000000 0.888587 0.129320 -1
0 8.033190 7.045952 0.000000 0.985721 0.261370 -1
0 7.422181 6.991681 0.230769 0.897417 0.267372 -1
0 2.106421 1.075947 0.230769 0.122175 0.933492 -1
0 1.373213 0.424672 0.000000 0.023203 0.993642 -1
0 7.483284 1.130219 0.230769 0.906247 0.915613 -1
0 8.094290 0.370400 0.000000 0.994552 0.999644 -1
0 -2.062005 7.124347 0.230769 0.000000 0.000000 -1
0 -3.467322 8.318348 3.185315 0.000000 0.000000 -1
0 -7.438866 7.178618 0.230769 0.000000 0.000000 -1
0 7.422181 6.991681 0.230769 0.000000 0.000000 -1
0 6.016865 8.185683 3.185315 0.000000 0.000000 -1
0 2.045321 7.045952 0.230769 0.000000 0.000000 -1
83
0.000000 -1.000000 0.000000
0.000000 1.000000 0.000000
-1.000000 0.000000 0.000000
1.000000 0.000000 0.000000
0.000000 0.000000 1.000000
0.000000 -0.916761 -0.399436
0.000000 0.857054 0.515227
-0.396297 0.918122 0.000001
-0.371817 0.928306 0.000001
-0.596326 0.802742 0.000002
-0.753363 0.657605 0.000003
-0.943572 0.331168 -0.000002
-0.987747 0.156061 -0.000002
0.999948 0.010245 -0.000008
0.985795 -0.167951 0.000011
-0.276186 0.961104 -0.000007
-0.502859 0.864368 0.000003
-0.040186 0.999192 0.000003
0.213144 0.977021 0.000005
-0.102806 0.994701 0.000012
0.165691 0.986178 0.000004
0.415984 0.909372 -0.000008
0.426037 0.904706 -0.000019
0.512012 0.858979 0.000004
0.438954 0.898510 0.000019
0.605696 0.795696 -0.000017
0.756954 0.653468 -0.000014
0.940582 0.339568 -0.000023
0.984659 0.174491 -0.000016
-0.999946 -0.010426 0.000015
-0.958945 -0.283592 -0.000012
0.889817 0.456318 0.000030
0.438137 0.898908 0.000015
-0.888508 -0.458861 0.000002
-0.449615 -0.893222 -0.000004
-0.456278 0.889837 -0.000022
-0.899011 0.437927 -0.000033
0.443035 -0.896504 -0.000004
0.896980 -0.442071 -0.000021
-0.030420 -0.849069 0.527406
0.263966 -0.918542 0.294284
-0.027145 -0.372664 0.927569
-0.599608 0.526120 0.603049
0.004998 0.495208 0.868760
-0.396298 0.918122 0.000003
-0.371817 0.928306 -0.000003
-0.596325 0.802743 0.000005
-0.753363 0.657605 0.000006
-0.943572 0.331167 0.000000
-0.987747 0.156061 -0.000001
0.999947 0.010247 -0.000009
0.985796 -0.167949 0.000011
-0.276183 0.961105 -0.000007
-0.502859 0.864369 0.000003
-0.040185 0.999192 0.000003
0.213143 0.977021 0.000004
-0.102806 0.994701 0.000003
0.165692 0.986178 -0.000005
0.415985 0.909372 -0.000012
0.426036 0.904706 -0.000017
0.512010 0.858979 0.000004
0.438948 0.898512 0.000020
0.605696 0.795696 -0.000015
0.756954 0.653468 -0.000012
0.940582 0.339568 -0.000021
0.984659 0.174492 -0.000015
-0.999946 -0.010426 0.000014
-0.958945 -0.283591 -0.000016
0.889817 0.456318 0.000031
0.438136 0.898908 0.000018
-0.888508 -0.458861 0.000005
-0.449615 -0.893222 -0.000001
-0.456278 0.889837 -0.000025
-0.899011 0.437927 -0.000037
0.443035 -0.896504 -0.000001
0.896980 -0.442071 -0.000020
-0.030420 -0.849069 0.527405
0.263966 -0.918542 0.294285
-0.027145 -0.372665 0.927569
-0.599608 0.526120 0.603049
0.004998 0.495208 0.868760
-0.009373 -0.928653 0.370832
-0.009373 -0.928653 0.370832
328
0 0 1 2 0 0 0 1
0 0 2 3 0 0 0 1
0 4 5 6 1 1 1 1
0 7 4 6 1 1 1 1
0 8 9 10 2 2 2 1
0 10 11 8 2 2 2 1
0 12 13 14 3 3 3 1
0 14 15 12 3 3 3 1
0 16 17 18 4 4 4 1
0 16 18 19 4 4 4 1
0 20 21 22 0 0 0 1
0 20 22 23 0 0 0 1
0 24 25 26 1 1 1 1
0 27 24 26 1 1 1 1
0 28 29 30 2 2 2 1
0 30 31 28 2 2 2 1
0 32 33 34 3 3 3 1
0 34 35 32 3 3 3 1
0 36 37 38 4 4 4 1
0 36 38 39 4 4 4 1
0 40 41 42 0 0 0 1
0 40 42 43 0 0 0 1
0 44 45 46 1 1 1 1
0 47 44 46 1 1 1 1
0 48 49 50 2 2 2 1
0 50 51 48 2 2 2 1
0 52 53 54 3 3 3 1
0 54 55 52 3 3 3 1
0 56 57 58 4 4 4 1
0 56 58 59 4 4 4 1
0 60 61 62 0 0 0 1
0 60 62 63 0 0 0 1
0 64 65 66 1 1 1 1
0 67 64 66 1 1 1 1
0 68 69 70 2 2 2 1
0 70 71 68 2 2 2 1
0 72 73 74 3 3 3 1
0 74 75 72 3 3 3 1
0 76 77 78 4 4 4 1
0 76 78 79 4 4 4 1
0 80 81 82 0 0 0 1
0 80 82 83 0 0 0 1
0 84 85 86 1 1 1 1
0 87 84 86 1 1 1 1
0 88 89 90 2 2 2 1
0 90 91 88 2 2 2 1
0 92 93 94 3 3 3 1
0 94 95 92 3 3 3 1
0 96 97 98 4 4 4 1
0 96 98 99 4 4 4 1
0 100 101 102 0 0 0 1
0 100 102 103 0 0 0 1
0 104 105 106 1 1 1 1
0 107 104 106 1 1 1 1
0 108 109 110 2 2 2 1
0 110 111 108 2 2 2 1
0 112 113 114 3 3 3 1
0 114 115 112 3 3 3 1
0 116 117 118 4 4 4 1
0 116 118 119 4 4 4 1
0 120 121 122 0 0 0 1
0 120 122 123 0 0 0 1
0 124 125 126 1 1 1 1
0 127 124 126 1 1 1 1
0 128 129 130 2 2 2 1
0 130 131 128 2 2 2 1
0 132 133 134 3 3 3 1
0 134 135 132 3 3 3 1
0 136 137 138 4 4 4 1
0 136 138 139 4 4 4 1
0 140 141 142 0 0 0 1
0 140 142 143 0 0 0 1
0 144 145 146 1 1 1 1
0 147 144 146 1 1 1 1
0 148 149 150 2 2 2 1
0 150 151 148 2 2 2 1
0 152 153 154 3 3 3 1
0 154 155 152 3 3 3 1
0 156 157 158 4 4 4 1
0 156 158 159 4 4 4 1
0 160 161 162 0 0 0 1
0 160 162 163 0 0 0 1
0 164 165 166 1 1 1 1
0 167 164 166 1 1 1 1
0 168 169 170 2 2 2 1
0 170 171 168 2 2 2 1
0 172 173 174 3 3 3 1
0 174 175 172 3 3 3 1
0 176 177 178 4 4 4 1
0 176 178 179 4 4 4 1
0 180 181 182 0 0 0 1
0 180 182 183 0 0 0 1
0 184 185 186 1 1 1 1
0 187 184 186 1 1 1 1
0 188 189 190 2 2 2 1
0 190 191 188 2 2 2 1
0 192 193 194 3 3 3 1
0 194 195 192 3 3 3 1
0 196 197 198 4 4 4 1
0 196 198 199 4 4 4 1
0 200 201 202 5 5 5 1
0 200 202 203 5 5 5 1
0 204 205 206 6 6 6 1
0 207 204 206 6 6 6 1
0 208 209 210 2 2 2 1
0 210 211 208 2 2 2 1
0 212 213 214 3 3 3 1
0 214 215 212 3 3 3 1
0 216 217 218 4 4 4 1
0 216 218 219 4 4 4 1
0 0 1 2 0 0 0 1
0 0 2 3 0 0 0 1
0 4 5 6 1 1 1 1
0 7 4 6 1 1 1 1
0 8 9 10 2 2 2 1
0 10 11 8 2 2 2 1
0 12 13 14 3 3 3 1
0 14 15 12 3 3 3 1
0 16 17 18 4 4 4 1
0 16 18 19 4 4 4 1
0 20 21 22 0 0 0 1
0 20 22 23 0 0 0 1
0 24 25 26 1 1 1 1
0 27 24 26 1 1 1 1
0 28 29 30 2 2 2 1
0 30 31 28 2 2 2 1
0 32 33 34 3 3 3 1
0 34 35 32 3 3 3 1
0 36 37 38 4 4 4 1
0 36 38 39 4 4 4 1
0 40 41 42 0 0 0 1
0 40 42 43 0 0 0 1
0 44 45 46 1 1 1 1
0 47 44 46 1 1 1 1
0 48 49 50 2 2 2 1
0 50 51 48 2 2 2 1
0 52 53 54 3 3 3 1
0 54 55 52 3 3 3 1
0 56 57 58 4 4 4 1
0 56 58 59 4 4 4 1
0 60 61 62 0 0 0 1
0 60 62 63 0 0 0 1
0 64 65 66 1 1 1 1
0 67 64 66 1 1 1 1
0 68 69 70 2 2 2 1
0 70 71 68 2 2 2 1
0 72 73 74 3 3 3 1
0 74 75 72 3 3 3 1
0 76 77 78 4 4 4 1
0 76 78 79 4 4 4 1
0 80 81 82 0 0 0 1
0 80 82 83 0 0 0 1
0 84 85 86 1 1 1 1
0 87 84 86 1 1 1 1
0 88 89 90 2 2 2 1
0 90 91 88 2 2 2 1
0 92 93 94 3 3 3 1
0 94 95 92 3 3 3 1
0 96 97 98 4 4 4 1
0 96 98 99 4 4 4 1
0 100 101 102 0 0 0 1
0 100 102 103 0 0 0 1
0 104 105 106 1 1 1 1
0 107 104 106 1 1 1 1
0 108 109 110 2 2 2 1
0 110 111 108 2 2 2 1
0 112 113 114 3 3 3 1
0 114 115 112 3 3 3 1
0 116 117 118 4 4 4 1
0 116 118 119 4 4 4 1
0 120 121 122 0 0 0 1
0 120 122 123 0 0 0 1
0 124 125 126 1 1 1 1
0 127 124 126 1 1 1 1
0 128 129 130 2 2 2 1
0 130 131 128 2 2 2 1
0 132 133 134 3 3 3 1
0 134 135 132 3 3 3 1
0 136 137 138 4 4 4 1
0 136 138 139 4 4 4 1
0 140 141 142 0 0 0 1
0 140 142 143 0 0 0 1
0 144 145 146 1 1 1 1
0 147 144 146 1 1 1 1
0 148 149 150 2 2 2 1
0 150 151 148 2 2 2 1
0 152 153 154 3 3 3 1
0 154 155 152 3 3 3 1
0 156 157 158 4 4 4 1
0 156 158 159 4 4 4 1
0 160 161 162 0 0 0 1
0 160 162 163 0 0 0 1
0 164 165 166 1 1 1 1
0 167 164 166 1 1 1 1
0 168 169 170 2 2 2 1
0 170 171 168 2 2 2 1
0 172 173 174 3 3 3 1
0 174 175 172 3 3 3 1
0 176 177 178 4 4 4 1
0 176 178 179 4 4 4 1
0 180 181 182 0 0 0 1
0 180 182 183 0 0 0 1
0 184 185 186 1 1 1 1
0 187 184 186 1 1 1 1
0 188 189 190 2 2 2 1
0 190 191 188 2 2 2 1
0 192 193 194 3 3 3 1
0 194 195 192 3 3 3 1
0 196 197 198 4 4 4 1
0 196 198 199 4 4 4 1
0 200 201 202 5 5 5 1
0 200 202 203 5 5 5 1
0 204 205 206 6 6 6 1
0 207 204 206 6 6 6 1
0 208 209 210 2 2 2 1
0 210 211 208 2 2 2 1
0 212 213 214 3 3 3 1
0 214 215 212 3 3 3 1
0 216 217 218 4 4 4 1
0 216 218 219 4 4 4 1
0 220 221 222 4 4 4 1
0 221 223 224 4 4 4 1
0 221 224 222 4 4 4 1
0 220 222 225 4 4 4 1
0 225 226 220 4 4 4 1
0 225 227 226 4 4 4 1
0 227 225 228 4 4 4 1
0 228 229 227 4 4 4 1
0 230 231 229 4 4 4 1
0 229 228 230 4 4 4 1
0 232 224 223 4 4 4 1
0 223 233 232 4 4 4 1
0 234 232 233 4 4 4 1
0 233 235 234 4 4 4 1
0 231 230 234 4 4 4 1
0 234 235 231 4 4 4 1
0 220 236 237 7 8 9 2
0 220 237 221 7 9 10 2
0 221 237 238 10 9 11 2
0 221 238 223 10 11 12 2
0 224 239 240 13 14 15 2
0 224 240 222 13 15 16 2
0 222 240 241 16 15 17 2
0 222 241 225 16 17 18 2
0 226 242 236 19 20 8 2
0 226 236 220 19 8 7 2
0 227 243 242 21 22 20 2
0 227 242 226 21 20 19 2
0 225 241 244 18 17 23 2
0 225 244 228 18 23 24 2
0 229 245 243 25 26 22 2
0 229 243 227 25 22 21 2
0 231 246 245 27 28 26 2
0 231 245 229 27 26 25 2
0 228 244 247 24 23 29 2
0 228 247 230 24 29 30 2
0 232 248 239 31 32 14 2
0 232 239 224 31 14 13 2
0 223 238 249 12 11 33 2
0 223 249 233 12 33 34 2
0 234 250 248 35 36 32 2
0 234 248 232 35 32 31 2
0 233 249 251 34 33 37 2
0 233 251 235 34 37 38 2
0 230 247 250 30 29 36 2
0 230 250 234 30 36 35 2
0 235 251 246 38 37 28 2
0 235 246 231 38 28 27 2
0 241 240 239 39 40 41 1
0 244 241 239 42 39 41 1
0 239 244 247 41 42 43 1
0 248 247 239 4 43 41 1
0 247 248 250 43 4 4 1
0 252 253 254 4 4 4 1
0 253 255 256 4 4 4 1
0 253 256 254 4 4 4 1
0 252 254 257 4 4 4 1
0 257 258 252 4 4 4 1
0 257 259 258 4 4 4 1
0 259 257 260 4 4 4 1
0 260 261 259 4 4 4 1
0 262 263 261 4 4 4 1
0 261 260 262 4 4 4 1
0 264 256 255 4 4 4 1
0 255 265 264 4 4 4 1
0 266 264 265 4 4 4 1
0 265 267 266 4 4 4 1
0 263 262 266 4 4 4 1
0 266 267 263 4 4 4 1
0 252 268 269 44 45 46 2
0 252 269 253 44 46 47 2
0 253 269 270 47 46 48 2
0 253 270 255 47 48 49 2
0 256 271 272 50 51 52 2
0 256 272 254 50 52 53 2
0 254 272 273 53 52 54 2
0 254 273 257 53 54 55 2
0 258 274 268 56 57 45 2
0 258 268 252 56 45 44 2
0 259 275 274 58 59 57 2
0 259 274 258 58 57 56 2
0 257 273 276 55 54 60 2
0 257 276 260 55 60 61 2
0 261 277 275 62 63 59 2
0 261 275 259 62 59 58 2
0 263 278 277 64 65 63 2
0 263 277 261 64 63 62 2
0 260 276 279 61 60 66 2
0 260 279 262 61 66 67 2
0 264 280 271 68 69 51 2
0 264 271 256 68 51 50 2
0 255 270 281 49 48 70 2
0 255 281 265 49 70 71 2
0 266 282 280 72 73 69 2
0 266 280 264 72 69 68 2
0 265 281 283 71 70 74 2
0 265 283 267 71 74 75 2
0 262 279 282 67 66 73 2
0 262 282 266 67 73 72 2
0 267 283 278 75 74 65 2
0 267 278 263 75 65 64 2
0 273 272 271 76 77 78 1
0 276 273 271 79 76 78 1
0 271 276 279 78 79 80 1
0 280 279 271 4 80 78 1
0 279 280 282 80 4 4 1
0 284 285 286 81 81 81 1
0 287 288 289 82 82 82 1

Materials: 2
"Blz"
0.200000 0.200000 0.200000 1.000000
0.800000 0.800000 0.800000 1.000000
0.000000 0.000000 0.000000 1.000000
0.000000 0.000000 0.000000 1.000000
0.000000
1.000000
"..\Image\brick01.tga"
""
"Blz_Other"
0.200000 0.200000 0.200000 1.000000
0.800000 0.800000 0.800000 1.000000
0.000000 0.000000 0.000000 1.000000
0.000000 0.000000 0.000000 1.000000
0.000000
1.000000
"..\Image\Blz_Round_Gate_Windows.tga"
""

Bones: 0
GroupComments: 0
MaterialComments: 0
BoneComments: 0
ModelComment: 0
