// MilkShape 3D ASCII

Frames: 30
Frame: 1

Meshes: 3
"1_Blz" 0 0
12
0 16.000000 35.000000 -1.000000 5.000000 5.000000 -1
0 -1.000000 35.000000 -1.000000 2.343750 5.000000 -1
0 -1.000000 28.000000 -1.000000 2.343750 4.000000 -1
0 -16.000000 28.000000 -1.000000 0.000000 4.000000 -1
0 -16.000000 0.000000 -1.000000 0.000000 0.000000 -1
0 16.000000 0.000000 -1.000000 5.000000 0.000000 -1
0 16.000000 35.000000 -16.000000 5.000000 5.000000 -1
0 -1.000000 35.000000 -16.000000 2.343750 5.000000 -1
0 -1.000000 28.000000 -16.000000 2.343750 4.000000 -1
0 -16.000000 28.000000 -16.000000 0.000000 4.000000 -1
0 -16.000000 0.000000 -16.000000 0.000000 0.000000 -1
0 16.000000 0.000000 -16.000000 5.000000 0.000000 -1
10
0.000000 0.000000 1.000000
0.447214 0.894427 0.000000
0.894427 0.447214 0.000000
-0.447214 0.894427 0.000000
-0.894427 0.447214 0.000000
-0.894427 -0.447214 0.000000
-0.447214 -0.894427 0.000000
0.447214 -0.894427 0.000000
0.894427 -0.447214 0.000000
0.000000 0.000000 -1.000000
20
0 0 1 2 0 0 0 1
0 2 3 4 0 0 0 1
0 2 4 5 0 0 0 1
0 0 2 5 0 0 0 1
0 0 6 7 1 2 3 2
0 0 7 1 1 3 4 2
0 1 7 8 4 3 4 2
0 1 8 2 4 4 3 2
0 2 8 9 3 4 3 2
0 2 9 3 3 3 4 2
0 3 9 10 4 3 5 2
0 3 10 4 4 5 6 2
0 4 10 11 6 5 7 2
0 4 11 5 6 7 8 2
0 5 11 6 8 7 2 2
0 5 6 0 8 2 1 2
0 8 7 6 9 9 9 1
0 8 6 11 9 9 9 1
0 10 8 11 9 9 9 1
0 10 9 8 9 9 9 1
"1_Blz_Windows" 0 2
73
0 10.156620 23.905558 0.383823 0.000000 0.000000 -1
0 10.156620 19.468056 0.383823 0.000000 0.000000 -1
0 13.102119 19.468056 -0.989686 0.000000 0.000000 -1
0 -7.063890 24.127777 0.589744 0.000000 0.000000 -1
0 -10.313890 24.127777 0.589744 0.000000 0.000000 -1
0 -7.063890 19.690277 0.589744 0.000000 0.000000 -1
0 -10.313890 19.690277 0.589744 0.000000 0.000000 -1
0 -3.120103 24.127777 -0.989686 0.000000 0.000000 -1
0 -6.065602 24.127777 0.383823 0.000000 0.000000 -1
0 -3.120103 19.690277 -0.989686 0.000000 0.000000 -1
0 -6.065602 19.690277 0.383823 0.000000 0.000000 -1
0 -11.263889 7.180556 -0.710257 0.000000 0.000000 -1
0 -14.513889 7.180556 -0.710257 0.000000 0.000000 -1
0 -11.263889 2.743056 -0.710257 0.000000 0.000000 -1
0 -14.513889 2.743056 -0.710257 0.000000 0.000000 -1
0 -11.277128 24.123611 0.389688 0.000000 0.000000 -1
0 -14.222628 24.123611 -0.983821 0.000000 0.000000 -1
0 -11.277128 19.686111 0.389688 0.000000 0.000000 -1
0 -14.222628 19.686111 -0.983821 0.000000 0.000000 -1
0 9.269444 33.461109 0.589744 0.000000 0.000000 -1
0 6.019441 33.461109 0.589744 0.000000 0.000000 -1
0 9.269444 29.023611 0.589744 0.000000 0.000000 -1
0 6.019441 29.023611 0.589744 0.000000 0.000000 -1
0 13.213230 33.461109 -0.989686 0.000000 0.000000 -1
0 10.267731 33.461109 0.383823 0.000000 0.000000 -1
0 13.213230 29.023611 -0.989686 0.000000 0.000000 -1
0 10.267731 29.023611 0.383823 0.000000 0.000000 -1
0 5.056203 33.456944 0.389688 0.000000 0.000000 -1
0 2.110704 33.456944 -0.983821 0.000000 0.000000 -1
0 5.056203 29.019445 0.389688 0.000000 0.000000 -1
0 2.110704 29.019445 -0.983821 0.000000 0.000000 -1
0 9.158333 23.905558 0.589744 0.000000 0.000000 -1
0 5.908330 23.905558 0.589744 0.000000 0.000000 -1
0 9.158333 19.468056 0.589744 0.000000 0.000000 -1
0 5.908330 19.468056 0.589744 0.000000 0.000000 -1
0 13.102119 23.905558 -0.989686 0.000000 0.000000 -1
0 4.945093 23.901392 0.389688 0.000000 0.000000 -1
0 1.999594 23.901392 -0.983821 0.000000 0.000000 -1
0 4.945093 19.463890 0.389688 0.000000 0.000000 -1
0 1.999594 19.463890 -0.983821 0.000000 0.000000 -1
0 -7.175000 14.905562 0.589744 0.000000 0.000000 -1
0 -10.425002 14.905562 0.589744 0.000000 0.000000 -1
0 -7.175000 10.468055 0.589744 0.000000 0.000000 -1
0 -10.425002 10.468055 0.589744 0.000000 0.000000 -1
0 -3.231214 14.905562 -0.989686 0.000000 0.000000 -1
0 -6.176713 14.905562 0.383823 0.000000 0.000000 -1
0 -3.231214 10.468055 -0.989686 0.000000 0.000000 -1
0 -6.176713 10.468055 0.383823 0.000000 0.000000 -1
0 -11.388240 14.901397 0.389688 0.000000 0.000000 -1
0 -14.333739 14.901397 -0.983821 0.000000 0.000000 -1
0 -11.388240 10.463889 0.389688 0.000000 0.000000 -1
0 -14.333739 10.463889 -0.983821 0.000000 0.000000 -1
0 9.047222 15.127785 0.589744 0.000000 0.000000 -1
0 5.797220 15.127785 0.589744 0.000000 0.000000 -1
0 9.047222 10.690277 0.589744 0.000000 0.000000 -1
0 5.797220 10.690277 0.589744 0.000000 0.000000 -1
0 12.991009 15.127785 -0.989686 0.000000 0.000000 -1
0 10.045509 15.127785 0.383823 0.000000 0.000000 -1
0 12.991009 10.690277 -0.989686 0.000000 0.000000 -1
0 10.045509 10.690277 0.383823 0.000000 0.000000 -1
0 4.833982 15.123619 0.389688 0.000000 0.000000 -1
0 1.888483 15.123619 -0.983821 0.000000 0.000000 -1
0 4.833982 10.686111 0.389688 0.000000 0.000000 -1
0 1.888483 10.686111 -0.983821 0.000000 0.000000 -1
0 13.513889 7.180556 -0.710257 0.000000 0.000000 -1
0 10.263889 7.180556 -0.710257 0.000000 0.000000 -1
0 13.513889 2.743056 -0.710257 0.000000 0.000000 -1
0 10.263889 2.743056 -0.710257 0.000000 0.000000 -1
0 3.342106 1.138998 -0.789474 0.000000 0.000000 -1
0 3.224459 6.609586 -0.789474 0.000000 0.000000 -1
0 -1.010835 7.844880 -0.789474 0.000000 0.000000 -1
0 -4.187305 6.609586 -0.789474 0.000000 0.000000 -1
0 -4.304953 1.138998 -0.789474 0.000000 0.000000 -1
8
0.422618 0.000000 0.906308
0.000000 0.000000 1.000000
0.422618 0.000000 0.906308
-0.422618 0.000000 0.906308
-0.422618 0.000000 0.906308
-0.422618 0.000000 0.906308
0.422618 0.000000 0.906308
-0.422618 0.000000 0.906308
37
0 0 1 2 0 0 0 1
0 3 4 5 1 1 1 1
0 4 6 5 1 1 1 1
0 7 8 9 2 2 2 1
0 8 10 9 2 2 2 1
0 11 12 13 1 1 1 1
0 12 14 13 1 1 1 1
0 15 16 17 3 3 3 1
0 16 18 17 3 3 3 1
0 19 20 21 1 1 1 1
0 20 22 21 1 1 1 1
0 23 24 25 0 0 0 1
0 24 26 25 0 0 0 1
0 27 28 29 4 4 4 1
0 28 30 29 4 4 4 1
0 31 32 33 1 1 1 1
0 32 34 33 1 1 1 1
0 35 0 2 0 0 0 1
0 36 37 38 5 5 5 1
0 37 39 38 5 5 5 1
0 40 41 42 1 1 1 1
0 41 43 42 1 1 1 1
0 44 45 46 6 6 6 1
0 45 47 46 6 6 6 1
0 48 49 50 5 5 5 1
0 49 51 50 5 5 5 1
0 52 53 54 1 1 1 1
0 53 55 54 1 1 1 1
0 56 57 58 0 0 0 1
0 57 59 58 0 0 0 1
0 60 61 62 7 7 7 1
0 61 63 62 7 7 7 1
0 64 65 66 1 1 1 1
0 65 67 66 1 1 1 1
0 68 69 70 1 1 1 1
0 71 68 70 1 1 1 1
0 71 72 68 1 1 1 1
"1_Blz_Frame" 0 1
344
0 -10.688890 19.377777 1.000000 0.000000 0.000000 -1
0 -10.313890 24.127777 1.000000 0.000000 0.000000 -1
0 -10.688890 24.377777 1.000000 0.000000 0.000000 -1
0 -10.313890 19.690277 1.000000 0.000000 0.000000 -1
0 -7.063890 19.690277 1.000000 0.000000 0.000000 -1
0 -6.688890 19.377777 1.000000 0.000000 0.000000 -1
0 -6.688890 24.377777 1.000000 0.000000 0.000000 -1
0 -7.063890 24.127777 1.000000 0.000000 0.000000 -1
0 -10.688890 24.377777 0.000000 0.000000 0.000000 -1
0 -10.688890 19.377777 0.000000 0.000000 0.000000 -1
0 -10.313890 19.690277 0.589744 0.000000 0.000000 -1
0 -10.313890 24.127777 0.589744 0.000000 0.000000 -1
0 -7.063890 19.690277 0.589744 0.000000 0.000000 -1
0 -6.688890 19.377777 0.000000 0.000000 0.000000 -1
0 -7.063890 24.127777 0.589744 0.000000 0.000000 -1
0 -6.688890 24.377777 0.000000 0.000000 0.000000 -1
0 -5.892220 24.127777 0.755642 0.000000 0.000000 -1
0 -5.892220 19.690277 0.755642 0.000000 0.000000 -1
0 -2.946721 19.690277 -0.617867 0.000000 0.000000 -1
0 -2.606854 19.377777 -0.776349 0.000000 0.000000 -1
0 -2.606854 24.377777 -0.776349 0.000000 0.000000 -1
0 -2.946721 24.127777 -0.617867 0.000000 0.000000 -1
0 -6.065602 19.690277 0.383823 0.000000 0.000000 -1
0 -6.065602 24.127777 0.383823 0.000000 0.000000 -1
0 -3.120103 19.690277 -0.989686 0.000000 0.000000 -1
0 -3.029473 19.377777 -1.682657 0.000000 0.000000 -1
0 -3.120103 24.127777 -0.989686 0.000000 0.000000 -1
0 -3.029473 24.377777 -1.682657 0.000000 0.000000 -1
0 -14.888889 2.430556 -0.300000 0.000000 0.000000 -1
0 -14.513889 7.180556 -0.300000 0.000000 0.000000 -1
0 -14.888889 7.430556 -0.300000 0.000000 0.000000 -1
0 -14.513889 2.743056 -0.300000 0.000000 0.000000 -1
0 -11.263889 2.743056 -0.300000 0.000000 0.000000 -1
0 -10.888889 2.430556 -0.300000 0.000000 0.000000 -1
0 -10.888889 7.430556 -0.300000 0.000000 0.000000 -1
0 -11.263889 7.180556 -0.300000 0.000000 0.000000 -1
0 -14.888889 7.430556 -1.300000 0.000000 0.000000 -1
0 -14.888889 2.430556 -1.300000 0.000000 0.000000 -1
0 -14.513889 2.743056 -0.710257 0.000000 0.000000 -1
0 -14.513889 7.180556 -0.710257 0.000000 0.000000 -1
0 -11.263889 2.743056 -0.710257 0.000000 0.000000 -1
0 -10.888889 2.430556 -1.300000 0.000000 0.000000 -1
0 -11.263889 7.180556 -0.710257 0.000000 0.000000 -1
0 -10.888889 7.430556 -1.300000 0.000000 0.000000 -1
0 -14.735874 19.373611 -0.770484 0.000000 0.000000 -1
0 -14.396009 24.123611 -0.612002 0.000000 0.000000 -1
0 -14.735874 24.373611 -0.770484 0.000000 0.000000 -1
0 -14.396009 19.686111 -0.612002 0.000000 0.000000 -1
0 -11.450510 19.686111 0.761507 0.000000 0.000000 -1
0 -11.450510 24.123611 0.761507 0.000000 0.000000 -1
0 -14.313257 24.373611 -1.676792 0.000000 0.000000 -1
0 -14.313257 19.373611 -1.676792 0.000000 0.000000 -1
0 -14.222628 19.686111 -0.983821 0.000000 0.000000 -1
0 -14.222628 24.123611 -0.983821 0.000000 0.000000 -1
0 -11.277128 19.686111 0.389688 0.000000 0.000000 -1
0 -11.277128 24.123611 0.389688 0.000000 0.000000 -1
0 5.644441 28.711111 1.000000 0.000000 0.000000 -1
0 6.019441 33.461109 1.000000 0.000000 0.000000 -1
0 5.644441 33.711109 1.000000 0.000000 0.000000 -1
0 6.019441 29.023611 1.000000 0.000000 0.000000 -1
0 9.269444 29.023611 1.000000 0.000000 0.000000 -1
0 9.644444 28.711111 1.000000 0.000000 0.000000 -1
0 9.644444 33.711109 1.000000 0.000000 0.000000 -1
0 9.269444 33.461109 1.000000 0.000000 0.000000 -1
0 5.644441 33.711109 0.000000 0.000000 0.000000 -1
0 5.644441 28.711111 0.000000 0.000000 0.000000 -1
0 6.019441 29.023611 0.589744 0.000000 0.000000 -1
0 6.019441 33.461109 0.589744 0.000000 0.000000 -1
0 9.269444 29.023611 0.589744 0.000000 0.000000 -1
0 9.644444 28.711111 0.000000 0.000000 0.000000 -1
0 9.269444 33.461109 0.589744 0.000000 0.000000 -1
0 9.644444 33.711109 0.000000 0.000000 0.000000 -1
0 10.441113 33.461109 0.755642 0.000000 0.000000 -1
0 10.441113 29.023611 0.755642 0.000000 0.000000 -1
0 13.386612 29.023611 -0.617867 0.000000 0.000000 -1
0 13.726479 28.711111 -0.776349 0.000000 0.000000 -1
0 13.726479 33.711109 -0.776349 0.000000 0.000000 -1
0 13.386612 33.461109 -0.617867 0.000000 0.000000 -1
0 10.267731 29.023611 0.383823 0.000000 0.000000 -1
0 10.267731 33.461109 0.383823 0.000000 0.000000 -1
0 13.213230 29.023611 -0.989686 0.000000 0.000000 -1
0 13.303860 28.711111 -1.682657 0.000000 0.000000 -1
0 13.213230 33.461109 -0.989686 0.000000 0.000000 -1
0 13.303860 33.711109 -1.682657 0.000000 0.000000 -1
0 1.597458 28.706945 -0.770484 0.000000 0.000000 -1
0 1.937323 33.456944 -0.612002 0.000000 0.000000 -1
0 1.597458 33.706944 -0.770484 0.000000 0.000000 -1
0 1.937323 29.019445 -0.612002 0.000000 0.000000 -1
0 4.882822 29.019445 0.761507 0.000000 0.000000 -1
0 4.882822 33.456944 0.761507 0.000000 0.000000 -1
0 2.020075 33.706944 -1.676792 0.000000 0.000000 -1
0 2.020075 28.706945 -1.676792 0.000000 0.000000 -1
0 2.110704 29.019445 -0.983821 0.000000 0.000000 -1
0 2.110704 33.456944 -0.983821 0.000000 0.000000 -1
0 5.056203 29.019445 0.389688 0.000000 0.000000 -1
0 5.056203 33.456944 0.389688 0.000000 0.000000 -1
0 5.533330 19.155556 1.000000 0.000000 0.000000 -1
0 5.908330 23.905558 1.000000 0.000000 0.000000 -1
0 5.533330 24.155560 1.000000 0.000000 0.000000 -1
0 5.908330 19.468056 1.000000 0.000000 0.000000 -1
0 9.158333 19.468056 1.000000 0.000000 0.000000 -1
0 9.533333 19.155556 1.000000 0.000000 0.000000 -1
0 9.533333 24.155560 1.000000 0.000000 0.000000 -1
0 9.158333 23.905558 1.000000 0.000000 0.000000 -1
0 5.533330 24.155560 0.000000 0.000000 0.000000 -1
0 5.533330 19.155556 0.000000 0.000000 0.000000 -1
0 5.908330 19.468056 0.589744 0.000000 0.000000 -1
0 5.908330 23.905558 0.589744 0.000000 0.000000 -1
0 9.158333 19.468056 0.589744 0.000000 0.000000 -1
0 9.533333 19.155556 0.000000 0.000000 0.000000 -1
0 9.158333 23.905558 0.589744 0.000000 0.000000 -1
0 9.533333 24.155560 0.000000 0.000000 0.000000 -1
0 10.330002 23.905558 0.755642 0.000000 0.000000 -1
0 10.330002 19.468056 0.755642 0.000000 0.000000 -1
0 13.275501 19.468056 -0.617867 0.000000 0.000000 -1
0 13.615368 19.155556 -0.776349 0.000000 0.000000 -1
0 13.615368 24.155560 -0.776349 0.000000 0.000000 -1
0 13.275501 23.905558 -0.617867 0.000000 0.000000 -1
0 10.156620 19.468056 0.383823 0.000000 0.000000 -1
0 10.156620 23.905558 0.383823 0.000000 0.000000 -1
0 13.102119 19.468056 -0.989686 0.000000 0.000000 -1
0 13.192749 19.155556 -1.682657 0.000000 0.000000 -1
0 13.102119 23.905558 -0.989686 0.000000 0.000000 -1
0 13.192749 24.155560 -1.682657 0.000000 0.000000 -1
0 1.486347 19.151390 -0.770484 0.000000 0.000000 -1
0 1.826212 23.901392 -0.612002 0.000000 0.000000 -1
0 1.486347 24.151394 -0.770484 0.000000 0.000000 -1
0 1.826212 19.463890 -0.612002 0.000000 0.000000 -1
0 4.771711 19.463890 0.761507 0.000000 0.000000 -1
0 4.771711 23.901392 0.761507 0.000000 0.000000 -1
0 1.908964 24.151394 -1.676792 0.000000 0.000000 -1
0 1.908964 19.151390 -1.676792 0.000000 0.000000 -1
0 1.999594 19.463890 -0.983821 0.000000 0.000000 -1
0 1.999594 23.901392 -0.983821 0.000000 0.000000 -1
0 4.945093 19.463890 0.389688 0.000000 0.000000 -1
0 4.945093 23.901392 0.389688 0.000000 0.000000 -1
0 -10.800002 10.155555 1.000000 0.000000 0.000000 -1
0 -10.425002 14.905562 1.000000 0.000000 0.000000 -1
0 -10.800002 15.155563 1.000000 0.000000 0.000000 -1
0 -10.425002 10.468055 1.000000 0.000000 0.000000 -1
0 -7.175000 10.468055 1.000000 0.000000 0.000000 -1
0 -6.800000 10.155555 1.000000 0.000000 0.000000 -1
0 -6.800000 15.155563 1.000000 0.000000 0.000000 -1
0 -7.175000 14.905562 1.000000 0.000000 0.000000 -1
0 -10.800002 15.155563 0.000000 0.000000 0.000000 -1
0 -10.800002 10.155555 0.000000 0.000000 0.000000 -1
0 -10.425002 10.468055 0.589744 0.000000 0.000000 -1
0 -10.425002 14.905562 0.589744 0.000000 0.000000 -1
0 -7.175000 10.468055 0.589744 0.000000 0.000000 -1
0 -6.800000 10.155555 0.000000 0.000000 0.000000 -1
0 -7.175000 14.905562 0.589744 0.000000 0.000000 -1
0 -6.800000 15.155563 0.000000 0.000000 0.000000 -1
0 -6.003331 14.905562 0.755642 0.000000 0.000000 -1
0 -6.003331 10.468055 0.755642 0.000000 0.000000 -1
0 -3.057832 10.468055 -0.617867 0.000000 0.000000 -1
0 -2.717965 10.155555 -0.776349 0.000000 0.000000 -1
0 -2.717965 15.155563 -0.776349 0.000000 0.000000 -1
0 -3.057832 14.905562 -0.617867 0.000000 0.000000 -1
0 -6.176713 10.468055 0.383823 0.000000 0.000000 -1
0 -6.176713 14.905562 0.383823 0.000000 0.000000 -1
0 -3.231214 10.468055 -0.989686 0.000000 0.000000 -1
0 -3.140584 10.155555 -1.682657 0.000000 0.000000 -1
0 -3.231214 14.905562 -0.989686 0.000000 0.000000 -1
0 -3.140584 15.155563 -1.682657 0.000000 0.000000 -1
0 -14.846986 10.151389 -0.770484 0.000000 0.000000 -1
0 -14.507121 14.901397 -0.612002 0.000000 0.000000 -1
0 -14.846986 15.151398 -0.770484 0.000000 0.000000 -1
0 -14.507121 10.463889 -0.612002 0.000000 0.000000 -1
0 -11.561622 10.463889 0.761507 0.000000 0.000000 -1
0 -11.561622 14.901397 0.761507 0.000000 0.000000 -1
0 -14.424369 15.151398 -1.676792 0.000000 0.000000 -1
0 -14.424369 10.151389 -1.676792 0.000000 0.000000 -1
0 -14.333739 10.463889 -0.983821 0.000000 0.000000 -1
0 -14.333739 14.901397 -0.983821 0.000000 0.000000 -1
0 -11.388240 10.463889 0.389688 0.000000 0.000000 -1
0 -11.388240 14.901397 0.389688 0.000000 0.000000 -1
0 5.422220 10.377777 1.000000 0.000000 0.000000 -1
0 5.797220 15.127785 1.000000 0.000000 0.000000 -1
0 5.422220 15.377786 1.000000 0.000000 0.000000 -1
0 5.797220 10.690277 1.000000 0.000000 0.000000 -1
0 9.047222 10.690277 1.000000 0.000000 0.000000 -1
0 9.422222 10.377777 1.000000 0.000000 0.000000 -1
0 9.422222 15.377786 1.000000 0.000000 0.000000 -1
0 9.047222 15.127785 1.000000 0.000000 0.000000 -1
0 5.422220 15.377786 0.000000 0.000000 0.000000 -1
0 5.422220 10.377777 0.000000 0.000000 0.000000 -1
0 5.797220 10.690277 0.589744 0.000000 0.000000 -1
0 5.797220 15.127785 0.589744 0.000000 0.000000 -1
0 9.047222 10.690277 0.589744 0.000000 0.000000 -1
0 9.422222 10.377777 0.000000 0.000000 0.000000 -1
0 9.047222 15.127785 0.589744 0.000000 0.000000 -1
0 9.422222 15.377786 0.000000 0.000000 0.000000 -1
0 10.218891 15.127785 0.755642 0.000000 0.000000 -1
0 10.218891 10.690277 0.755642 0.000000 0.000000 -1
0 13.164391 10.690277 -0.617867 0.000000 0.000000 -1
0 13.504258 10.377777 -0.776349 0.000000 0.000000 -1
0 13.504258 15.377786 -0.776349 0.000000 0.000000 -1
0 13.164391 15.127785 -0.617867 0.000000 0.000000 -1
0 10.045509 10.690277 0.383823 0.000000 0.000000 -1
0 10.045509 15.127785 0.383823 0.000000 0.000000 -1
0 12.991009 10.690277 -0.989686 0.000000 0.000000 -1
0 13.081638 10.377777 -1.682657 0.000000 0.000000 -1
0 12.991009 15.127785 -0.989686 0.000000 0.000000 -1
0 13.081638 15.377786 -1.682657 0.000000 0.000000 -1
0 1.375237 10.373611 -0.770484 0.000000 0.000000 -1
0 1.715101 15.123619 -0.612002 0.000000 0.000000 -1
0 1.375237 15.373620 -0.770484 0.000000 0.000000 -1
0 1.715101 10.686111 -0.612002 0.000000 0.000000 -1
0 4.660601 10.686111 0.761507 0.000000 0.000000 -1
0 4.660601 15.123619 0.761507 0.000000 0.000000 -1
0 1.797853 15.373620 -1.676792 0.000000 0.000000 -1
0 1.797853 10.373611 -1.676792 0.000000 0.000000 -1
0 1.888483 10.686111 -0.983821 0.000000 0.000000 -1
0 1.888483 15.123619 -0.983821 0.000000 0.000000 -1
0 4.833982 10.686111 0.389688 0.000000 0.000000 -1
0 4.833982 15.123619 0.389688 0.000000 0.000000 -1
0 9.888889 2.430556 -0.300000 0.000000 0.000000 -1
0 10.263889 7.180556 -0.300000 0.000000 0.000000 -1
0 9.888889 7.430556 -0.300000 0.000000 0.000000 -1
0 10.263889 2.743056 -0.300000 0.000000 0.000000 -1
0 13.513889 2.743056 -0.300000 0.000000 0.000000 -1
0 13.888889 2.430556 -0.300000 0.000000 0.000000 -1
0 13.888889 7.430556 -0.300000 0.000000 0.000000 -1
0 13.513889 7.180556 -0.300000 0.000000 0.000000 -1
0 9.888889 7.430556 -1.300000 0.000000 0.000000 -1
0 9.888889 2.430556 -1.300000 0.000000 0.000000 -1
0 10.263889 2.743056 -0.710257 0.000000 0.000000 -1
0 10.263889 7.180556 -0.710257 0.000000 0.000000 -1
0 13.513889 2.743056 -0.710257 0.000000 0.000000 -1
0 13.888889 2.430556 -1.300000 0.000000 0.000000 -1
0 13.513889 7.180556 -0.710257 0.000000 0.000000 -1
0 13.888889 7.430556 -1.300000 0.000000 0.000000 -1
0 -4.952026 9.021362 -0.315789 0.000000 0.000000 -1
0 -14.952026 9.080200 -0.315789 0.000000 0.000000 -1
0 -14.952026 8.080200 -0.315789 0.000000 0.000000 -1
0 -5.069641 7.962524 -0.315789 0.000000 0.000000 -1
0 -0.952026 10.021362 -0.315789 0.000000 0.000000 -1
0 -0.893188 8.962524 -0.315789 0.000000 0.000000 -1
0 4.047974 8.903687 -0.315789 0.000000 0.000000 -1
0 3.989136 7.962524 -0.315789 0.000000 0.000000 -1
0 13.871521 8.021362 -0.315789 0.000000 0.000000 -1
0 13.989136 9.021362 -0.315789 0.000000 0.000000 -1
0 -4.952011 9.021351 -1.315789 0.000000 0.000000 -1
0 -14.952011 9.080173 -1.315789 0.000000 0.000000 -1
0 -14.952011 8.080173 -1.315789 0.000000 0.000000 -1
0 -5.069658 7.962527 -1.315789 0.000000 0.000000 -1
0 -0.952011 10.021351 -1.315789 0.000000 0.000000 -1
0 -0.893188 8.962527 -1.315789 0.000000 0.000000 -1
0 4.047989 8.903704 -1.315789 0.000000 0.000000 -1
0 3.989165 7.962527 -1.315789 0.000000 0.000000 -1
0 13.871518 8.021351 -1.315789 0.000000 0.000000 -1
0 13.989165 9.021351 -1.315789 0.000000 0.000000 -1
0 -4.187317 6.609558 -0.263158 0.000000 0.000000 -1
0 -1.010864 7.844910 -0.263158 0.000000 0.000000 -1
0 -5.010864 6.962524 -0.263158 0.000000 0.000000 -1
0 -1.010864 8.609558 -0.263158 0.000000 0.000000 -1
0 3.224487 6.609558 -0.263158 0.000000 0.000000 -1
0 3.989136 7.021362 -0.263158 0.000000 0.000000 -1
0 -4.304932 1.138977 -0.263158 0.000000 0.000000 -1
0 -4.952026 0.374268 -0.263158 0.000000 0.000000 -1
0 3.989136 0.550781 -0.263158 0.000000 0.000000 -1
0 3.342102 1.138977 -0.263158 0.000000 0.000000 -1
0 -4.187305 6.609586 -0.789474 0.000000 0.000000 -1
0 -1.010835 7.844880 -0.789474 0.000000 0.000000 -1
0 -1.010835 8.609586 -1.263158 0.000000 0.000000 -1
0 -5.010835 6.962527 -1.263158 0.000000 0.000000 -1
0 3.989165 7.021350 -1.263158 0.000000 0.000000 -1
0 3.224459 6.609586 -0.789474 0.000000 0.000000 -1
0 -4.304953 1.138998 -0.789474 0.000000 0.000000 -1
0 -4.952011 0.374291 -1.263158 0.000000 0.000000 -1
0 3.342106 1.138998 -0.789474 0.000000 0.000000 -1
0 3.989165 0.550762 -1.263158 0.000000 0.000000 -1
0 -4.952026 17.021362 -0.315789 0.000000 0.000000 -1
0 -14.952026 17.080200 -0.315789 0.000000 0.000000 -1
0 -14.952026 16.080200 -0.315789 0.000000 0.000000 -1
0 -5.069641 15.962524 -0.315789 0.000000 0.000000 -1
0 -0.952026 18.021362 -0.315789 0.000000 0.000000 -1
0 -0.893188 16.962524 -0.315789 0.000000 0.000000 -1
0 4.047974 16.903687 -0.315789 0.000000 0.000000 -1
0 3.989136 15.962524 -0.315789 0.000000 0.000000 -1
0 13.871521 16.021362 -0.315789 0.000000 0.000000 -1
0 13.989136 17.021362 -0.315789 0.000000 0.000000 -1
0 -4.952011 17.021351 -1.315789 0.000000 0.000000 -1
0 -14.952011 17.080173 -1.315789 0.000000 0.000000 -1
0 -14.952011 16.080173 -1.315789 0.000000 0.000000 -1
0 -5.069658 15.962526 -1.315789 0.000000 0.000000 -1
0 -0.952011 18.021351 -1.315789 0.000000 0.000000 -1
0 -0.893188 16.962528 -1.315789 0.000000 0.000000 -1
0 4.047989 16.903704 -1.315789 0.000000 0.000000 -1
0 3.989165 15.962526 -1.315789 0.000000 0.000000 -1
0 13.871518 16.021351 -1.315789 0.000000 0.000000 -1
0 13.989165 17.021351 -1.315789 0.000000 0.000000 -1
0 -4.952026 26.021362 -0.315789 0.000000 0.000000 -1
0 -14.952026 26.080200 -0.315789 0.000000 0.000000 -1
0 -14.952026 25.080200 -0.315789 0.000000 0.000000 -1
0 -5.069641 24.962524 -0.315789 0.000000 0.000000 -1
0 -0.952026 27.021362 -0.315789 0.000000 0.000000 -1
0 -0.893188 25.962524 -0.315789 0.000000 0.000000 -1
0 4.047974 25.903687 -0.315789 0.000000 0.000000 -1
0 3.989136 24.962524 -0.315789 0.000000 0.000000 -1
0 13.871521 25.021362 -0.315789 0.000000 0.000000 -1
0 13.989136 26.021362 -0.315789 0.000000 0.000000 -1
0 -4.952011 26.021351 -1.315789 0.000000 0.000000 -1
0 -14.952011 26.080173 -1.315789 0.000000 0.000000 -1
0 -14.952011 25.080173 -1.315789 0.000000 0.000000 -1
0 -5.069658 24.962526 -1.315789 0.000000 0.000000 -1
0 -0.952011 27.021351 -1.315789 0.000000 0.000000 -1
0 -0.893188 25.962528 -1.315789 0.000000 0.000000 -1
0 4.047989 25.903704 -1.315789 0.000000 0.000000 -1
0 3.989165 24.962526 -1.315789 0.000000 0.000000 -1
0 13.871518 25.021351 -1.315789 0.000000 0.000000 -1
0 13.989165 26.021351 -1.315789 0.000000 0.000000 -1
0 15.017822 35.000000 0.000000 0.000000 0.000000 -1
0 15.982178 35.000000 -1.000000 0.000000 0.000000 -1
0 15.017822 35.000000 -1.000000 0.000000 0.000000 -1
0 15.982178 35.000000 0.000000 0.000000 0.000000 -1
0 16.000000 8.000000 -1.000000 0.000000 0.000000 -1
0 16.000000 0.000000 -1.000000 0.000000 0.000000 -1
0 15.000000 0.000000 -1.000000 0.000000 0.000000 -1
0 15.000000 8.000000 -1.000000 0.000000 0.000000 -1
0 15.000000 0.000000 0.000000 0.000000 0.000000 -1
0 15.000000 8.000000 0.000000 0.000000 0.000000 -1
0 16.000000 0.000000 0.000000 0.000000 0.000000 -1
0 16.000000 8.000000 0.000000 0.000000 0.000000 -1
0 16.298080 9.000000 -1.000000 0.000000 0.000000 -1
0 14.701918 9.000000 -1.000000 0.000000 0.000000 -1
0 14.701918 9.000000 0.000000 0.000000 0.000000 -1
0 16.298080 9.000000 0.000000 0.000000 0.000000 -1
0 15.992806 10.000000 -1.000000 0.000000 0.000000 -1
0 15.007193 10.000000 -1.000000 0.000000 0.000000 -1
0 15.007193 10.000000 0.000000 0.000000 0.000000 -1
0 15.992806 10.000000 0.000000 0.000000 0.000000 -1
0 15.992798 18.000000 -1.000000 0.000000 0.000000 -1
0 15.007202 18.000000 -1.000000 0.000000 0.000000 -1
0 15.007202 18.000000 0.000000 0.000000 0.000000 -1
0 15.992798 18.000000 0.000000 0.000000 0.000000 -1
0 16.258163 19.000000 -1.000000 0.000000 0.000000 -1
0 14.741834 19.000000 -1.000000 0.000000 0.000000 -1
0 14.741834 19.000000 0.000000 0.000000 0.000000 -1
0 16.258163 19.000000 0.000000 0.000000 0.000000 -1
0 15.982196 20.000000 -1.000000 0.000000 0.000000 -1
0 15.017800 20.000000 -1.000000 0.000000 0.000000 -1
0 15.017800 20.000000 0.000000 0.000000 0.000000 -1
0 15.982196 20.000000 0.000000 0.000000 0.000000 -1
268
-0.116356 -0.045942 0.992144
0.000000 0.000000 1.000000
-0.166568 0.055216 0.984483
0.235937 -0.064369 0.969634
0.185028 0.078665 0.979580
-0.316798 0.948493 -0.000126
0.315901 0.948792 0.000000
-0.315666 -0.948870 0.000139
0.316521 -0.948586 0.000000
0.894427 0.447214 0.000000
0.447214 0.894427 0.000000
0.894427 -0.447214 0.000000
0.447214 -0.894427 0.000000
-0.447214 0.894427 0.000000
-0.894427 0.447214 0.000000
-0.316228 -0.948683 0.000000
0.316228 -0.948683 0.000000
-0.894427 -0.447214 0.000000
-0.447214 -0.894427 0.000000
0.316228 0.948683 0.000000
-0.316228 0.948683 0.000000
0.330910 0.142751 0.932803
0.351149 -0.176118 0.919607
0.414757 -0.095308 0.904927
0.410806 -0.015524 0.911591
0.414751 0.012934 0.909843
0.409502 0.155411 0.898975
0.810627 0.447214 -0.378001
0.405313 0.894427 -0.189000
0.810627 -0.447214 -0.378001
0.405313 -0.894427 -0.189000
-0.405313 0.894427 0.189000
-0.810627 0.447214 0.378001
0.405313 -0.894427 -0.189001
0.810626 -0.447214 -0.378002
-0.810627 -0.447214 0.378001
-0.405313 -0.894427 0.189000
0.810626 0.447214 -0.378002
0.405313 0.894427 -0.189001
-0.416315 -0.068046 0.906670
-0.422619 0.000001 0.906308
-0.413243 0.109295 0.904038
-0.422619 -0.000001 0.906308
-0.354621 -0.068169 0.932522
-0.372076 0.109472 0.921724
-0.810703 0.447045 -0.378036
-0.406049 0.894072 -0.189103
-0.810542 -0.447400 -0.377961
-0.404590 -0.894780 -0.188878
0.810627 0.447214 0.378001
0.405313 0.894427 0.189000
0.810627 -0.447214 0.378001
0.405313 -0.894427 0.189000
-0.405313 0.894427 -0.189000
-0.810627 0.447214 -0.378001
-0.810627 -0.447214 -0.378001
-0.405313 -0.894427 -0.189000
-0.116356 -0.045942 0.992144
-0.166568 0.055216 0.984483
0.235937 -0.064368 0.969634
0.185028 0.078665 0.979580
-0.316798 0.948493 -0.000126
-0.315666 -0.948870 0.000139
0.330910 0.142751 0.932803
0.351150 -0.176118 0.919607
0.414758 -0.095307 0.904927
0.410806 -0.015525 0.911591
0.414751 0.012934 0.909843
0.409502 0.155411 0.898975
0.810626 0.447214 -0.378003
0.405313 0.894427 -0.189001
0.810626 -0.447214 -0.378003
0.405313 -0.894427 -0.189001
-0.405313 0.894427 0.189000
-0.810627 0.447214 0.378001
0.405313 -0.894427 -0.189001
0.810626 -0.447214 -0.378002
-0.810627 -0.447214 0.378001
-0.405313 -0.894427 0.189000
0.810626 0.447214 -0.378002
0.405313 0.894427 -0.189001
-0.416315 -0.068046 0.906670
-0.422619 0.000000 0.906308
-0.413243 0.109295 0.904038
-0.422619 -0.000000 0.906308
-0.354621 -0.068169 0.932522
-0.372076 0.109472 0.921724
-0.810703 0.447045 -0.378036
-0.406049 0.894072 -0.189103
-0.810542 -0.447400 -0.377961
-0.404590 -0.894780 -0.188878
0.810627 0.447214 0.377999
0.405314 0.894427 0.189000
0.810627 -0.447214 0.377999
0.405314 -0.894427 0.189000
-0.405314 0.894427 -0.189000
-0.810627 0.447214 -0.377999
-0.810627 -0.447214 -0.377999
-0.405314 -0.894427 -0.189000
-0.116356 -0.045942 0.992144
-0.166568 0.055215 0.984483
0.235937 -0.064368 0.969634
0.185028 0.078665 0.979580
-0.316798 0.948493 -0.000126
0.330910 0.142750 0.932803
0.351150 -0.176117 0.919607
0.414757 -0.095307 0.904927
0.410806 -0.015525 0.911591
0.414751 0.012934 0.909843
0.409502 0.155410 0.898975
-0.416315 -0.068046 0.906670
-0.422619 0.000000 0.906308
-0.413243 0.109294 0.904038
-0.422619 -0.000000 0.906308
-0.354621 -0.068169 0.932522
-0.372076 0.109471 0.921724
-0.810703 0.447045 -0.378036
-0.406049 0.894072 -0.189103
-0.810542 -0.447400 -0.377961
-0.404590 -0.894780 -0.188878
0.810626 0.447214 0.378001
0.405313 0.894427 0.189001
0.810626 -0.447214 0.378001
0.405313 -0.894427 0.189001
-0.405313 0.894427 -0.189001
-0.810626 0.447214 -0.378002
-0.810626 -0.447214 -0.378002
-0.405313 -0.894427 -0.189001
-0.116356 -0.045942 0.992144
-0.166568 0.055216 0.984483
0.235937 -0.064368 0.969634
0.185028 0.078665 0.979580
0.330910 0.142750 0.932803
0.351150 -0.176118 0.919607
0.414757 -0.095307 0.904927
0.410806 -0.015524 0.911591
0.414751 0.012934 0.909843
0.409502 0.155410 0.898975
-0.405313 0.894427 0.189001
-0.810626 0.447214 0.378001
0.405313 -0.894427 -0.189001
0.810626 -0.447214 -0.378002
-0.810626 -0.447214 0.378001
-0.405313 -0.894427 0.189001
0.810626 0.447214 -0.378002
0.405313 0.894427 -0.189001
-0.422619 0.000001 0.906307
-0.413243 0.109295 0.904038
-0.372076 0.109472 0.921724
0.810627 0.447214 0.378001
0.405313 0.894427 0.189000
0.810627 -0.447214 0.378001
0.405313 -0.894427 0.189000
-0.166568 0.055216 0.984483
0.235937 -0.064368 0.969634
0.185028 0.078665 0.979580
-0.316798 0.948493 -0.000126
-0.315666 -0.948870 0.000139
0.330910 0.142750 0.932803
0.414757 -0.095307 0.904927
0.410805 -0.015524 0.911591
0.414751 0.012934 0.909843
0.409502 0.155410 0.898975
0.405313 -0.894427 -0.189001
0.810626 -0.447214 -0.378002
0.810626 0.447214 -0.378002
0.405313 0.894427 -0.189001
-0.416316 -0.068047 0.906670
-0.422619 0.000001 0.906307
-0.413244 0.109295 0.904038
-0.422619 -0.000001 0.906307
-0.354621 -0.068169 0.932522
-0.372076 0.109472 0.921724
-0.810704 0.447045 -0.378035
-0.406049 0.894072 -0.189103
-0.810543 -0.447400 -0.377960
-0.404590 -0.894780 -0.188877
0.810626 0.447214 0.378001
0.405313 0.894427 0.189001
0.810626 -0.447214 0.378001
0.405313 -0.894427 0.189001
-0.077464 0.996995 -0.000018
-0.160852 0.986978 -0.000014
-0.442995 0.896524 -0.000024
-0.893902 0.448262 -0.000026
-0.895497 -0.445068 -0.000001
-0.455697 -0.890135 0.000004
0.070156 -0.997536 0.000006
0.152298 -0.988335 -0.000004
-0.091149 0.995837 -0.000013
0.066167 0.997809 -0.000001
0.090258 -0.995918 -0.000004
-0.057362 -0.998353 -0.000005
0.142335 0.989819 0.000010
0.065214 0.997871 0.000008
-0.132421 -0.991194 -0.000005
-0.063220 -0.998000 0.000000
0.850202 -0.526456 0.000017
0.428908 -0.903348 0.000003
0.932255 0.361802 0.000008
0.457743 0.889084 0.000017
0.674939 -0.737874 0.000021
0.924345 -0.381559 -0.000023
0.155626 -0.987816 0.000025
-0.069100 -0.997610 0.000027
-0.161551 0.986864 0.000015
0.079136 0.996864 0.000017
-0.691437 0.722437 -0.000009
-0.934501 0.355962 -0.000020
0.644206 0.764852 0.000025
0.923986 0.382425 0.000022
-0.626305 -0.779579 0.000023
-0.915316 -0.402736 0.000003
0.902011 0.431714 0.000009
0.451006 0.892521 0.000018
-0.889419 -0.457093 -0.000030
-0.431413 -0.902155 -0.000008
-0.451005 0.892522 0.000032
-0.902011 0.431714 0.000038
0.461239 -0.887276 0.000012
0.896206 -0.443638 0.000035
-0.077464 0.996995 -0.000018
-0.160852 0.986978 -0.000014
-0.442995 0.896524 -0.000024
-0.893902 0.448262 -0.000026
-0.895497 -0.445068 -0.000002
-0.455697 -0.890135 0.000004
0.070156 -0.997536 0.000006
0.152298 -0.988335 -0.000004
0.090258 -0.995918 -0.000004
-0.057362 -0.998353 -0.000005
-0.132421 -0.991194 -0.000004
-0.063220 -0.998000 0.000001
0.850202 -0.526457 0.000017
0.428908 -0.903348 0.000003
0.000000 1.000000 0.000000
0.690669 -0.135289 -0.710404
0.894427 0.000000 -0.447214
-0.447214 0.000000 -0.894427
-0.700536 -0.067645 -0.710404
-0.894427 0.000000 0.447214
-0.690669 -0.135290 0.710404
0.447214 0.000000 0.894427
0.700536 -0.067645 0.710404
0.689649 0.071647 -0.720590
-0.690107 -0.067099 -0.720590
-0.689649 0.071647 0.720590
0.690107 -0.067098 0.720590
0.700235 0.069155 -0.710555
-0.689914 0.138309 -0.710555
-0.700235 0.069155 0.710555
0.689914 0.138309 0.710555
0.693921 -0.121361 -0.709750
-0.701835 -0.060681 -0.709750
-0.693921 -0.121363 0.709750
0.701836 -0.060680 0.709750
0.692825 0.065958 -0.718083
-0.693443 -0.059112 -0.718083
-0.692825 0.065957 0.718083
0.693443 -0.059111 0.718083
0.701428 0.062955 -0.709955
-0.692900 0.125910 -0.709955
-0.701428 0.062955 0.709955
0.692900 0.125910 0.709955
0.447214 0.000001 -0.894427
-0.894427 0.000001 -0.447214
-0.447214 0.000001 0.894427
0.894427 0.000001 0.447214
580
0 0 1 2 0 1 2 1
0 0 3 1 0 1 1 1
0 3 0 4 1 0 1 1
0 0 5 4 0 3 1 1
0 6 7 4 4 1 1 1
0 4 5 6 1 3 4 1
0 1 7 2 1 1 2 1
0 7 6 2 1 4 2 1
0 2 8 9 5 6 7 2
0 2 9 0 5 7 8 2
0 3 10 11 9 10 11 2
0 3 11 1 9 11 12 2
0 4 12 10 13 14 10 2
0 4 10 3 13 10 9 2
0 0 9 13 8 7 15 2
0 0 13 5 8 15 16 2
0 7 14 12 17 18 14 2
0 7 12 4 17 14 13 2
0 5 13 15 16 15 19 2
0 5 15 6 16 19 20 2
0 1 11 14 12 11 18 2
0 1 14 7 12 18 17 2
0 6 15 8 20 19 6 2
0 6 8 2 20 6 5 2
0 5 16 6 3 21 4 1
0 5 17 16 3 22 21 1
0 17 5 18 22 3 23 1
0 5 19 18 3 24 23 1
0 20 21 18 25 26 23 1
0 18 19 20 23 24 25 1
0 16 21 6 21 26 4 1
0 21 20 6 26 25 4 1
0 6 15 13 20 19 15 2
0 6 13 5 20 15 16 2
0 17 22 23 27 28 29 2
0 17 23 16 27 29 30 2
0 18 24 22 31 32 28 2
0 18 22 17 31 28 27 2
0 5 13 25 16 15 33 2
0 5 25 19 16 33 34 2
0 21 26 24 35 36 32 2
0 21 24 18 35 32 31 2
0 19 25 27 34 33 37 2
0 19 27 20 34 37 38 2
0 16 23 26 30 29 36 2
0 16 26 21 30 36 35 2
0 20 27 15 38 37 19 2
0 20 15 6 38 19 20 2
0 28 29 30 1 1 1 1
0 28 31 29 1 1 1 1
0 31 28 32 1 1 1 1
0 28 33 32 1 1 1 1
0 34 35 32 1 1 1 1
0 32 33 34 1 1 1 1
0 29 35 30 1 1 1 1
0 35 34 30 1 1 1 1
0 30 36 37 14 13 17 2
0 30 37 28 14 17 18 2
0 31 38 39 9 10 11 2
0 31 39 29 9 11 12 2
0 32 40 38 13 14 10 2
0 32 38 31 13 10 9 2
0 28 37 41 18 17 12 2
0 28 41 33 18 12 11 2
0 35 42 40 17 18 14 2
0 35 40 32 17 14 13 2
0 33 41 43 11 12 9 2
0 33 43 34 11 9 10 2
0 29 39 42 12 11 18 2
0 29 42 35 12 18 17 2
0 34 43 36 10 9 13 2
0 34 36 30 10 13 14 2
0 44 45 46 39 40 41 1
0 44 47 45 39 42 40 1
0 47 44 48 42 39 43 1
0 44 0 48 39 0 43 1
0 2 49 48 2 44 43 1
0 48 0 2 43 0 2 1
0 45 49 46 40 44 41 1
0 49 2 46 44 2 41 1
0 46 50 51 45 46 47 2
0 46 51 44 45 47 48 2
0 47 52 53 49 50 51 2
0 47 53 45 49 51 52 2
0 48 54 52 53 54 50 2
0 48 52 47 53 50 49 2
0 44 51 9 48 47 7 2
0 44 9 0 48 7 8 2
0 49 55 54 55 56 54 2
0 49 54 48 55 54 53 2
0 0 9 8 8 7 6 2
0 0 8 2 8 6 5 2
0 45 53 55 52 51 56 2
0 45 55 49 52 56 55 2
0 2 8 50 5 6 46 2
0 2 50 46 5 46 45 2
0 56 57 58 57 1 58 1
0 56 59 57 57 1 1 1
0 59 56 60 1 57 1 1
0 56 61 60 57 59 1 1
0 62 63 60 60 1 1 1
0 60 61 62 1 59 60 1
0 57 63 58 1 1 58 1
0 63 62 58 1 60 58 1
0 58 64 65 61 6 62 2
0 58 65 56 61 62 8 2
0 59 66 67 9 10 11 2
0 59 67 57 9 11 12 2
0 60 68 66 13 14 10 2
0 60 66 59 13 10 9 2
0 56 65 69 8 62 15 2
0 56 69 61 8 15 16 2
0 63 70 68 17 18 14 2
0 63 68 60 17 14 13 2
0 61 69 71 16 15 19 2
0 61 71 62 16 19 20 2
0 57 67 70 12 11 18 2
0 57 70 63 12 18 17 2
0 62 71 64 20 19 6 2
0 62 64 58 20 6 61 2
0 61 72 62 59 63 60 1
0 61 73 72 59 64 63 1
0 73 61 74 64 59 65 1
0 61 75 74 59 66 65 1
0 76 77 74 67 68 65 1
0 74 75 76 65 66 67 1
0 72 77 62 63 68 60 1
0 77 76 62 68 67 60 1
0 62 71 69 20 19 15 2
0 62 69 61 20 15 16 2
0 73 78 79 69 70 71 2
0 73 79 72 69 71 72 2
0 74 80 78 73 74 70 2
0 74 78 73 73 70 69 2
0 61 69 81 16 15 75 2
0 61 81 75 16 75 76 2
0 77 82 80 77 78 74 2
0 77 80 74 77 74 73 2
0 75 81 83 76 75 79 2
0 75 83 76 76 79 80 2
0 72 79 82 72 71 78 2
0 72 82 77 72 78 77 2
0 76 83 71 80 79 19 2
0 76 71 62 80 19 20 2
0 84 85 86 81 82 83 1
0 84 87 85 81 84 82 1
0 87 84 88 84 81 85 1
0 84 56 88 81 57 85 1
0 58 89 88 58 86 85 1
0 88 56 58 85 57 58 1
0 85 89 86 82 86 83 1
0 89 58 86 86 58 83 1
0 86 90 91 87 88 89 2
0 86 91 84 87 89 90 2
0 87 92 93 91 92 93 2
0 87 93 85 91 93 94 2
0 88 94 92 95 96 92 2
0 88 92 87 95 92 91 2
0 84 91 65 90 89 62 2
0 84 65 56 90 62 8 2
0 89 95 94 97 98 96 2
0 89 94 88 97 96 95 2
0 56 65 64 8 62 6 2
0 56 64 58 8 6 61 2
0 85 93 95 94 93 98 2
0 85 95 89 94 98 97 2
0 58 64 90 61 6 88 2
0 58 90 86 61 88 87 2
0 96 97 98 99 1 100 1
0 96 99 97 99 1 1 1
0 99 96 100 1 99 1 1
0 96 101 100 99 101 1 1
0 102 103 100 102 1 1 1
0 100 101 102 1 101 102 1
0 97 103 98 1 1 100 1
0 103 102 98 1 102 100 1
0 98 104 105 103 6 62 2
0 98 105 96 103 62 8 2
0 99 106 107 9 10 11 2
0 99 107 97 9 11 12 2
0 100 108 106 13 14 10 2
0 100 106 99 13 10 9 2
0 96 105 109 8 62 15 2
0 96 109 101 8 15 16 2
0 103 110 108 17 18 14 2
0 103 108 100 17 14 13 2
0 101 109 111 16 15 19 2
0 101 111 102 16 19 20 2
0 97 107 110 12 11 18 2
0 97 110 103 12 18 17 2
0 102 111 104 20 19 6 2
0 102 104 98 20 6 103 2
0 101 112 102 101 104 102 1
0 101 113 112 101 105 104 1
0 113 101 114 105 101 106 1
0 101 115 114 101 107 106 1
0 116 117 114 108 109 106 1
0 114 115 116 106 107 108 1
0 112 117 102 104 109 102 1
0 117 116 102 109 108 102 1
0 102 111 109 20 19 15 2
0 102 109 101 20 15 16 2
0 113 118 119 27 28 29 2
0 113 119 112 27 29 30 2
0 114 120 118 31 32 28 2
0 114 118 113 31 28 27 2
0 101 109 121 16 15 75 2
0 101 121 115 16 75 76 2
0 117 122 120 35 36 32 2
0 117 120 114 35 32 31 2
0 115 121 123 76 75 79 2
0 115 123 116 76 79 80 2
0 112 119 122 30 29 36 2
0 112 122 117 30 36 35 2
0 116 123 111 80 79 19 2
0 116 111 102 80 19 20 2
0 124 125 126 110 111 112 1
0 124 127 125 110 113 111 1
0 127 124 128 113 110 114 1
0 124 96 128 110 99 114 1
0 98 129 128 100 115 114 1
0 128 96 98 114 99 100 1
0 125 129 126 111 115 112 1
0 129 98 126 115 100 112 1
0 126 130 131 116 117 118 2
0 126 131 124 116 118 119 2
0 127 132 133 120 121 122 2
0 127 133 125 120 122 123 2
0 128 134 132 124 125 121 2
0 128 132 127 124 121 120 2
0 124 131 105 119 118 62 2
0 124 105 96 119 62 8 2
0 129 135 134 126 127 125 2
0 129 134 128 126 125 124 2
0 96 105 104 8 62 6 2
0 96 104 98 8 6 103 2
0 125 133 135 123 122 127 2
0 125 135 129 123 127 126 2
0 98 104 130 103 6 117 2
0 98 130 126 103 117 116 2
0 136 137 138 128 1 129 1
0 136 139 137 128 1 1 1
0 139 136 140 1 128 1 1
0 136 141 140 128 130 1 1
0 142 143 140 131 1 1 1
0 140 141 142 1 130 131 1
0 137 143 138 1 1 129 1
0 143 142 138 1 131 129 1
0 138 144 145 5 6 7 2
0 138 145 136 5 7 8 2
0 139 146 147 9 10 11 2
0 139 147 137 9 11 12 2
0 140 148 146 13 14 10 2
0 140 146 139 13 10 9 2
0 136 145 149 8 7 15 2
0 136 149 141 8 15 16 2
0 143 150 148 17 18 14 2
0 143 148 140 17 14 13 2
0 141 149 151 16 15 19 2
0 141 151 142 16 19 20 2
0 137 147 150 12 11 18 2
0 137 150 143 12 18 17 2
0 142 151 144 20 19 6 2
0 142 144 138 20 6 5 2
0 141 152 142 130 132 131 1
0 141 153 152 130 133 132 1
0 153 141 154 133 130 134 1
0 141 155 154 130 135 134 1
0 156 157 154 136 137 134 1
0 154 155 156 134 135 136 1
0 152 157 142 132 137 131 1
0 157 156 142 137 136 131 1
0 142 151 149 20 19 15 2
0 142 149 141 20 15 16 2
0 153 158 159 27 28 29 2
0 153 159 152 27 29 30 2
0 154 160 158 138 139 28 2
0 154 158 153 138 28 27 2
0 141 149 161 16 15 140 2
0 141 161 155 16 140 141 2
0 157 162 160 142 143 139 2
0 157 160 154 142 139 138 2
0 155 161 163 141 140 144 2
0 155 163 156 141 144 145 2
0 152 159 162 30 29 143 2
0 152 162 157 30 143 142 2
0 156 163 151 145 144 19 2
0 156 151 142 145 19 20 2
0 164 165 166 39 146 147 1
0 164 167 165 39 42 146 1
0 167 164 168 42 39 43 1
0 164 136 168 39 128 43 1
0 138 169 168 129 148 43 1
0 168 136 138 43 128 129 1
0 165 169 166 146 148 147 1
0 169 138 166 148 129 147 1
0 166 170 171 45 46 47 2
0 166 171 164 45 47 48 2
0 167 172 173 149 150 151 2
0 167 173 165 149 151 152 2
0 168 174 172 53 54 150 2
0 168 172 167 53 150 149 2
0 164 171 145 48 47 7 2
0 164 145 136 48 7 8 2
0 169 175 174 55 56 54 2
0 169 174 168 55 54 53 2
0 136 145 144 8 7 6 2
0 136 144 138 8 6 5 2
0 165 173 175 152 151 56 2
0 165 175 169 152 56 55 2
0 138 144 170 5 6 46 2
0 138 170 166 5 46 45 2
0 176 177 178 57 1 153 1
0 176 179 177 57 1 1 1
0 179 176 180 1 57 1 1
0 176 181 180 57 154 1 1
0 182 183 180 155 1 1 1
0 180 181 182 1 154 155 1
0 177 183 178 1 1 153 1
0 183 182 178 1 155 153 1
0 178 184 185 156 6 157 2
0 178 185 176 156 157 8 2
0 179 186 187 9 10 11 2
0 179 187 177 9 11 12 2
0 180 188 186 13 14 10 2
0 180 186 179 13 10 9 2
0 176 185 189 8 157 15 2
0 176 189 181 8 15 16 2
0 183 190 188 17 18 14 2
0 183 188 180 17 14 13 2
0 181 189 191 16 15 19 2
0 181 191 182 16 19 20 2
0 177 187 190 12 11 18 2
0 177 190 183 12 18 17 2
0 182 191 184 20 19 6 2
0 182 184 178 20 6 156 2
0 181 192 182 154 158 155 1
0 181 193 192 154 105 158 1
0 193 181 194 105 154 159 1
0 181 195 194 154 160 159 1
0 196 197 194 161 162 159 1
0 194 195 196 159 160 161 1
0 192 197 182 158 162 155 1
0 197 196 182 162 161 155 1
0 182 191 189 20 19 15 2
0 182 189 181 20 15 16 2
0 193 198 199 27 28 29 2
0 193 199 192 27 29 30 2
0 194 200 198 73 74 28 2
0 194 198 193 73 28 27 2
0 181 189 201 16 15 163 2
0 181 201 195 16 163 164 2
0 197 202 200 77 78 74 2
0 197 200 194 77 74 73 2
0 195 201 203 164 163 165 2
0 195 203 196 164 165 166 2
0 192 199 202 30 29 78 2
0 192 202 197 30 78 77 2
0 196 203 191 166 165 19 2
0 196 191 182 166 19 20 2
0 204 205 206 167 168 169 1
0 204 207 205 167 170 168 1
0 207 204 208 170 167 171 1
0 204 176 208 167 57 171 1
0 178 209 208 153 172 171 1
0 208 176 178 171 57 153 1
0 205 209 206 168 172 169 1
0 209 178 206 172 153 169 1
0 206 210 211 173 174 175 2
0 206 211 204 173 175 176 2
0 207 212 213 177 178 179 2
0 207 213 205 177 179 180 2
0 208 214 212 95 96 178 2
0 208 212 207 95 178 177 2
0 204 211 185 176 175 157 2
0 204 185 176 176 157 8 2
0 209 215 214 97 98 96 2
0 209 214 208 97 96 95 2
0 176 185 184 8 157 6 2
0 176 184 178 8 6 156 2
0 205 213 215 180 179 98 2
0 205 215 209 180 98 97 2
0 178 184 210 156 6 174 2
0 178 210 206 156 174 173 2
0 216 217 218 1 1 1 1
0 216 219 217 1 1 1 1
0 219 216 220 1 1 1 1
0 216 221 220 1 1 1 1
0 222 223 220 1 1 1 1
0 220 221 222 1 1 1 1
0 217 223 218 1 1 1 1
0 223 222 218 1 1 1 1
0 218 224 225 14 13 17 2
0 218 225 216 14 17 18 2
0 219 226 227 9 10 11 2
0 219 227 217 9 11 12 2
0 220 228 226 13 14 10 2
0 220 226 219 13 10 9 2
0 216 225 229 18 17 12 2
0 216 229 221 18 12 11 2
0 223 230 228 17 18 14 2
0 223 228 220 17 14 13 2
0 221 229 231 11 12 9 2
0 221 231 222 11 9 10 2
0 217 227 230 12 11 18 2
0 217 230 223 12 18 17 2
0 222 231 224 10 9 13 2
0 222 224 218 10 13 14 2
0 232 233 234 1 1 1 1
0 232 234 235 1 1 1 1
0 236 232 235 1 1 1 1
0 236 235 237 1 1 1 1
0 237 238 236 1 1 1 1
0 238 237 239 1 1 1 1
0 238 240 241 1 1 1 1
0 238 239 240 1 1 1 1
0 232 242 243 181 182 183 2
0 232 243 233 181 183 184 2
0 233 243 244 184 183 185 2
0 233 244 234 184 185 186 2
0 234 244 245 186 185 187 2
0 234 245 235 186 187 188 2
0 236 246 242 189 190 182 2
0 236 242 232 189 182 181 2
0 235 245 247 188 187 191 2
0 235 247 237 188 191 192 2
0 238 248 246 193 194 190 2
0 238 246 236 193 190 189 2
0 237 247 249 192 191 195 2
0 237 249 239 192 195 196 2
0 240 250 251 197 198 199 2
0 240 251 241 197 199 200 2
0 241 251 248 200 199 194 2
0 241 248 238 200 194 193 2
0 239 249 250 196 195 198 2
0 239 250 240 196 198 197 2
0 252 253 254 1 1 1 1
0 253 255 254 1 1 1 1
0 256 257 255 1 1 1 1
0 255 253 256 1 1 1 1
0 254 258 252 1 1 1 1
0 254 259 258 1 1 1 1
0 260 261 258 1 1 1 1
0 258 259 260 1 1 1 1
0 260 256 261 1 1 1 1
0 256 260 257 1 1 1 1
0 252 262 263 201 202 203 2
0 252 263 253 201 203 204 2
0 255 264 265 205 206 207 2
0 255 265 254 205 207 208 2
0 257 266 264 209 210 206 2
0 257 264 255 209 206 205 2
0 253 263 267 204 203 211 2
0 253 267 256 204 211 212 2
0 258 268 262 213 214 202 2
0 258 262 252 213 202 201 2
0 254 265 269 208 207 215 2
0 254 269 259 208 215 216 2
0 261 270 268 217 218 214 2
0 261 268 258 217 214 213 2
0 259 269 271 216 215 219 2
0 259 271 260 216 219 220 2
0 256 267 270 212 211 218 2
0 256 270 261 212 218 217 2
0 260 271 266 220 219 210 2
0 260 266 257 220 210 209 2
0 272 273 274 1 1 1 1
0 272 274 275 1 1 1 1
0 276 272 275 1 1 1 1
0 276 275 277 1 1 1 1
0 277 278 276 1 1 1 1
0 278 277 279 1 1 1 1
0 278 280 281 1 1 1 1
0 278 279 280 1 1 1 1
0 272 282 283 221 222 223 2
0 272 283 273 221 223 224 2
0 273 283 284 224 223 225 2
0 273 284 274 224 225 226 2
0 274 284 285 226 225 227 2
0 274 285 275 226 227 228 2
0 276 286 282 189 190 222 2
0 276 282 272 189 222 221 2
0 275 285 287 228 227 229 2
0 275 287 277 228 229 230 2
0 278 288 286 193 194 190 2
0 278 286 276 193 190 189 2
0 277 287 289 230 229 231 2
0 277 289 279 230 231 232 2
0 280 290 291 233 234 199 2
0 280 291 281 233 199 200 2
0 281 291 288 200 199 194 2
0 281 288 278 200 194 193 2
0 279 289 290 232 231 234 2
0 279 290 280 232 234 233 2
0 292 293 294 1 1 1 1
0 292 294 295 1 1 1 1
0 296 292 295 1 1 1 1
0 296 295 297 1 1 1 1
0 297 298 296 1 1 1 1
0 298 297 299 1 1 1 1
0 298 300 301 1 1 1 1
0 298 299 300 1 1 1 1
0 292 302 303 221 222 223 2
0 292 303 293 221 223 224 2
0 293 303 304 224 223 225 2
0 293 304 294 224 225 226 2
0 294 304 305 226 225 227 2
0 294 305 295 226 227 228 2
0 296 306 302 189 190 222 2
0 296 302 292 189 222 221 2
0 295 305 307 228 227 229 2
0 295 307 297 228 229 230 2
0 298 308 306 193 194 190 2
0 298 306 296 193 190 189 2
0 297 307 309 230 229 231 2
0 297 309 299 230 231 232 2
0 300 310 311 233 234 199 2
0 300 311 301 233 199 200 2
0 301 311 308 200 199 194 2
0 301 308 298 200 194 193 2
0 299 309 310 232 231 234 2
0 299 310 300 232 234 233 2
0 312 313 314 235 235 235 1
0 312 315 313 235 235 235 1
0 316 317 318 236 237 238 2
0 316 318 319 236 238 239 2
0 319 318 320 239 238 240 2
0 319 320 321 239 240 241 2
0 321 320 322 241 240 242 2
0 321 322 323 241 242 243 2
0 323 322 317 243 242 237 2
0 323 317 316 243 237 236 2
0 324 316 319 244 236 239 2
0 324 319 325 244 239 245 2
0 325 319 321 245 239 241 2
0 325 321 326 245 241 246 2
0 326 321 323 246 241 243 2
0 326 323 327 246 243 247 2
0 327 323 316 247 243 236 2
0 327 316 324 247 236 244 2
0 328 324 325 248 244 245 2
0 328 325 329 248 245 249 2
0 329 325 326 249 245 246 2
0 329 326 330 249 246 250 2
0 330 326 327 250 246 247 2
0 330 327 331 250 247 251 2
0 331 327 324 251 247 244 2
0 331 324 328 251 244 248 2
0 332 328 329 252 248 249 2
0 332 329 333 252 249 253 2
0 333 329 330 253 249 250 2
0 333 330 334 253 250 254 2
0 334 330 331 254 250 251 2
0 334 331 335 254 251 255 2
0 335 331 328 255 251 248 2
0 335 328 332 255 248 252 2
0 336 332 333 256 252 253 2
0 336 333 337 256 253 257 2
0 337 333 334 257 253 254 2
0 337 334 338 257 254 258 2
0 338 334 335 258 254 255 2
0 338 335 339 258 255 259 2
0 339 335 332 259 255 252 2
0 339 332 336 259 252 256 2
0 340 336 337 260 256 257 2
0 340 337 341 260 257 261 2
0 341 337 338 261 257 258 2
0 341 338 342 261 258 262 2
0 342 338 339 262 258 259 2
0 342 339 343 262 259 263 2
0 343 339 336 263 259 256 2
0 343 336 340 263 256 260 2
0 313 340 341 264 260 261 2
0 313 341 314 264 261 265 2
0 314 341 342 265 261 262 2
0 314 342 312 265 262 266 2
0 312 342 343 266 262 263 2
0 312 343 315 266 263 267 2
0 315 343 340 267 263 260 2
0 315 340 313 267 260 264 2

Materials: 3
"Blz"
0.200000 0.200000 0.200000 1.000000
0.800000 0.800000 0.800000 1.000000
0.000000 0.000000 0.000000 1.000000
0.000000 0.000000 0.000000 1.000000
0.000000
1.000000
"..\Image\brick01.tga"
""
"Blz_Other"
0.200000 0.200000 0.200000 1.000000
0.800000 0.800000 0.800000 1.000000
0.000000 0.000000 0.000000 1.000000
0.000000 0.000000 0.000000 1.000000
0.000000
1.000000
"..\Image\Blz_Round_Gate_Windows.tga"
""
"windows"
0.200000 0.200000 0.200000 1.000000
0.800000 0.800000 0.800000 1.000000
0.000000 0.000000 0.000000 1.000000
0.000000 0.000000 0.000000 1.000000
0.000000
1.000000
"..\Image\window.tga"
""

Bones: 0
GroupComments: 0
MaterialComments: 0
BoneComments: 0
ModelComment: 0
