// MilkShape 3D ASCII

Frames: 30
Frame: 1

Meshes: 4
"1_Blz" 0 0
22
0 -10.000000 40.714283 0.928572 1.111111 4.782754 -1
0 -17.000000 33.285717 0.928572 0.138889 3.805151 -1
0 -16.020527 33.557117 0.911196 0.274927 3.834631 -1
0 17.000000 33.285717 0.928572 4.861111 3.805151 -1
0 7.000000 40.714283 0.928572 3.472222 4.782754 -1
0 16.008575 33.485691 0.946100 4.723413 3.826872 -1
0 15.000000 -0.030884 -15.982483 4.583333 0.000002 -1
0 -15.000000 -0.030884 -15.982483 0.416667 0.000002 -1
0 -14.991150 32.557079 -16.017395 0.417896 3.726004 -1
0 15.053650 32.557079 -16.017395 4.590785 3.726004 -1
0 -14.999999 -0.030899 0.946100 0.416667 0.000000 -1
0 -14.991121 32.557125 0.911196 0.417900 3.726009 -1
0 15.053621 32.557125 0.911196 4.590781 3.726009 -1
0 14.999999 -0.030899 0.946100 4.583333 0.000000 -1
0 15.991122 33.485691 -16.017376 4.720989 3.826872 -1
0 7.000000 41.714283 -16.000000 3.472222 4.891377 -1
0 18.000000 33.285717 -16.000000 5.000000 3.805151 -1
0 -18.000000 33.285717 -16.000000 0.000000 3.805151 -1
0 -10.000000 41.714283 -16.000000 1.111111 4.891377 -1
0 -16.037983 33.557117 -15.982471 0.272502 3.834631 -1
0 -2.000000 42.714283 -16.000000 2.222222 5.000000 -1
0 -2.000000 41.714283 0.928572 2.222222 4.891377 -1
22
0.012169 -0.012664 0.999846
0.023996 -0.022612 0.999456
0.005763 -0.006512 0.999962
0.024249 0.032643 0.999173
0.007656 0.010643 0.999914
0.011583 0.016860 0.999791
0.000000 -0.001071 -0.999999
-1.000000 0.000272 0.000001
-1.000000 0.000272 0.000002
-1.000000 0.000272 0.000000
0.999999 -0.001646 0.000001
0.999999 -0.001645 0.000000
0.999999 -0.001646 0.000002
0.000000 0.001071 0.999999
0.002231 0.003887 -0.999990
0.005104 0.007688 -0.999957
0.009940 0.012972 -0.999866
0.010283 -0.009760 -0.999900
0.003000 -0.003196 -0.999990
0.004595 -0.005550 -0.999974
0.000039 0.001959 -0.999998
0.000070 -0.002251 0.999997
18
0 0 1 2 0 1 2 1
0 3 4 5 3 4 5 1
0 6 7 8 6 6 6 1
0 8 9 6 6 6 6 1
0 10 11 8 7 8 7 2
0 7 10 8 9 7 7 2
0 12 13 6 10 11 10 2
0 9 12 6 12 10 10 2
0 11 10 13 13 13 13 1
0 11 13 12 13 13 13 1
0 14 15 16 14 15 16 1
0 17 18 19 17 18 19 1
0 18 14 19 18 14 19 1
0 14 18 20 14 18 20 1
0 14 20 15 14 20 15 1
0 4 2 5 4 2 5 1
0 4 21 2 4 21 2 1
0 21 0 2 21 0 2 1
"1_Blz_Windows" 0 3
98
0 2.681818 2.027028 2.198842 0.000000 0.000000 -1
0 9.681814 2.027028 2.198842 0.000000 0.000000 -1
0 2.681818 10.027029 2.198842 0.000000 0.000000 -1
0 9.681814 10.027029 2.198842 0.000000 0.000000 -1
0 -9.954548 2.027028 2.198842 0.000000 0.000000 -1
0 -2.954549 2.027028 2.198842 0.000000 0.000000 -1
0 -9.954548 10.027029 2.198842 0.000000 0.000000 -1
0 -2.954549 10.027029 2.198842 0.000000 0.000000 -1
0 5.715521 14.647614 2.198842 0.000000 0.000000 -1
0 11.038472 14.647614 2.198842 0.000000 0.000000 -1
0 5.715521 17.817463 2.198842 0.000000 0.000000 -1
0 11.038472 17.817463 2.198842 0.000000 0.000000 -1
0 -15.832272 18.213680 -12.607951 0.000000 0.000000 -1
0 -15.832272 17.817463 -11.847531 0.000000 0.000000 -1
0 -15.832272 17.817463 -6.524565 0.000000 0.000000 -1
0 -15.318733 17.817463 -11.847531 0.000000 0.000000 -1
0 -15.318733 17.817463 -6.524565 0.000000 0.000000 -1
0 -15.318733 14.647614 -11.847531 0.000000 0.000000 -1
0 -15.318733 14.647614 -6.524565 0.000000 0.000000 -1
0 -15.318733 24.288052 -6.583388 0.000000 0.000000 -1
0 -15.318733 21.118202 -11.906354 0.000000 0.000000 -1
0 -15.318733 21.118202 -6.583388 0.000000 0.000000 -1
0 -15.318733 24.288052 -11.906354 0.000000 0.000000 -1
0 -15.318733 30.699810 -6.701035 0.000000 0.000000 -1
0 -15.318733 27.529966 -12.024001 0.000000 0.000000 -1
0 -15.318733 27.529966 -6.701035 0.000000 0.000000 -1
0 -15.318733 30.699810 -12.024001 0.000000 0.000000 -1
0 -5.021763 31.142872 3.784548 0.000000 0.000000 -1
0 -8.593443 31.142872 3.784548 0.000000 0.000000 -1
0 -5.021763 26.857622 3.784548 0.000000 0.000000 -1
0 -8.593443 26.857622 3.784548 0.000000 0.000000 -1
0 -0.687628 31.142872 2.205119 0.000000 0.000000 -1
0 -3.924666 31.142872 3.578628 0.000000 0.000000 -1
0 -0.687628 26.857622 2.205119 0.000000 0.000000 -1
0 -3.924666 26.857622 3.578628 0.000000 0.000000 -1
0 -9.652020 31.138866 3.584493 0.000000 0.000000 -1
0 -12.889063 31.138866 2.210984 0.000000 0.000000 -1
0 -9.652020 26.853609 3.584493 0.000000 0.000000 -1
0 -12.889063 26.853609 2.210984 0.000000 0.000000 -1
0 -5.021763 24.789938 3.784548 0.000000 0.000000 -1
0 -8.593443 24.789938 3.784548 0.000000 0.000000 -1
0 -5.021763 20.504683 3.784548 0.000000 0.000000 -1
0 -8.593443 20.504683 3.784548 0.000000 0.000000 -1
0 -0.687628 24.789938 2.205119 0.000000 0.000000 -1
0 -3.924666 24.789938 3.578628 0.000000 0.000000 -1
0 -0.687628 20.504683 2.205119 0.000000 0.000000 -1
0 -3.924666 20.504683 3.578628 0.000000 0.000000 -1
0 -9.652020 24.785933 3.584493 0.000000 0.000000 -1
0 -12.889063 24.785933 2.210984 0.000000 0.000000 -1
0 -9.652020 20.500669 3.584493 0.000000 0.000000 -1
0 -12.889063 20.500669 2.210984 0.000000 0.000000 -1
0 -5.080586 18.495811 3.784548 0.000000 0.000000 -1
0 -8.652267 18.495811 3.784548 0.000000 0.000000 -1
0 -5.080586 14.210566 3.784548 0.000000 0.000000 -1
0 -8.652267 14.210566 3.784548 0.000000 0.000000 -1
0 -0.746452 18.495811 2.205119 0.000000 0.000000 -1
0 -3.983490 18.495811 3.578628 0.000000 0.000000 -1
0 -0.746452 14.210566 2.205119 0.000000 0.000000 -1
0 -3.983490 14.210566 3.578628 0.000000 0.000000 -1
0 -9.710843 18.491806 3.584493 0.000000 0.000000 -1
0 -12.947886 18.491806 2.210984 0.000000 0.000000 -1
0 -9.710843 14.206553 3.584493 0.000000 0.000000 -1
0 -12.947886 14.206553 2.210984 0.000000 0.000000 -1
0 5.774344 21.118202 2.198842 0.000000 0.000000 -1
0 11.097296 21.118202 2.198842 0.000000 0.000000 -1
0 5.774344 24.288052 2.198842 0.000000 0.000000 -1
0 11.097296 24.288052 2.198842 0.000000 0.000000 -1
0 5.891992 27.529966 2.198842 0.000000 0.000000 -1
0 11.214943 27.529966 2.198842 0.000000 0.000000 -1
0 5.891992 30.699810 2.198842 0.000000 0.000000 -1
0 11.214943 30.699810 2.198842 0.000000 0.000000 -1
0 0.742943 38.689083 3.784548 0.000000 0.000000 -1
0 -2.828736 38.689083 3.784548 0.000000 0.000000 -1
0 0.742943 34.403835 3.784548 0.000000 0.000000 -1
0 -2.828736 34.403835 3.784548 0.000000 0.000000 -1
0 5.077078 38.689083 2.205119 0.000000 0.000000 -1
0 1.840040 38.689083 3.578628 0.000000 0.000000 -1
0 5.077078 34.403835 2.205119 0.000000 0.000000 -1
0 1.840040 34.403835 3.578628 0.000000 0.000000 -1
0 -3.887313 38.685078 3.584493 0.000000 0.000000 -1
0 -7.124357 38.685078 2.210984 0.000000 0.000000 -1
0 -3.887313 34.399822 3.584493 0.000000 0.000000 -1
0 -7.124357 34.399822 2.210984 0.000000 0.000000 -1
0 15.832272 17.817463 -6.524565 0.000000 0.000000 -1
0 15.832272 17.817463 -11.847531 0.000000 0.000000 -1
0 15.832272 18.213680 -12.607951 0.000000 0.000000 -1
0 15.318733 17.817463 -11.847531 0.000000 0.000000 -1
0 15.318733 14.647614 -6.524565 0.000000 0.000000 -1
0 15.318733 14.647614 -11.847531 0.000000 0.000000 -1
0 15.318733 17.817463 -6.524565 0.000000 0.000000 -1
0 15.318733 21.118202 -6.583388 0.000000 0.000000 -1
0 15.318733 21.118202 -11.906354 0.000000 0.000000 -1
0 15.318733 24.288052 -6.583388 0.000000 0.000000 -1
0 15.318733 24.288052 -11.906354 0.000000 0.000000 -1
0 15.318733 27.529966 -6.701035 0.000000 0.000000 -1
0 15.318733 27.529966 -12.024001 0.000000 0.000000 -1
0 15.318733 30.699810 -6.701035 0.000000 0.000000 -1
0 15.318733 30.699810 -12.024001 0.000000 0.000000 -1
10
0.000000 0.000000 1.000000
-1.000000 0.000000 0.000000
0.000000 -1.000000 0.000000
0.390603 0.000000 0.920559
-0.390602 0.000000 0.920559
0.390603 0.000000 0.920559
0.390603 0.000000 0.920559
-0.390602 0.000000 0.920560
-0.390602 0.000000 0.920560
1.000000 0.000000 0.000000
50
0 0 1 2 0 0 0 1
0 1 3 2 0 0 0 1
0 4 5 6 0 0 0 1
0 5 7 6 0 0 0 1
0 8 9 10 0 0 0 1
0 9 11 10 0 0 0 1
0 12 13 14 1 1 1 1
0 13 15 14 2 2 2 2
0 16 17 18 1 1 1 1
0 16 15 17 1 1 1 1
0 19 20 21 1 1 1 1
0 19 22 20 1 1 1 1
0 23 24 25 1 1 1 1
0 23 26 24 1 1 1 1
0 27 28 29 0 0 0 1
0 28 30 29 0 0 0 1
0 31 32 33 3 3 3 1
0 32 34 33 3 3 3 1
0 35 36 37 4 4 4 1
0 36 38 37 4 4 4 1
0 39 40 41 0 0 0 1
0 40 42 41 0 0 0 1
0 43 44 45 5 5 5 1
0 44 46 45 5 5 5 1
0 47 48 49 4 4 4 1
0 48 50 49 4 4 4 1
0 51 52 53 0 0 0 1
0 52 54 53 0 0 0 1
0 55 56 57 6 6 6 1
0 56 58 57 6 6 6 1
0 59 60 61 7 7 7 1
0 60 62 61 7 7 7 1
0 63 64 65 0 0 0 1
0 64 66 65 0 0 0 1
0 67 68 69 0 0 0 1
0 68 70 69 0 0 0 1
0 71 72 73 0 0 0 1
0 72 74 73 0 0 0 1
0 75 76 77 5 5 5 1
0 76 78 77 5 5 5 1
0 79 80 81 8 8 8 1
0 80 82 81 8 8 8 1
0 83 84 85 9 9 9 1
0 83 86 84 2 2 2 2
0 87 88 89 9 9 9 1
0 88 86 89 9 9 9 1
0 90 91 92 9 9 9 1
0 91 93 92 9 9 9 1
0 94 95 96 9 9 9 1
0 95 97 96 9 9 9 1
"1_Blz_Frame" 0 1
481
0 -16.037983 33.557117 -15.982471 0.054500 0.766926 -1
0 15.991122 33.485691 -16.017376 0.944198 0.765374 -1
0 15.991122 32.485699 -16.017376 0.944198 0.743650 -1
0 -15.008575 32.557125 -15.982471 0.083095 0.745202 -1
0 14.999999 -0.030899 0.946100 0.916667 0.000000 -1
0 16.008575 32.485699 0.946100 0.944683 0.743650 -1
0 16.000004 -0.030899 0.946100 0.944445 0.000000 -1
0 15.053621 32.557125 0.911196 0.918156 0.745202 -1
0 -14.999999 -0.030899 0.946100 0.083333 0.000000 -1
0 -16.000004 -0.030899 0.946100 0.055555 0.000000 -1
0 -16.008575 32.485699 0.946100 0.055317 0.743650 -1
0 -14.991121 32.557125 0.911196 0.083580 0.745202 -1
0 16.008575 33.485691 0.946100 0.944683 0.765374 -1
0 -16.020527 33.557117 0.911196 0.054985 0.766926 -1
0 15.991122 33.485691 1.945948 0.944198 0.765374 -1
0 -16.037983 33.557117 1.911044 0.054500 0.766926 -1
0 15.991122 32.485699 1.945948 0.944198 0.743650 -1
0 -15.008575 32.557125 1.911044 0.083095 0.745202 -1
0 -15.000001 -0.013443 1.945948 0.083333 0.000379 -1
0 -16.000004 -0.013454 1.945948 0.055555 0.000379 -1
0 15.000001 -0.013443 1.945948 0.916667 0.000379 -1
0 15.071075 32.557125 1.911044 0.918641 0.745202 -1
0 16.000004 -0.013454 1.945948 0.944445 0.000379 -1
0 15.096055 33.482731 -16.020130 0.919335 0.765310 -1
0 14.955820 33.545231 1.008600 0.915439 0.766668 -1
0 15.983687 32.488647 -16.003735 0.943991 0.743714 -1
0 15.096055 32.488647 -16.020130 0.919335 0.743714 -1
0 -15.983687 33.482731 -16.003735 0.056009 0.765310 -1
0 -14.955820 33.545231 1.008600 0.084561 0.766668 -1
0 -15.096055 33.482731 -16.020130 0.080665 0.765310 -1
0 -15.983687 32.488647 -16.003735 0.056009 0.743714 -1
0 -15.096055 32.488647 -16.020130 0.080665 0.743714 -1
0 -17.000000 33.285717 1.928572 0.027778 0.761030 -1
0 -17.000000 33.285717 -16.000000 0.027778 0.761030 -1
0 17.000000 33.285717 -16.000000 0.972222 0.761030 -1
0 17.000000 33.285717 1.928572 0.972222 0.761030 -1
0 -10.000000 41.714283 1.928572 0.222222 0.978275 -1
0 -18.000000 33.285717 1.928572 0.000000 0.761030 -1
0 -10.000000 40.714283 1.928572 0.222222 0.956551 -1
0 -2.000000 42.714283 1.928572 0.444444 1.000000 -1
0 -2.000000 41.714283 1.928572 0.444444 0.978275 -1
0 7.000000 41.714283 1.928572 0.694444 0.978275 -1
0 7.000000 40.714283 1.928572 0.694444 0.956551 -1
0 18.000000 33.285717 1.928572 1.000000 0.761030 -1
0 -10.000000 41.714283 -15.000000 0.222222 0.978275 -1
0 -10.000000 41.714283 -16.000000 0.222222 0.978275 -1
0 -18.000000 33.285717 -16.000000 0.000000 0.761030 -1
0 -18.000000 33.285717 -15.000000 0.000000 0.761030 -1
0 -17.000000 33.285717 -15.000000 0.027778 0.761030 -1
0 -17.000000 33.285717 0.928572 0.027778 0.761030 -1
0 -10.000000 40.714283 0.928572 0.222222 0.956551 -1
0 -2.000000 42.714283 -15.000000 0.444444 1.000000 -1
0 -2.000000 42.714283 -16.000000 0.444444 1.000000 -1
0 -2.000000 41.714283 0.928572 0.444444 0.978275 -1
0 7.000000 41.714283 -15.000000 0.694444 0.978275 -1
0 7.000000 41.714283 -16.000000 0.694444 0.978275 -1
0 7.000000 40.714283 0.928572 0.694444 0.956551 -1
0 18.000000 33.285717 -15.000000 1.000000 0.761030 -1
0 18.000000 33.285717 -16.000000 1.000000 0.761030 -1
0 17.000000 33.285717 0.928572 0.972222 0.761030 -1
0 17.000000 33.285717 -15.000000 0.972222 0.761030 -1
0 -18.000000 33.285717 0.928572 0.000000 0.761030 -1
0 18.000000 33.285717 0.928572 1.000000 0.761030 -1
0 13.000000 13.000000 2.928572 0.000000 0.000000 -1
0 -13.000000 12.000000 2.928572 0.000000 0.000000 -1
0 13.000000 12.000000 2.928572 0.000000 0.000000 -1
0 -13.000000 13.000000 2.928572 0.000000 0.000000 -1
0 -13.000000 12.000000 1.928572 0.000000 0.000000 -1
0 13.000000 12.000000 1.928572 0.000000 0.000000 -1
0 13.000000 13.000000 1.928572 0.000000 0.000000 -1
0 -13.000000 13.000000 1.928572 0.000000 0.000000 -1
0 13.000000 0.222221 2.206350 0.000000 1.000000 -1
0 13.000000 12.222221 2.206350 0.000000 0.000000 -1
0 12.853554 0.222221 2.559903 0.125000 1.000000 -1
0 12.853554 12.222221 2.559903 0.125000 0.000000 -1
0 12.500000 12.222221 2.706350 0.250000 0.000000 -1
0 12.500000 0.222221 2.706350 0.250000 1.000000 -1
0 12.146446 0.222221 2.559903 0.375000 1.000000 -1
0 12.146446 12.222221 2.559903 0.375000 0.000000 -1
0 12.000000 12.222221 2.206350 0.500000 0.000000 -1
0 12.000000 0.222221 2.206350 0.500000 1.000000 -1
0 0.590909 0.222221 2.206350 0.000000 1.000000 -1
0 0.590909 12.222221 2.206350 0.000000 0.000000 -1
0 0.444463 0.222221 2.559903 0.125000 1.000000 -1
0 0.444463 12.222221 2.559903 0.125000 0.000000 -1
0 0.090909 12.222221 2.706350 0.250000 0.000000 -1
0 0.090909 0.222221 2.706350 0.250000 1.000000 -1
0 -0.262645 0.222221 2.559903 0.375000 1.000000 -1
0 -0.262645 12.222221 2.559903 0.375000 0.000000 -1
0 -0.409091 12.222221 2.206350 0.500000 0.000000 -1
0 -0.409091 0.222221 2.206350 0.500000 1.000000 -1
0 -12.000000 0.222221 2.206350 0.000000 1.000000 -1
0 -12.000000 12.222221 2.206350 0.000000 0.000000 -1
0 -12.146446 0.222221 2.559903 0.125000 1.000000 -1
0 -12.146446 12.222221 2.559903 0.125000 0.000000 -1
0 -12.500000 12.222221 2.706350 0.250000 0.000000 -1
0 -12.500000 0.222221 2.706350 0.250000 1.000000 -1
0 -12.853554 0.222221 2.559903 0.375000 1.000000 -1
0 -12.853554 12.222221 2.559903 0.375000 0.000000 -1
0 -13.000000 12.222221 2.206350 0.500000 0.000000 -1
0 -13.000000 0.222221 2.206350 0.500000 1.000000 -1
0 2.681818 10.027029 2.712380 0.000000 0.000000 -1
0 9.681814 10.027029 2.712380 0.000000 0.000000 -1
0 10.681812 11.027029 2.712380 0.000000 0.000000 -1
0 1.681818 11.027029 2.712380 0.000000 0.000000 -1
0 10.681812 1.027028 2.712380 0.000000 0.000000 -1
0 9.681814 2.027028 2.712380 0.000000 0.000000 -1
0 1.681818 1.027028 2.712380 0.000000 0.000000 -1
0 2.681818 2.027028 2.712380 0.000000 0.000000 -1
0 10.681812 11.027029 2.198842 0.000000 0.000000 -1
0 10.681812 11.027029 1.712355 0.000000 0.000000 -1
0 1.681818 11.027029 1.712355 0.000000 0.000000 -1
0 1.681818 11.027029 2.198842 0.000000 0.000000 -1
0 10.681812 1.027028 2.198842 0.000000 0.000000 -1
0 10.681812 1.027028 1.712355 0.000000 0.000000 -1
0 1.681818 1.027028 2.198842 0.000000 0.000000 -1
0 1.681818 1.027028 1.712355 0.000000 0.000000 -1
0 2.681818 10.027029 2.198842 0.000000 0.000000 -1
0 9.681814 10.027029 2.198842 0.000000 0.000000 -1
0 9.681814 2.027028 2.198842 0.000000 0.000000 -1
0 2.681818 2.027028 2.198842 0.000000 0.000000 -1
0 -9.954548 10.027029 2.712380 0.000000 0.000000 -1
0 -2.954549 10.027029 2.712380 0.000000 0.000000 -1
0 -1.954551 11.027029 2.712380 0.000000 0.000000 -1
0 -10.954548 11.027029 2.712380 0.000000 0.000000 -1
0 -1.954551 1.027028 2.712380 0.000000 0.000000 -1
0 -2.954549 2.027028 2.712380 0.000000 0.000000 -1
0 -10.954548 1.027028 2.712380 0.000000 0.000000 -1
0 -9.954548 2.027028 2.712380 0.000000 0.000000 -1
0 -1.954551 11.027029 2.198842 0.000000 0.000000 -1
0 -1.954551 11.027029 1.712355 0.000000 0.000000 -1
0 -10.954548 11.027029 1.712355 0.000000 0.000000 -1
0 -10.954548 11.027029 2.198842 0.000000 0.000000 -1
0 -1.954551 1.027028 2.198842 0.000000 0.000000 -1
0 -1.954551 1.027028 1.712355 0.000000 0.000000 -1
0 -10.954548 1.027028 2.198842 0.000000 0.000000 -1
0 -10.954548 1.027028 1.712355 0.000000 0.000000 -1
0 -9.954548 10.027029 2.198842 0.000000 0.000000 -1
0 -2.954549 10.027029 2.198842 0.000000 0.000000 -1
0 -2.954549 2.027028 2.198842 0.000000 0.000000 -1
0 -9.954548 2.027028 2.198842 0.000000 0.000000 -1
0 5.715521 17.817463 2.712380 0.000000 0.000000 -1
0 11.038472 17.817463 2.712380 0.000000 0.000000 -1
0 11.798893 18.213680 2.712380 0.000000 0.000000 -1
0 4.955094 18.213680 2.712380 0.000000 0.000000 -1
0 11.798893 14.251395 2.712380 0.000000 0.000000 -1
0 11.038472 14.647614 2.712380 0.000000 0.000000 -1
0 4.955094 14.251395 2.712380 0.000000 0.000000 -1
0 5.715521 14.647614 2.712380 0.000000 0.000000 -1
0 11.798893 18.213680 2.198842 0.000000 0.000000 -1
0 11.798893 18.213680 1.712355 0.000000 0.000000 -1
0 4.955094 18.213680 1.712355 0.000000 0.000000 -1
0 4.955094 18.213680 2.198842 0.000000 0.000000 -1
0 11.798893 14.251395 2.198842 0.000000 0.000000 -1
0 11.798893 14.251395 1.712355 0.000000 0.000000 -1
0 4.955094 14.251395 2.198842 0.000000 0.000000 -1
0 4.955094 14.251395 1.712355 0.000000 0.000000 -1
0 5.715521 17.817463 2.198842 0.000000 0.000000 -1
0 11.038472 17.817463 2.198842 0.000000 0.000000 -1
0 11.038472 14.647614 2.198842 0.000000 0.000000 -1
0 5.715521 14.647614 2.198842 0.000000 0.000000 -1
0 -15.832272 17.817463 -6.524565 0.000000 0.000000 -1
0 -15.832272 18.213680 -5.764138 0.000000 0.000000 -1
0 -15.832272 18.213680 -12.607951 0.000000 0.000000 -1
0 -15.832272 14.251395 -12.607951 0.000000 0.000000 -1
0 -15.832272 17.817463 -11.847531 0.000000 0.000000 -1
0 -15.832272 14.647614 -11.847531 0.000000 0.000000 -1
0 -15.832272 14.647614 -6.524565 0.000000 0.000000 -1
0 -15.832272 14.251395 -5.764138 0.000000 0.000000 -1
0 -14.832250 18.213680 -5.764138 0.000000 0.000000 -1
0 -14.832250 18.213680 -12.607951 0.000000 0.000000 -1
0 -15.318733 18.213680 -12.607951 0.000000 0.000000 -1
0 -15.318733 18.213680 -5.764138 0.000000 0.000000 -1
0 -14.832250 14.251395 -12.607951 0.000000 0.000000 -1
0 -15.318733 14.251395 -12.607951 0.000000 0.000000 -1
0 -14.832250 14.251395 -5.764138 0.000000 0.000000 -1
0 -15.318733 14.251395 -5.764138 0.000000 0.000000 -1
0 -15.318733 17.817463 -11.847531 0.000000 0.000000 -1
0 -15.318733 17.817463 -6.524565 0.000000 0.000000 -1
0 -15.318733 14.647614 -11.847531 0.000000 0.000000 -1
0 -15.318733 14.647614 -6.524565 0.000000 0.000000 -1
0 -15.832272 24.684269 -12.666776 0.000000 0.000000 -1
0 -15.832272 24.288052 -11.906354 0.000000 0.000000 -1
0 -15.832272 24.288052 -6.583388 0.000000 0.000000 -1
0 -15.832272 24.684269 -5.822962 0.000000 0.000000 -1
0 -15.832272 20.721983 -12.666776 0.000000 0.000000 -1
0 -15.832272 21.118202 -11.906354 0.000000 0.000000 -1
0 -15.832272 21.118202 -6.583388 0.000000 0.000000 -1
0 -15.832272 20.721983 -5.822962 0.000000 0.000000 -1
0 -14.832250 24.684269 -5.822962 0.000000 0.000000 -1
0 -14.832250 24.684269 -12.666776 0.000000 0.000000 -1
0 -15.318733 24.684269 -12.666776 0.000000 0.000000 -1
0 -15.318733 24.684269 -5.822962 0.000000 0.000000 -1
0 -14.832250 20.721983 -12.666776 0.000000 0.000000 -1
0 -15.318733 20.721983 -12.666776 0.000000 0.000000 -1
0 -14.832250 20.721983 -5.822962 0.000000 0.000000 -1
0 -15.318733 20.721983 -5.822962 0.000000 0.000000 -1
0 -15.318733 24.288052 -11.906354 0.000000 0.000000 -1
0 -15.318733 24.288052 -6.583388 0.000000 0.000000 -1
0 -15.318733 21.118202 -11.906354 0.000000 0.000000 -1
0 -15.318733 21.118202 -6.583388 0.000000 0.000000 -1
0 -15.832272 31.096027 -12.784423 0.000000 0.000000 -1
0 -15.832272 30.699810 -12.024001 0.000000 0.000000 -1
0 -15.832272 30.699810 -6.701035 0.000000 0.000000 -1
0 -15.832272 31.096027 -5.940609 0.000000 0.000000 -1
0 -15.832272 27.133747 -12.784423 0.000000 0.000000 -1
0 -15.832272 27.529966 -12.024001 0.000000 0.000000 -1
0 -15.832272 27.529966 -6.701035 0.000000 0.000000 -1
0 -15.832272 27.133747 -5.940609 0.000000 0.000000 -1
0 -14.832250 31.096027 -5.940609 0.000000 0.000000 -1
0 -14.832250 31.096027 -12.784423 0.000000 0.000000 -1
0 -15.318733 31.096027 -12.784423 0.000000 0.000000 -1
0 -15.318733 31.096027 -5.940609 0.000000 0.000000 -1
0 -14.832250 27.133747 -12.784423 0.000000 0.000000 -1
0 -15.318733 27.133747 -12.784423 0.000000 0.000000 -1
0 -14.832250 27.133747 -5.940609 0.000000 0.000000 -1
0 -15.318733 27.133747 -5.940609 0.000000 0.000000 -1
0 -15.318733 30.699810 -12.024001 0.000000 0.000000 -1
0 -15.318733 30.699810 -6.701035 0.000000 0.000000 -1
0 -15.318733 27.529966 -12.024001 0.000000 0.000000 -1
0 -15.318733 27.529966 -6.701035 0.000000 0.000000 -1
0 -9.005564 26.555849 4.194804 0.000000 0.000000 -1
0 -8.593443 31.142872 4.194804 0.000000 0.000000 -1
0 -9.005564 31.384304 4.194804 0.000000 0.000000 -1
0 -8.593443 26.857622 4.194804 0.000000 0.000000 -1
0 -5.021763 26.857622 4.194804 0.000000 0.000000 -1
0 -4.609647 26.555849 4.194804 0.000000 0.000000 -1
0 -4.609647 31.384304 4.194804 0.000000 0.000000 -1
0 -5.021763 31.142872 4.194804 0.000000 0.000000 -1
0 -9.005564 31.384304 3.194804 0.000000 0.000000 -1
0 -9.005564 26.555849 3.194804 0.000000 0.000000 -1
0 -8.593443 26.857622 3.784548 0.000000 0.000000 -1
0 -8.593443 31.142872 3.784548 0.000000 0.000000 -1
0 -5.021763 26.857622 3.784548 0.000000 0.000000 -1
0 -4.609647 26.555849 3.194804 0.000000 0.000000 -1
0 -5.021763 31.142872 3.784548 0.000000 0.000000 -1
0 -4.609647 31.384304 3.194804 0.000000 0.000000 -1
0 -3.734124 31.142872 3.950446 0.000000 0.000000 -1
0 -3.734124 26.857622 3.950446 0.000000 0.000000 -1
0 -0.497084 26.857622 2.576937 0.000000 0.000000 -1
0 -0.123579 26.555849 2.418455 0.000000 0.000000 -1
0 -0.123579 31.384304 2.418455 0.000000 0.000000 -1
0 -0.497084 31.142872 2.576937 0.000000 0.000000 -1
0 -3.924666 26.857622 3.578628 0.000000 0.000000 -1
0 -3.924666 31.142872 3.578628 0.000000 0.000000 -1
0 -0.687628 26.857622 2.205119 0.000000 0.000000 -1
0 -0.588026 26.555849 1.512148 0.000000 0.000000 -1
0 -0.687628 31.142872 2.205119 0.000000 0.000000 -1
0 -0.588026 31.384304 1.512148 0.000000 0.000000 -1
0 -13.453108 26.551813 2.424320 0.000000 0.000000 -1
0 -13.079600 31.138866 2.582803 0.000000 0.000000 -1
0 -13.453108 31.380276 2.424320 0.000000 0.000000 -1
0 -13.079600 26.853609 2.582803 0.000000 0.000000 -1
0 -9.842564 26.853609 3.956311 0.000000 0.000000 -1
0 -9.842564 31.138866 3.956311 0.000000 0.000000 -1
0 -12.988661 31.380276 1.518013 0.000000 0.000000 -1
0 -12.988661 26.551813 1.518013 0.000000 0.000000 -1
0 -12.889063 26.853609 2.210984 0.000000 0.000000 -1
0 -12.889063 31.138866 2.210984 0.000000 0.000000 -1
0 -9.652020 26.853609 3.584493 0.000000 0.000000 -1
0 -9.652020 31.138866 3.584493 0.000000 0.000000 -1
0 -9.005564 20.202909 4.194804 0.000000 0.000000 -1
0 -8.593443 24.789938 4.194804 0.000000 0.000000 -1
0 -9.005564 25.031370 4.194804 0.000000 0.000000 -1
0 -8.593443 20.504683 4.194804 0.000000 0.000000 -1
0 -5.021763 20.504683 4.194804 0.000000 0.000000 -1
0 -4.609647 20.202909 4.194804 0.000000 0.000000 -1
0 -4.609647 25.031370 4.194804 0.000000 0.000000 -1
0 -5.021763 24.789938 4.194804 0.000000 0.000000 -1
0 -9.005564 25.031370 3.194804 0.000000 0.000000 -1
0 -9.005564 20.202909 3.194804 0.000000 0.000000 -1
0 -8.593443 20.504683 3.784548 0.000000 0.000000 -1
0 -8.593443 24.789938 3.784548 0.000000 0.000000 -1
0 -5.021763 20.504683 3.784548 0.000000 0.000000 -1
0 -4.609647 20.202909 3.194804 0.000000 0.000000 -1
0 -5.021763 24.789938 3.784548 0.000000 0.000000 -1
0 -4.609647 25.031370 3.194804 0.000000 0.000000 -1
0 -3.734125 24.789938 3.950446 0.000000 0.000000 -1
0 -3.734125 20.504683 3.950446 0.000000 0.000000 -1
0 -0.497084 20.504683 2.576937 0.000000 0.000000 -1
0 -0.123579 20.202909 2.418455 0.000000 0.000000 -1
0 -0.123579 25.031370 2.418455 0.000000 0.000000 -1
0 -0.497084 24.789938 2.576937 0.000000 0.000000 -1
0 -3.924666 20.504683 3.578628 0.000000 0.000000 -1
0 -3.924666 24.789938 3.578628 0.000000 0.000000 -1
0 -0.687628 20.504683 2.205119 0.000000 0.000000 -1
0 -0.588026 20.202909 1.512148 0.000000 0.000000 -1
0 -0.687628 24.789938 2.205119 0.000000 0.000000 -1
0 -0.588026 25.031370 1.512148 0.000000 0.000000 -1
0 -13.453108 20.198874 2.424320 0.000000 0.000000 -1
0 -13.079600 24.785933 2.582803 0.000000 0.000000 -1
0 -13.453108 25.027342 2.424320 0.000000 0.000000 -1
0 -13.079600 20.500669 2.582803 0.000000 0.000000 -1
0 -9.842564 20.500669 3.956311 0.000000 0.000000 -1
0 -9.842564 24.785933 3.956311 0.000000 0.000000 -1
0 -12.988661 25.027342 1.518013 0.000000 0.000000 -1
0 -12.988661 20.198874 1.518013 0.000000 0.000000 -1
0 -12.889063 20.500669 2.210984 0.000000 0.000000 -1
0 -12.889063 24.785933 2.210984 0.000000 0.000000 -1
0 -9.652020 20.500669 3.584493 0.000000 0.000000 -1
0 -9.652020 24.785933 3.584493 0.000000 0.000000 -1
0 -9.064387 13.908792 4.194804 0.000000 0.000000 -1
0 -8.652267 18.495811 4.194804 0.000000 0.000000 -1
0 -9.064387 18.737244 4.194804 0.000000 0.000000 -1
0 -8.652267 14.210566 4.194804 0.000000 0.000000 -1
0 -5.080586 14.210566 4.194804 0.000000 0.000000 -1
0 -4.668470 13.908792 4.194804 0.000000 0.000000 -1
0 -4.668470 18.737244 4.194804 0.000000 0.000000 -1
0 -5.080586 18.495811 4.194804 0.000000 0.000000 -1
0 -9.064387 18.737244 3.194804 0.000000 0.000000 -1
0 -9.064387 13.908792 3.194804 0.000000 0.000000 -1
0 -8.652267 14.210566 3.784548 0.000000 0.000000 -1
0 -8.652267 18.495811 3.784548 0.000000 0.000000 -1
0 -5.080586 14.210566 3.784548 0.000000 0.000000 -1
0 -4.668470 13.908792 3.194804 0.000000 0.000000 -1
0 -5.080586 18.495811 3.784548 0.000000 0.000000 -1
0 -4.668470 18.737244 3.194804 0.000000 0.000000 -1
0 -3.792948 18.495811 3.950446 0.000000 0.000000 -1
0 -3.792948 14.210566 3.950446 0.000000 0.000000 -1
0 -0.555908 14.210566 2.576937 0.000000 0.000000 -1
0 -0.182402 13.908792 2.418455 0.000000 0.000000 -1
0 -0.182402 18.737244 2.418455 0.000000 0.000000 -1
0 -0.555908 18.495811 2.576937 0.000000 0.000000 -1
0 -3.983490 14.210566 3.578628 0.000000 0.000000 -1
0 -3.983490 18.495811 3.578628 0.000000 0.000000 -1
0 -0.746452 14.210566 2.205119 0.000000 0.000000 -1
0 -0.646850 13.908792 1.512148 0.000000 0.000000 -1
0 -0.746452 18.495811 2.205119 0.000000 0.000000 -1
0 -0.646850 18.737244 1.512148 0.000000 0.000000 -1
0 -13.511931 13.904757 2.424320 0.000000 0.000000 -1
0 -13.138424 18.491806 2.582803 0.000000 0.000000 -1
0 -13.511931 18.733215 2.424320 0.000000 0.000000 -1
0 -13.138424 14.206553 2.582803 0.000000 0.000000 -1
0 -9.901387 14.206553 3.956311 0.000000 0.000000 -1
0 -9.901387 18.491806 3.956311 0.000000 0.000000 -1
0 -13.047484 18.733215 1.518013 0.000000 0.000000 -1
0 -13.047484 13.904757 1.518013 0.000000 0.000000 -1
0 -12.947886 14.206553 2.210984 0.000000 0.000000 -1
0 -12.947886 18.491806 2.210984 0.000000 0.000000 -1
0 -9.710843 14.206553 3.584493 0.000000 0.000000 -1
0 -9.710843 18.491806 3.584493 0.000000 0.000000 -1
0 5.774344 24.288052 2.712380 0.000000 0.000000 -1
0 11.097296 24.288052 2.712380 0.000000 0.000000 -1
0 11.857717 24.684269 2.712380 0.000000 0.000000 -1
0 5.013918 24.684269 2.712380 0.000000 0.000000 -1
0 11.857717 20.721983 2.712380 0.000000 0.000000 -1
0 11.097296 21.118202 2.712380 0.000000 0.000000 -1
0 5.013918 20.721983 2.712380 0.000000 0.000000 -1
0 5.774344 21.118202 2.712380 0.000000 0.000000 -1
0 11.857717 24.684269 2.198842 0.000000 0.000000 -1
0 11.857717 24.684269 1.712355 0.000000 0.000000 -1
0 5.013918 24.684269 1.712355 0.000000 0.000000 -1
0 5.013918 24.684269 2.198842 0.000000 0.000000 -1
0 11.857717 20.721983 2.198842 0.000000 0.000000 -1
0 11.857717 20.721983 1.712355 0.000000 0.000000 -1
0 5.013918 20.721983 2.198842 0.000000 0.000000 -1
0 5.013918 20.721983 1.712355 0.000000 0.000000 -1
0 5.774344 24.288052 2.198842 0.000000 0.000000 -1
0 11.097296 24.288052 2.198842 0.000000 0.000000 -1
0 11.097296 21.118202 2.198842 0.000000 0.000000 -1
0 5.774344 21.118202 2.198842 0.000000 0.000000 -1
0 5.891992 30.699810 2.712380 0.000000 0.000000 -1
0 11.214943 30.699810 2.712380 0.000000 0.000000 -1
0 11.975364 31.096027 2.712380 0.000000 0.000000 -1
0 5.131565 31.096027 2.712380 0.000000 0.000000 -1
0 11.975364 27.133747 2.712380 0.000000 0.000000 -1
0 11.214943 27.529966 2.712380 0.000000 0.000000 -1
0 5.131565 27.133747 2.712380 0.000000 0.000000 -1
0 5.891992 27.529966 2.712380 0.000000 0.000000 -1
0 11.975364 31.096027 2.198842 0.000000 0.000000 -1
0 11.975364 31.096027 1.712355 0.000000 0.000000 -1
0 5.131565 31.096027 1.712355 0.000000 0.000000 -1
0 5.131565 31.096027 2.198842 0.000000 0.000000 -1
0 11.975364 27.133747 2.198842 0.000000 0.000000 -1
0 11.975364 27.133747 1.712355 0.000000 0.000000 -1
0 5.131565 27.133747 2.198842 0.000000 0.000000 -1
0 5.131565 27.133747 1.712355 0.000000 0.000000 -1
0 5.891992 30.699810 2.198842 0.000000 0.000000 -1
0 11.214943 30.699810 2.198842 0.000000 0.000000 -1
0 11.214943 27.529966 2.198842 0.000000 0.000000 -1
0 5.891992 27.529966 2.198842 0.000000 0.000000 -1
0 -3.240857 34.102062 4.194804 0.000000 0.000000 -1
0 -2.828736 38.689083 4.194804 0.000000 0.000000 -1
0 -3.240857 38.930515 4.194804 0.000000 0.000000 -1
0 -2.828736 34.403835 4.194804 0.000000 0.000000 -1
0 0.742943 34.403835 4.194804 0.000000 0.000000 -1
0 1.155059 34.102062 4.194804 0.000000 0.000000 -1
0 1.155059 38.930515 4.194804 0.000000 0.000000 -1
0 0.742943 38.689083 4.194804 0.000000 0.000000 -1
0 -3.240857 38.930515 3.194804 0.000000 0.000000 -1
0 -3.240857 34.102062 3.194804 0.000000 0.000000 -1
0 -2.828736 34.403835 3.784548 0.000000 0.000000 -1
0 -2.828736 38.689083 3.784548 0.000000 0.000000 -1
0 0.742943 34.403835 3.784548 0.000000 0.000000 -1
0 1.155059 34.102062 3.194804 0.000000 0.000000 -1
0 0.742943 38.689083 3.784548 0.000000 0.000000 -1
0 1.155059 38.930515 3.194804 0.000000 0.000000 -1
0 2.030582 38.689083 3.950446 0.000000 0.000000 -1
0 2.030582 34.403835 3.950446 0.000000 0.000000 -1
0 5.267622 34.403835 2.576937 0.000000 0.000000 -1
0 5.641128 34.102062 2.418455 0.000000 0.000000 -1
0 5.641128 38.930515 2.418455 0.000000 0.000000 -1
0 5.267622 38.689083 2.576937 0.000000 0.000000 -1
0 1.840040 34.403835 3.578628 0.000000 0.000000 -1
0 1.840040 38.689083 3.578628 0.000000 0.000000 -1
0 5.077078 34.403835 2.205119 0.000000 0.000000 -1
0 5.176680 34.102062 1.512148 0.000000 0.000000 -1
0 5.077078 38.689083 2.205119 0.000000 0.000000 -1
0 5.176680 38.930515 1.512148 0.000000 0.000000 -1
0 -7.688402 34.098026 2.424320 0.000000 0.000000 -1
0 -7.314894 38.685078 2.582803 0.000000 0.000000 -1
0 -7.688402 38.926487 2.424320 0.000000 0.000000 -1
0 -7.314894 34.399822 2.582803 0.000000 0.000000 -1
0 -4.077857 34.399822 3.956311 0.000000 0.000000 -1
0 -4.077857 38.685078 3.956311 0.000000 0.000000 -1
0 -7.223955 38.926487 1.518013 0.000000 0.000000 -1
0 -7.223955 34.098026 1.518013 0.000000 0.000000 -1
0 -7.124357 34.399822 2.210984 0.000000 0.000000 -1
0 -7.124357 38.685078 2.210984 0.000000 0.000000 -1
0 -3.887313 34.399822 3.584493 0.000000 0.000000 -1
0 -3.887313 38.685078 3.584493 0.000000 0.000000 -1
0 15.832272 18.213680 -12.607951 0.000000 0.000000 -1
0 15.832272 18.213680 -5.764138 0.000000 0.000000 -1
0 15.832272 17.817463 -6.524565 0.000000 0.000000 -1
0 15.832272 17.817463 -11.847531 0.000000 0.000000 -1
0 15.832272 14.251395 -12.607951 0.000000 0.000000 -1
0 15.832272 14.647614 -11.847531 0.000000 0.000000 -1
0 15.832272 14.251395 -5.764138 0.000000 0.000000 -1
0 15.832272 14.647614 -6.524565 0.000000 0.000000 -1
0 15.318733 18.213680 -12.607951 0.000000 0.000000 -1
0 14.832250 18.213680 -12.607951 0.000000 0.000000 -1
0 14.832250 18.213680 -5.764138 0.000000 0.000000 -1
0 15.318733 18.213680 -5.764138 0.000000 0.000000 -1
0 15.318733 14.251395 -12.607951 0.000000 0.000000 -1
0 14.832250 14.251395 -12.607951 0.000000 0.000000 -1
0 15.318733 14.251395 -5.764138 0.000000 0.000000 -1
0 14.832250 14.251395 -5.764138 0.000000 0.000000 -1
0 15.318733 17.817463 -6.524565 0.000000 0.000000 -1
0 15.318733 17.817463 -11.847531 0.000000 0.000000 -1
0 15.318733 14.647614 -11.847531 0.000000 0.000000 -1
0 15.318733 14.647614 -6.524565 0.000000 0.000000 -1
0 15.832272 24.288052 -6.583388 0.000000 0.000000 -1
0 15.832272 24.288052 -11.906354 0.000000 0.000000 -1
0 15.832272 24.684269 -12.666776 0.000000 0.000000 -1
0 15.832272 24.684269 -5.822962 0.000000 0.000000 -1
0 15.832272 20.721983 -12.666776 0.000000 0.000000 -1
0 15.832272 21.118202 -11.906354 0.000000 0.000000 -1
0 15.832272 20.721983 -5.822962 0.000000 0.000000 -1
0 15.832272 21.118202 -6.583388 0.000000 0.000000 -1
0 15.318733 24.684269 -12.666776 0.000000 0.000000 -1
0 14.832250 24.684269 -12.666776 0.000000 0.000000 -1
0 14.832250 24.684269 -5.822962 0.000000 0.000000 -1
0 15.318733 24.684269 -5.822962 0.000000 0.000000 -1
0 15.318733 20.721983 -12.666776 0.000000 0.000000 -1
0 14.832250 20.721983 -12.666776 0.000000 0.000000 -1
0 15.318733 20.721983 -5.822962 0.000000 0.000000 -1
0 14.832250 20.721983 -5.822962 0.000000 0.000000 -1
0 15.318733 24.288052 -6.583388 0.000000 0.000000 -1
0 15.318733 24.288052 -11.906354 0.000000 0.000000 -1
0 15.318733 21.118202 -11.906354 0.000000 0.000000 -1
0 15.318733 21.118202 -6.583388 0.000000 0.000000 -1
0 15.832272 30.699810 -6.701035 0.000000 0.000000 -1
0 15.832272 30.699810 -12.024001 0.000000 0.000000 -1
0 15.832272 31.096027 -12.784423 0.000000 0.000000 -1
0 15.832272 31.096027 -5.940609 0.000000 0.000000 -1
0 15.832272 27.133747 -12.784423 0.000000 0.000000 -1
0 15.832272 27.529966 -12.024001 0.000000 0.000000 -1
0 15.832272 27.133747 -5.940609 0.000000 0.000000 -1
0 15.832272 27.529966 -6.701035 0.000000 0.000000 -1
0 15.318733 31.096027 -12.784423 0.000000 0.000000 -1
0 14.832250 31.096027 -12.784423 0.000000 0.000000 -1
0 14.832250 31.096027 -5.940609 0.000000 0.000000 -1
0 15.318733 31.096027 -5.940609 0.000000 0.000000 -1
0 15.318733 27.133747 -12.784423 0.000000 0.000000 -1
0 14.832250 27.133747 -12.784423 0.000000 0.000000 -1
0 15.318733 27.133747 -5.940609 0.000000 0.000000 -1
0 14.832250 27.133747 -5.940609 0.000000 0.000000 -1
0 15.318733 30.699810 -6.701035 0.000000 0.000000 -1
0 15.318733 30.699810 -12.024001 0.000000 0.000000 -1
0 15.318733 27.529966 -12.024001 0.000000 0.000000 -1
0 15.318733 27.529966 -6.701035 0.000000 0.000000 -1
220
-0.001109 -0.000581 -0.999999
0.515738 0.607379 -0.604239
-0.001129 -0.001162 -0.999999
-0.707096 0.001163 -0.707116
0.381850 -0.826160 -0.414307
0.707108 -0.000181 -0.707105
-0.721048 -0.692845 0.007441
0.434953 -0.000601 -0.900453
-0.707110 -0.000432 -0.707103
-0.395149 -0.413875 -0.820101
0.442484 -0.871096 -0.213072
0.897787 0.440418 0.003305
-0.800073 0.599881 -0.005099
0.274773 0.018312 0.961335
-0.168918 -0.297399 0.939692
-0.002413 -0.707324 0.706886
0.299416 -0.299818 0.905792
0.891279 0.000482 0.453455
-0.709993 0.000125 0.704209
-0.891283 0.002192 0.453443
-0.457545 0.001438 0.889185
0.697303 0.000381 0.716776
-0.003296 0.999988 -0.003697
0.026595 0.999645 -0.001879
0.692685 -0.721240 0.000534
-0.000075 -0.999992 0.004044
-0.616936 0.787002 -0.004303
0.005748 0.999975 -0.004021
-0.000068 0.999993 -0.003670
-0.692801 -0.721128 0.000117
0.000075 -0.999992 0.004044
0.121427 -0.430413 0.894427
0.231123 -0.972922 0.002329
-0.194432 -0.980916 0.000000
-0.137484 -0.693612 0.707107
0.000000 0.000000 1.000000
-0.553538 0.832824 0.000000
-0.342172 0.939637 0.000000
-0.967872 0.251443 0.000000
-0.483936 -0.875103 0.000000
0.000000 -1.000000 0.000000
0.727789 -0.685801 0.000000
0.555599 -0.831450 0.000000
0.343240 -0.939248 0.000000
-0.046162 0.998934 0.000000
0.032475 0.999473 0.000000
0.046162 -0.998934 0.000000
-0.032475 -0.999473 0.000000
0.285646 0.958335 0.000000
0.457149 0.889390 0.000000
-0.281042 -0.959696 0.000000
-0.448147 -0.893960 0.000000
0.900464 0.434931 0.000000
0.450232 -0.892912 0.000000
-0.596324 -0.802744 0.000000
0.000000 1.000000 0.000000
-0.447214 -0.894427 0.000000
-0.894427 -0.447214 0.000000
0.447214 -0.894427 0.000000
0.894427 -0.447214 0.000000
0.894427 0.447214 0.000000
0.447214 0.894427 0.000000
-0.447214 0.894427 0.000000
-0.894427 0.447214 0.000000
0.923880 0.000000 0.382683
0.707107 0.000000 0.707106
-0.707107 0.000000 0.707106
-0.707107 0.000000 0.707106
-0.923880 0.000000 0.382683
0.923880 0.000000 0.382683
0.707107 0.000000 0.707106
-0.707107 0.000000 0.707106
-0.923880 0.000000 0.382683
0.707107 0.707107 0.000000
-0.707107 0.707107 0.000000
0.707107 -0.707107 0.000000
-0.707107 -0.707107 0.000000
-1.000000 0.000000 0.000000
0.000000 0.894427 0.447214
0.000000 0.447214 -0.894427
0.000000 0.707107 -0.707107
0.000000 0.707107 0.707107
0.000000 -0.894427 -0.447214
0.000000 -0.707107 -0.707107
0.000000 -0.447214 0.894427
0.000000 -0.707107 0.707107
0.000000 -0.447214 -0.894427
0.000000 0.894427 -0.447214
0.000000 0.447214 0.894427
0.000000 -0.894427 0.447214
-0.106656 -0.047976 0.993138
-0.152540 0.057578 0.986619
0.216445 -0.067191 0.973980
0.169647 0.081880 0.982098
-0.316730 0.948516 -0.000122
0.315940 0.948779 0.000000
-0.315732 -0.948848 0.000135
0.316486 -0.948597 0.000000
-0.316228 -0.948683 0.000000
0.316228 -0.948683 0.000000
0.316228 0.948683 0.000000
-0.316228 0.948683 0.000000
0.303733 0.149010 0.941033
0.322642 -0.184301 0.928405
0.382999 -0.099760 0.918346
0.379361 -0.016301 0.925105
0.383115 0.013580 0.923601
0.377813 0.162344 0.911538
0.795993 0.447214 -0.407915
0.397997 0.894427 -0.203958
0.795993 -0.447214 -0.407915
0.397997 -0.894427 -0.203958
-0.397996 0.894427 0.203959
-0.795992 0.447214 0.407918
0.397997 -0.894427 -0.203958
0.795993 -0.447214 -0.407915
-0.795992 -0.447214 0.407918
-0.397996 -0.894427 0.203959
0.795993 0.447214 -0.407915
0.397997 0.894427 -0.203958
-0.384559 -0.071236 0.920348
-0.390603 -0.000000 0.920559
-0.381557 0.114296 0.917252
-0.390603 0.000000 0.920559
-0.326328 -0.071347 0.942560
-0.342658 0.114456 0.932462
-0.796060 0.447062 -0.407950
-0.398646 0.894115 -0.204059
-0.795919 -0.447381 -0.407877
-0.397357 -0.894739 -0.203838
0.795998 0.447214 0.407906
0.397999 0.894427 0.203953
0.795998 -0.447214 0.407906
0.397999 -0.894427 0.203953
-0.397996 0.894427 -0.203958
-0.795992 0.447214 -0.407917
-0.795992 -0.447214 -0.407917
-0.397996 -0.894427 -0.203958
0.216445 -0.067191 0.973980
0.169647 0.081879 0.982098
0.303733 0.149009 0.941033
0.322642 -0.184300 0.928405
0.382999 -0.099759 0.918346
0.377813 0.162344 0.911538
0.795994 0.447214 -0.407914
0.397997 0.894427 -0.203957
0.795994 -0.447214 -0.407914
0.397997 -0.894427 -0.203957
0.397997 -0.894427 -0.203958
0.795993 -0.447214 -0.407915
0.795993 0.447214 -0.407915
0.397997 0.894427 -0.203958
-0.384559 -0.071236 0.920348
-0.390603 -0.000000 0.920559
-0.381557 0.114296 0.917252
-0.796060 0.447062 -0.407950
-0.398646 0.894115 -0.204059
-0.795919 -0.447381 -0.407877
-0.397357 -0.894739 -0.203838
0.397999 0.894427 0.203953
0.397999 -0.894427 0.203953
-0.106656 -0.047975 0.993138
0.216445 -0.067190 0.973980
0.169647 0.081879 0.982098
-0.315732 -0.948848 0.000135
0.316486 -0.948597 0.000000
0.303733 0.149009 0.941033
0.322642 -0.184300 0.928405
0.382998 -0.099759 0.918347
0.379361 -0.016301 0.925105
0.383115 0.013580 0.923601
0.377813 0.162343 0.911538
-0.397996 0.894427 0.203959
-0.795992 0.447214 0.407918
0.397996 -0.894427 -0.203958
0.795993 -0.447214 -0.407916
-0.795992 -0.447214 0.407918
-0.397996 -0.894427 0.203959
0.795993 0.447214 -0.407916
0.397996 0.894427 -0.203958
-0.384559 -0.071235 0.920348
-0.390603 0.000000 0.920559
-0.326328 -0.071347 0.942560
-0.795919 -0.447381 -0.407877
-0.397357 -0.894739 -0.203838
-0.397996 0.894427 -0.203959
-0.795991 0.447214 -0.407919
-0.795991 -0.447214 -0.407919
-0.397996 -0.894427 -0.203959
-0.106656 -0.047976 0.993138
-0.152540 0.057578 0.986619
0.216445 -0.067191 0.973980
0.169647 0.081880 0.982098
-0.316730 0.948516 -0.000122
-0.315732 -0.948848 0.000135
0.303733 0.149010 0.941033
0.322642 -0.184301 0.928405
0.382998 -0.099759 0.918347
0.379361 -0.016301 0.925105
0.383115 0.013580 0.923601
0.377813 0.162344 0.911538
-0.397996 0.894427 0.203959
-0.795991 0.447214 0.407919
0.397996 -0.894427 -0.203958
0.795993 -0.447214 -0.407916
-0.795991 -0.447214 0.407919
-0.397996 -0.894427 0.203959
0.795993 0.447214 -0.407916
0.397996 0.894427 -0.203958
-0.384558 -0.071236 0.920348
-0.390602 -0.000000 0.920559
-0.381557 0.114296 0.917252
-0.390602 0.000000 0.920559
-0.326328 -0.071347 0.942560
-0.342658 0.114456 0.932462
0.795998 0.447214 0.407906
0.397999 0.894427 0.203953
0.795998 -0.447214 0.407906
0.397999 -0.894427 0.203953
1.000000 0.000000 0.000000
747
0 0 1 2 0 1 0 1
0 0 2 3 0 0 2 1
0 4 5 6 3 4 5 1
0 4 7 5 3 6 4 1
0 5 7 4 4 6 3 1
0 8 9 10 7 8 9 1
0 11 8 10 10 7 9 1
0 12 13 14 11 12 13 1
0 13 15 14 12 14 13 1
0 16 14 15 15 13 14 1
0 17 16 15 16 15 14 1
0 16 11 5 15 10 4 1
0 16 17 11 15 16 10 1
0 8 11 18 7 10 17 1
0 11 17 18 10 16 17 1
0 19 18 17 18 17 16 1
0 15 19 17 14 18 16 1
0 19 13 9 18 12 8 1
0 19 15 13 18 14 12 1
0 20 7 4 19 6 3 1
0 20 21 7 19 20 6 1
0 21 20 22 20 19 21 1
0 21 22 14 20 21 13 1
0 6 12 22 5 11 21 1
0 12 14 22 11 13 21 1
0 23 24 1 22 23 1 1
0 24 12 1 23 11 1 1
0 25 1 12 24 1 11 1
0 5 25 12 4 24 11 1
0 25 7 26 24 6 25 1
0 25 5 7 24 4 6 1
0 27 28 29 26 27 28 1
0 27 13 28 26 12 27 1
0 13 27 30 12 26 29 1
0 13 30 10 12 29 9 1
0 31 11 30 30 10 29 1
0 11 10 30 10 9 29 1
0 15 32 33 14 31 32 1
0 33 27 15 32 26 14 1
0 14 1 34 13 1 33 1
0 34 35 14 33 34 13 1
0 36 37 32 35 35 31 1
0 32 38 36 31 35 35 1
0 39 36 38 35 35 35 1
0 39 38 40 35 35 35 1
0 40 41 39 35 35 35 1
0 41 40 42 35 35 35 1
0 42 43 41 35 35 35 1
0 43 42 35 35 35 34 1
0 44 45 46 36 37 38 2
0 44 46 47 36 38 39 2
0 47 46 33 39 38 40 2
0 47 33 48 39 40 40 2
0 32 49 50 41 41 42 2
0 32 50 38 41 42 43 2
0 51 52 45 44 45 37 2
0 51 45 44 44 37 36 2
0 38 50 53 43 42 46 2
0 38 53 40 43 46 47 2
0 54 55 52 48 49 45 2
0 54 52 51 48 45 44 2
0 40 53 56 47 46 50 2
0 40 56 42 47 50 51 2
0 57 58 55 52 53 49 2
0 57 55 54 52 49 48 2
0 42 56 59 51 50 54 2
0 42 59 35 51 54 54 2
0 60 34 58 40 40 53 2
0 60 58 57 40 53 52 2
0 46 61 49 55 55 55 3
0 46 49 33 55 55 55 3
0 48 32 37 40 40 40 3
0 48 37 47 40 40 40 3
0 34 59 62 55 55 55 3
0 34 62 58 55 55 55 3
0 57 43 35 40 40 40 3
0 57 35 60 40 40 40 3
0 63 64 65 35 35 35 1
0 63 66 64 35 35 35 1
0 64 67 68 56 57 58 2
0 64 68 65 56 58 59 2
0 65 68 69 59 58 60 2
0 65 69 63 59 60 61 2
0 63 69 70 61 60 62 2
0 63 70 66 61 62 63 2
0 66 70 67 63 62 57 2
0 66 67 64 63 57 56 2
0 71 72 73 64 64 65 1
0 72 74 73 64 65 65 1
0 73 74 75 65 65 35 1
0 73 75 76 65 35 35 1
0 76 75 77 35 35 66 1
0 75 78 77 35 67 66 1
0 77 78 79 66 67 68 1
0 77 79 80 66 68 68 1
0 81 82 83 69 69 70 1
0 82 84 83 69 70 70 1
0 83 84 85 70 70 35 1
0 83 85 86 70 35 35 1
0 86 85 87 35 35 71 1
0 85 88 87 35 71 71 1
0 87 88 89 71 71 72 1
0 87 89 90 71 72 72 1
0 91 92 93 64 64 65 1
0 92 94 93 64 65 65 1
0 93 94 95 65 65 35 1
0 93 95 96 65 35 35 1
0 96 95 97 35 35 66 1
0 95 98 97 35 67 66 1
0 97 98 99 66 67 68 1
0 97 99 100 66 68 68 1
0 101 102 103 35 35 35 1
0 103 104 101 35 35 35 1
0 102 105 103 35 35 35 1
0 105 102 106 35 35 35 1
0 107 105 108 35 35 35 1
0 105 106 108 35 35 35 1
0 104 108 101 35 35 35 1
0 104 107 108 35 35 35 1
0 109 110 111 73 60 62 2
0 109 111 112 73 62 74 2
0 113 114 110 75 58 60 2
0 113 110 109 75 60 73 2
0 115 116 114 76 57 58 2
0 115 114 113 76 58 75 2
0 112 111 116 74 62 57 2
0 112 116 115 74 57 76 2
0 101 117 118 58 59 56 2
0 101 118 102 58 56 57 2
0 103 109 112 61 73 74 2
0 103 112 104 61 74 63 2
0 105 113 109 59 75 73 2
0 105 109 103 59 73 61 2
0 102 118 119 57 56 63 2
0 102 119 106 57 63 62 2
0 107 115 113 56 76 75 2
0 107 113 105 56 75 59 2
0 106 119 120 62 63 61 2
0 106 120 108 62 61 60 2
0 108 120 117 60 61 59 2
0 108 117 101 60 59 58 2
0 104 112 115 63 74 76 2
0 104 115 107 63 76 56 2
0 121 122 123 35 35 35 1
0 123 124 121 35 35 35 1
0 122 125 123 35 35 35 1
0 125 122 126 35 35 35 1
0 127 125 128 35 35 35 1
0 125 126 128 35 35 35 1
0 124 128 121 35 35 35 1
0 124 127 128 35 35 35 1
0 129 130 131 73 60 62 2
0 129 131 132 73 62 74 2
0 133 134 130 75 58 60 2
0 133 130 129 75 60 73 2
0 135 136 134 76 57 58 2
0 135 134 133 76 58 75 2
0 132 131 136 74 62 57 2
0 132 136 135 74 57 76 2
0 121 137 138 58 59 56 2
0 121 138 122 58 56 57 2
0 123 129 132 61 73 74 2
0 123 132 124 61 74 63 2
0 125 133 129 59 75 73 2
0 125 129 123 59 73 61 2
0 122 138 139 57 56 63 2
0 122 139 126 57 63 62 2
0 127 135 133 56 76 75 2
0 127 133 125 56 75 59 2
0 126 139 140 62 63 61 2
0 126 140 128 62 61 60 2
0 128 140 137 60 61 59 2
0 128 137 121 60 59 58 2
0 124 132 135 63 74 76 2
0 124 135 127 63 76 56 2
0 141 142 143 35 35 35 1
0 143 144 141 35 35 35 1
0 142 145 143 35 35 35 1
0 145 142 146 35 35 35 1
0 147 145 148 35 35 35 1
0 145 146 148 35 35 35 1
0 144 148 141 35 35 35 1
0 144 147 148 35 35 35 1
0 149 150 151 73 60 62 2
0 149 151 152 73 62 74 2
0 153 154 150 75 58 60 2
0 153 150 149 75 60 73 2
0 155 156 154 76 57 58 2
0 155 154 153 76 58 75 2
0 152 151 156 74 62 57 2
0 152 156 155 74 57 76 2
0 141 157 158 58 59 56 2
0 141 158 142 58 56 57 2
0 143 149 152 61 73 74 2
0 143 152 144 61 74 63 2
0 145 153 149 59 75 73 2
0 145 149 143 59 73 61 2
0 142 158 159 57 56 63 2
0 142 159 146 57 63 62 2
0 147 155 153 56 76 75 2
0 147 153 145 56 75 59 2
0 146 159 160 62 63 61 2
0 146 160 148 62 61 60 2
0 148 160 157 60 61 59 2
0 148 157 141 60 59 58 2
0 144 152 155 63 74 76 2
0 144 155 147 63 76 56 2
0 161 162 163 77 77 77 1
0 163 164 165 77 77 77 1
0 166 165 164 77 77 77 1
0 167 164 168 77 77 77 1
0 167 166 164 77 77 77 1
0 161 167 162 77 77 77 1
0 167 168 162 77 77 77 1
0 169 170 171 78 79 80 2
0 172 169 171 81 78 80 2
0 170 173 174 79 82 83 2
0 171 170 174 80 79 83 2
0 173 175 176 82 84 85 2
0 174 173 176 83 82 85 2
0 175 169 172 84 78 81 2
0 176 175 172 85 84 81 2
0 177 178 161 85 86 83 2
0 172 171 163 81 80 87 2
0 162 172 163 88 81 87 2
0 171 174 164 80 83 86 2
0 163 171 164 87 80 86 2
0 179 177 165 88 85 35 2
0 166 179 165 78 88 35 2
0 174 176 168 83 85 89 2
0 164 174 168 86 83 89 2
0 180 179 166 87 88 78 2
0 167 180 166 79 87 78 2
0 178 180 167 86 87 79 2
0 161 178 167 83 86 79 2
0 176 172 162 85 81 88 2
0 168 176 162 89 85 88 2
0 181 182 183 77 77 77 1
0 183 184 181 77 77 77 1
0 181 185 182 77 77 77 1
0 186 182 185 77 77 77 1
0 187 185 188 77 77 77 1
0 187 186 185 77 77 77 1
0 183 187 184 77 77 77 1
0 187 188 184 77 77 77 1
0 189 190 191 78 79 80 2
0 192 189 191 81 78 80 2
0 190 193 194 79 82 83 2
0 191 190 194 80 79 83 2
0 193 195 196 82 84 85 2
0 194 193 196 83 82 85 2
0 195 189 192 84 78 81 2
0 196 195 192 85 84 81 2
0 197 198 183 89 86 82 2
0 182 197 183 84 89 82 2
0 192 191 181 81 80 87 2
0 184 192 181 88 81 87 2
0 191 194 185 80 83 86 2
0 181 191 185 87 80 86 2
0 199 197 182 88 89 84 2
0 186 199 182 78 88 84 2
0 194 196 188 83 85 89 2
0 185 194 188 86 83 89 2
0 200 199 186 87 88 78 2
0 187 200 186 79 87 78 2
0 198 200 187 86 87 79 2
0 183 198 187 82 86 79 2
0 196 192 184 85 81 88 2
0 188 196 184 89 85 88 2
0 201 202 203 77 77 77 1
0 203 204 201 77 77 77 1
0 201 205 202 77 77 77 1
0 206 202 205 77 77 77 1
0 207 205 208 77 77 77 1
0 207 206 205 77 77 77 1
0 203 207 204 77 77 77 1
0 207 208 204 77 77 77 1
0 209 210 211 78 79 80 2
0 212 209 211 81 78 80 2
0 210 213 214 79 82 83 2
0 211 210 214 80 79 83 2
0 213 215 216 82 84 85 2
0 214 213 216 83 82 85 2
0 215 209 212 84 78 81 2
0 216 215 212 85 84 81 2
0 217 218 203 89 86 82 2
0 202 217 203 84 89 82 2
0 212 211 201 81 80 87 2
0 204 212 201 88 81 87 2
0 211 214 205 80 83 86 2
0 201 211 205 87 80 86 2
0 219 217 202 88 89 84 2
0 206 219 202 78 88 84 2
0 214 216 208 83 85 89 2
0 205 214 208 86 83 89 2
0 220 219 206 87 88 78 2
0 207 220 206 79 87 78 2
0 218 220 207 86 87 79 2
0 203 218 207 82 86 79 2
0 216 212 204 85 81 88 2
0 208 216 204 89 85 88 2
0 221 222 223 90 35 91 1
0 221 224 222 90 35 35 1
0 224 221 225 35 90 35 1
0 221 226 225 90 92 35 1
0 227 228 225 93 35 35 1
0 225 226 227 35 92 93 1
0 222 228 223 35 35 91 1
0 228 227 223 35 93 91 1
0 223 229 230 94 95 96 2
0 223 230 221 94 96 97 2
0 224 231 232 60 61 59 2
0 224 232 222 60 59 58 2
0 225 233 231 62 63 61 2
0 225 231 224 62 61 60 2
0 221 230 234 97 96 98 2
0 221 234 226 97 98 99 2
0 228 235 233 57 56 63 2
0 228 233 225 57 63 62 2
0 226 234 236 99 98 100 2
0 226 236 227 99 100 101 2
0 222 232 235 58 59 56 2
0 222 235 228 58 56 57 2
0 227 236 229 101 100 95 2
0 227 229 223 101 95 94 2
0 226 237 227 92 102 93 1
0 226 238 237 92 103 102 1
0 238 226 239 103 92 104 1
0 226 240 239 92 105 104 1
0 241 242 239 106 107 104 1
0 239 240 241 104 105 106 1
0 237 242 227 102 107 93 1
0 242 241 227 107 106 93 1
0 227 236 234 101 100 98 2
0 227 234 226 101 98 99 2
0 238 243 244 108 109 110 2
0 238 244 237 108 110 111 2
0 239 245 243 112 113 109 2
0 239 243 238 112 109 108 2
0 226 234 246 99 98 114 2
0 226 246 240 99 114 115 2
0 242 247 245 116 117 113 2
0 242 245 239 116 113 112 2
0 240 246 248 115 114 118 2
0 240 248 241 115 118 119 2
0 237 244 247 111 110 117 2
0 237 247 242 111 117 116 2
0 241 248 236 119 118 100 2
0 241 236 227 119 100 101 2
0 249 250 251 120 121 122 1
0 249 252 250 120 123 121 1
0 252 249 253 123 120 124 1
0 249 221 253 120 90 124 1
0 223 254 253 91 125 124 1
0 253 221 223 124 90 91 1
0 250 254 251 121 125 122 1
0 254 223 251 125 91 122 1
0 251 255 256 126 127 128 2
0 251 256 249 126 128 129 2
0 252 257 258 130 131 132 2
0 252 258 250 130 132 133 2
0 253 259 257 134 135 131 2
0 253 257 252 134 131 130 2
0 249 256 230 129 128 96 2
0 249 230 221 129 96 97 2
0 254 260 259 136 137 135 2
0 254 259 253 136 135 134 2
0 221 230 229 97 96 95 2
0 221 229 223 97 95 94 2
0 250 258 260 133 132 137 2
0 250 260 254 133 137 136 2
0 223 229 255 94 95 127 2
0 223 255 251 94 127 126 2
0 261 262 263 90 35 91 1
0 261 264 262 90 35 35 1
0 264 261 265 35 90 35 1
0 261 266 265 90 138 35 1
0 267 268 265 139 35 35 1
0 265 266 267 35 138 139 1
0 262 268 263 35 35 91 1
0 268 267 263 35 139 91 1
0 263 269 270 94 95 96 2
0 263 270 261 94 96 97 2
0 264 271 272 60 61 59 2
0 264 272 262 60 59 58 2
0 265 273 271 62 63 61 2
0 265 271 264 62 61 60 2
0 261 270 274 97 96 98 2
0 261 274 266 97 98 99 2
0 268 275 273 57 56 63 2
0 268 273 265 57 63 62 2
0 266 274 276 99 98 100 2
0 266 276 267 99 100 101 2
0 262 272 275 58 59 56 2
0 262 275 268 58 56 57 2
0 267 276 269 101 100 95 2
0 267 269 263 101 95 94 2
0 266 277 267 138 140 139 1
0 266 278 277 138 141 140 1
0 278 266 279 141 138 142 1
0 266 280 279 138 105 142 1
0 281 282 279 106 143 142 1
0 279 280 281 142 105 106 1
0 277 282 267 140 143 139 1
0 282 281 267 143 106 139 1
0 267 276 274 101 100 98 2
0 267 274 266 101 98 99 2
0 278 283 284 144 145 146 2
0 278 284 277 144 146 147 2
0 279 285 283 112 113 145 2
0 279 283 278 112 145 144 2
0 266 274 286 99 98 148 2
0 266 286 280 99 148 149 2
0 282 287 285 116 117 113 2
0 282 285 279 116 113 112 2
0 280 286 288 149 148 150 2
0 280 288 281 149 150 151 2
0 277 284 287 147 146 117 2
0 277 287 282 147 117 116 2
0 281 288 276 151 150 100 2
0 281 276 267 151 100 101 2
0 289 290 291 152 153 154 1
0 289 292 290 152 123 153 1
0 292 289 293 123 152 124 1
0 289 261 293 152 90 124 1
0 263 294 293 91 125 124 1
0 293 261 263 124 90 91 1
0 290 294 291 153 125 154 1
0 294 263 291 125 91 154 1
0 291 295 296 155 156 157 2
0 291 296 289 155 157 158 2
0 292 297 298 130 159 132 2
0 292 298 290 130 132 160 2
0 293 299 297 134 135 159 2
0 293 297 292 134 159 130 2
0 289 296 270 158 157 96 2
0 289 270 261 158 96 97 2
0 294 300 299 136 137 135 2
0 294 299 293 136 135 134 2
0 261 270 269 97 96 95 2
0 261 269 263 97 95 94 2
0 290 298 300 160 132 137 2
0 290 300 294 160 137 136 2
0 263 269 295 94 95 156 2
0 263 295 291 94 156 155 2
0 301 302 303 161 35 91 1
0 301 304 302 161 35 35 1
0 304 301 305 35 161 35 1
0 301 306 305 161 162 35 1
0 307 308 305 163 35 35 1
0 305 306 307 35 162 163 1
0 302 308 303 35 35 91 1
0 308 307 303 35 163 91 1
0 303 309 310 94 95 164 2
0 303 310 301 94 164 165 2
0 304 311 312 60 61 59 2
0 304 312 302 60 59 58 2
0 305 313 311 62 63 61 2
0 305 311 304 62 61 60 2
0 301 310 314 165 164 98 2
0 301 314 306 165 98 99 2
0 308 315 313 57 56 63 2
0 308 313 305 57 63 62 2
0 306 314 316 99 98 100 2
0 306 316 307 99 100 101 2
0 302 312 315 58 59 56 2
0 302 315 308 58 56 57 2
0 307 316 309 101 100 95 2
0 307 309 303 101 95 94 2
0 306 317 307 162 166 163 1
0 306 318 317 162 167 166 1
0 318 306 319 167 162 168 1
0 306 320 319 162 169 168 1
0 321 322 319 170 171 168 1
0 319 320 321 168 169 170 1
0 317 322 307 166 171 163 1
0 322 321 307 171 170 163 1
0 307 316 314 101 100 98 2
0 307 314 306 101 98 99 2
0 318 323 324 108 109 110 2
0 318 324 317 108 110 111 2
0 319 325 323 172 173 109 2
0 319 323 318 172 109 108 2
0 306 314 326 99 98 174 2
0 306 326 320 99 174 175 2
0 322 327 325 176 177 173 2
0 322 325 319 176 173 172 2
0 320 326 328 175 174 178 2
0 320 328 321 175 178 179 2
0 317 324 327 111 110 177 2
0 317 327 322 111 177 176 2
0 321 328 316 179 178 100 2
0 321 316 307 179 100 101 2
0 329 330 331 180 153 154 1
0 329 332 330 180 181 153 1
0 332 329 333 181 180 182 1
0 329 301 333 180 161 182 1
0 303 334 333 91 125 182 1
0 333 301 303 182 161 91 1
0 330 334 331 153 125 154 1
0 334 303 331 125 91 154 1
0 331 335 336 126 127 183 2
0 331 336 329 126 183 184 2
0 332 337 338 130 159 132 2
0 332 338 330 130 132 160 2
0 333 339 337 185 186 159 2
0 333 337 332 185 159 130 2
0 329 336 310 184 183 164 2
0 329 310 301 184 164 165 2
0 334 340 339 187 188 186 2
0 334 339 333 187 186 185 2
0 301 310 309 165 164 95 2
0 301 309 303 165 95 94 2
0 330 338 340 160 132 188 2
0 330 340 334 160 188 187 2
0 303 309 335 94 95 127 2
0 303 335 331 94 127 126 2
0 341 342 343 35 35 35 1
0 343 344 341 35 35 35 1
0 342 345 343 35 35 35 1
0 345 342 346 35 35 35 1
0 347 345 348 35 35 35 1
0 345 346 348 35 35 35 1
0 344 348 341 35 35 35 1
0 344 347 348 35 35 35 1
0 349 350 351 73 60 62 2
0 349 351 352 73 62 74 2
0 353 354 350 75 58 60 2
0 353 350 349 75 60 73 2
0 355 356 354 76 57 58 2
0 355 354 353 76 58 75 2
0 352 351 356 74 62 57 2
0 352 356 355 74 57 76 2
0 341 357 358 58 59 56 2
0 341 358 342 58 56 57 2
0 343 349 352 61 73 74 2
0 343 352 344 61 74 63 2
0 345 353 349 59 75 73 2
0 345 349 343 59 73 61 2
0 342 358 359 57 56 63 2
0 342 359 346 57 63 62 2
0 347 355 353 56 76 75 2
0 347 353 345 56 75 59 2
0 346 359 360 62 63 61 2
0 346 360 348 62 61 60 2
0 348 360 357 60 61 59 2
0 348 357 341 60 59 58 2
0 344 352 355 63 74 76 2
0 344 355 347 63 76 56 2
0 361 362 363 35 35 35 1
0 363 364 361 35 35 35 1
0 362 365 363 35 35 35 1
0 365 362 366 35 35 35 1
0 367 365 368 35 35 35 1
0 365 366 368 35 35 35 1
0 364 368 361 35 35 35 1
0 364 367 368 35 35 35 1
0 369 370 371 73 60 62 2
0 369 371 372 73 62 74 2
0 373 374 370 75 58 60 2
0 373 370 369 75 60 73 2
0 375 376 374 76 57 58 2
0 375 374 373 76 58 75 2
0 372 371 376 74 62 57 2
0 372 376 375 74 57 76 2
0 361 377 378 58 59 56 2
0 361 378 362 58 56 57 2
0 363 369 372 61 73 74 2
0 363 372 364 61 74 63 2
0 365 373 369 59 75 73 2
0 365 369 363 59 73 61 2
0 362 378 379 57 56 63 2
0 362 379 366 57 63 62 2
0 367 375 373 56 76 75 2
0 367 373 365 56 75 59 2
0 366 379 380 62 63 61 2
0 366 380 368 62 61 60 2
0 368 380 377 60 61 59 2
0 368 377 361 60 59 58 2
0 364 372 375 63 74 76 2
0 364 375 367 63 76 56 2
0 381 382 383 189 35 190 1
0 381 384 382 189 35 35 1
0 384 381 385 35 189 35 1
0 381 386 385 189 191 35 1
0 387 388 385 192 35 35 1
0 385 386 387 35 191 192 1
0 382 388 383 35 35 190 1
0 388 387 383 35 192 190 1
0 383 389 390 193 95 194 2
0 383 390 381 193 194 97 2
0 384 391 392 60 61 59 2
0 384 392 382 60 59 58 2
0 385 393 391 62 63 61 2
0 385 391 384 62 61 60 2
0 381 390 394 97 194 98 2
0 381 394 386 97 98 99 2
0 388 395 393 57 56 63 2
0 388 393 385 57 63 62 2
0 386 394 396 99 98 100 2
0 386 396 387 99 100 101 2
0 382 392 395 58 59 56 2
0 382 395 388 58 56 57 2
0 387 396 389 101 100 95 2
0 387 389 383 101 95 193 2
0 386 397 387 191 195 192 1
0 386 398 397 191 196 195 1
0 398 386 399 196 191 197 1
0 386 400 399 191 198 197 1
0 401 402 399 199 200 197 1
0 399 400 401 197 198 199 1
0 397 402 387 195 200 192 1
0 402 401 387 200 199 192 1
0 387 396 394 101 100 98 2
0 387 394 386 101 98 99 2
0 398 403 404 108 109 110 2
0 398 404 397 108 110 111 2
0 399 405 403 201 202 109 2
0 399 403 398 201 109 108 2
0 386 394 406 99 98 203 2
0 386 406 400 99 203 204 2
0 402 407 405 205 206 202 2
0 402 405 399 205 202 201 2
0 400 406 408 204 203 207 2
0 400 408 401 204 207 208 2
0 397 404 407 111 110 206 2
0 397 407 402 111 206 205 2
0 401 408 396 208 207 100 2
0 401 396 387 208 100 101 2
0 409 410 411 209 210 211 1
0 409 412 410 209 212 210 1
0 412 409 413 212 209 213 1
0 409 381 413 209 189 213 1
0 383 414 413 190 214 213 1
0 413 381 383 213 189 190 1
0 410 414 411 210 214 211 1
0 414 383 411 214 190 211 1
0 411 415 416 126 127 128 2
0 411 416 409 126 128 129 2
0 412 417 418 215 216 217 2
0 412 418 410 215 217 218 2
0 413 419 417 185 186 216 2
0 413 417 412 185 216 215 2
0 409 416 390 129 128 194 2
0 409 390 381 129 194 97 2
0 414 420 419 187 188 186 2
0 414 419 413 187 186 185 2
0 381 390 389 97 194 95 2
0 381 389 383 97 95 193 2
0 410 418 420 218 217 188 2
0 410 420 414 218 188 187 2
0 383 389 415 193 95 127 2
0 383 415 411 193 127 126 2
0 421 422 423 219 219 219 1
0 424 425 421 219 219 219 1
0 425 424 426 219 219 219 1
0 427 425 428 219 219 219 1
0 425 426 428 219 219 219 1
0 422 428 423 219 219 219 1
0 422 427 428 219 219 219 1
0 429 430 431 80 79 78 2
0 429 431 432 80 78 81 2
0 433 434 430 83 82 79 2
0 433 430 429 83 79 80 2
0 435 436 434 85 84 82 2
0 435 434 433 85 82 83 2
0 432 431 436 81 78 84 2
0 432 436 435 81 84 85 2
0 423 437 438 83 86 85 2
0 421 429 432 87 80 81 2
0 421 432 422 87 81 88 2
0 425 433 429 86 83 80 2
0 425 429 421 86 80 87 2
0 424 438 439 35 85 88 2
0 424 439 426 35 88 78 2
0 427 435 433 89 85 83 2
0 427 433 425 89 83 86 2
0 426 439 440 78 88 87 2
0 426 440 428 78 87 79 2
0 428 440 437 79 87 86 2
0 428 437 423 79 86 83 2
0 422 432 435 88 81 85 2
0 422 435 427 88 85 89 2
0 441 442 443 219 219 219 1
0 443 444 441 219 219 219 1
0 442 445 443 219 219 219 1
0 445 442 446 219 219 219 1
0 447 445 448 219 219 219 1
0 445 446 448 219 219 219 1
0 444 448 441 219 219 219 1
0 444 447 448 219 219 219 1
0 449 450 451 80 79 78 2
0 449 451 452 80 78 81 2
0 453 454 450 83 82 79 2
0 453 450 449 83 79 80 2
0 455 456 454 85 84 82 2
0 455 454 453 85 82 83 2
0 452 451 456 81 78 84 2
0 452 456 455 81 84 85 2
0 441 457 458 82 86 89 2
0 441 458 442 82 89 84 2
0 443 449 452 87 80 81 2
0 443 452 444 87 81 88 2
0 445 453 449 86 83 80 2
0 445 449 443 86 80 87 2
0 442 458 459 84 89 88 2
0 442 459 446 84 88 78 2
0 447 455 453 89 85 83 2
0 447 453 445 89 83 86 2
0 446 459 460 78 88 87 2
0 446 460 448 78 87 79 2
0 448 460 457 79 87 86 2
0 448 457 441 79 86 82 2
0 444 452 455 88 81 85 2
0 444 455 447 88 85 89 2
0 461 462 463 219 219 219 1
0 463 464 461 219 219 219 1
0 462 465 463 219 219 219 1
0 465 462 466 219 219 219 1
0 467 465 468 219 219 219 1
0 465 466 468 219 219 219 1
0 464 468 461 219 219 219 1
0 464 467 468 219 219 219 1
0 469 470 471 80 79 78 2
0 469 471 472 80 78 81 2
0 473 474 470 83 82 79 2
0 473 470 469 83 79 80 2
0 475 476 474 85 84 82 2
0 475 474 473 85 82 83 2
0 472 471 476 81 78 84 2
0 472 476 475 81 84 85 2
0 461 477 478 82 86 89 2
0 461 478 462 82 89 84 2
0 463 469 472 87 80 81 2
0 463 472 464 87 81 88 2
0 465 473 469 86 83 80 2
0 465 469 463 86 80 87 2
0 462 478 479 84 89 88 2
0 462 479 466 84 88 78 2
0 467 475 473 89 85 83 2
0 467 473 465 89 83 86 2
0 466 479 480 78 88 87 2
0 466 480 468 78 87 79 2
0 468 480 477 79 87 86 2
0 468 477 461 79 86 82 2
0 464 472 475 88 81 85 2
0 464 475 467 88 85 89 2
"1_Blz_Top" 0 1
10
0 -18.000000 33.285717 -15.000000 0.000000 0.761030 -1
0 -10.000000 41.714283 1.928572 0.222222 0.978275 -1
0 -10.000000 41.714283 -15.000000 0.222222 0.978275 -1
0 -2.000000 42.714283 1.928572 0.444444 1.000000 -1
0 -2.000000 42.714283 -15.000000 0.444444 1.000000 -1
0 7.000000 41.714283 1.928572 0.694444 0.978275 -1
0 7.000000 41.714283 -15.000000 0.694444 0.978275 -1
0 18.000000 33.285717 1.928572 1.000000 0.761030 -1
0 18.000000 33.285717 -15.000000 1.000000 0.761030 -1
0 -18.000000 33.285717 1.928572 0.000000 0.761030 -1
8
-0.725306 0.688427 0.000000
-0.553538 0.832824 0.000000
-0.342172 0.939637 0.000000
-0.046162 0.998934 0.000000
0.032475 0.999473 0.000000
0.285646 0.958335 0.000000
0.457149 0.889390 0.000000
0.608215 0.793772 0.000000
8
0 0 1 2 0 1 2 3
0 2 1 3 2 1 3 3
0 2 3 4 2 3 4 3
0 4 3 5 4 3 5 3
0 4 5 6 4 5 6 3
0 6 5 7 6 5 7 3
0 6 7 8 6 7 7 3
0 0 9 1 0 0 1 3

Materials: 4
"Blz"
0.200000 0.200000 0.200000 1.000000
0.800000 0.800000 0.800000 1.000000
0.000000 0.000000 0.000000 1.000000
0.000000 0.000000 0.000000 1.000000
0.000000
1.000000
"..\Image\brick01.tga"
""
"Blz_Other"
0.200000 0.200000 0.200000 1.000000
0.800000 0.800000 0.800000 1.000000
0.000000 0.000000 0.000000 1.000000
0.000000 0.000000 0.000000 1.000000
0.000000
1.000000
"..\Image\Blz_Round_Gate_Windows.tga"
""
"Grass"
0.200000 0.200000 0.200000 1.000000
0.800000 0.800000 0.800000 1.000000
0.000000 0.000000 0.000000 1.000000
0.000000 0.000000 0.000000 1.000000
0.000000
1.000000
"..\Image\grass.tga"
""
"Material01"
0.200000 0.200000 0.200000 1.000000
0.800000 0.800000 0.800000 1.000000
0.000000 0.000000 0.000000 1.000000
0.000000 0.000000 0.000000 1.000000
0.000000
1.000000
"..\Image\window.tga"
""

Bones: 0
GroupComments: 0
MaterialComments: 0
BoneComments: 0
ModelComment: 0
