// MilkShape 3D ASCII

Frames: 30
Frame: 1

Meshes: 3
"1_Blz" 0 0
8
0 16.000000 34.000000 -16.000000 1.562500 5.000000 -1
0 0.000000 34.000000 -16.000000 0.000000 5.000000 -1
0 0.000000 34.000000 3.000000 0.000000 5.000000 -1
0 16.000000 34.000000 3.000000 1.562500 5.000000 -1
0 16.000000 0.000000 -16.000000 1.562500 0.000000 -1
0 0.000000 0.000000 -16.000000 0.000000 0.000000 -1
0 0.000000 0.000000 3.000000 0.000000 0.000000 -1
0 16.000000 0.000000 3.000000 1.562500 0.000000 -1
9
0.000000 1.000000 0.000000
0.447214 0.000000 -0.894427
0.894427 0.000000 -0.447214
-0.447214 0.000000 -0.894427
-0.894427 0.000000 -0.447214
-0.894427 0.000000 0.447214
-0.447214 0.000000 0.894427
0.447214 0.000000 0.894427
0.894427 0.000000 0.447214
10
0 0 1 2 0 0 0 1
0 0 2 3 0 0 0 1
0 0 4 5 1 2 3 2
0 0 5 1 1 3 4 2
0 1 5 6 4 3 5 2
0 1 6 2 4 5 6 2
0 2 6 7 6 5 7 2
0 2 7 3 6 7 8 2
0 3 7 4 8 7 2 2
0 3 4 0 8 2 1 2
"1_Blz_Frame" 0 2
96
0 -1.000000 5.000000 4.000000 0.000000 0.000000 -1
0 8.000000 6.000000 4.000000 0.000000 0.000000 -1
0 -1.000000 6.000000 4.000000 0.000000 0.000000 -1
0 9.000000 5.000000 4.000000 0.000000 0.000000 -1
0 8.000000 29.000000 4.000000 0.000000 0.000000 -1
0 9.000000 30.000000 4.000000 0.000000 0.000000 -1
0 -1.000000 30.000000 4.000000 0.000000 0.000000 -1
0 -1.000000 29.000000 4.000000 0.000000 0.000000 -1
0 8.000000 6.000000 3.000000 0.000000 0.000000 -1
0 -1.000000 6.000000 3.000000 0.000000 0.000000 -1
0 -1.000000 5.000000 3.000000 0.000000 0.000000 -1
0 9.000000 5.000000 3.000000 0.000000 0.000000 -1
0 8.000000 29.000000 3.000000 0.000000 0.000000 -1
0 9.000000 30.000000 3.000000 0.000000 0.000000 -1
0 -1.000000 30.000000 3.000000 0.000000 0.000000 -1
0 -1.000000 29.000000 3.000000 0.000000 0.000000 -1
0 -1.000000 6.000000 -9.000000 0.000000 0.000000 -1
0 -1.000000 5.000000 -9.000000 0.000000 0.000000 -1
0 0.000000 6.000000 -9.000000 0.000000 0.000000 -1
0 0.000000 5.000000 -9.000000 0.000000 0.000000 -1
0 0.000000 6.000000 3.000000 0.000000 0.000000 -1
0 0.000000 5.000000 3.000000 0.000000 0.000000 -1
0 -1.000000 30.000000 -9.000000 0.000000 0.000000 -1
0 -1.000000 29.000000 -9.000000 0.000000 0.000000 -1
0 0.000000 30.000000 -9.000000 0.000000 0.000000 -1
0 0.000000 29.000000 -9.000000 0.000000 0.000000 -1
0 0.000000 30.000000 3.000000 0.000000 0.000000 -1
0 0.000000 29.000000 3.000000 0.000000 0.000000 -1
0 -1.000000 5.000000 -8.000000 0.000000 0.000000 -1
0 -1.000000 30.000000 -8.000000 0.000000 0.000000 -1
0 0.000000 5.000000 -8.000000 0.000000 0.000000 -1
0 0.000000 30.000000 -8.000000 0.000000 0.000000 -1
0 9.956483 15.839539 3.777778 0.000000 0.000000 -1
0 10.105100 15.455112 3.777778 0.000000 0.000000 -1
0 15.144901 15.455112 3.777778 0.000000 0.000000 -1
0 15.293518 15.839539 3.777778 0.000000 0.000000 -1
0 10.105100 12.544886 3.777778 0.000000 0.000000 -1
0 9.956483 12.160463 3.777778 0.000000 0.000000 -1
0 15.293518 12.160463 3.777778 0.000000 0.000000 -1
0 15.144901 12.544886 3.777778 0.000000 0.000000 -1
0 10.105100 15.455112 3.277778 0.000000 0.000000 -1
0 15.144901 15.455112 3.277778 0.000000 0.000000 -1
0 15.293518 15.839539 2.777778 0.000000 0.000000 -1
0 9.956483 15.839539 2.777778 0.000000 0.000000 -1
0 10.105100 12.544886 3.277778 0.000000 0.000000 -1
0 9.956483 12.160463 2.777778 0.000000 0.000000 -1
0 15.144901 12.544886 3.277778 0.000000 0.000000 -1
0 15.293518 12.160463 2.777778 0.000000 0.000000 -1
0 9.956483 20.964539 3.777778 0.000000 0.000000 -1
0 10.105100 20.580112 3.777778 0.000000 0.000000 -1
0 15.144901 20.580112 3.777778 0.000000 0.000000 -1
0 15.293518 20.964539 3.777778 0.000000 0.000000 -1
0 10.105100 17.669886 3.777778 0.000000 0.000000 -1
0 9.956483 17.285463 3.777778 0.000000 0.000000 -1
0 15.293518 17.285463 3.777778 0.000000 0.000000 -1
0 15.144901 17.669886 3.777778 0.000000 0.000000 -1
0 10.105100 20.580112 3.277778 0.000000 0.000000 -1
0 15.144901 20.580112 3.277778 0.000000 0.000000 -1
0 15.293518 20.964539 2.777778 0.000000 0.000000 -1
0 9.956483 20.964539 2.777778 0.000000 0.000000 -1
0 10.105100 17.669886 3.277778 0.000000 0.000000 -1
0 9.956483 17.285463 2.777778 0.000000 0.000000 -1
0 15.144901 17.669886 3.277778 0.000000 0.000000 -1
0 15.293518 17.285463 2.777778 0.000000 0.000000 -1
0 9.956483 26.339539 3.777778 0.000000 0.000000 -1
0 10.105100 25.955112 3.777778 0.000000 0.000000 -1
0 15.144901 25.955112 3.777778 0.000000 0.000000 -1
0 15.293518 26.339539 3.777778 0.000000 0.000000 -1
0 10.105100 23.044886 3.777778 0.000000 0.000000 -1
0 9.956483 22.660463 3.777778 0.000000 0.000000 -1
0 15.293518 22.660463 3.777778 0.000000 0.000000 -1
0 15.144901 23.044886 3.777778 0.000000 0.000000 -1
0 10.105100 25.955112 3.277778 0.000000 0.000000 -1
0 15.144901 25.955112 3.277778 0.000000 0.000000 -1
0 15.293518 26.339539 2.777778 0.000000 0.000000 -1
0 9.956483 26.339539 2.777778 0.000000 0.000000 -1
0 10.105100 23.044886 3.277778 0.000000 0.000000 -1
0 9.956483 22.660463 2.777778 0.000000 0.000000 -1
0 15.144901 23.044886 3.277778 0.000000 0.000000 -1
0 15.293518 22.660463 2.777778 0.000000 0.000000 -1
0 9.956483 10.839539 3.777778 0.000000 0.000000 -1
0 10.105100 10.455112 3.777778 0.000000 0.000000 -1
0 15.144901 10.455112 3.777778 0.000000 0.000000 -1
0 15.293518 10.839539 3.777778 0.000000 0.000000 -1
0 10.105100 7.544886 3.777778 0.000000 0.000000 -1
0 9.956483 7.160463 3.777778 0.000000 0.000000 -1
0 15.293518 7.160463 3.777778 0.000000 0.000000 -1
0 15.144901 7.544886 3.777778 0.000000 0.000000 -1
0 10.105100 10.455112 3.277778 0.000000 0.000000 -1
0 15.144901 10.455112 3.277778 0.000000 0.000000 -1
0 15.293518 10.839539 2.777778 0.000000 0.000000 -1
0 9.956483 10.839539 2.777778 0.000000 0.000000 -1
0 10.105100 7.544886 3.277778 0.000000 0.000000 -1
0 9.956483 7.160463 2.777778 0.000000 0.000000 -1
0 15.144901 7.544886 3.277778 0.000000 0.000000 -1
0 15.293518 7.160463 2.777778 0.000000 0.000000 -1
26
0.000000 0.000000 1.000000
-0.447214 0.894427 0.000000
-0.894427 0.447214 0.000000
-0.235702 0.942809 0.235702
-0.577350 -0.577350 0.577350
-0.447214 -0.894427 0.000000
0.447214 -0.894427 0.000000
0.894427 -0.447214 0.000000
-0.894427 -0.447214 0.000000
0.894427 0.447214 0.000000
0.447214 0.894427 0.000000
-0.242536 0.970142 0.000000
-0.707107 -0.707107 0.000000
-1.000000 0.000000 0.000000
0.000000 0.316228 -0.948683
0.000000 0.554700 -0.832050
0.000000 -0.447214 -0.894427
0.000000 -0.894427 -0.447214
0.000000 0.447214 0.894427
0.000000 -0.894427 0.447214
0.000000 0.447214 -0.894427
0.000000 0.894427 -0.447214
0.000000 -0.316228 -0.948683
0.000000 -0.554700 -0.832050
0.000000 1.000000 0.000000
0.000000 -1.000000 0.000000
206
0 0 1 2 0 0 0 1
0 0 3 1 0 0 0 1
0 4 1 3 0 0 0 1
0 5 4 3 0 0 0 1
0 5 6 7 0 0 0 1
0 4 5 7 0 0 0 1
0 1 8 9 1 2 3 2
0 1 9 2 1 3 2 2
0 2 9 10 2 3 4 2
0 2 10 0 2 4 5 2
0 0 10 11 5 4 6 2
0 0 11 3 5 6 7 2
0 4 12 8 8 5 2 2
0 4 8 1 8 2 1 2
0 3 11 13 7 6 9 2
0 3 13 5 7 9 10 2
0 5 13 14 10 9 11 2
0 5 14 6 10 11 2 2
0 6 14 15 2 11 12 2
0 6 15 7 2 12 5 2
0 7 15 12 5 12 5 2
0 7 12 4 5 5 8 2
0 16 17 9 13 13 13 1
0 10 9 17 13 13 13 1
0 16 18 19 14 15 16 2
0 16 19 17 14 16 17 2
0 9 20 18 3 18 15 2
0 9 18 16 3 15 14 2
0 10 21 20 4 19 18 2
0 10 20 9 4 18 3 2
0 17 19 21 17 16 19 2
0 17 21 10 17 19 4 2
0 22 23 14 13 13 13 1
0 15 14 23 13 13 13 1
0 22 24 25 20 21 22 2
0 22 25 23 20 22 23 2
0 14 26 24 11 24 21 2
0 14 24 22 11 21 20 2
0 23 25 27 23 22 25 2
0 23 27 15 23 25 12 2
0 23 16 28 13 13 13 1
0 29 23 28 13 13 13 1
0 23 25 18 23 22 15 2
0 23 18 16 23 15 14 2
0 28 30 31 0 0 0 2
0 28 31 29 0 0 0 2
0 32 33 34 0 0 0 1
0 34 35 32 0 0 0 1
0 36 33 32 0 0 0 1
0 36 32 37 0 0 0 1
0 38 39 36 0 0 0 1
0 37 38 36 0 0 0 1
0 35 34 39 0 0 0 1
0 38 35 39 0 0 0 1
0 40 40 41 7 7 5 2
0 40 41 41 7 5 5 2
0 42 42 43 9 9 1 2
0 42 43 43 9 1 1 2
0 44 44 40 10 10 7 2
0 44 40 40 10 7 7 2
0 43 43 45 1 1 8 2
0 43 45 45 1 8 8 2
0 46 46 44 2 2 10 2
0 46 44 44 2 10 10 2
0 45 45 47 8 8 6 2
0 45 47 47 8 6 6 2
0 41 41 46 5 5 2 2
0 41 46 46 5 2 2 2
0 47 47 42 6 6 9 2
0 47 42 42 6 9 9 2
0 33 40 41 6 7 5 2
0 33 41 34 6 5 8 2
0 35 42 43 10 9 1 2
0 35 43 32 10 1 2 2
0 36 44 40 9 10 7 2
0 36 40 33 9 7 6 2
0 32 43 45 2 1 8 2
0 32 45 37 2 8 5 2
0 39 46 44 1 2 10 2
0 39 44 36 1 10 9 2
0 37 45 47 5 8 6 2
0 37 47 38 5 6 7 2
0 34 41 46 8 5 2 2
0 34 46 39 8 2 1 2
0 38 47 42 7 6 9 2
0 38 42 35 7 9 10 2
0 48 49 50 0 0 0 1
0 50 51 48 0 0 0 1
0 52 49 48 0 0 0 1
0 52 48 53 0 0 0 1
0 54 55 52 0 0 0 1
0 53 54 52 0 0 0 1
0 51 50 55 0 0 0 1
0 54 51 55 0 0 0 1
0 56 56 57 7 7 5 2
0 56 57 57 7 5 5 2
0 58 58 59 9 9 1 2
0 58 59 59 9 1 1 2
0 60 60 56 10 10 7 2
0 60 56 56 10 7 7 2
0 59 59 61 1 1 8 2
0 59 61 61 1 8 8 2
0 62 62 60 2 2 10 2
0 62 60 60 2 10 10 2
0 61 61 63 8 8 6 2
0 61 63 63 8 6 6 2
0 57 57 62 5 5 2 2
0 57 62 62 5 2 2 2
0 63 63 58 6 6 9 2
0 63 58 58 6 9 9 2
0 49 56 57 6 7 5 2
0 49 57 50 6 5 8 2
0 51 58 59 10 9 1 2
0 51 59 48 10 1 2 2
0 52 60 56 9 10 7 2
0 52 56 49 9 7 6 2
0 48 59 61 2 1 8 2
0 48 61 53 2 8 5 2
0 55 62 60 1 2 10 2
0 55 60 52 1 10 9 2
0 53 61 63 5 8 6 2
0 53 63 54 5 6 7 2
0 50 57 62 8 5 2 2
0 50 62 55 8 2 1 2
0 54 63 58 7 6 9 2
0 54 58 51 7 9 10 2
0 64 65 66 0 0 0 1
0 66 67 64 0 0 0 1
0 68 65 64 0 0 0 1
0 68 64 69 0 0 0 1
0 70 71 68 0 0 0 1
0 69 70 68 0 0 0 1
0 67 66 71 0 0 0 1
0 70 67 71 0 0 0 1
0 72 72 73 7 7 5 2
0 72 73 73 7 5 5 2
0 74 74 75 9 9 1 2
0 74 75 75 9 1 1 2
0 76 76 72 10 10 7 2
0 76 72 72 10 7 7 2
0 75 75 77 1 1 8 2
0 75 77 77 1 8 8 2
0 78 78 76 2 2 10 2
0 78 76 76 2 10 10 2
0 77 77 79 8 8 6 2
0 77 79 79 8 6 6 2
0 73 73 78 5 5 2 2
0 73 78 78 5 2 2 2
0 79 79 74 6 6 9 2
0 79 74 74 6 9 9 2
0 65 72 73 6 7 5 2
0 65 73 66 6 5 8 2
0 67 74 75 10 9 1 2
0 67 75 64 10 1 2 2
0 68 76 72 9 10 7 2
0 68 72 65 9 7 6 2
0 64 75 77 2 1 8 2
0 64 77 69 2 8 5 2
0 71 78 76 1 2 10 2
0 71 76 68 1 10 9 2
0 69 77 79 5 8 6 2
0 69 79 70 5 6 7 2
0 66 73 78 8 5 2 2
0 66 78 71 8 2 1 2
0 70 79 74 7 6 9 2
0 70 74 67 7 9 10 2
0 80 81 82 0 0 0 1
0 82 83 80 0 0 0 1
0 84 81 80 0 0 0 1
0 84 80 85 0 0 0 1
0 86 87 84 0 0 0 1
0 85 86 84 0 0 0 1
0 83 82 87 0 0 0 1
0 86 83 87 0 0 0 1
0 88 88 89 7 7 5 2
0 88 89 89 7 5 5 2
0 90 90 91 9 9 1 2
0 90 91 91 9 1 1 2
0 92 92 88 10 10 7 2
0 92 88 88 10 7 7 2
0 91 91 93 1 1 8 2
0 91 93 93 1 8 8 2
0 94 94 92 2 2 10 2
0 94 92 92 2 10 10 2
0 93 93 95 8 8 6 2
0 93 95 95 8 6 6 2
0 89 89 94 5 5 2 2
0 89 94 94 5 2 2 2
0 95 95 90 6 6 9 2
0 95 90 90 6 9 9 2
0 81 88 89 6 7 5 2
0 81 89 82 6 5 8 2
0 83 90 91 10 9 1 2
0 83 91 80 10 1 2 2
0 84 92 88 9 10 7 2
0 84 88 81 9 7 6 2
0 80 91 93 2 1 8 2
0 80 93 85 2 8 5 2
0 87 94 92 1 2 10 2
0 87 92 84 1 10 9 2
0 85 93 95 5 8 6 2
0 85 95 86 5 6 7 2
0 82 89 94 8 5 2 2
0 82 94 87 8 2 1 2
0 86 95 90 7 6 9 2
0 86 90 83 7 9 10 2
"1_Blz_Windows" 0 1
22
0 10.105100 12.544886 3.277778 0.000000 0.000000 -1
0 15.144901 15.455112 3.277778 0.000000 0.000000 -1
0 10.105100 15.455112 3.277778 0.000000 0.000000 -1
0 15.144901 12.544886 3.277778 0.000000 0.000000 -1
0 -0.473682 6.000000 3.342106 0.000000 0.000000 -1
0 8.000000 6.000000 3.342106 0.000000 0.000000 -1
0 -0.473682 29.000000 3.342106 0.000000 0.000000 -1
0 8.000000 29.000000 3.342106 0.000000 0.000000 -1
0 -0.421051 28.987501 -8.043629 0.000000 0.000000 -1
0 -0.421051 5.987501 -8.043631 0.000000 0.000000 -1
0 10.105100 17.669886 3.277778 0.000000 0.000000 -1
0 15.144901 20.580112 3.277778 0.000000 0.000000 -1
0 10.105100 20.580112 3.277778 0.000000 0.000000 -1
0 15.144901 17.669886 3.277778 0.000000 0.000000 -1
0 10.105100 23.044886 3.277778 0.000000 0.000000 -1
0 15.144901 25.955112 3.277778 0.000000 0.000000 -1
0 10.105100 25.955112 3.277778 0.000000 0.000000 -1
0 15.144901 23.044886 3.277778 0.000000 0.000000 -1
0 10.105100 7.544886 3.277778 0.000000 0.000000 -1
0 15.144901 10.455112 3.277778 0.000000 0.000000 -1
0 10.105100 10.455112 3.277778 0.000000 0.000000 -1
0 15.144901 7.544886 3.277778 0.000000 0.000000 -1
5
0.000000 0.000000 1.000000
-0.708739 0.000000 0.705471
-0.708739 0.000000 0.705471
-0.999989 0.000000 -0.004622
-0.999989 0.000000 -0.004622
12
0 0 1 2 0 0 0 1
0 0 3 1 0 0 0 1
0 4 5 6 1 0 2 1
0 5 7 6 0 0 2 1
0 6 8 9 2 3 4 1
0 4 6 9 1 2 4 1
0 10 11 12 0 0 0 1
0 10 13 11 0 0 0 1
0 14 15 16 0 0 0 1
0 14 17 15 0 0 0 1
0 18 19 20 0 0 0 1
0 18 21 19 0 0 0 1

Materials: 3
"Blz"
0.200000 0.200000 0.200000 1.000000
0.800000 0.800000 0.800000 1.000000
0.000000 0.000000 0.000000 1.000000
0.000000 0.000000 0.000000 1.000000
0.000000
1.000000
"..\Image\brick01.tga"
""
"Windows"
0.200000 0.200000 0.200000 1.000000
0.800000 0.800000 0.800000 1.000000
0.000000 0.000000 0.000000 1.000000
0.000000 0.000000 0.000000 1.000000
0.000000
1.000000
"..\Image\window.tga"
""
"Material01"
0.200000 0.200000 0.200000 1.000000
0.800000 0.800000 0.800000 1.000000
0.000000 0.000000 0.000000 1.000000
0.000000 0.000000 0.000000 1.000000
0.000000
1.000000
"..\Image\Blz_Round_Gate_Windows.tga"
""

Bones: 0
GroupComments: 0
MaterialComments: 0
BoneComments: 0
ModelComment: 0
