// MilkShape 3D ASCII

Frames: 30
Frame: 1

Meshes: 2
"Plane04" 0 0
13
0 -5.369288 22.183458 0.000000 0.240684 0.711298 -1
0 -4.196504 16.591728 0.000000 0.174939 0.572022 -1
0 -0.000001 16.591728 0.000000 0.143303 0.609491 -1
0 -0.000001 19.201202 0.000000 0.187985 0.698420 -1
0 4.196502 16.591728 0.000000 0.129793 0.659154 -1
0 5.369286 22.183458 0.000000 0.184905 0.775819 -1
0 -4.196504 5.781054 0.000000 0.146497 0.493544 -1
0 -0.000001 5.781054 0.000000 0.115867 0.536239 -1
0 4.196502 5.781054 0.000000 0.091280 0.551059 -1
0 -6.729625 5.408272 0.000000 0.175898 0.452001 -1
0 -0.000001 5.408272 0.000000 0.113081 0.529508 -1
0 6.729625 5.408272 0.000000 0.052277 0.593078 -1
0 -0.028428 -0.183458 0.000000 0.018123 0.306336 -1
1
0.000000 0.000000 1.000000
14
0 0 1 2 0 0 0 1
0 0 2 3 0 0 0 1
0 2 4 5 0 0 0 1
0 2 5 3 0 0 0 1
0 6 7 2 0 0 0 1
0 6 2 1 0 0 0 1
0 2 7 8 0 0 0 1
0 2 8 4 0 0 0 1
0 6 9 10 0 0 0 1
0 6 10 7 0 0 0 1
0 10 11 8 0 0 0 1
0 10 8 7 0 0 0 1
0 12 10 9 0 0 0 1
0 10 12 11 0 0 0 1
"Duplicate02" 0 0
13
0 -0.000001 16.591728 -0.333333 0.143303 0.609491 -1
0 -4.196504 16.591728 -0.333333 0.174939 0.572022 -1
0 -5.369288 22.183458 -0.333333 0.240684 0.711298 -1
0 -0.000001 19.201202 -0.333333 0.187985 0.698420 -1
0 5.369286 22.183458 -0.333333 0.184905 0.775819 -1
0 4.196502 16.591728 -0.333333 0.129793 0.659154 -1
0 -0.000001 5.781054 -0.333333 0.115867 0.536239 -1
0 -4.196504 5.781054 -0.333333 0.146497 0.493544 -1
0 4.196502 5.781054 -0.333333 0.091280 0.551059 -1
0 -0.000001 5.408272 -0.333333 0.113081 0.529508 -1
0 -6.729625 5.408272 -0.333333 0.175898 0.452001 -1
0 6.729625 5.408272 -0.333333 0.052277 0.593078 -1
0 -0.028428 -0.183458 -0.333333 0.018123 0.306336 -1
1
0.000000 0.000000 -1.000000
14
1 0 1 2 0 0 0 1
1 3 0 2 0 0 0 1
1 4 5 0 0 0 0 1
1 3 4 0 0 0 0 1
1 0 6 7 0 0 0 1
1 1 0 7 0 0 0 1
1 8 6 0 0 0 0 1
1 5 8 0 0 0 0 1
1 9 10 7 0 0 0 1
1 6 9 7 0 0 0 1
1 8 11 9 0 0 0 1
1 6 8 9 0 0 0 1
1 10 9 12 0 0 0 1
1 11 12 9 0 0 0 1

Materials: 1
"Material02"
0.200000 0.200000 0.200000 1.000000
0.800000 0.800000 0.800000 1.000000
0.000000 0.000000 0.000000 1.000000
0.000000 0.000000 0.000000 1.000000
0.000000
1.000000
"..\Image\RunTimeItem.tga"
""

Bones: 0
GroupComments: 0
MaterialComments: 0
BoneComments: 0
ModelComment: 0
