// MilkShape 3D ASCII

Frames: 30
Frame: 1

Meshes: 1
"0_Regroup01" 1 0
283
1 -10.000000 1.000000 16.200001 0.187500 1.000000 -1
1 -10.000000 1.000000 12.150001 0.187500 0.875000 -1
1 -10.000000 0.750000 12.150001 0.187500 0.875000 -1
1 -10.000000 0.750000 16.200001 0.187500 1.000000 -1
1 -10.000000 0.000000 0.000000 0.187500 0.500000 -1
1 -11.500000 0.000000 0.000000 0.140625 0.500000 -1
1 -11.500000 0.000000 4.050000 0.140625 0.625000 -1
1 -10.000000 0.000000 4.050000 0.187500 0.625000 -1
1 -10.000000 1.000000 -16.116667 0.187500 0.000000 -1
1 -10.000000 0.750000 -16.116667 0.187500 0.000000 -1
1 -10.000000 0.750000 -12.087500 0.187500 0.125000 -1
1 -10.000000 1.000000 -12.087500 0.187500 0.125000 -1
1 -10.000000 0.000000 -4.029167 0.187500 0.375000 -1
1 -11.500000 0.000000 -4.029167 0.140625 0.375000 -1
1 -10.000000 1.000000 -8.037500 0.187500 0.250000 -1
1 -9.750000 1.000000 -8.037500 0.195313 0.250000 -1
1 -9.000000 1.000000 -16.116667 0.218750 0.000000 -1
1 -9.250000 1.000000 -16.116667 0.210938 0.000000 -1
1 -9.000000 1.000000 -8.037500 0.218750 0.250000 -1
1 -9.000000 0.750000 -8.037500 0.226563 0.250000 -1
1 -9.000000 0.750000 -16.116667 0.226563 0.000000 -1
1 -9.000000 0.000000 -16.116667 0.250000 0.000000 -1
1 -9.000000 0.000000 -8.037500 0.250000 0.250000 -1
1 -6.750000 0.000000 -8.037500 0.312500 0.250000 -1
1 -6.750000 0.000000 -16.116667 0.312500 0.000000 -1
1 10.000000 0.000000 0.000000 0.812500 0.500000 -1
1 10.000000 0.250000 0.000000 0.812500 0.500000 -1
1 10.000000 0.250000 4.050000 0.812500 0.625000 -1
1 10.000000 0.000000 16.200001 0.812500 1.000000 -1
1 10.000000 0.000000 12.150001 0.812500 0.875000 -1
1 10.000000 0.250000 16.200001 0.812500 1.000000 -1
1 16.000000 0.000000 16.200001 1.000000 1.000000 -1
1 16.000000 0.000000 12.150001 1.000000 0.875000 -1
1 14.500000 0.000000 12.150001 0.953125 0.875000 -1
1 11.500000 0.000000 16.200001 0.859375 1.000000 -1
1 10.000000 0.000000 -4.029167 0.812500 0.375000 -1
1 10.000000 0.250000 -4.029167 0.812500 0.375000 -1
1 10.000000 1.000000 0.000000 0.812500 0.500000 -1
1 10.000000 0.750000 0.000000 0.812500 0.500000 -1
1 10.000000 1.000000 -4.029167 0.812500 0.375000 -1
1 16.000000 0.000000 -16.116667 1.000000 0.000000 -1
1 14.500000 0.000000 -16.116667 0.953125 0.000000 -1
1 14.500000 0.000000 -12.087500 0.953125 0.125000 -1
1 16.000000 0.000000 0.000000 1.000000 0.500000 -1
1 16.000000 0.000000 -4.029167 1.000000 0.375000 -1
1 14.500000 0.000000 0.000000 0.953125 0.500000 -1
1 9.000000 1.000000 16.200001 0.781250 1.000000 -1
1 9.250000 1.000000 16.200001 0.789063 1.000000 -1
1 9.250000 1.000000 8.120834 0.789063 0.750000 -1
1 9.000000 1.000000 8.120834 0.781250 0.750000 -1
1 9.000000 0.000000 16.200001 0.750000 1.000000 -1
1 9.000000 0.250000 16.200001 0.757813 1.000000 -1
1 9.000000 0.250000 8.120834 0.757813 0.750000 -1
1 9.000000 0.000000 -16.116667 0.750000 0.000000 -1
1 9.000000 0.000000 -8.037500 0.750000 0.250000 -1
1 9.000000 0.250000 -16.116667 0.757813 0.000000 -1
1 0.000000 0.000000 16.200001 0.500000 1.000000 -1
1 2.250000 0.000000 16.200001 0.562500 1.000000 -1
1 2.250000 0.000000 8.120834 0.562500 0.750000 -1
1 0.000000 0.000000 -16.116667 0.500000 0.000000 -1
1 0.000000 0.000000 -8.037500 0.500000 0.250000 -1
1 2.250000 0.000000 -16.116667 0.562500 0.000000 -1
1 -10.000000 0.250000 4.050000 0.187500 0.625000 -1
1 -10.000000 0.250000 0.000000 0.187500 0.500000 -1
1 -10.000000 1.000000 0.000000 0.187500 0.500000 -1
1 -10.000000 0.750000 0.000000 0.187500 0.500000 -1
1 -10.000000 1.000000 4.050000 0.187500 0.625000 -1
1 -10.000000 1.000000 8.100000 0.187500 0.750000 -1
1 -10.000000 0.750000 4.050000 0.187500 0.625000 -1
1 -10.000000 0.750000 8.100000 0.187500 0.750000 -1
1 -10.000000 0.000000 16.200001 0.187500 1.000000 -1
1 -10.000000 0.250000 16.200001 0.187500 1.000000 -1
1 -10.000000 0.000000 12.150001 0.187500 0.875000 -1
1 -10.000000 0.500000 8.100000 0.187500 0.750000 -1
1 -10.000000 0.250000 8.100000 0.187500 0.750000 -1
1 -10.000000 0.500000 12.150001 0.187500 0.875000 -1
1 -16.000000 0.000000 16.200001 0.000000 1.000000 -1
1 -14.500000 0.000000 12.150001 0.046875 0.875000 -1
1 -16.000000 0.000000 12.150001 0.000000 0.875000 -1
1 -16.000000 0.000000 0.000000 0.000000 0.500000 -1
1 -16.000000 0.000000 4.050000 0.000000 0.625000 -1
1 -14.500000 0.000000 0.000000 0.046875 0.500000 -1
1 -13.000000 0.000000 0.000000 0.093750 0.500000 -1
1 -14.500000 0.000000 4.050000 0.046875 0.625000 -1
1 -13.000000 0.000000 4.050000 0.093750 0.625000 -1
1 -11.500000 0.000000 16.200001 0.140625 1.000000 -1
1 -14.500000 0.000000 16.200001 0.046875 1.000000 -1
1 -13.000000 0.000000 8.100000 0.093750 0.750000 -1
1 -13.000000 0.000000 12.150001 0.093750 0.875000 -1
1 -11.500000 0.000000 8.100000 0.140625 0.750000 -1
1 -10.000000 0.250000 -4.029167 0.187500 0.375000 -1
1 -10.000000 0.000000 -16.116667 0.187500 0.000000 -1
1 -10.000000 0.000000 -12.087500 0.187500 0.125000 -1
1 -10.000000 0.250000 -16.116667 0.187500 0.000000 -1
1 -10.000000 0.500000 -16.116667 0.187500 0.000000 -1
1 -10.000000 0.250000 -12.087500 0.187500 0.125000 -1
1 -10.000000 0.500000 -12.087500 0.187500 0.125000 -1
1 -10.000000 1.000000 -4.029167 0.187500 0.375000 -1
1 -10.000000 0.500000 -8.058333 0.187500 0.250000 -1
1 -10.000000 0.500000 -4.029167 0.187500 0.375000 -1
1 -10.000000 0.750000 -8.058333 0.187500 0.250000 -1
1 -16.000000 0.000000 -16.116667 0.000000 0.000000 -1
1 -14.500000 0.000000 -12.087500 0.046875 0.125000 -1
1 -14.500000 0.000000 -16.116667 0.046875 0.000000 -1
1 -11.500000 0.000000 -16.116667 0.140625 0.000000 -1
1 -10.000000 0.000000 -8.058333 0.187500 0.250000 -1
1 -11.500000 0.000000 -12.087500 0.140625 0.125000 -1
1 -11.500000 0.000000 -8.058333 0.140625 0.250000 -1
1 -16.000000 0.000000 -4.029167 0.000000 0.375000 -1
1 -16.000000 0.000000 -12.087500 0.000000 0.125000 -1
1 -13.000000 0.000000 -8.058333 0.093750 0.250000 -1
1 -14.500000 0.000000 -8.058333 0.046875 0.250000 -1
1 -13.000000 0.000000 -4.029167 0.093750 0.375000 -1
1 -9.000000 1.000000 16.200001 0.218750 1.000000 -1
1 -9.250000 1.000000 8.120834 0.210938 0.750000 -1
1 -9.250000 1.000000 16.200001 0.210938 1.000000 -1
1 -9.750000 1.000000 16.200001 0.195313 1.000000 -1
1 -10.000000 1.000000 8.120834 0.187500 0.750000 -1
1 -10.000000 1.000000 0.041667 0.187500 0.500000 -1
1 -9.750000 1.000000 8.120834 0.195313 0.750000 -1
1 -9.750000 1.000000 0.041667 0.195313 0.500000 -1
1 -9.000000 1.000000 8.120834 0.218750 0.750000 -1
1 -9.750000 1.000000 -16.116667 0.195313 0.000000 -1
1 -9.500000 1.000000 -16.116667 0.203125 0.000000 -1
1 -9.500000 1.000000 -8.037500 0.203125 0.250000 -1
1 -9.250000 1.000000 -8.037500 0.210938 0.250000 -1
1 -9.000000 0.000000 16.200001 0.250000 1.000000 -1
1 -9.000000 0.250000 8.120834 0.242188 0.750000 -1
1 -9.000000 0.250000 16.200001 0.242188 1.000000 -1
1 -9.000000 0.750000 16.200001 0.226563 1.000000 -1
1 -9.000000 1.000000 0.041667 0.218750 0.500000 -1
1 -9.000000 0.750000 8.120834 0.226563 0.750000 -1
1 -9.000000 0.750000 0.041667 0.226563 0.500000 -1
1 -9.000000 0.250000 -16.116667 0.242188 0.000000 -1
1 -9.000000 0.000000 8.120834 0.250000 0.750000 -1
1 -9.000000 0.500000 0.041667 0.234375 0.500000 -1
1 -9.000000 0.250000 0.041667 0.242188 0.500000 -1
1 -9.000000 0.500000 -8.037500 0.234375 0.250000 -1
1 -2.250000 0.000000 8.120834 0.437500 0.750000 -1
1 -2.250000 0.000000 16.200001 0.437500 1.000000 -1
1 -6.750000 0.000000 16.200001 0.312500 1.000000 -1
1 -9.000000 0.000000 0.041667 0.250000 0.500000 -1
1 -6.750000 0.000000 8.120834 0.312500 0.750000 -1
1 -6.750000 0.000000 0.041667 0.312500 0.500000 -1
1 -2.250000 0.000000 -16.116667 0.437500 0.000000 -1
1 0.000000 0.000000 8.120834 0.500000 0.750000 -1
1 -4.500000 0.000000 0.041667 0.375000 0.500000 -1
1 -2.250000 0.000000 0.041667 0.437500 0.500000 -1
1 -4.500000 0.000000 -8.037500 0.375000 0.250000 -1
1 10.000000 1.000000 16.200001 0.812500 1.000000 -1
1 10.000000 0.750000 12.150001 0.812500 0.875000 -1
1 10.000000 1.000000 12.150001 0.812500 0.875000 -1
1 10.000000 1.000000 4.050000 0.812500 0.625000 -1
1 10.000000 0.500000 0.000000 0.812500 0.500000 -1
1 10.000000 0.750000 4.050000 0.812500 0.625000 -1
1 10.000000 0.500000 4.050000 0.812500 0.625000 -1
1 10.000000 0.750000 16.200001 0.812500 1.000000 -1
1 10.000000 0.000000 4.050000 0.812500 0.625000 -1
1 10.000000 0.000000 8.100000 0.812500 0.750000 -1
1 10.000000 0.250000 8.100000 0.812500 0.750000 -1
1 10.000000 0.250000 12.150001 0.812500 0.875000 -1
1 11.500000 0.000000 4.050000 0.859375 0.625000 -1
1 11.500000 0.000000 0.000000 0.859375 0.500000 -1
1 16.000000 0.000000 4.050000 1.000000 0.625000 -1
1 16.000000 0.000000 8.100000 1.000000 0.750000 -1
1 14.500000 0.000000 4.050000 0.953125 0.625000 -1
1 14.500000 0.000000 8.100000 0.953125 0.750000 -1
1 14.500000 0.000000 16.200001 0.953125 1.000000 -1
1 13.000000 0.000000 16.200001 0.906250 1.000000 -1
1 13.000000 0.000000 12.150001 0.906250 0.875000 -1
1 11.500000 0.000000 12.150001 0.859375 0.875000 -1
1 10.000000 1.000000 -16.116667 0.812500 0.000000 -1
1 10.000000 0.750000 -12.087500 0.812500 0.125000 -1
1 10.000000 0.750000 -16.116667 0.812500 0.000000 -1
1 10.000000 0.000000 -16.116667 0.812500 0.000000 -1
1 10.000000 0.250000 -16.116667 0.812500 0.000000 -1
1 10.000000 0.000000 -12.087500 0.812500 0.125000 -1
1 10.000000 0.000000 -8.058333 0.812500 0.250000 -1
1 10.000000 0.250000 -12.087500 0.812500 0.125000 -1
1 10.000000 0.250000 -8.058333 0.812500 0.250000 -1
1 10.000000 1.000000 -12.087500 0.812500 0.125000 -1
1 10.000000 0.500000 -4.029167 0.812500 0.375000 -1
1 10.000000 0.750000 -4.029167 0.812500 0.375000 -1
1 11.500000 0.000000 -4.029167 0.859375 0.375000 -1
1 11.500000 0.000000 -16.116667 0.859375 0.000000 -1
1 13.000000 0.000000 -16.116667 0.906250 0.000000 -1
1 11.500000 0.000000 -12.087500 0.859375 0.125000 -1
1 13.000000 0.000000 -12.087500 0.906250 0.125000 -1
1 16.000000 0.000000 -12.087500 1.000000 0.125000 -1
1 16.000000 0.000000 -8.058333 1.000000 0.250000 -1
1 14.500000 0.000000 -8.058333 0.953125 0.250000 -1
1 14.500000 0.000000 -4.029167 0.953125 0.375000 -1
1 9.750000 1.000000 -8.037500 0.804688 0.250000 -1
1 10.000000 1.000000 -8.037500 0.812500 0.250000 -1
1 10.000000 1.000000 8.120834 0.812500 0.750000 -1
1 9.750000 1.000000 16.200001 0.804688 1.000000 -1
1 9.500000 1.000000 16.200001 0.796875 1.000000 -1
1 9.750000 1.000000 8.120834 0.804688 0.750000 -1
1 9.500000 1.000000 8.120834 0.796875 0.750000 -1
1 9.000000 1.000000 -16.116667 0.781250 0.000000 -1
1 9.000000 1.000000 -8.037500 0.781250 0.250000 -1
1 9.250000 1.000000 -16.116667 0.789063 0.000000 -1
1 9.750000 1.000000 -16.116667 0.804688 0.000000 -1
1 9.500000 1.000000 0.041667 0.796875 0.500000 -1
1 9.500000 1.000000 -8.037500 0.796875 0.250000 -1
1 9.250000 1.000000 0.041667 0.789063 0.500000 -1
1 9.000000 0.750000 -8.037500 0.773438 0.250000 -1
1 9.000000 0.750000 16.200001 0.773438 1.000000 -1
1 9.000000 0.500000 16.200001 0.765625 1.000000 -1
1 9.000000 0.750000 8.120834 0.773438 0.750000 -1
1 9.000000 0.500000 8.120834 0.765625 0.750000 -1
1 9.000000 0.750000 -16.116667 0.773438 0.000000 -1
1 9.000000 0.000000 8.120834 0.750000 0.750000 -1
1 9.000000 0.000000 0.041667 0.750000 0.500000 -1
1 9.000000 0.250000 0.041667 0.757813 0.500000 -1
1 9.000000 0.250000 -8.037500 0.757813 0.250000 -1
1 6.750000 0.000000 -8.037500 0.687500 0.250000 -1
1 6.750000 0.000000 16.200001 0.687500 1.000000 -1
1 4.500000 0.000000 16.200001 0.625000 1.000000 -1
1 6.750000 0.000000 8.120834 0.687500 0.750000 -1
1 4.500000 0.000000 8.120834 0.625000 0.750000 -1
1 6.750000 0.000000 -16.116667 0.687500 0.000000 -1
1 0.000000 0.000000 0.041667 0.500000 0.500000 -1
1 2.250000 0.000000 0.041667 0.562500 0.500000 -1
1 2.250000 0.000000 -8.037500 0.562500 0.250000 -1
1 -10.000000 0.500000 16.200001 0.187500 1.000000 -1
1 -10.000000 0.000000 8.100000 0.187500 0.750000 -1
1 -10.000000 1.000000 -8.058333 0.187500 0.250000 -1
1 -9.500000 1.000000 0.041667 0.203125 0.500000 -1
1 -9.000000 0.500000 -16.116667 0.234375 0.000000 -1
1 -4.500000 0.000000 -16.116667 0.375000 0.000000 -1
1 10.000000 0.500000 8.100000 0.812500 0.750000 -1
1 10.000000 0.500000 16.200001 0.812500 1.000000 -1
1 13.000000 0.000000 8.100000 0.906250 0.750000 -1
1 10.000000 0.500000 -8.058333 0.812500 0.250000 -1
1 10.000000 1.000000 -8.058333 0.812500 0.250000 -1
1 13.000000 0.000000 -8.058333 0.906250 0.250000 -1
1 13.000000 0.000000 0.000000 0.906250 0.500000 -1
1 9.000000 1.000000 0.041667 0.781250 0.500000 -1
1 9.000000 0.500000 0.041667 0.765625 0.500000 -1
1 9.000000 0.500000 -16.116667 0.765625 0.000000 -1
1 4.500000 0.000000 0.041667 0.625000 0.500000 -1
1 4.500000 0.000000 -16.116667 0.625000 0.000000 -1
1 -10.000000 0.500000 0.000000 0.187500 0.500000 -1
1 -10.000000 0.500000 4.050000 0.187500 0.625000 -1
1 -10.000000 0.250000 12.150001 0.187500 0.875000 -1
1 -16.000000 0.000000 8.100000 0.000000 0.750000 -1
1 -14.500000 0.000000 8.100000 0.046875 0.750000 -1
1 -13.000000 0.000000 16.200001 0.093750 1.000000 -1
1 -11.500000 0.000000 12.150001 0.140625 0.875000 -1
1 -10.000000 0.250000 -8.058333 0.187500 0.250000 -1
1 -10.000000 0.750000 -4.029167 0.187500 0.375000 -1
1 -13.000000 0.000000 -16.116667 0.093750 0.000000 -1
1 -13.000000 0.000000 -12.087500 0.093750 0.125000 -1
1 -16.000000 0.000000 -8.058333 0.000000 0.250000 -1
1 -14.500000 0.000000 -4.029167 0.046875 0.375000 -1
1 -9.500000 1.000000 16.200001 0.203125 1.000000 -1
1 -9.500000 1.000000 8.120834 0.203125 0.750000 -1
1 -9.250000 1.000000 0.041667 0.210938 0.500000 -1
1 -9.000000 0.500000 16.200001 0.234375 1.000000 -1
1 -9.000000 0.500000 8.120834 0.234375 0.750000 -1
1 -9.000000 0.250000 -8.037500 0.242188 0.250000 -1
1 -4.500000 0.000000 16.200001 0.375000 1.000000 -1
1 -4.500000 0.000000 8.120834 0.375000 0.750000 -1
1 -2.250000 0.000000 -8.037500 0.437500 0.250000 -1
1 10.000000 1.000000 8.100000 0.812500 0.750000 -1
1 10.000000 0.750000 8.100000 0.812500 0.750000 -1
1 10.000000 0.500000 12.150001 0.812500 0.875000 -1
1 13.000000 0.000000 4.050000 0.906250 0.625000 -1
1 11.500000 0.000000 8.100000 0.859375 0.750000 -1
1 10.000000 0.500000 -16.116667 0.812500 0.000000 -1
1 10.000000 0.500000 -12.087500 0.812500 0.125000 -1
1 10.000000 0.750000 -8.058333 0.812500 0.250000 -1
1 11.500000 0.000000 -8.058333 0.859375 0.250000 -1
1 13.000000 0.000000 -4.029167 0.906250 0.375000 -1
1 10.000000 1.000000 0.041667 0.812500 0.500000 -1
1 9.750000 1.000000 0.041667 0.804688 0.500000 -1
1 9.500000 1.000000 -16.116667 0.796875 0.000000 -1
1 9.250000 1.000000 -8.037500 0.789063 0.250000 -1
1 9.000000 0.750000 0.041667 0.773438 0.500000 -1
1 9.000000 0.500000 -8.037500 0.765625 0.250000 -1
1 6.750000 0.000000 0.041667 0.687500 0.500000 -1
1 4.500000 0.000000 -8.037500 0.625000 0.250000 -1
93
-0.894427 0.447214 0.000000
-0.920820 0.335410 0.000000
-0.847597 0.512187 0.000000
-0.707107 0.707107 0.000000
-0.530330 0.780330 0.000000
-0.780330 0.530330 0.000000
-0.753937 0.642133 0.000000
-0.418527 0.753937 0.000000
0.894427 0.447214 0.000000
0.494044 0.512187 0.000000
0.782624 0.559017 0.000000
0.447214 0.894427 0.000000
0.559017 0.782624 0.000000
0.335410 0.920820 0.000000
0.707107 0.707107 0.000000
0.780330 0.530330 0.000000
0.753937 0.642133 0.000000
0.000000 1.000000 0.000000
0.176777 0.926777 0.000000
0.530330 0.780330 0.000000
1.000000 0.000000 0.000000
0.926777 0.176777 0.000000
-0.447214 0.894427 0.000000
-0.111803 0.782624 0.000000
-0.158634 0.847597 0.000000
-0.559017 0.782624 0.000000
-0.782624 0.559017 0.000000
-0.223607 0.861803 0.000000
-0.111803 0.973607 0.000000
-1.000000 0.000000 0.000000
-0.926777 0.176777 0.000000
-0.973607 0.111803 0.000000
-0.947214 0.223607 0.000000
-0.900383 0.288580 0.000000
-0.873990 0.400383 0.000000
-0.800767 0.577160 0.000000
-0.176777 0.926777 0.000000
-0.353553 0.853553 0.000000
0.158634 0.847597 0.000000
0.111803 0.782624 0.000000
-0.559017 0.559017 0.000000
-0.512187 0.623990 0.000000
-0.465357 0.688964 0.000000
-0.306723 0.642133 0.000000
0.093660 0.577160 0.000000
-0.018143 0.688964 0.000000
0.382240 0.623990 0.000000
0.670820 0.670820 0.000000
0.111803 0.973607 0.000000
0.223607 0.861803 0.000000
0.670820 0.585410 0.000000
0.559017 0.697214 0.000000
0.447214 0.809017 0.000000
0.223607 0.947214 0.000000
0.847597 0.512187 0.000000
0.920820 0.335410 0.000000
0.973607 0.111803 0.000000
0.853553 0.353553 0.000000
0.900383 0.288580 0.000000
0.827160 0.465357 0.000000
0.353553 0.853553 0.000000
0.418527 0.753937 0.000000
0.559017 0.559017 0.000000
0.223607 0.670820 0.000000
0.512187 0.623990 0.000000
0.176777 0.735794 0.000000
-0.494044 0.512187 0.000000
0.306723 0.642133 0.000000
0.129947 0.800767 0.000000
0.018143 0.688964 0.000000
-0.270437 0.735794 0.000000
-0.670820 0.670820 0.000000
-0.335410 0.920820 0.000000
-0.670820 0.585410 0.000000
-0.447214 0.723607 0.000000
-0.559017 0.697214 0.000000
-0.335410 0.835410 0.000000
-0.853553 0.353553 0.000000
-0.129947 0.800767 0.000000
0.800767 0.577160 0.000000
-0.223607 0.947214 0.000000
-0.827160 0.465357 0.000000
-0.223607 0.670820 0.000000
-0.176777 0.735794 0.000000
0.270437 0.735794 0.000000
0.447214 0.723607 0.000000
0.335410 0.835410 0.000000
0.947214 0.223607 0.000000
0.873990 0.400383 0.000000
0.465357 0.688964 0.000000
-0.093660 0.577160 0.000000
-0.382240 0.623990 0.000000
-0.447214 0.809017 0.000000
448
1 0 1 2 0 1 2 1
1 0 2 3 0 2 2 1
1 4 5 6 3 4 4 1
1 4 6 7 3 4 3 1
1 8 9 10 3 3 3 1
1 8 10 11 3 3 5 1
1 4 12 13 3 3 4 1
1 4 13 5 3 4 4 1
1 8 14 15 3 6 7 1
1 16 17 18 8 9 10 1
1 16 18 19 8 10 8 1
1 16 19 20 8 8 10 1
1 21 22 23 11 12 13 1
1 21 23 24 11 13 13 1
1 25 26 27 14 15 16 1
1 28 29 30 14 14 16 1
1 31 32 33 17 17 18 1
1 28 34 29 14 19 14 1
1 25 35 36 14 14 14 1
1 37 38 39 20 21 21 1
1 40 41 42 17 18 18 1
1 43 44 45 17 17 18 1
1 46 47 48 22 23 24 1
1 46 48 49 22 24 25 1
1 50 51 52 0 26 0 1
1 53 54 55 22 25 25 1
1 56 57 58 17 27 28 1
1 59 60 61 17 17 28 1
1 4 62 63 3 6 5 1
1 64 65 66 29 30 31 1
1 67 68 69 32 33 34 1
1 70 71 72 3 6 3 1
1 4 7 62 3 3 6 1
1 73 74 75 35 6 35 1
1 76 77 78 17 36 17 1
1 79 80 81 17 17 36 1
1 82 83 84 37 36 37 1
1 70 72 85 3 3 4 1
1 76 86 77 17 36 36 1
1 87 88 89 37 37 4 1
1 4 90 12 3 3 3 1
1 91 92 93 3 3 3 1
1 94 95 96 3 3 3 1
1 64 97 65 29 30 30 1
1 4 63 90 3 5 3 1
1 98 99 100 3 5 5 1
1 101 102 103 17 36 36 1
1 91 104 92 3 4 3 1
1 105 106 107 3 4 4 1
1 79 81 108 17 36 17 1
1 101 109 102 17 17 36 1
1 110 111 112 37 36 37 1
1 113 114 115 11 38 39 1
1 0 116 117 0 40 2 1
1 118 119 120 35 41 42 1
1 113 121 114 11 12 38 1
1 8 15 122 3 7 43 1
1 123 124 125 44 45 46 1
1 126 127 128 8 8 10 1
1 113 129 121 11 12 12 1
1 130 131 132 47 47 10 1
1 21 133 22 11 12 12 1
1 126 134 127 8 10 8 1
1 135 136 137 8 10 10 1
1 56 138 139 17 48 49 1
1 126 140 134 8 50 10 1
1 141 142 143 47 51 52 1
1 59 144 60 17 48 17 1
1 56 145 138 17 17 48 1
1 146 147 148 53 48 53 1
1 149 150 151 8 54 55 1
1 37 152 38 20 56 21 1
1 153 154 155 57 58 59 1
1 149 156 150 8 54 54 1
1 25 27 157 14 16 14 1
1 158 159 160 14 16 16 1
1 25 161 162 14 19 19 1
1 43 45 163 17 18 17 1
1 164 165 166 17 18 18 1
1 25 157 161 14 14 19 1
1 31 33 167 17 18 18 1
1 168 169 170 60 60 19 1
1 171 172 173 14 14 14 1
1 174 175 176 14 14 14 1
1 177 178 179 14 14 14 1
1 171 180 172 14 15 14 1
1 25 36 26 14 14 15 1
1 153 181 182 57 15 57 1
1 25 183 35 14 19 14 1
1 174 176 184 14 14 19 1
1 185 186 187 60 19 60 1
1 25 162 183 14 19 19 1
1 40 42 188 17 18 17 1
1 189 190 191 17 18 18 1
1 171 192 193 14 61 16 1
1 149 194 195 8 54 62 1
1 196 197 198 63 64 65 1
1 199 200 201 0 26 66 1
1 171 202 192 14 67 61 1
1 203 204 205 68 69 70 1
1 199 206 200 0 0 26 1
1 46 49 207 22 25 25 1
1 208 209 210 71 71 26 1
1 199 211 206 0 26 0 1
1 50 52 212 0 0 26 1
1 213 214 215 71 26 71 1
1 53 216 54 22 72 25 1
1 50 212 217 0 26 73 1
1 218 219 220 74 75 76 1
1 53 221 216 22 72 72 1
1 56 58 145 17 28 17 1
1 222 223 224 17 28 28 1
1 73 2 69 35 2 34 1
1 67 69 1 32 34 1 1
1 1 69 2 1 34 2 1
1 225 3 75 35 2 35 1
1 73 75 2 35 35 2 1
1 2 75 3 2 35 2 1
1 87 6 84 37 4 37 1
1 82 84 5 37 37 4 1
1 5 84 6 4 37 4 1
1 226 7 89 3 3 4 1
1 87 89 6 37 4 4 1
1 6 89 7 4 4 3 1
1 98 10 96 3 3 3 1
1 94 96 9 3 3 3 1
1 9 96 10 3 3 3 1
1 227 11 100 77 5 5 1
1 98 100 10 3 5 3 1
1 10 100 11 3 5 5 1
1 110 13 107 37 4 4 1
1 105 107 12 3 4 3 1
1 12 107 13 3 4 4 1
1 82 5 112 37 4 37 1
1 110 112 13 37 37 4 1
1 13 112 5 4 37 4 1
1 228 15 120 78 7 42 1
1 118 120 14 35 42 6 1
1 14 120 15 6 42 7 1
1 130 18 125 47 10 46 1
1 123 125 17 44 46 9 1
1 17 125 18 9 46 10 1
1 135 19 132 8 8 10 1
1 130 132 18 47 10 10 1
1 18 132 19 10 10 8 1
1 229 20 137 47 10 10 1
1 135 137 19 8 10 8 1
1 19 137 20 8 10 10 1
1 146 23 143 53 13 52 1
1 141 143 22 47 52 12 1
1 22 143 23 12 52 13 1
1 230 24 148 53 13 53 1
1 146 148 23 53 53 13 1
1 23 148 24 13 53 13 1
1 231 27 155 79 16 59 1
1 153 155 26 57 59 15 1
1 26 155 27 15 59 16 1
1 232 30 160 79 16 16 1
1 158 160 29 14 16 14 1
1 29 160 30 14 16 16 1
1 233 33 166 60 18 18 1
1 164 166 32 17 18 17 1
1 32 166 33 17 18 18 1
1 158 29 170 14 14 19 1
1 168 170 34 60 19 19 1
1 34 170 29 19 19 14 1
1 234 36 179 14 14 14 1
1 177 179 35 14 14 14 1
1 35 179 36 14 14 14 1
1 235 39 182 57 21 57 1
1 153 182 38 57 57 21 1
1 38 182 39 21 57 21 1
1 236 42 187 60 18 60 1
1 185 187 41 60 60 18 1
1 41 187 42 18 60 18 1
1 237 45 191 60 18 18 1
1 189 191 44 17 18 17 1
1 44 191 45 17 18 18 1
1 203 48 198 68 24 65 1
1 196 198 47 63 65 23 1
1 47 198 48 23 65 24 1
1 238 49 205 71 25 70 1
1 203 205 48 68 70 24 1
1 48 205 49 24 70 25 1
1 239 52 210 0 0 26 1
1 208 210 51 71 26 26 1
1 51 210 52 26 26 0 1
1 240 55 215 71 25 71 1
1 213 215 54 71 71 25 1
1 54 215 55 25 71 25 1
1 241 58 220 80 28 76 1
1 218 220 57 74 76 27 1
1 57 220 58 27 76 28 1
1 242 61 224 80 28 28 1
1 222 224 60 17 28 17 1
1 60 224 61 17 28 28 1
1 243 63 244 77 5 81 1
1 73 244 62 35 81 6 1
1 62 244 63 6 81 5 1
1 67 66 68 32 31 33 1
1 243 68 65 77 33 30 1
1 65 68 66 30 33 31 1
1 73 69 244 35 34 81 1
1 243 244 68 77 81 33 1
1 68 244 69 33 81 34 1
1 226 72 245 3 3 6 1
1 225 245 71 35 6 6 1
1 71 245 72 6 6 3 1
1 73 62 74 35 6 6 1
1 226 74 7 3 6 3 1
1 7 74 62 3 6 6 1
1 225 75 245 35 35 6 1
1 226 245 74 3 6 6 1
1 74 245 75 6 6 35 1
1 246 78 247 17 17 36 1
1 87 247 77 37 36 36 1
1 77 247 78 36 36 17 1
1 82 81 83 37 36 36 1
1 246 83 80 17 36 17 1
1 80 83 81 17 36 36 1
1 87 84 247 37 37 36 1
1 246 247 83 17 36 36 1
1 83 247 84 36 36 37 1
1 248 85 249 37 4 4 1
1 226 249 72 3 4 3 1
1 72 249 85 3 4 4 1
1 87 77 88 37 36 37 1
1 248 88 86 37 37 36 1
1 86 88 77 36 37 36 1
1 226 89 249 3 4 4 1
1 248 249 88 37 4 37 1
1 88 249 89 37 4 4 1
1 105 12 250 3 3 3 1
1 98 250 90 3 3 3 1
1 90 250 12 3 3 3 1
1 94 93 95 3 3 3 1
1 105 95 92 3 3 3 1
1 92 95 93 3 3 3 1
1 98 96 250 3 3 3 1
1 105 250 95 3 3 3 1
1 95 250 96 3 3 3 1
1 243 65 251 77 30 77 1
1 227 251 97 77 77 30 1
1 97 251 65 30 77 30 1
1 98 90 99 3 3 5 1
1 243 99 63 77 5 5 1
1 63 99 90 5 5 3 1
1 227 100 251 77 5 77 1
1 243 251 99 77 77 5 1
1 99 251 100 5 77 5 1
1 252 103 253 37 36 37 1
1 110 253 102 37 37 36 1
1 102 253 103 36 37 36 1
1 105 92 106 3 3 4 1
1 252 106 104 37 4 4 1
1 104 106 92 4 4 3 1
1 110 107 253 37 4 37 1
1 252 253 106 37 37 4 1
1 106 253 107 4 37 4 1
1 254 108 255 17 17 36 1
1 82 255 81 37 36 36 1
1 81 255 108 36 36 17 1
1 110 102 111 37 36 36 1
1 254 111 109 17 36 17 1
1 109 111 102 17 36 36 1
1 82 112 255 37 37 36 1
1 254 255 111 17 36 36 1
1 111 255 112 36 36 37 1
1 256 115 257 82 39 83 1
1 228 257 114 78 83 38 1
1 114 257 115 38 83 39 1
1 118 117 119 35 2 41 1
1 256 119 116 82 41 40 1
1 116 119 117 40 41 2 1
1 228 120 257 78 42 83 1
1 256 257 119 82 83 41 1
1 119 257 120 41 83 42 1
1 228 114 258 78 38 84 1
1 130 258 121 47 84 12 1
1 121 258 114 12 84 38 1
1 123 122 124 44 43 45 1
1 228 124 15 78 45 7 1
1 15 124 122 7 45 43 1
1 130 125 258 47 46 84 1
1 228 258 124 78 84 45 1
1 124 258 125 45 84 46 1
1 259 128 260 47 10 10 1
1 135 260 127 8 10 8 1
1 127 260 128 8 10 10 1
1 130 121 131 47 12 47 1
1 259 131 129 47 47 12 1
1 129 131 121 12 47 12 1
1 135 132 260 8 10 10 1
1 259 260 131 47 10 47 1
1 131 260 132 47 10 10 1
1 141 22 261 47 12 47 1
1 229 261 133 47 47 12 1
1 133 261 22 12 47 12 1
1 135 127 136 8 8 10 1
1 141 136 134 47 10 10 1
1 134 136 127 10 10 8 1
1 229 137 261 47 10 47 1
1 141 261 136 47 47 10 1
1 136 261 137 10 47 10 1
1 262 139 263 85 49 86 1
1 146 263 138 53 86 48 1
1 138 263 139 48 86 49 1
1 141 134 142 47 10 51 1
1 262 142 140 85 51 50 1
1 140 142 134 50 51 10 1
1 146 143 263 53 52 86 1
1 262 263 142 85 86 51 1
1 142 263 143 51 86 52 1
1 222 60 264 17 17 48 1
1 230 264 144 53 48 48 1
1 144 264 60 48 48 17 1
1 146 138 147 53 48 48 1
1 222 147 145 17 48 17 1
1 145 147 138 17 48 48 1
1 230 148 264 53 53 48 1
1 222 264 147 17 48 48 1
1 147 264 148 48 48 53 1
1 265 151 266 87 55 88 1
1 231 266 150 79 88 54 1
1 150 266 151 54 88 55 1
1 153 38 154 57 21 58 1
1 265 154 152 87 58 56 1
1 152 154 38 56 58 21 1
1 231 155 266 79 59 88 1
1 265 266 154 87 88 58 1
1 154 266 155 58 88 59 1
1 231 150 267 79 54 79 1
1 232 267 156 79 79 54 1
1 156 267 150 54 79 54 1
1 158 157 159 14 14 16 1
1 231 159 27 79 16 16 1
1 27 159 157 16 16 14 1
1 232 160 267 79 16 79 1
1 231 267 159 79 79 16 1
1 159 267 160 16 79 16 1
1 237 162 268 60 19 60 1
1 233 268 161 60 60 19 1
1 161 268 162 19 60 19 1
1 164 163 165 17 17 18 1
1 237 165 45 60 18 18 1
1 45 165 163 18 18 17 1
1 233 166 268 60 18 60 1
1 237 268 165 60 60 18 1
1 165 268 166 18 60 18 1
1 233 161 269 60 19 19 1
1 158 269 157 14 19 14 1
1 157 269 161 14 19 19 1
1 168 167 169 60 18 60 1
1 233 169 33 60 60 18 1
1 33 169 167 18 60 18 1
1 158 170 269 14 19 19 1
1 233 269 169 60 19 60 1
1 169 269 170 60 19 19 1
1 270 173 271 14 14 14 1
1 234 271 172 14 14 14 1
1 172 271 173 14 14 14 1
1 177 176 178 14 14 14 1
1 270 178 175 14 14 14 1
1 175 178 176 14 14 14 1
1 234 179 271 14 14 14 1
1 270 271 178 14 14 14 1
1 178 271 179 14 14 14 1
1 234 172 272 14 14 15 1
1 235 272 180 57 15 15 1
1 180 272 172 15 15 14 1
1 153 26 181 57 15 15 1
1 234 181 36 14 15 14 1
1 36 181 26 14 15 15 1
1 235 182 272 57 57 15 1
1 234 272 181 14 15 15 1
1 181 272 182 15 15 57 1
1 177 35 273 14 14 19 1
1 236 273 183 60 19 19 1
1 183 273 35 19 19 14 1
1 185 184 186 60 19 19 1
1 177 186 176 14 19 14 1
1 176 186 184 14 19 19 1
1 236 187 273 60 60 19 1
1 177 273 186 14 19 19 1
1 186 273 187 19 19 60 1
1 236 183 274 60 19 60 1
1 237 274 162 60 60 19 1
1 162 274 183 19 60 19 1
1 189 188 190 17 17 18 1
1 236 190 42 60 18 18 1
1 42 190 188 18 18 17 1
1 237 191 274 60 18 60 1
1 236 274 190 60 60 18 1
1 190 274 191 18 60 18 1
1 275 193 276 79 16 89 1
1 203 276 192 68 89 61 1
1 192 276 193 61 89 16 1
1 196 195 197 63 62 64 1
1 275 197 194 79 64 54 1
1 194 197 195 54 64 62 1
1 203 198 276 68 65 89 1
1 275 276 197 79 89 64 1
1 197 276 198 64 89 65 1
1 277 201 278 90 66 91 1
1 238 278 200 71 91 26 1
1 200 278 201 26 91 66 1
1 203 192 204 68 61 69 1
1 277 204 202 90 69 67 1
1 202 204 192 67 69 61 1
1 238 205 278 71 70 91 1
1 277 278 204 90 91 69 1
1 204 278 205 69 91 70 1
1 238 200 279 71 26 26 1
1 239 279 206 0 26 0 1
1 206 279 200 0 26 26 1
1 208 207 209 71 25 71 1
1 238 209 49 71 71 25 1
1 49 209 207 25 71 25 1
1 239 210 279 0 26 26 1
1 238 279 209 71 26 71 1
1 209 279 210 71 26 26 1
1 239 206 280 0 0 26 1
1 240 280 211 71 26 26 1
1 211 280 206 26 26 0 1
1 213 212 214 71 26 26 1
1 239 214 52 0 26 0 1
1 52 214 212 0 26 26 1
1 240 215 280 71 71 26 1
1 239 280 214 0 26 26 1
1 214 280 215 26 26 71 1
1 213 54 281 71 25 92 1
1 241 281 216 80 92 72 1
1 216 281 54 72 92 25 1
1 218 217 219 74 73 75 1
1 213 219 212 71 75 26 1
1 212 219 217 26 75 73 1
1 241 220 281 80 76 92 1
1 213 281 219 71 92 75 1
1 219 281 220 75 92 76 1
1 241 216 282 80 72 80 1
1 242 282 221 80 80 72 1
1 221 282 216 72 80 72 1
1 222 145 223 17 17 28 1
1 241 223 58 80 28 28 1
1 58 223 145 28 28 17 1
1 242 224 282 80 28 80 1
1 241 282 223 80 80 28 1
1 223 282 224 28 80 28 1

Materials: 1
"Material01"
0.200000 0.200000 0.200000 1.000000
0.800000 0.800000 0.800000 1.000000
0.000000 0.000000 0.000000 1.000000
0.000000 0.000000 0.000000 1.000000
0.000000
1.000000
"..\Image\080_001.tga"
""

Bones: 0
GroupComments: 0
MaterialComments: 0
BoneComments: 0
ModelComment: 0
