// MilkShape 3D ASCII

Frames: 30
Frame: 1

Meshes: 1
"0_Regroup02" 1 0
99
1 10.800001 0.000000 -13.500000 0.832265 0.088046 -1
1 8.100000 0.000000 -16.200001 0.749148 0.005292 -1
1 8.100000 0.000000 -8.100000 0.749148 0.253554 -1
1 13.500000 0.000000 -10.800001 0.915383 0.170800 -1
1 16.200001 0.000000 -8.100000 0.998501 0.253554 -1
1 -7.004727 1.000000 -16.119946 0.281464 0.001570 -1
1 -8.002872 1.000000 -16.108608 0.250352 0.001922 -1
1 -7.767072 1.000000 -14.457906 0.257702 0.053148 -1
1 -8.731277 1.000000 -14.556659 0.227649 0.050083 -1
1 -8.417418 1.000000 -13.165606 0.237431 0.093251 -1
1 -9.243856 1.000000 -13.442677 0.211672 0.084653 -1
1 -9.266350 1.000000 -11.803005 0.210971 0.135536 -1
1 -10.288555 1.000000 -11.968459 0.179110 0.130402 -1
1 -10.104867 1.000000 -10.588605 0.184835 0.173223 -1
1 -11.043691 1.000000 -11.093970 0.155573 0.157540 -1
1 -11.066210 1.000000 -9.613398 0.154871 0.203486 -1
1 -12.017344 1.000000 -10.160060 0.125225 0.186521 -1
1 -12.228209 1.000000 -8.795075 0.118652 0.228881 -1
1 -13.306217 1.000000 -9.058412 0.085052 0.220709 -1
1 -13.117867 1.000000 -8.168107 0.090923 0.248337 -1
1 -13.960219 1.000000 -8.665576 0.064667 0.232899 -1
1 -13.965449 1.000000 -7.694832 0.064504 0.263024 -1
1 -14.899138 1.000000 -8.230016 0.035402 0.246416 -1
1 -14.933364 1.000000 -7.292618 0.034335 0.275506 -1
1 -16.012026 1.000000 -7.994572 0.000714 0.253722 -1
1 -16.050604 1.000000 -6.994822 -0.000488 0.284747 -1
1 -7.767072 0.000000 -14.457906 0.257702 0.053148 -1
1 -7.004727 0.000000 -16.119946 0.281464 0.001570 -1
1 -8.417418 0.000000 -13.165606 0.237431 0.093251 -1
1 -9.266350 0.000000 -11.803005 0.210971 0.135536 -1
1 -10.104867 0.000000 -10.588605 0.184835 0.173223 -1
1 -11.066210 0.000000 -9.613398 0.154871 0.203486 -1
1 -12.228209 0.000000 -8.795075 0.118652 0.228881 -1
1 -13.117867 0.000000 -8.168107 0.090923 0.248337 -1
1 -13.965449 0.000000 -7.694832 0.064504 0.263024 -1
1 -14.933364 0.000000 -7.292618 0.034335 0.275506 -1
1 -16.050604 0.000000 -6.994822 -0.000488 0.284747 -1
1 -14.899138 0.000000 -8.230016 0.035402 0.246416 -1
1 -16.012026 0.000000 -7.994572 0.000714 0.253722 -1
1 -13.960219 0.000000 -8.665576 0.064667 0.232899 -1
1 -13.306217 0.000000 -9.058412 0.085052 0.220709 -1
1 -12.017344 0.000000 -10.160060 0.125225 0.186521 -1
1 -11.043691 0.000000 -11.093970 0.155573 0.157540 -1
1 -10.288555 0.000000 -11.968459 0.179110 0.130402 -1
1 -9.243856 0.000000 -13.442677 0.211672 0.084653 -1
1 -8.731277 0.000000 -14.556659 0.227649 0.050083 -1
1 -8.002872 0.000000 -16.108608 0.250352 0.001922 -1
1 -13.500000 0.000000 10.799998 0.084207 0.832831 -1
1 -8.100000 0.000000 8.099998 0.250442 0.750077 -1
1 -16.200001 0.000000 8.099998 0.001089 0.750077 -1
1 -13.500000 0.000000 -13.500000 0.084207 0.088046 -1
1 -16.200001 0.000000 -8.100000 0.001089 0.253554 -1
1 -8.100000 0.000000 -16.200001 0.250442 0.005292 -1
1 -2.700000 0.000000 -10.800001 0.416677 0.170800 -1
1 -8.100000 0.000000 -8.100000 0.250442 0.253554 -1
1 0.000000 0.000000 -8.100000 0.499795 0.253554 -1
1 13.500000 0.000000 13.500000 0.915383 0.915585 -1
1 16.200001 0.000000 8.100000 0.998501 0.750077 -1
1 8.100000 0.000000 16.200001 0.749148 0.998339 -1
1 -10.800001 0.000000 13.500000 0.167324 0.915585 -1
1 -8.100000 0.000000 16.200001 0.250442 0.998339 -1
1 2.700000 0.000000 2.700000 0.582913 0.584570 -1
1 0.000000 0.000000 8.100000 0.499795 0.750077 -1
1 8.100000 0.000000 -0.000000 0.749148 0.501816 -1
1 2.700000 0.000000 -5.400001 0.582913 0.336308 -1
1 2.700000 0.000000 -13.500000 0.582913 0.088046 -1
1 5.400001 0.000000 -10.800001 0.666030 0.170800 -1
1 13.500000 0.000000 -2.700000 0.915383 0.419062 -1
1 5.400001 0.000000 -2.700001 0.666030 0.419062 -1
1 10.800001 0.000000 -5.400001 0.832265 0.336308 -1
1 -13.500000 0.000000 2.699999 0.084207 0.584569 -1
1 -8.100000 0.000000 -0.000001 0.250442 0.501816 -1
1 -5.400001 0.000000 2.699999 0.333560 0.584570 -1
1 -10.800001 0.000000 5.399999 0.167324 0.667323 -1
1 -5.400001 0.000000 -13.500000 0.333560 0.088046 -1
1 -13.500000 0.000000 -5.400001 0.084207 0.336308 -1
1 -10.800001 0.000000 -10.800001 0.167324 0.170800 -1
1 -2.700000 0.000000 -2.700001 0.416677 0.419062 -1
1 -10.800001 0.000000 -2.700001 0.167324 0.419062 -1
1 -5.400001 0.000000 -5.400001 0.333560 0.336308 -1
1 5.400001 0.000000 13.500000 0.666030 0.915585 -1
1 8.100000 0.000000 8.100000 0.749148 0.750077 -1
1 13.500000 0.000000 5.400001 0.915383 0.667323 -1
1 10.800001 0.000000 10.800001 0.832265 0.832831 -1
1 -2.700000 0.000000 5.399999 0.416677 0.667323 -1
1 -2.700000 0.000000 13.500000 0.416677 0.915585 -1
1 -5.400001 0.000000 10.800001 0.333560 0.832831 -1
1 10.800001 0.000000 2.700000 0.832265 0.584570 -1
1 2.700000 0.000000 10.800001 0.582913 0.832831 -1
1 5.400001 0.000000 5.400001 0.666030 0.667323 -1
1 16.200001 0.000000 -16.200001 0.998501 0.005292 -1
1 -16.200001 0.000000 16.199999 0.001089 0.998339 -1
1 -16.200001 0.000000 -16.200001 0.001089 0.005292 -1
1 0.000000 0.000000 -16.200001 0.499795 0.005292 -1
1 16.200001 0.000000 16.200001 0.998501 0.998339 -1
1 0.000000 0.000000 -0.000001 0.499795 0.501816 -1
1 16.200001 0.000000 0.000000 0.998501 0.501816 -1
1 -16.200001 0.000000 -0.000001 0.001089 0.501816 -1
1 0.000000 0.000000 16.200001 0.499795 0.998339 -1
43
0.000000 1.000000 0.000000
0.812986 0.447214 0.372900
-0.640109 0.707107 -0.300434
0.635375 0.707158 0.310202
-0.641617 0.707109 -0.297195
0.483302 0.832315 0.271425
-0.599885 0.708455 -0.371792
0.668778 0.600107 0.438872
-0.549381 0.707467 -0.444601
0.426240 0.833018 0.352705
-0.504961 0.707453 -0.494494
0.472264 0.708365 0.524581
-0.469533 0.707236 -0.528541
0.407205 0.707107 0.578087
-0.396486 0.708194 -0.584175
0.386701 0.707537 0.591484
-0.319945 0.707553 -0.630083
0.320507 0.707630 0.629710
-0.174461 0.833681 -0.523965
0.241839 0.707805 0.663721
-0.146357 0.707107 -0.691795
0.230363 0.447214 0.864253
0.903850 0.000000 0.427850
0.908945 0.000000 0.416915
0.871909 0.000000 0.489668
0.836056 0.000000 0.548644
0.770435 0.000000 0.637518
0.623457 0.000000 0.781857
0.575965 0.000000 0.817475
0.517666 0.000000 0.855583
0.418952 0.000000 0.908008
0.300207 0.000000 0.953874
0.257554 0.000000 0.966264
-0.315912 0.000000 -0.948788
-0.206980 0.000000 -0.978345
-0.484160 0.000000 -0.874979
-0.606659 0.000000 -0.794962
-0.678310 0.000000 -0.734776
-0.736042 0.000000 -0.676936
-0.797038 0.000000 -0.603930
-0.880954 0.000000 -0.473202
-0.906321 0.000000 -0.422589
-0.905251 0.000000 -0.424877
153
1 0 1 2 0 0 0 1
1 3 2 4 0 0 0 1
1 5 6 7 1 2 3 1
1 6 8 7 2 4 3 1
1 8 9 7 4 5 3 1
1 8 10 9 4 6 5 1
1 10 11 9 6 7 5 1
1 10 12 11 6 8 7 1
1 12 13 11 8 9 7 1
1 12 14 13 8 10 9 1
1 14 15 13 10 11 9 1
1 14 16 15 10 12 11 1
1 16 17 15 12 13 11 1
1 16 18 17 12 14 13 1
1 18 19 17 14 15 13 1
1 18 20 19 14 16 15 1
1 20 21 19 16 17 15 1
1 20 22 21 16 18 17 1
1 22 23 21 18 19 17 1
1 22 24 23 18 20 19 1
1 24 25 23 20 21 19 1
1 5 26 27 1 22 23 1
1 7 26 5 3 22 1 1
1 9 28 7 5 24 3 1
1 7 28 26 3 24 22 1
1 9 11 28 5 7 24 1
1 11 29 28 7 25 24 1
1 11 30 29 7 26 25 1
1 13 30 11 9 26 7 1
1 15 30 13 11 26 9 1
1 15 31 30 11 27 26 1
1 17 31 15 13 27 11 1
1 32 31 17 28 27 13 1
1 19 32 17 15 28 13 1
1 19 33 32 15 29 28 1
1 21 33 19 17 29 15 1
1 21 34 33 17 30 29 1
1 23 34 21 19 30 17 1
1 23 35 34 19 31 30 1
1 25 35 23 21 31 19 1
1 25 36 35 21 32 31 1
1 24 37 38 20 33 34 1
1 22 37 24 18 33 20 1
1 20 37 22 16 33 18 1
1 20 39 37 16 35 33 1
1 18 39 20 14 35 16 1
1 18 40 39 14 36 35 1
1 40 18 16 36 14 12 1
1 41 40 16 37 36 12 1
1 14 41 16 10 37 12 1
1 14 42 41 10 38 37 1
1 12 42 14 8 38 10 1
1 12 43 42 8 39 38 1
1 10 43 12 6 39 8 1
1 10 44 43 6 40 39 1
1 8 45 44 4 41 40 1
1 10 8 44 6 4 40 1
1 8 6 45 4 2 41 1
1 6 46 45 2 42 41 1
1 47 48 49 0 0 0 1
1 50 51 52 0 0 0 1
1 53 54 55 0 0 0 1
1 56 57 58 0 0 0 1
1 59 60 48 0 0 0 1
1 61 62 63 0 0 0 1
1 64 2 55 0 0 0 1
1 65 55 1 0 0 0 1
1 66 55 2 0 0 0 1
1 67 4 63 0 0 0 1
1 68 63 2 0 0 0 1
1 69 63 4 0 0 0 1
1 70 49 71 0 0 0 1
1 72 71 48 0 0 0 1
1 73 71 49 0 0 0 1
1 74 52 54 0 0 0 1
1 75 54 51 0 0 0 1
1 76 54 52 0 0 0 1
1 77 55 71 0 0 0 1
1 78 71 54 0 0 0 1
1 79 71 55 0 0 0 1
1 80 58 81 0 0 0 1
1 82 81 57 0 0 0 1
1 83 81 58 0 0 0 1
1 84 48 62 0 0 0 1
1 85 62 60 0 0 0 1
1 86 62 48 0 0 0 1
1 87 63 81 0 0 0 1
1 88 81 62 0 0 0 1
1 89 81 63 0 0 0 1
1 90 0 2 0 0 0 1
1 90 1 0 0 0 0 1
1 90 3 4 0 0 0 1
1 90 2 3 0 0 0 1
1 91 47 49 0 0 0 1
1 91 48 47 0 0 0 1
1 92 50 52 0 0 0 1
1 92 51 50 0 0 0 1
1 93 53 55 0 0 0 1
1 93 54 53 0 0 0 1
1 94 56 58 0 0 0 1
1 94 57 56 0 0 0 1
1 91 59 48 0 0 0 1
1 91 60 59 0 0 0 1
1 95 61 63 0 0 0 1
1 95 62 61 0 0 0 1
1 95 64 55 0 0 0 1
1 95 2 64 0 0 0 1
1 93 65 1 0 0 0 1
1 93 55 65 0 0 0 1
1 1 66 2 0 0 0 1
1 1 55 66 0 0 0 1
1 96 67 63 0 0 0 1
1 96 4 67 0 0 0 1
1 95 68 2 0 0 0 1
1 95 63 68 0 0 0 1
1 2 69 4 0 0 0 1
1 2 63 69 0 0 0 1
1 97 70 71 0 0 0 1
1 97 49 70 0 0 0 1
1 95 72 48 0 0 0 1
1 95 71 72 0 0 0 1
1 48 73 49 0 0 0 1
1 48 71 73 0 0 0 1
1 93 74 54 0 0 0 1
1 93 52 74 0 0 0 1
1 97 75 51 0 0 0 1
1 97 54 75 0 0 0 1
1 51 76 52 0 0 0 1
1 51 54 76 0 0 0 1
1 95 77 71 0 0 0 1
1 95 55 77 0 0 0 1
1 97 78 54 0 0 0 1
1 97 71 78 0 0 0 1
1 54 79 55 0 0 0 1
1 54 71 79 0 0 0 1
1 98 80 81 0 0 0 1
1 98 58 80 0 0 0 1
1 96 82 57 0 0 0 1
1 96 81 82 0 0 0 1
1 57 83 58 0 0 0 1
1 57 81 83 0 0 0 1
1 95 84 62 0 0 0 1
1 95 48 84 0 0 0 1
1 98 85 60 0 0 0 1
1 98 62 85 0 0 0 1
1 60 86 48 0 0 0 1
1 60 62 86 0 0 0 1
1 96 87 81 0 0 0 1
1 96 63 87 0 0 0 1
1 98 88 62 0 0 0 1
1 98 81 88 0 0 0 1
1 62 89 63 0 0 0 1
1 62 81 89 0 0 0 1

Materials: 1
"Material01"
0.200000 0.200000 0.200000 1.000000
0.800000 0.800000 0.800000 1.000000
0.000000 0.000000 0.000000 1.000000
0.000000 0.000000 0.000000 1.000000
0.000000
1.000000
"..\Image\080_025.tga"
""

Bones: 0
GroupComments: 0
MaterialComments: 0
BoneComments: 0
ModelComment: 0
