// MilkShape 3D ASCII

Frames: 30
Frame: 1

Meshes: 1
"0_Regroup01" 1 0
199
1 -16.200001 1.000000 14.176470 0.001457 0.934545 -1
1 -16.200001 1.000000 14.676470 0.001457 0.950101 -1
1 -8.100000 1.000000 14.676470 0.249913 0.950101 -1
1 -8.100000 1.000000 14.176470 0.249913 0.934545 -1
1 -16.200001 0.000000 14.176470 0.001457 0.934545 -1
1 -16.200001 0.250000 14.176470 0.001457 0.934545 -1
1 -8.100000 0.250000 14.176470 0.249913 0.934545 -1
1 16.199999 0.000000 14.176472 0.995280 0.934545 -1
1 8.099998 0.000000 14.176472 0.746825 0.934545 -1
1 16.199999 0.250000 14.176472 0.995280 0.934545 -1
1 -16.200001 0.000000 -16.200001 0.001457 0.001139 -1
1 -16.200001 0.000000 -8.605883 0.001457 0.234491 -1
1 -8.100000 0.000000 -8.605883 0.249913 0.234491 -1
1 16.200001 0.000000 -16.200001 0.995280 0.001139 -1
1 8.100000 0.000000 -16.200001 0.746825 0.001139 -1
1 16.200001 0.000000 -8.605883 0.995280 0.234491 -1
1 16.199999 1.000000 14.176472 0.000000 0.000000 -1
1 16.199999 1.000000 14.676472 0.000000 0.000000 -1
1 16.199999 0.750000 14.176472 0.000000 0.000000 -1
1 16.199999 1.000000 16.176470 0.000000 0.000000 -1
1 16.200001 0.748599 16.179184 0.000000 0.000000 -1
1 16.199999 0.750000 15.676470 0.000000 0.000000 -1
1 -16.200001 1.000000 14.176470 0.000000 0.000000 -1
1 -16.200001 0.750000 14.176470 0.000000 0.000000 -1
1 -16.200001 0.745669 14.677687 0.000000 0.000000 -1
1 -16.200001 1.000000 16.176468 0.000000 0.000000 -1
1 -16.200001 1.000000 15.676468 0.000000 0.000000 -1
1 -16.200001 0.745669 16.177685 0.000000 0.000000 -1
1 9.267074 1.000000 -14.114769 0.786176 0.054305 -1
1 10.002874 1.000000 -15.848805 0.809028 0.000353 -1
1 9.004729 1.000000 -15.860143 0.778028 0.000000 -1
1 10.231277 1.000000 -14.213522 0.816121 0.051232 -1
1 9.674665 1.000000 -12.699280 0.798835 0.098346 -1
1 10.501103 1.000000 -12.976351 0.824501 0.089725 -1
1 10.105121 1.000000 -11.298636 0.812203 0.141925 -1
1 11.127326 1.000000 -11.464088 0.843950 0.136777 -1
1 10.776968 1.000000 -10.169380 0.833069 0.177060 -1
1 11.759270 1.000000 -10.457353 0.863576 0.168100 -1
1 11.587949 1.000000 -9.263012 0.858255 0.205260 -1
1 12.539083 1.000000 -9.548805 0.887795 0.196368 -1
1 12.228209 1.000000 -8.618603 0.878140 0.225310 -1
1 13.306217 1.000000 -8.881939 0.911620 0.217116 -1
1 13.117867 1.000000 -7.991634 0.905770 0.244817 -1
1 13.960219 1.000000 -8.489103 0.931931 0.229339 -1
1 13.965449 1.000000 -7.518361 0.932093 0.259542 -1
1 14.899138 1.000000 -8.053543 0.961091 0.242891 -1
1 14.933364 1.000000 -7.116147 0.962154 0.272056 -1
1 16.012026 1.000000 -7.818101 0.995654 0.250216 -1
1 16.050604 1.000000 -6.818351 0.996852 0.281322 -1
1 9.004729 0.000000 -15.860143 0.778028 0.000000 -1
1 9.267074 0.000000 -14.114769 0.786176 0.054305 -1
1 9.674665 0.000000 -12.699280 0.798835 0.098346 -1
1 10.105121 0.000000 -11.298636 0.812203 0.141925 -1
1 10.776968 0.000000 -10.169380 0.833069 0.177060 -1
1 11.587949 0.000000 -9.263012 0.858255 0.205260 -1
1 12.228209 0.000000 -8.618603 0.878140 0.225310 -1
1 13.117867 0.000000 -7.991634 0.905770 0.244817 -1
1 13.965449 0.000000 -7.518361 0.932093 0.259542 -1
1 14.933364 0.000000 -7.116147 0.962154 0.272056 -1
1 16.050604 0.000000 -6.818351 0.996852 0.281322 -1
1 16.012026 0.000000 -7.818101 0.995654 0.250216 -1
1 14.899138 0.000000 -8.053543 0.961091 0.242891 -1
1 13.960219 0.000000 -8.489103 0.931931 0.229339 -1
1 13.306217 0.000000 -8.881939 0.911620 0.217116 -1
1 12.539083 0.000000 -9.548805 0.887795 0.196368 -1
1 11.759270 0.000000 -10.457353 0.863576 0.168100 -1
1 11.127326 0.000000 -11.464088 0.843950 0.136777 -1
1 10.501103 0.000000 -12.976351 0.824501 0.089725 -1
1 10.231277 0.000000 -14.213522 0.816121 0.051232 -1
1 10.002874 0.000000 -15.848805 0.809028 0.000353 -1
1 -9.004727 1.000000 -15.860143 0.218709 0.000000 -1
1 -10.002872 1.000000 -15.848805 0.187710 0.000353 -1
1 -9.267072 1.000000 -14.114769 0.210561 0.054305 -1
1 -10.231276 1.000000 -14.213522 0.180616 0.051232 -1
1 -9.674664 1.000000 -12.699280 0.197903 0.098346 -1
1 -10.501101 1.000000 -12.976351 0.172236 0.089725 -1
1 -10.105119 1.000000 -11.298636 0.184534 0.141925 -1
1 -11.127324 1.000000 -11.464090 0.152787 0.136777 -1
1 -10.776968 1.000000 -10.169380 0.163668 0.177060 -1
1 -11.759270 1.000000 -10.457355 0.133161 0.168100 -1
1 -11.587949 1.000000 -9.263014 0.138482 0.205260 -1
1 -12.539083 1.000000 -9.548807 0.108943 0.196368 -1
1 -12.228209 1.000000 -8.618605 0.118597 0.225310 -1
1 -13.306217 1.000000 -8.881941 0.085118 0.217116 -1
1 -13.117867 1.000000 -7.991636 0.090967 0.244817 -1
1 -13.960219 1.000000 -8.489105 0.064806 0.229339 -1
1 -13.965449 1.000000 -7.518362 0.064644 0.259542 -1
1 -14.899138 1.000000 -8.053545 0.035646 0.242891 -1
1 -14.933364 1.000000 -7.116148 0.034583 0.272056 -1
1 -16.012026 1.000000 -7.818102 0.001083 0.250216 -1
1 -16.050604 1.000000 -6.818352 -0.000115 0.281322 -1
1 -9.267072 0.000000 -14.114769 0.210561 0.054305 -1
1 -9.004727 0.000000 -15.860143 0.218709 0.000000 -1
1 -9.674664 0.000000 -12.699280 0.197903 0.098346 -1
1 -10.105119 0.000000 -11.298636 0.184534 0.141925 -1
1 -10.776968 0.000000 -10.169380 0.163668 0.177060 -1
1 -11.587949 0.000000 -9.263014 0.138482 0.205260 -1
1 -12.228209 0.000000 -8.618605 0.118597 0.225310 -1
1 -13.117867 0.000000 -7.991636 0.090967 0.244817 -1
1 -13.965449 0.000000 -7.518362 0.064644 0.259542 -1
1 -14.933364 0.000000 -7.116148 0.034583 0.272056 -1
1 -16.050604 0.000000 -6.818352 -0.000115 0.281322 -1
1 -14.899138 0.000000 -8.053545 0.035646 0.242891 -1
1 -16.012026 0.000000 -7.818102 0.001083 0.250216 -1
1 -13.960219 0.000000 -8.489105 0.064806 0.229339 -1
1 -13.306217 0.000000 -8.881941 0.085118 0.217116 -1
1 -12.539083 0.000000 -9.548807 0.108943 0.196368 -1
1 -11.759270 0.000000 -10.457355 0.133161 0.168100 -1
1 -11.127324 0.000000 -11.464090 0.152787 0.136777 -1
1 -10.501101 0.000000 -12.976351 0.172236 0.089725 -1
1 -10.231276 0.000000 -14.213522 0.180616 0.051232 -1
1 -10.002872 0.000000 -15.848805 0.187710 0.000353 -1
1 16.199999 1.000000 16.176470 0.995280 0.996772 -1
1 8.099998 1.000000 15.676470 0.746825 0.981215 -1
1 8.099998 1.000000 16.176468 0.746825 0.996772 -1
1 -16.200001 1.000000 16.176468 0.001457 0.996772 -1
1 -8.100000 1.000000 16.176468 0.249913 0.996772 -1
1 -16.200001 1.000000 15.676468 0.001457 0.981215 -1
1 -16.200001 1.000000 15.176469 0.001457 0.965658 -1
1 -8.100000 1.000000 15.676468 0.249913 0.981215 -1
1 -8.100000 1.000000 15.176470 0.249913 0.965658 -1
1 16.199999 1.000000 14.176472 0.995280 0.934545 -1
1 8.099998 1.000000 14.176472 0.746825 0.934545 -1
1 16.199999 1.000000 14.676472 0.995280 0.950101 -1
1 16.199999 1.000000 15.676470 0.995280 0.981215 -1
1 -0.000001 1.000000 15.176470 0.498369 0.965658 -1
1 8.099998 1.000000 15.176470 0.746825 0.965658 -1
1 -0.000001 1.000000 14.676470 0.498369 0.950101 -1
1 8.099998 0.750000 14.176472 0.746825 0.934545 -1
1 -16.200001 0.750000 14.176470 0.001457 0.934545 -1
1 -16.200001 0.500000 14.176470 0.001457 0.934545 -1
1 -8.100000 0.750000 14.176470 0.249913 0.934545 -1
1 -8.100000 0.500000 14.176470 0.249913 0.934545 -1
1 16.199999 0.750000 14.176472 0.995280 0.934545 -1
1 -8.100000 0.000000 14.176470 0.249913 0.934545 -1
1 -0.000001 0.000000 14.176471 0.498369 0.934545 -1
1 -0.000001 0.250000 14.176471 0.498369 0.934545 -1
1 8.099998 0.250000 14.176472 0.746825 0.934545 -1
1 8.099998 0.000000 6.582354 0.746825 0.701193 -1
1 -16.200001 0.000000 6.582352 0.001457 0.701193 -1
1 -16.200001 0.000000 -1.011765 0.001457 0.467842 -1
1 -8.100000 0.000000 6.582353 0.249913 0.701193 -1
1 -8.100000 0.000000 -1.011765 0.249913 0.467842 -1
1 16.200001 0.000000 6.582354 0.995280 0.701193 -1
1 -8.100000 0.000000 -16.200001 0.249913 0.001139 -1
1 0.000000 0.000000 -16.200001 0.498369 0.001139 -1
1 -0.000000 0.000000 -8.605883 0.498369 0.234491 -1
1 8.100000 0.000000 -8.605883 0.746825 0.234491 -1
1 16.199999 0.000000 14.176472 0.000000 0.000000 -1
1 16.199999 0.250000 14.176472 0.000000 0.000000 -1
1 16.199999 0.250000 14.676472 0.000000 0.000000 -1
1 16.199999 1.000000 15.676470 0.000000 0.000000 -1
1 16.199999 1.000000 15.176471 0.000000 0.000000 -1
1 16.199999 0.750000 15.176471 0.000000 0.000000 -1
1 16.199999 0.750000 14.676472 0.000000 0.000000 -1
1 16.200001 -0.001401 14.679185 0.000000 0.000000 -1
1 16.200001 -0.005602 16.187325 0.000000 0.000000 -1
1 16.200001 -0.004202 15.684611 0.000000 0.000000 -1
1 16.200001 0.245798 16.184610 0.000000 0.000000 -1
1 16.200001 0.497199 16.181896 0.000000 0.000000 -1
1 16.200001 0.247199 15.681897 0.000000 0.000000 -1
1 16.200001 0.498599 15.679184 0.000000 0.000000 -1
1 -16.200001 -0.017323 16.181335 0.000000 0.000000 -1
1 -16.200001 0.237008 15.680119 0.000000 0.000000 -1
1 -16.200001 -0.012992 15.680119 0.000000 0.000000 -1
1 -16.200001 0.000000 14.176470 0.000000 0.000000 -1
1 -16.200001 -0.004331 14.677687 0.000000 0.000000 -1
1 -16.200001 0.250000 14.176470 0.000000 0.000000 -1
1 -16.200001 0.500000 14.176470 0.000000 0.000000 -1
1 -16.200001 0.245669 14.677687 0.000000 0.000000 -1
1 -16.200001 0.495669 14.677687 0.000000 0.000000 -1
1 -16.200001 0.237008 16.180119 0.000000 0.000000 -1
1 -16.200001 1.000000 14.676470 0.000000 0.000000 -1
1 -16.200001 1.000000 15.176469 0.000000 0.000000 -1
1 -16.200001 0.745669 15.177686 0.000000 0.000000 -1
1 -16.200001 0.745669 15.677685 0.000000 0.000000 -1
1 -0.000001 1.000000 14.176471 0.498369 0.934545 -1
1 -0.000001 0.500000 14.176471 0.498369 0.934545 -1
1 16.199999 0.500000 14.176472 0.995280 0.934545 -1
1 -0.000001 0.000000 -1.011765 0.498369 0.467842 -1
1 16.200001 0.000000 -1.011765 0.995280 0.467842 -1
1 16.199999 0.500000 14.176472 0.000000 0.000000 -1
1 16.199999 0.500000 15.176471 0.000000 0.000000 -1
1 -16.200001 0.491338 15.178903 0.000000 0.000000 -1
1 -16.200001 0.491338 16.178902 0.000000 0.000000 -1
1 -0.000001 1.000000 16.176468 0.498369 0.996772 -1
1 -0.000001 1.000000 15.676469 0.498369 0.981215 -1
1 16.199999 1.000000 15.176471 0.995280 0.965658 -1
1 8.099998 1.000000 14.676471 0.746825 0.950101 -1
1 -0.000001 0.750000 14.176471 0.498369 0.934545 -1
1 8.099998 0.500000 14.176472 0.746825 0.934545 -1
1 -0.000001 0.000000 6.582353 0.498369 0.701193 -1
1 8.100000 0.000000 -1.011765 0.746825 0.467842 -1
1 16.199999 0.500000 14.676472 0.000000 0.000000 -1
1 16.200001 -0.002801 15.181898 0.000000 0.000000 -1
1 16.200001 0.248599 15.179184 0.000000 0.000000 -1
1 -16.200001 -0.008662 15.178903 0.000000 0.000000 -1
1 -16.200001 0.241338 15.178903 0.000000 0.000000 -1
1 -16.200001 0.491338 15.678902 0.000000 0.000000 -1
162
-0.666667 0.666667 -0.333333
-0.676777 0.676777 -0.250000
-0.323223 0.676777 -0.250000
-0.397938 0.602062 -0.454124
-0.447214 0.000000 -0.894427
-0.502077 0.166667 -0.754154
-0.233348 0.102062 -0.874945
0.894427 0.000001 -0.447214
0.559017 0.000001 -0.559017
0.772882 0.102063 -0.539535
0.000000 1.000000 0.000000
0.408248 0.408248 -0.816497
0.482963 0.482963 -0.612373
0.529793 0.306186 -0.724176
0.707106 0.707107 -0.000000
0.780330 0.530331 -0.000000
0.753937 0.530331 -0.111804
-0.611803 0.500000 -0.473607
-0.750000 0.500000 -0.250000
-0.707107 0.707107 0.000000
-0.696997 0.696997 -0.083333
-0.780330 0.530330 0.000000
-0.686738 0.707783 0.165634
0.700309 0.707107 -0.097813
-0.884492 0.447214 0.132947
0.694236 0.707333 -0.133099
-0.531640 0.832060 0.158223
0.666998 0.708350 -0.230986
-0.729424 0.602737 0.323495
0.617999 0.708215 -0.341335
-0.445684 0.833244 0.327216
0.558027 0.707976 -0.432869
-0.518589 0.707214 0.480535
0.488704 0.707943 -0.509887
-0.470983 0.708306 0.525811
0.398042 0.708305 -0.582980
-0.386701 0.707537 0.591485
0.319945 0.707553 -0.630083
-0.320506 0.707630 0.629711
0.174461 0.833681 -0.523965
-0.241839 0.707805 0.663721
0.146356 0.707107 -0.691795
-0.230363 0.447214 0.864253
-0.988892 0.000000 0.148639
-0.981455 0.000000 0.191695
-0.958454 0.000000 0.285249
-0.914134 0.000000 0.405413
-0.806077 0.000000 0.591811
-0.721554 0.000000 0.692358
-0.622609 0.000000 0.782533
-0.517665 0.000000 0.855583
-0.418951 0.000000 0.908009
-0.300207 0.000000 0.953874
-0.257554 0.000000 0.966264
0.206979 0.000000 -0.978346
0.315912 0.000000 -0.948789
0.484160 0.000000 -0.874979
0.611083 0.000000 -0.791566
0.726284 0.000000 -0.687394
0.819596 0.000000 -0.572942
0.901088 0.000000 -0.433636
0.962709 0.000000 -0.270540
0.986567 0.000000 -0.163354
0.990386 0.000000 -0.138329
0.884492 0.447214 0.132947
-0.700309 0.707107 -0.097813
0.686738 0.707783 0.165634
-0.694236 0.707333 -0.133099
0.531640 0.832060 0.158223
-0.666998 0.708350 -0.230986
0.729424 0.602737 0.323496
-0.617998 0.708215 -0.341335
0.445684 0.833244 0.327216
-0.558027 0.707976 -0.432869
0.518589 0.707214 0.480535
-0.488704 0.707943 -0.509887
0.470983 0.708306 0.525811
-0.398042 0.708305 -0.582980
0.386701 0.707537 0.591484
-0.319945 0.707553 -0.630083
0.320506 0.707630 0.629710
-0.174461 0.833681 -0.523965
0.241839 0.707805 0.663721
-0.146356 0.707107 -0.691795
0.230363 0.447214 0.864253
0.981455 0.000000 0.191695
0.988892 0.000000 0.148639
0.958454 0.000000 0.285249
0.914133 0.000000 0.405413
0.806076 0.000000 0.591812
0.721554 0.000000 0.692358
0.622609 0.000000 0.782533
0.517666 0.000000 0.855583
0.418952 0.000000 0.908009
0.300207 0.000000 0.953874
0.257554 0.000000 0.966264
-0.315912 0.000000 -0.948788
-0.206979 0.000000 -0.978345
-0.484160 0.000000 -0.874979
-0.611083 0.000000 -0.791566
-0.726284 0.000000 -0.687394
-0.819595 0.000000 -0.572943
-0.901088 0.000000 -0.433637
-0.962709 0.000000 -0.270541
-0.986567 0.000000 -0.163354
-0.990386 0.000000 -0.138329
0.363663 0.696997 -0.083334
0.353553 0.707107 -0.000000
-0.353553 0.707107 -0.000000
-0.686887 0.686887 -0.166667
-0.343443 0.696997 -0.083333
-0.333333 0.686887 -0.166667
0.139520 0.472853 -0.695706
0.632392 0.632392 -0.204124
0.020220 0.686887 -0.166667
0.288949 0.622282 -0.287458
-0.054495 0.612172 -0.370791
0.194383 0.306186 -0.835979
-0.556940 0.333333 -0.613880
-0.343075 0.435395 -0.594398
-0.288211 0.268729 -0.734671
-0.111803 0.000000 -0.782624
0.223607 0.000000 -0.670821
0.102062 0.102062 -0.763141
0.437472 0.102062 -0.651338
0.847597 0.176777 -0.335411
0.557677 0.557678 -0.408248
0.679222 0.455616 -0.315928
0.604508 0.380901 -0.520052
0.920820 0.000001 -0.335411
1.000000 0.000002 -0.000001
0.973607 0.000002 -0.111804
0.926777 0.176778 -0.000001
0.853553 0.353555 -0.000001
0.900383 0.176778 -0.111804
0.827160 0.353554 -0.111804
-1.000000 0.000000 0.000000
-0.916667 0.166667 -0.083333
-0.861803 0.000000 -0.223607
-0.585410 0.000000 -0.670820
-0.640273 0.166667 -0.530547
-0.695137 0.333333 -0.390273
-0.926777 0.176777 0.000000
-0.760110 0.510110 -0.166667
-0.770220 0.520220 -0.083333
-0.129209 0.537457 -0.574915
-0.019483 0.204124 -0.855462
0.651338 0.204125 -0.631855
0.800767 0.353554 -0.223607
-0.833333 0.333333 -0.166667
-0.853553 0.353553 0.000000
-0.000000 0.707107 -0.000000
0.010110 0.696997 -0.083333
0.214234 0.547568 -0.491582
-0.074346 0.370791 -0.715188
0.315928 0.204124 -0.743659
0.726052 0.278839 -0.427731
0.947214 0.000001 -0.223607
0.873990 0.176778 -0.223607
-0.723607 0.000000 -0.447214
-0.778470 0.166667 -0.306940
-0.843443 0.343443 -0.083333
274
1 0 1 2 0 1 2 1
1 0 2 3 0 2 3 1
1 4 5 6 4 5 6 1
1 7 8 9 7 8 9 1
1 10 11 12 10 10 10 1
1 13 14 15 10 10 10 1
1 16 17 18 11 12 13 1
1 19 20 21 14 15 16 1
1 22 23 24 0 17 18 1
1 25 26 27 19 20 21 1
1 28 29 30 22 23 24 1
1 28 31 29 22 25 23 1
1 28 32 31 22 26 25 1
1 32 33 31 26 27 25 1
1 32 34 33 26 28 27 1
1 34 35 33 28 29 27 1
1 34 36 35 28 30 29 1
1 36 37 35 30 31 29 1
1 36 38 37 30 32 31 1
1 38 39 37 32 33 31 1
1 38 40 39 32 34 33 1
1 40 41 39 34 35 33 1
1 40 42 41 34 36 35 1
1 42 43 41 36 37 35 1
1 42 44 43 36 38 37 1
1 44 45 43 38 39 37 1
1 44 46 45 38 40 39 1
1 46 47 45 40 41 39 1
1 46 48 47 40 42 41 1
1 49 50 30 43 44 24 1
1 30 50 28 24 44 22 1
1 28 51 32 22 45 26 1
1 50 51 28 44 45 22 1
1 51 34 32 45 28 26 1
1 51 52 34 45 46 28 1
1 52 53 34 46 47 28 1
1 34 53 36 28 47 30 1
1 36 53 38 30 47 32 1
1 53 54 38 47 48 32 1
1 38 54 40 32 48 34 1
1 40 54 55 34 48 49 1
1 40 55 42 34 49 36 1
1 55 56 42 49 50 36 1
1 42 56 44 36 50 38 1
1 56 57 44 50 51 38 1
1 44 57 46 38 51 40 1
1 57 58 46 51 52 40 1
1 46 58 48 40 52 42 1
1 58 59 48 52 53 42 1
1 60 61 47 54 55 41 1
1 47 61 45 41 55 39 1
1 45 61 43 39 55 37 1
1 61 62 43 55 56 37 1
1 43 62 41 37 56 35 1
1 62 63 41 56 57 35 1
1 39 41 63 33 35 57 1
1 39 63 64 33 57 58 1
1 39 64 37 33 58 31 1
1 64 65 37 58 59 31 1
1 37 65 35 31 59 29 1
1 65 66 35 59 60 29 1
1 35 66 33 29 60 27 1
1 66 67 33 60 61 27 1
1 67 68 31 61 62 25 1
1 67 31 33 61 25 27 1
1 68 29 31 62 23 25 1
1 68 69 29 62 63 23 1
1 70 71 72 64 65 66 1
1 71 73 72 65 67 66 1
1 73 74 72 67 68 66 1
1 73 75 74 67 69 68 1
1 75 76 74 69 70 68 1
1 75 77 76 69 71 70 1
1 77 78 76 71 72 70 1
1 77 79 78 71 73 72 1
1 79 80 78 73 74 72 1
1 79 81 80 73 75 74 1
1 81 82 80 75 76 74 1
1 81 83 82 75 77 76 1
1 83 84 82 77 78 76 1
1 83 85 84 77 79 78 1
1 85 86 84 79 80 78 1
1 85 87 86 79 81 80 1
1 87 88 86 81 82 80 1
1 87 89 88 81 83 82 1
1 89 90 88 83 84 82 1
1 70 91 92 64 85 86 1
1 72 91 70 66 85 64 1
1 74 93 72 68 87 66 1
1 72 93 91 66 87 85 1
1 74 76 93 68 70 87 1
1 76 94 93 70 88 87 1
1 76 95 94 70 89 88 1
1 78 95 76 72 89 70 1
1 80 95 78 74 89 72 1
1 80 96 95 74 90 89 1
1 82 96 80 76 90 74 1
1 97 96 82 91 90 76 1
1 84 97 82 78 91 76 1
1 84 98 97 78 92 91 1
1 86 98 84 80 92 78 1
1 86 99 98 80 93 92 1
1 88 99 86 82 93 80 1
1 88 100 99 82 94 93 1
1 90 100 88 84 94 82 1
1 90 101 100 84 95 94 1
1 89 102 103 83 96 97 1
1 87 102 89 81 96 83 1
1 85 102 87 79 96 81 1
1 85 104 102 79 98 96 1
1 83 104 85 77 98 79 1
1 83 105 104 77 99 98 1
1 105 83 81 99 77 75 1
1 106 105 81 100 99 75 1
1 79 106 81 73 100 75 1
1 79 107 106 73 101 100 1
1 77 107 79 71 101 73 1
1 77 108 107 71 102 101 1
1 75 108 77 69 102 71 1
1 75 109 108 69 103 102 1
1 73 110 109 67 104 103 1
1 75 73 109 69 67 103 1
1 73 71 110 67 65 104 1
1 71 111 110 65 105 104 1
1 112 113 114 14 106 107 1
1 115 116 117 19 108 20 1
1 118 119 120 109 110 111 1
1 121 122 123 11 112 12 1
1 112 124 113 14 113 106 1
1 125 126 127 114 115 116 1
1 121 128 122 11 117 112 1
1 0 3 129 0 3 17 1
1 130 131 132 118 119 120 1
1 121 133 128 11 13 117 1
1 4 6 134 4 6 121 1
1 135 136 137 122 123 124 1
1 7 138 8 10 10 10 1
1 4 134 139 10 10 10 1
1 140 141 142 10 10 10 1
1 7 143 138 10 10 10 1
1 10 12 144 10 10 10 1
1 145 146 147 10 10 10 1
1 148 149 150 7 9 125 1
1 19 21 151 14 16 113 1
1 152 153 154 126 127 128 1
1 148 150 155 7 125 129 1
1 156 157 158 130 131 132 1
1 159 160 161 133 134 135 1
1 162 163 164 136 137 138 1
1 165 166 167 4 139 5 1
1 168 169 170 118 140 141 1
1 162 171 163 136 142 137 1
1 22 24 172 0 18 1 1
1 173 174 175 109 143 144 1
1 125 2 120 114 2 111 1
1 118 120 1 109 111 1 1
1 1 120 2 1 111 2 1
1 176 3 127 145 3 116 1
1 125 127 2 114 116 2 1
1 2 127 3 2 116 3 1
1 177 6 132 146 6 120 1
1 130 132 5 118 120 5 1
1 5 132 6 5 120 6 1
1 178 9 137 147 9 124 1
1 135 137 8 122 124 8 1
1 8 137 9 8 124 9 1
1 179 12 142 10 10 10 1
1 140 142 11 10 10 10 1
1 11 142 12 10 10 10 1
1 180 15 147 10 10 10 1
1 145 147 14 10 10 10 1
1 14 147 15 10 10 10 1
1 181 18 154 147 13 128 1
1 152 154 17 126 128 12 1
1 17 154 18 12 128 13 1
1 182 21 161 148 16 135 1
1 159 161 20 133 135 15 1
1 20 161 21 15 135 16 1
1 183 24 170 149 18 141 1
1 168 170 23 118 141 17 1
1 23 170 24 17 141 18 1
1 184 27 175 150 21 144 1
1 173 175 26 109 144 20 1
1 26 175 27 20 144 21 1
1 185 114 186 151 107 152 1
1 125 186 113 114 152 106 1
1 113 186 114 106 152 107 1
1 118 117 119 109 20 110 1
1 185 119 116 151 110 108 1
1 116 119 117 108 110 20 1
1 125 120 186 114 111 152 1
1 185 186 119 151 152 110 1
1 119 186 120 110 152 111 1
1 187 123 188 126 12 153 1
1 176 188 122 145 153 112 1
1 122 188 123 112 153 12 1
1 125 113 126 114 106 115 1
1 187 126 124 126 115 113 1
1 124 126 113 113 115 106 1
1 176 127 188 145 116 153 1
1 187 188 126 126 153 115 1
1 126 188 127 115 153 116 1
1 176 122 189 145 112 154 1
1 177 189 128 146 154 117 1
1 128 189 122 117 154 112 1
1 130 129 131 118 17 119 1
1 176 131 3 145 119 3 1
1 3 131 129 3 119 17 1
1 177 132 189 146 120 154 1
1 176 189 131 145 154 119 1
1 131 189 132 119 154 120 1
1 177 128 190 146 117 155 1
1 178 190 133 147 155 13 1
1 133 190 128 13 155 117 1
1 135 134 136 122 121 123 1
1 177 136 6 146 123 6 1
1 6 136 134 6 123 121 1
1 178 137 190 147 124 155 1
1 177 190 136 146 155 123 1
1 136 190 137 123 155 124 1
1 135 8 191 10 10 10 1
1 179 191 138 10 10 10 1
1 138 191 8 10 10 10 1
1 140 139 141 10 10 10 1
1 135 141 134 10 10 10 1
1 134 141 139 10 10 10 1
1 179 142 191 10 10 10 1
1 135 191 141 10 10 10 1
1 141 191 142 10 10 10 1
1 179 138 192 10 10 10 1
1 180 192 143 10 10 10 1
1 143 192 138 10 10 10 1
1 145 144 146 10 10 10 1
1 179 146 12 10 10 10 1
1 12 146 144 10 10 10 1
1 180 147 192 10 10 10 1
1 179 192 146 10 10 10 1
1 146 192 147 10 10 10 1
1 182 150 193 148 125 156 1
1 181 193 149 147 156 9 1
1 149 193 150 9 156 125 1
1 152 151 153 126 113 127 1
1 182 153 21 148 127 16 1
1 21 153 151 16 127 113 1
1 181 154 193 147 128 156 1
1 182 193 153 148 156 127 1
1 153 193 154 127 156 128 1
1 194 155 195 157 129 158 1
1 182 195 150 148 158 125 1
1 150 195 155 125 158 129 1
1 159 158 160 133 132 134 1
1 194 160 157 157 134 131 1
1 157 160 158 131 134 132 1
1 182 161 195 148 135 158 1
1 194 195 160 157 158 134 1
1 160 195 161 134 158 135 1
1 196 164 197 159 138 160 1
1 183 197 163 149 160 137 1
1 163 197 164 137 160 138 1
1 168 167 169 118 5 140 1
1 196 169 166 159 140 139 1
1 166 169 167 139 140 5 1
1 183 170 197 149 141 160 1
1 196 197 169 159 160 140 1
1 169 197 170 140 160 141 1
1 183 163 198 149 137 161 1
1 184 198 171 150 161 142 1
1 171 198 163 142 161 137 1
1 173 172 174 109 1 143 1
1 183 174 24 149 143 18 1
1 24 174 172 18 143 1 1
1 184 175 198 150 144 161 1
1 183 198 174 149 161 143 1
1 174 198 175 143 161 144 1

Materials: 1
"Material01"
0.200000 0.200000 0.200000 1.000000
0.800000 0.800000 0.800000 1.000000
0.000000 0.000000 0.000000 1.000000
0.000000 0.000000 0.000000 1.000000
0.000000
1.000000
"..\Image\080_017.tga"
""

Bones: 0
GroupComments: 0
MaterialComments: 0
BoneComments: 0
ModelComment: 0
