// MilkShape 3D ASCII

Frames: 30
Frame: 1

Meshes: 1
"0_Regroup01" 0 0
46
0 16.000000 0.000000 -16.000000 0.998501 0.005292 -1
0 -16.000000 0.000000 -16.000000 0.001089 0.005292 -1
0 -16.000000 0.000000 15.999999 0.001089 0.998339 -1
0 16.000000 0.000000 16.000000 0.998501 0.998339 -1
0 -7.004727 1.000000 -16.119946 0.281464 0.001570 -1
0 -8.002872 1.000000 -16.108608 0.250352 0.001922 -1
0 -7.767072 1.000000 -14.457906 0.257702 0.053148 -1
0 -8.731277 1.000000 -14.556659 0.227649 0.050083 -1
0 -8.417418 1.000000 -13.165606 0.237431 0.093251 -1
0 -9.243856 1.000000 -13.442677 0.211672 0.084653 -1
0 -9.266350 1.000000 -11.803005 0.210971 0.135536 -1
0 -10.288555 1.000000 -11.968459 0.179110 0.130402 -1
0 -10.104867 1.000000 -10.588605 0.184835 0.173223 -1
0 -11.043691 1.000000 -11.093970 0.155573 0.157540 -1
0 -11.066210 1.000000 -9.613398 0.154871 0.203486 -1
0 -12.017344 1.000000 -10.160060 0.125225 0.186521 -1
0 -12.228209 1.000000 -8.795075 0.118652 0.228881 -1
0 -13.306217 1.000000 -9.058412 0.085052 0.220709 -1
0 -13.117867 1.000000 -8.168107 0.090923 0.248337 -1
0 -13.960219 1.000000 -8.665576 0.064667 0.232899 -1
0 -13.965449 1.000000 -7.694832 0.064504 0.263024 -1
0 -14.899138 1.000000 -8.230016 0.035402 0.246416 -1
0 -14.933364 1.000000 -7.292618 0.034335 0.275506 -1
0 -16.012026 1.000000 -7.994572 0.000714 0.253722 -1
0 -16.050604 1.000000 -6.994822 -0.000488 0.284747 -1
0 -7.767072 0.000000 -14.457906 0.257702 0.053148 -1
0 -7.004727 0.000000 -16.119946 0.281464 0.001570 -1
0 -8.417418 0.000000 -13.165606 0.237431 0.093251 -1
0 -9.266350 0.000000 -11.803005 0.210971 0.135536 -1
0 -10.104867 0.000000 -10.588605 0.184835 0.173223 -1
0 -11.066210 0.000000 -9.613398 0.154871 0.203486 -1
0 -12.228209 0.000000 -8.795075 0.118652 0.228881 -1
0 -13.117867 0.000000 -8.168107 0.090923 0.248337 -1
0 -13.965449 0.000000 -7.694832 0.064504 0.263024 -1
0 -14.933364 0.000000 -7.292618 0.034335 0.275506 -1
0 -16.050604 0.000000 -6.994822 -0.000488 0.284747 -1
0 -14.899138 0.000000 -8.230016 0.035402 0.246416 -1
0 -16.012026 0.000000 -7.994572 0.000714 0.253722 -1
0 -13.960219 0.000000 -8.665576 0.064667 0.232899 -1
0 -13.306217 0.000000 -9.058412 0.085052 0.220709 -1
0 -12.017344 0.000000 -10.160060 0.125225 0.186521 -1
0 -11.043691 0.000000 -11.093970 0.155573 0.157540 -1
0 -10.288555 0.000000 -11.968459 0.179110 0.130402 -1
0 -9.243856 0.000000 -13.442677 0.211672 0.084653 -1
0 -8.731277 0.000000 -14.556659 0.227649 0.050083 -1
0 -8.002872 0.000000 -16.108608 0.250352 0.001922 -1
43
0.000000 1.000000 0.000000
0.812986 0.447214 0.372900
-0.640109 0.707107 -0.300434
0.635375 0.707158 0.310202
-0.641617 0.707109 -0.297195
0.483302 0.832315 0.271425
-0.599885 0.708455 -0.371792
0.668778 0.600107 0.438872
-0.549381 0.707467 -0.444601
0.426240 0.833018 0.352705
-0.504961 0.707453 -0.494494
0.472264 0.708365 0.524581
-0.469533 0.707236 -0.528541
0.407205 0.707107 0.578087
-0.396486 0.708194 -0.584175
0.386701 0.707537 0.591484
-0.319945 0.707553 -0.630083
0.320507 0.707630 0.629710
-0.174461 0.833681 -0.523965
0.241839 0.707805 0.663721
-0.146357 0.707107 -0.691795
0.230363 0.447214 0.864253
0.903850 0.000000 0.427850
0.908945 0.000000 0.416915
0.871909 0.000000 0.489668
0.836056 0.000000 0.548644
0.770435 0.000000 0.637518
0.623457 0.000000 0.781857
0.575965 0.000000 0.817475
0.517666 0.000000 0.855583
0.418952 0.000000 0.908008
0.300207 0.000000 0.953874
0.257554 0.000000 0.966264
-0.315912 0.000000 -0.948788
-0.206980 0.000000 -0.978345
-0.484160 0.000000 -0.874979
-0.606659 0.000000 -0.794962
-0.678310 0.000000 -0.734776
-0.736042 0.000000 -0.676936
-0.797038 0.000000 -0.603930
-0.880954 0.000000 -0.473202
-0.906321 0.000000 -0.422589
-0.905251 0.000000 -0.424877
59
1 0 1 2 0 0 0 1
1 0 2 3 0 0 0 1
1 4 5 6 1 2 3 1
1 5 7 6 2 4 3 1
1 7 8 6 4 5 3 1
1 7 9 8 4 6 5 1
1 9 10 8 6 7 5 1
1 9 11 10 6 8 7 1
1 11 12 10 8 9 7 1
1 11 13 12 8 10 9 1
1 13 14 12 10 11 9 1
1 13 15 14 10 12 11 1
1 15 16 14 12 13 11 1
1 15 17 16 12 14 13 1
1 17 18 16 14 15 13 1
1 17 19 18 14 16 15 1
1 19 20 18 16 17 15 1
1 19 21 20 16 18 17 1
1 21 22 20 18 19 17 1
1 21 23 22 18 20 19 1
1 23 24 22 20 21 19 1
1 4 25 26 1 22 23 1
1 6 25 4 3 22 1 1
1 8 27 6 5 24 3 1
1 6 27 25 3 24 22 1
1 8 10 27 5 7 24 1
1 10 28 27 7 25 24 1
1 10 29 28 7 26 25 1
1 12 29 10 9 26 7 1
1 14 29 12 11 26 9 1
1 14 30 29 11 27 26 1
1 16 30 14 13 27 11 1
1 31 30 16 28 27 13 1
1 18 31 16 15 28 13 1
1 18 32 31 15 29 28 1
1 20 32 18 17 29 15 1
1 20 33 32 17 30 29 1
1 22 33 20 19 30 17 1
1 22 34 33 19 31 30 1
1 24 34 22 21 31 19 1
1 24 35 34 21 32 31 1
1 23 36 37 20 33 34 1
1 21 36 23 18 33 20 1
1 19 36 21 16 33 18 1
1 19 38 36 16 35 33 1
1 17 38 19 14 35 16 1
1 17 39 38 14 36 35 1
1 39 17 15 36 14 12 1
1 40 39 15 37 36 12 1
1 13 40 15 10 37 12 1
1 13 41 40 10 38 37 1
1 11 41 13 8 38 10 1
1 11 42 41 8 39 38 1
1 9 42 11 6 39 8 1
1 9 43 42 6 40 39 1
1 7 44 43 4 41 40 1
1 9 7 43 6 4 40 1
1 7 5 44 4 2 41 1
1 5 45 44 2 42 41 1

Materials: 1
"Material01"
0.200000 0.200000 0.200000 1.000000
0.800000 0.800000 0.800000 1.000000
0.000000 0.000000 0.000000 1.000000
0.000000 0.000000 0.000000 1.000000
0.000000
1.000000
"..\Image\080_025.tga"
""

Bones: 0
GroupComments: 0
MaterialComments: 0
BoneComments: 0
ModelComment: 0
