// MilkShape 3D ASCII

Frames: 30
Frame: 1

Meshes: 1
"0_Regroup01" 1 0
21
1 -8.000000 1.000000 16.000000 0.249127 0.996772 -1
1 -8.000000 1.000000 0.000000 0.249127 0.498387 -1
1 -8.000000 0.000000 0.000000 0.249127 0.498387 -1
1 -8.000000 0.000000 16.000000 0.249127 0.996772 -1
1 -16.000000 0.000000 0.000000 -0.000115 0.498387 -1
1 -16.000000 0.000000 16.000000 -0.000115 0.996772 -1
1 -8.000000 1.000000 -16.000000 0.249127 0.000003 -1
1 -8.000000 0.000000 -16.000000 0.249127 0.000003 -1
1 -16.000000 0.000000 -16.000000 -0.000115 0.000003 -1
1 -7.000000 1.000000 16.000000 0.280282 0.996772 -1
1 -7.000000 1.000000 -16.000000 0.280282 0.000003 -1
1 -7.000000 0.000000 16.000000 0.280282 0.996772 -1
1 -7.000000 0.000000 -16.000000 0.280282 0.000003 -1
1 4.000000 0.000000 16.000000 0.622989 0.996772 -1
1 4.000000 0.000000 -16.000000 0.622989 0.000003 -1
1 14.000000 1.000000 16.000000 0.934541 0.996772 -1
1 16.000000 1.000000 16.000000 0.996852 0.996772 -1
1 16.000000 1.000000 -16.000000 0.996852 0.000003 -1
1 14.000000 1.000000 -16.000000 0.934541 0.000003 -1
1 14.000000 0.000000 16.000000 0.934541 0.996772 -1
1 14.000000 0.000000 -16.000000 0.934541 0.000003 -1
7
-0.894427 0.447214 0.000000
-1.000000 0.000000 0.000000
-0.707107 0.707107 0.000000
0.000000 1.000000 0.000000
0.447214 0.894427 0.000000
0.894427 0.447214 0.000000
-0.447214 0.894427 0.000000
20
1 0 1 2 0 1 2 1
1 0 2 3 0 2 2 1
1 2 4 5 2 3 3 1
1 2 5 3 2 3 2 1
1 6 7 2 2 2 2 1
1 6 2 1 2 2 1 1
1 2 7 8 2 2 3 1
1 2 8 4 2 3 3 1
1 6 0 9 2 0 4 1
1 10 6 9 5 2 4 1
1 10 9 11 5 4 5 1
1 10 11 12 5 5 4 1
1 12 11 13 4 5 3 1
1 12 13 14 4 3 3 1
1 15 16 17 6 3 3 1
1 15 17 18 6 3 0 1
1 19 15 18 0 6 0 1
1 20 19 18 6 0 0 1
1 13 19 20 3 0 6 1
1 14 13 20 3 3 6 1

Materials: 1
"Material01"
0.200000 0.200000 0.200000 1.000000
0.800000 0.800000 0.800000 1.000000
0.000000 0.000000 0.000000 1.000000
0.000000 0.000000 0.000000 1.000000
0.000000
1.000000
"..\Image\080_013.tga"
""

Bones: 0
GroupComments: 0
MaterialComments: 0
BoneComments: 0
ModelComment: 0
