// MilkShape 3D ASCII

Frames: 30
Frame: 1

Meshes: 1
"0_Regroup01" 1 0
209
1 -10.733334 0.000000 2.700000 0.166046 0.581451 -1
1 -12.100000 0.000000 0.000000 0.124506 0.498387 -1
1 -12.100000 0.000000 8.100000 0.124506 0.747579 -1
1 -9.366667 0.000000 5.400001 0.207587 0.664515 -1
1 -8.000000 0.000000 8.100000 0.249127 0.747579 -1
1 -9.366667 0.000000 -5.400001 0.207587 0.332259 -1
1 -8.000000 0.000000 -8.100000 0.249127 0.249195 -1
1 -12.100000 0.000000 -8.100000 0.124506 0.249195 -1
1 -10.733334 0.000000 -2.700000 0.166046 0.415323 -1
1 -5.166667 0.000000 -5.400001 0.337400 0.332259 -1
1 -7.000000 0.000000 0.000000 0.280282 0.498387 -1
1 -1.500000 0.000000 0.000000 0.451636 0.498387 -1
1 -3.333333 0.000000 -10.800001 0.394518 0.166131 -1
1 -1.500000 0.000000 -16.200001 0.451636 0.000003 -1
1 7.333333 0.000000 10.800001 0.726840 0.830644 -1
1 9.000000 0.000000 16.200001 0.778765 0.996772 -1
1 9.000000 0.000000 0.000000 0.778765 0.498387 -1
1 5.666667 0.000000 -10.800001 0.674915 0.166131 -1
1 4.000000 0.000000 0.000000 0.622989 0.498387 -1
1 9.000000 0.000000 -16.200001 0.778765 0.000003 -1
1 -8.000000 0.833333 10.800001 0.249127 0.830644 -1
1 -8.000000 1.000000 8.100000 0.249127 0.747579 -1
1 -8.000000 0.500000 8.100000 0.249127 0.747579 -1
1 -8.000000 0.666667 13.500000 0.249127 0.913708 -1
1 -8.000000 0.500000 16.200001 0.249127 0.996772 -1
1 -8.000000 0.666667 -13.500000 0.249127 0.083067 -1
1 -8.000000 0.500000 -16.200001 0.249127 0.000003 -1
1 -8.000000 0.500000 -8.100000 0.249127 0.249195 -1
1 -8.000000 0.833333 -10.800001 0.249127 0.166131 -1
1 -8.000000 1.000000 -8.100000 0.249127 0.249195 -1
1 -7.833333 1.000000 -5.400001 0.254319 0.332259 -1
1 -8.000000 1.000000 0.000000 0.249127 0.498387 -1
1 -7.500000 1.000000 0.000000 0.264704 0.498387 -1
1 -7.166667 1.000000 -10.800001 0.275090 0.166131 -1
1 -7.500000 1.000000 -16.200001 0.264704 0.000003 -1
1 -7.000000 1.000000 0.000000 0.280282 0.498387 -1
1 -7.000000 0.833333 -5.400001 0.280282 0.332259 -1
1 -7.000000 0.500000 0.000000 0.280282 0.498387 -1
1 -7.000000 0.666667 -10.800001 0.280282 0.166131 -1
1 -7.000000 0.500000 -16.200001 0.280282 0.000003 -1
1 14.733334 1.000000 10.800001 0.955312 0.830644 -1
1 15.100000 1.000000 16.200001 0.965697 0.996772 -1
1 15.100000 1.000000 0.000000 0.965697 0.498387 -1
1 14.366667 1.000000 5.400001 0.944927 0.664515 -1
1 14.000000 1.000000 0.000000 0.934541 0.498387 -1
1 14.000000 0.333333 10.800001 0.934541 0.830644 -1
1 14.000000 0.500000 16.200001 0.934541 0.996772 -1
1 14.000000 0.500000 0.000000 0.934541 0.498387 -1
1 14.000000 0.166667 -10.800001 0.934541 0.166131 -1
1 14.000000 0.000000 0.000000 0.934541 0.498387 -1
1 14.000000 0.500000 -16.200001 0.934541 0.000003 -1
1 -7.833333 0.666667 16.200001 0.000000 0.000000 -1
1 -8.000000 0.500000 16.200001 0.000000 0.000000 -1
1 -7.500000 0.500000 16.200001 0.000000 0.000000 -1
1 -7.166667 0.833333 16.200001 0.000000 0.000000 -1
1 -7.500000 1.000000 16.200001 0.000000 0.000000 -1
1 -7.000000 0.500000 16.200001 0.000000 0.000000 -1
1 15.466667 0.833333 16.200001 0.000000 0.000000 -1
1 15.100000 1.000000 16.200001 0.000000 0.000000 -1
1 15.100000 0.500000 16.200001 0.000000 0.000000 -1
1 15.833334 0.664216 16.200001 0.000000 0.000000 -1
1 16.200001 0.492647 16.200001 0.000000 0.000000 -1
1 15.833334 0.666667 -16.200001 0.000000 0.000000 -1
1 16.200001 0.500000 -16.200001 0.000000 0.000000 -1
1 15.100000 0.500000 -16.200001 0.000000 0.000000 -1
1 14.366667 0.833333 -16.200001 0.000000 0.000000 -1
1 15.100000 1.000000 -16.200001 0.000000 0.000000 -1
1 14.000000 0.500000 -16.200001 0.000000 0.000000 -1
1 -7.833333 0.833333 -16.200001 0.000000 0.000000 -1
1 -7.500000 1.000000 -16.200001 0.000000 0.000000 -1
1 -8.000000 0.500000 -16.200001 0.000000 0.000000 -1
1 -7.166667 0.666667 -16.200001 0.000000 0.000000 -1
1 -7.000000 0.500000 -16.200001 0.000000 0.000000 -1
1 -7.500000 0.500000 -16.200001 0.000000 0.000000 -1
1 -14.833334 0.000000 10.800001 0.041426 0.830644 -1
1 -16.200001 0.000000 8.100000 -0.000115 0.747579 -1
1 -14.833334 0.000000 2.700000 0.041426 0.581451 -1
1 -13.466667 0.000000 5.400001 0.082966 0.664515 -1
1 -9.366667 0.000000 13.500000 0.207587 0.913708 -1
1 -12.100000 0.000000 16.200001 0.124506 0.996772 -1
1 -13.466667 0.000000 13.500000 0.082966 0.913708 -1
1 -10.733334 0.000000 10.800001 0.166046 0.830644 -1
1 -13.466667 0.000000 -13.500000 0.082966 0.083067 -1
1 -12.100000 0.000000 -16.200001 0.124506 0.000003 -1
1 -9.366667 0.000000 -13.500000 0.207587 0.083067 -1
1 -10.733334 0.000000 -10.800001 0.166046 0.166131 -1
1 -14.833334 0.000000 -2.700000 0.041426 0.415323 -1
1 -16.200001 0.000000 -8.100000 -0.000115 0.249195 -1
1 -14.833334 0.000000 -10.800001 0.041426 0.166131 -1
1 -13.466667 0.000000 -5.400001 0.082966 0.332259 -1
1 0.333333 0.000000 10.800001 0.508754 0.830644 -1
1 -1.500000 0.000000 16.200001 0.451636 0.996772 -1
1 -5.166667 0.000000 10.800001 0.337400 0.830644 -1
1 -3.333333 0.000000 5.400001 0.394518 0.664515 -1
1 2.166667 0.000000 -10.800001 0.565872 0.166131 -1
1 2.166667 0.000000 5.400001 0.565872 0.664515 -1
1 0.333333 0.000000 -5.400001 0.508754 0.332259 -1
1 12.333334 0.000000 -5.400001 0.882616 0.332259 -1
1 12.333334 0.000000 10.800001 0.882616 0.830644 -1
1 10.666667 0.000000 5.400001 0.830691 0.664515 -1
1 10.666667 0.000000 -10.800001 0.830691 0.166131 -1
1 5.666667 0.000000 5.400001 0.674915 0.664515 -1
1 7.333333 0.000000 -5.400001 0.726840 0.332259 -1
1 -8.000000 0.333333 2.700000 0.249127 0.581451 -1
1 -8.000000 0.500000 0.000000 0.249127 0.498387 -1
1 -8.000000 0.833333 2.700000 0.249127 0.581451 -1
1 -8.000000 0.666667 5.400001 0.249127 0.664515 -1
1 -8.000000 0.166667 13.500000 0.249127 0.913708 -1
1 -8.000000 0.166667 5.400001 0.249127 0.664515 -1
1 -8.000000 0.333333 10.800001 0.249127 0.830644 -1
1 -8.000000 0.166667 -5.400001 0.249127 0.332259 -1
1 -8.000000 0.166667 -13.500000 0.249127 0.083067 -1
1 -8.000000 0.333333 -10.800001 0.249127 0.166131 -1
1 -8.000000 0.833333 -2.700000 0.249127 0.415323 -1
1 -8.000000 0.333333 -2.700000 0.249127 0.415323 -1
1 -8.000000 0.666667 -5.400001 0.249127 0.332259 -1
1 -7.333333 1.000000 10.800001 0.269897 0.830644 -1
1 -7.500000 1.000000 16.200001 0.264704 0.996772 -1
1 -7.833333 1.000000 10.800001 0.254319 0.830644 -1
1 -7.666667 1.000000 5.400001 0.259512 0.664515 -1
1 -7.166667 1.000000 5.400001 0.275090 0.664515 -1
1 -7.666667 1.000000 -10.800001 0.259512 0.166131 -1
1 -7.333333 1.000000 -5.400001 0.269897 0.332259 -1
1 -7.000000 0.333333 10.800001 0.280282 0.830644 -1
1 -7.000000 0.500000 16.200001 0.280282 0.996772 -1
1 -7.000000 0.833333 10.800001 0.280282 0.830644 -1
1 -7.000000 0.666667 5.400001 0.280282 0.664515 -1
1 -7.000000 0.166667 -10.800001 0.280282 0.166131 -1
1 -7.000000 0.166667 5.400001 0.280282 0.664515 -1
1 -7.000000 0.333333 -5.400001 0.280282 0.332259 -1
1 15.833334 1.000000 -5.400001 0.986467 0.332259 -1
1 16.200001 1.000000 0.000000 0.996852 0.498387 -1
1 15.833334 1.000000 10.800001 0.986467 0.830644 -1
1 15.466667 1.000000 5.400001 0.976082 0.664515 -1
1 14.366667 1.000000 -10.800001 0.944927 0.166131 -1
1 15.100000 1.000000 -16.200001 0.965697 0.000003 -1
1 15.466667 1.000000 -10.800001 0.976082 0.166131 -1
1 14.733334 1.000000 -5.400001 0.955312 0.332259 -1
1 14.000000 0.833333 -5.400001 0.934541 0.332259 -1
1 14.000000 0.833333 10.800001 0.934541 0.830644 -1
1 14.000000 0.666667 5.400001 0.934541 0.664515 -1
1 14.000000 0.666667 -10.800001 0.934541 0.166131 -1
1 14.000000 0.166667 5.400001 0.934541 0.664515 -1
1 14.000000 0.333333 -5.400001 0.934541 0.332259 -1
1 -7.333333 0.166667 16.200001 0.000000 0.000000 -1
1 -7.500000 0.000000 16.200001 0.000000 0.000000 -1
1 -7.833333 0.166667 16.200001 0.000000 0.000000 -1
1 -7.666667 0.333333 16.200001 0.000000 0.000000 -1
1 -7.166667 0.333333 16.200001 0.000000 0.000000 -1
1 -7.666667 0.833333 16.200001 0.000000 0.000000 -1
1 -7.333333 0.666667 16.200001 0.000000 0.000000 -1
1 14.366667 0.333333 16.200001 0.000000 0.000000 -1
1 14.000000 0.500000 16.200001 0.000000 0.000000 -1
1 14.366667 0.833333 16.200001 0.000000 0.000000 -1
1 14.733334 0.666667 16.200001 0.000000 0.000000 -1
1 15.833334 0.156863 16.200001 0.000000 0.000000 -1
1 15.100000 -0.007353 16.200001 0.000000 0.000000 -1
1 14.733334 0.164216 16.200001 0.000000 0.000000 -1
1 15.466667 0.328431 16.200001 0.000000 0.000000 -1
1 14.733334 0.166667 -16.200001 0.000000 0.000000 -1
1 15.100000 -0.000000 -16.200001 0.000000 0.000000 -1
1 15.833334 0.166667 -16.200001 0.000000 0.000000 -1
1 15.466667 0.333333 -16.200001 0.000000 0.000000 -1
1 14.366667 0.333333 -16.200001 0.000000 0.000000 -1
1 15.466667 0.833333 -16.200001 0.000000 0.000000 -1
1 14.733334 0.666667 -16.200001 0.000000 0.000000 -1
1 -7.833333 0.333333 -16.200001 0.000000 0.000000 -1
1 -7.333333 0.833333 -16.200001 0.000000 0.000000 -1
1 -7.666667 0.666667 -16.200001 0.000000 0.000000 -1
1 -7.666667 0.166667 -16.200001 0.000000 0.000000 -1
1 -7.500000 0.000000 -16.200001 0.000000 0.000000 -1
1 -7.166667 0.166667 -16.200001 0.000000 0.000000 -1
1 -7.333333 0.333333 -16.200001 0.000000 0.000000 -1
1 -8.000000 0.000000 0.000000 0.249127 0.498387 -1
1 -7.000000 0.000000 -16.200001 0.280282 0.000003 -1
1 4.000000 0.000000 16.200001 0.622989 0.996772 -1
1 4.000000 0.000000 -16.200001 0.622989 0.000003 -1
1 -8.000000 1.000000 16.200001 0.249127 0.996772 -1
1 -8.000000 1.000000 -16.200001 0.249127 0.000003 -1
1 -7.000000 1.000000 -16.200001 0.280282 0.000003 -1
1 14.000000 1.000000 16.200001 0.934541 0.996772 -1
1 14.000000 0.000000 16.200001 0.934541 0.996772 -1
1 14.000000 0.000000 -16.200001 0.934541 0.000003 -1
1 -8.000000 1.000000 16.200001 0.000000 0.000000 -1
1 -7.000000 1.000000 16.200001 0.000000 0.000000 -1
1 16.200001 1.000000 16.200001 0.000000 0.000000 -1
1 16.200001 1.000000 -16.200001 0.000000 0.000000 -1
1 14.000000 1.000000 -16.200001 0.000000 0.000000 -1
1 -8.000000 1.000000 -16.200001 0.000000 0.000000 -1
1 -7.000000 1.000000 -16.200001 0.000000 0.000000 -1
1 -16.200001 0.000000 16.200001 -0.000115 0.996772 -1
1 -16.200001 0.000000 0.000000 -0.000115 0.498387 -1
1 -8.000000 0.000000 16.200001 0.249127 0.996772 -1
1 -16.200001 0.000000 -16.200001 -0.000115 0.000003 -1
1 -8.000000 0.000000 -16.200001 0.249127 0.000003 -1
1 -7.000000 0.000000 16.200001 0.280282 0.996772 -1
1 -7.000000 1.000000 16.200001 0.280282 0.996772 -1
1 16.200001 1.000000 -16.200001 0.996852 0.000003 -1
1 16.200001 1.000000 16.200001 0.996852 0.996772 -1
1 14.000000 1.000000 -16.200001 0.934541 0.000003 -1
1 -7.000000 0.000000 16.200001 0.000000 0.000000 -1
1 -8.000000 0.000000 16.200001 0.000000 0.000000 -1
1 14.000000 0.000000 16.200001 0.000000 0.000000 -1
1 14.000000 1.000000 16.200001 0.000000 0.000000 -1
1 16.200001 -0.014706 16.200001 0.000000 0.000000 -1
1 14.000000 0.000000 -16.200001 0.000000 0.000000 -1
1 16.200001 -0.000000 -16.200001 0.000000 0.000000 -1
1 -8.000000 0.000000 -16.200001 0.000000 0.000000 -1
1 -7.000000 0.000000 -16.200001 0.000000 0.000000 -1
23
0.000000 1.000000 0.000000
-0.707107 0.707107 0.000000
0.707107 0.707107 0.000000
-1.000000 0.000000 0.000000
-0.707107 0.000000 0.707107
-0.707107 0.000000 -0.707107
-0.554700 0.832050 0.000000
0.000000 0.707107 -0.707107
1.000000 0.000000 0.000000
0.707107 0.000000 -0.707107
0.000000 0.707107 0.707107
0.000000 0.000000 1.000000
0.707107 0.000000 0.707107
0.000000 0.000000 -1.000000
0.000000 0.894427 -0.447214
-0.666667 0.333333 0.666667
-0.666667 0.666667 -0.333333
0.666667 0.333333 -0.666667
-0.408248 0.816497 0.408248
0.408248 0.816497 0.408248
0.000000 0.447214 0.894427
-0.816497 0.408248 -0.408248
0.000000 0.447214 -0.894427
336
1 0 1 2 0 0 0 1
1 3 2 4 0 0 1 1
1 5 6 7 0 1 0 1
1 8 7 1 0 0 0 1
1 9 10 11 0 2 0 1
1 12 11 13 0 0 0 1
1 14 15 16 0 0 0 1
1 17 18 19 0 0 0 1
1 20 21 22 3 3 3 1
1 23 22 24 3 3 4 1
1 25 26 27 3 5 3 1
1 28 27 29 3 3 3 1
1 30 31 32 0 6 0 1
1 33 34 35 0 7 2 1
1 36 35 37 8 2 8 1
1 38 37 39 8 8 9 1
1 40 41 42 0 10 0 1
1 43 42 44 0 0 1 1
1 45 46 47 3 4 3 1
1 48 49 50 3 1 5 1
1 51 52 53 11 4 11 1
1 54 55 56 11 10 12 1
1 57 58 59 11 10 11 1
1 60 59 61 11 11 11 1
1 62 63 64 13 13 13 1
1 65 66 67 13 7 5 1
1 68 69 70 13 7 5 1
1 71 72 73 13 9 13 1
1 74 2 75 0 0 0 1
1 76 75 1 0 0 0 1
1 77 75 2 0 0 0 1
1 78 4 79 0 1 0 1
1 80 79 2 0 0 0 1
1 81 79 4 0 0 1 1
1 82 7 83 0 0 0 1
1 84 83 6 0 0 1 1
1 85 83 7 0 0 0 1
1 86 1 87 0 0 0 1
1 88 87 7 0 0 0 1
1 89 87 1 0 0 0 1
1 90 11 91 0 0 0 1
1 92 91 10 0 0 2 1
1 93 91 11 0 0 0 1
1 94 13 18 0 0 0 1
1 95 18 11 0 0 0 1
1 96 18 13 0 0 0 1
1 97 16 49 0 0 1 1
1 98 49 15 0 1 0 1
1 99 49 16 0 1 0 1
1 100 19 16 0 0 0 1
1 101 16 18 0 0 0 1
1 102 16 19 0 0 0 1
1 103 22 104 3 3 3 1
1 105 104 21 3 3 3 1
1 106 104 22 3 3 3 1
1 107 24 4 3 4 1 1
1 108 4 22 3 1 3 1
1 109 4 24 3 1 4 1
1 110 27 6 3 3 1 1
1 111 6 26 3 1 5 1
1 112 6 27 3 1 3 1
1 113 29 104 3 3 3 1
1 114 104 27 3 3 3 1
1 115 104 29 3 3 3 1
1 116 32 117 0 0 10 1
1 118 117 31 0 10 6 1
1 119 117 32 0 10 0 1
1 120 35 32 0 2 0 1
1 121 32 34 0 0 7 1
1 122 32 35 0 0 2 1
1 123 37 124 8 8 12 1
1 125 124 35 8 12 2 1
1 126 124 37 8 12 8 1
1 127 39 10 8 9 2 1
1 128 10 37 8 2 8 1
1 129 10 39 8 2 9 1
1 130 42 131 0 0 0 1
1 132 131 41 0 0 10 1
1 133 131 42 0 0 0 1
1 134 44 135 0 1 7 1
1 136 135 42 0 7 0 1
1 137 135 44 0 7 1 1
1 138 47 44 3 3 1 1
1 139 44 46 3 1 4 1
1 140 44 47 3 1 3 1
1 141 50 47 3 5 3 1
1 142 47 49 3 3 1 1
1 143 47 50 3 3 5 1
1 144 53 145 11 11 11 1
1 146 145 52 11 11 4 1
1 147 145 53 11 11 11 1
1 148 56 53 11 12 11 1
1 149 53 55 11 11 10 1
1 150 53 56 11 11 12 1
1 151 59 152 11 11 4 1
1 153 152 58 11 4 10 1
1 154 152 59 11 4 11 1
1 155 61 156 11 11 11 1
1 157 156 59 11 11 11 1
1 158 156 61 11 11 11 1
1 159 64 160 13 13 13 1
1 161 160 63 13 13 13 1
1 162 160 64 13 13 13 1
1 163 67 64 13 5 13 1
1 164 64 66 13 13 7 1
1 165 64 67 13 13 5 1
1 166 70 73 13 5 13 1
1 167 73 69 13 13 7 1
1 168 73 70 13 13 5 1
1 169 73 170 13 13 13 1
1 171 170 72 13 13 9 1
1 172 170 73 13 13 13 1
1 173 0 2 0 0 0 1
1 173 1 0 0 0 0 1
1 173 3 4 0 0 1 1
1 173 2 3 0 0 0 1
1 173 5 7 0 0 0 1
1 173 6 5 0 1 0 1
1 173 8 1 0 0 0 1
1 173 7 8 0 0 0 1
1 174 9 11 14 0 0 1
1 174 10 9 14 2 0 1
1 174 12 13 14 0 0 1
1 174 11 12 14 0 0 1
1 175 14 16 0 0 0 1
1 175 15 14 0 0 0 1
1 176 17 19 0 0 0 1
1 176 18 17 0 0 0 1
1 177 20 22 15 3 3 1
1 177 21 20 15 3 3 1
1 177 23 24 15 3 4 1
1 177 22 23 15 3 3 1
1 178 25 27 16 3 3 1
1 178 26 25 16 5 3 1
1 178 28 29 16 3 3 1
1 178 27 28 16 3 3 1
1 178 30 32 16 0 0 1
1 178 31 30 16 6 0 1
1 179 33 35 17 0 2 1
1 179 34 33 17 7 0 1
1 179 36 37 17 8 8 1
1 179 35 36 17 2 8 1
1 179 38 39 17 8 9 1
1 179 37 38 17 8 8 1
1 180 40 42 18 0 0 1
1 180 41 40 18 10 0 1
1 180 43 44 18 0 1 1
1 180 42 43 18 0 0 1
1 181 45 47 3 3 3 1
1 181 46 45 3 4 3 1
1 182 48 50 3 3 5 1
1 182 49 48 3 1 3 1
1 183 51 53 15 11 11 1
1 183 52 51 15 4 11 1
1 184 54 56 19 11 12 1
1 184 55 54 19 10 11 1
1 185 57 59 20 11 11 1
1 185 58 57 20 10 11 1
1 185 60 61 20 11 11 1
1 185 59 60 20 11 11 1
1 186 62 64 7 13 13 1
1 186 63 62 7 13 13 1
1 187 65 67 21 13 5 1
1 187 66 65 21 7 13 1
1 188 68 70 16 13 5 1
1 188 69 68 16 7 13 1
1 189 71 73 17 13 13 1
1 189 72 71 17 9 13 1
1 190 74 75 0 0 0 1
1 190 2 74 0 0 0 1
1 191 76 1 0 0 0 1
1 191 75 76 0 0 0 1
1 1 77 2 0 0 0 1
1 1 75 77 0 0 0 1
1 192 78 79 10 0 0 1
1 192 4 78 10 1 0 1
1 190 80 2 0 0 0 1
1 190 79 80 0 0 0 1
1 2 81 4 0 0 1 1
1 2 79 81 0 0 0 1
1 193 82 83 0 0 0 1
1 193 7 82 0 0 0 1
1 194 84 6 22 0 1 1
1 194 83 84 22 0 0 1
1 6 85 7 1 0 0 1
1 6 83 85 1 0 0 1
1 191 86 87 0 0 0 1
1 191 1 86 0 0 0 1
1 193 88 7 0 0 0 1
1 193 87 88 0 0 0 1
1 7 89 1 0 0 0 1
1 7 87 89 0 0 0 1
1 175 90 91 0 0 0 1
1 175 11 90 0 0 0 1
1 195 92 10 20 0 2 1
1 195 91 92 20 0 0 1
1 10 93 11 2 0 0 1
1 10 91 93 2 0 0 1
1 176 94 18 0 0 0 1
1 176 13 94 0 0 0 1
1 175 95 11 0 0 0 1
1 175 18 95 0 0 0 1
1 11 96 13 0 0 0 1
1 11 18 96 0 0 0 1
1 182 97 49 7 0 1 1
1 182 16 97 7 0 0 1
1 181 98 15 20 0 0 1
1 181 49 98 20 1 0 1
1 15 99 16 0 0 0 1
1 15 49 99 0 1 0 1
1 182 100 16 7 0 0 1
1 182 19 100 7 0 0 1
1 175 101 18 0 0 0 1
1 175 16 101 0 0 0 1
1 18 102 19 0 0 0 1
1 18 16 102 0 0 0 1
1 173 103 104 3 3 3 1
1 173 22 103 3 3 3 1
1 31 105 21 6 3 3 1
1 31 104 105 6 3 3 1
1 21 106 22 3 3 3 1
1 21 104 106 3 3 3 1
1 192 107 4 3 3 1 1
1 192 24 107 3 4 3 1
1 173 108 22 3 3 3 1
1 173 4 108 3 1 3 1
1 22 109 24 3 3 4 1
1 22 4 109 3 1 3 1
1 173 110 6 3 3 1 1
1 173 27 110 3 3 3 1
1 194 111 26 3 3 5 1
1 194 6 111 3 1 3 1
1 26 112 27 5 3 3 1
1 26 6 112 5 1 3 1
1 31 113 104 6 3 3 1
1 31 29 113 6 3 3 1
1 173 114 27 3 3 3 1
1 173 104 114 3 3 3 1
1 27 115 29 3 3 3 1
1 27 104 115 3 3 3 1
1 196 116 117 19 0 10 1
1 196 32 116 19 0 0 1
1 177 118 31 15 0 6 1
1 177 117 118 15 10 0 1
1 31 119 32 6 0 0 1
1 31 117 119 6 10 0 1
1 196 120 32 19 0 0 1
1 196 35 120 19 2 0 1
1 178 121 34 16 0 7 1
1 178 32 121 16 0 0 1
1 34 122 35 7 0 2 1
1 34 32 122 7 0 0 1
1 195 123 124 8 8 12 1
1 195 37 123 8 8 8 1
1 196 125 35 19 8 2 1
1 196 124 125 19 12 8 1
1 35 126 37 2 8 8 1
1 35 124 126 2 12 8 1
1 174 127 10 8 8 2 1
1 174 39 127 8 9 8 1
1 195 128 37 8 8 8 1
1 195 10 128 8 2 8 1
1 37 129 39 8 8 9 1
1 37 10 129 8 2 8 1
1 197 130 131 7 0 0 1
1 197 42 130 7 0 0 1
1 198 132 41 20 0 10 1
1 198 131 132 20 0 0 1
1 41 133 42 10 0 0 1
1 41 131 133 10 0 0 1
1 199 134 135 21 0 7 1
1 199 44 134 21 1 0 1
1 197 136 42 7 0 0 1
1 197 135 136 7 7 0 1
1 42 137 44 0 0 1 1
1 42 135 137 0 7 0 1
1 199 138 44 21 3 1 1
1 199 47 138 21 3 3 1
1 180 139 46 18 3 4 1
1 180 44 139 18 1 3 1
1 46 140 47 4 3 3 1
1 46 44 140 4 1 3 1
1 199 141 47 21 3 3 1
1 199 50 141 21 5 3 1
1 181 142 49 3 3 1 1
1 181 47 142 3 3 3 1
1 49 143 50 1 3 5 1
1 49 47 143 1 3 3 1
1 200 144 145 20 11 11 1
1 200 53 144 20 11 11 1
1 201 146 52 10 11 4 1
1 201 145 146 10 11 11 1
1 52 147 53 4 11 11 1
1 52 145 147 4 11 11 1
1 200 148 53 20 11 11 1
1 200 56 148 20 12 11 1
1 183 149 55 15 11 10 1
1 183 53 149 15 11 11 1
1 55 150 56 10 11 12 1
1 55 53 150 10 11 11 1
1 202 151 152 20 11 4 1
1 202 59 151 20 11 11 1
1 203 153 58 18 11 10 1
1 203 152 153 18 4 11 1
1 58 154 59 10 11 11 1
1 58 152 154 10 4 11 1
1 204 155 156 11 11 11 1
1 204 61 155 11 11 11 1
1 202 157 59 20 11 11 1
1 202 156 157 20 11 11 1
1 59 158 61 11 11 11 1
1 59 156 158 11 11 11 1
1 205 159 160 7 13 13 1
1 205 64 159 7 13 13 1
1 206 161 63 13 13 13 1
1 206 160 161 13 13 13 1
1 63 162 64 13 13 13 1
1 63 160 162 13 13 13 1
1 205 163 64 7 13 13 1
1 205 67 163 7 5 13 1
1 186 164 66 7 13 7 1
1 186 64 164 7 13 13 1
1 66 165 67 7 13 5 1
1 66 64 165 7 13 13 1
1 207 166 73 22 13 13 1
1 207 70 166 22 5 13 1
1 189 167 69 17 13 7 1
1 189 73 167 17 13 13 1
1 69 168 70 7 13 5 1
1 69 73 168 7 13 13 1
1 207 169 170 22 13 13 1
1 207 73 169 22 13 13 1
1 208 171 72 14 13 9 1
1 208 170 171 14 13 13 1
1 72 172 73 9 13 13 1
1 72 170 172 9 13 13 1

Materials: 1
"Material01"
0.200000 0.200000 0.200000 1.000000
0.800000 0.800000 0.800000 1.000000
0.000000 0.000000 0.000000 1.000000
0.000000 0.000000 0.000000 1.000000
0.000000
1.000000
"..\Image\080_013.tga"
""

Bones: 0
GroupComments: 0
MaterialComments: 0
BoneComments: 0
ModelComment: 0
