// MilkShape 3D ASCII

Frames: 30
Frame: 1

Meshes: 1
"0_Regroup01" 0 0
100
0 -16.000000 1.000000 14.176470 0.001457 0.934545 -1
0 -16.000000 1.000000 16.176468 0.001457 0.996772 -1
0 15.999999 1.000000 16.176470 0.995280 0.996772 -1
0 15.999999 1.000000 14.176472 0.995280 0.934545 -1
0 -16.000000 0.000000 14.176470 0.001457 0.934545 -1
0 15.999999 0.000000 14.176472 0.995280 0.934545 -1
1 -16.000000 0.000000 -16.000000 0.001457 0.001139 -1
1 16.000000 0.000000 -16.000000 0.995280 0.001139 -1
0 9.267074 1.000000 -14.114769 0.786176 0.054305 -1
0 10.002874 1.000000 -15.848805 0.809028 0.000353 -1
0 9.004729 1.000000 -15.860143 0.778028 0.000000 -1
0 10.231277 1.000000 -14.213522 0.816121 0.051232 -1
0 9.674665 1.000000 -12.699280 0.798835 0.098346 -1
0 10.501103 1.000000 -12.976351 0.824501 0.089725 -1
0 10.105121 1.000000 -11.298636 0.812203 0.141925 -1
0 11.127326 1.000000 -11.464088 0.843950 0.136777 -1
0 10.776968 1.000000 -10.169380 0.833069 0.177060 -1
0 11.759270 1.000000 -10.457353 0.863576 0.168100 -1
0 11.587949 1.000000 -9.263012 0.858255 0.205260 -1
0 12.539083 1.000000 -9.548805 0.887795 0.196368 -1
0 12.228209 1.000000 -8.618603 0.878140 0.225310 -1
0 13.306217 1.000000 -8.881939 0.911620 0.217116 -1
0 13.117867 1.000000 -7.991634 0.905770 0.244817 -1
0 13.960219 1.000000 -8.489103 0.931931 0.229339 -1
0 13.965449 1.000000 -7.518361 0.932093 0.259542 -1
0 14.899138 1.000000 -8.053543 0.961091 0.242891 -1
0 14.933364 1.000000 -7.116147 0.962154 0.272056 -1
0 16.012026 1.000000 -7.818101 0.995654 0.250216 -1
0 16.050604 1.000000 -6.818351 0.996852 0.281322 -1
0 9.004729 0.000000 -15.860143 0.778028 0.000000 -1
0 9.267074 0.000000 -14.114769 0.786176 0.054305 -1
0 9.674665 0.000000 -12.699280 0.798835 0.098346 -1
0 10.105121 0.000000 -11.298636 0.812203 0.141925 -1
0 10.776968 0.000000 -10.169380 0.833069 0.177060 -1
0 11.587949 0.000000 -9.263012 0.858255 0.205260 -1
0 12.228209 0.000000 -8.618603 0.878140 0.225310 -1
0 13.117867 0.000000 -7.991634 0.905770 0.244817 -1
0 13.965449 0.000000 -7.518361 0.932093 0.259542 -1
0 14.933364 0.000000 -7.116147 0.962154 0.272056 -1
0 16.050604 0.000000 -6.818351 0.996852 0.281322 -1
0 16.012026 0.000000 -7.818101 0.995654 0.250216 -1
0 14.899138 0.000000 -8.053543 0.961091 0.242891 -1
0 13.960219 0.000000 -8.489103 0.931931 0.229339 -1
0 13.306217 0.000000 -8.881939 0.911620 0.217116 -1
0 12.539083 0.000000 -9.548805 0.887795 0.196368 -1
0 11.759270 0.000000 -10.457353 0.863576 0.168100 -1
0 11.127326 0.000000 -11.464088 0.843950 0.136777 -1
0 10.501103 0.000000 -12.976351 0.824501 0.089725 -1
0 10.231277 0.000000 -14.213522 0.816121 0.051232 -1
0 10.002874 0.000000 -15.848805 0.809028 0.000353 -1
0 -9.004727 1.000000 -15.860143 0.218709 0.000000 -1
0 -10.002872 1.000000 -15.848805 0.187710 0.000353 -1
0 -9.267072 1.000000 -14.114769 0.210561 0.054305 -1
0 -10.231276 1.000000 -14.213522 0.180616 0.051232 -1
0 -9.674664 1.000000 -12.699280 0.197903 0.098346 -1
0 -10.501101 1.000000 -12.976351 0.172236 0.089725 -1
0 -10.105119 1.000000 -11.298636 0.184534 0.141925 -1
0 -11.127324 1.000000 -11.464090 0.152787 0.136777 -1
0 -10.776968 1.000000 -10.169380 0.163668 0.177060 -1
0 -11.759270 1.000000 -10.457355 0.133161 0.168100 -1
0 -11.587949 1.000000 -9.263014 0.138482 0.205260 -1
0 -12.539083 1.000000 -9.548807 0.108943 0.196368 -1
0 -12.228209 1.000000 -8.618605 0.118597 0.225310 -1
0 -13.306217 1.000000 -8.881941 0.085118 0.217116 -1
0 -13.117867 1.000000 -7.991636 0.090967 0.244817 -1
0 -13.960219 1.000000 -8.489105 0.064806 0.229339 -1
0 -13.965449 1.000000 -7.518362 0.064644 0.259542 -1
0 -14.899138 1.000000 -8.053545 0.035646 0.242891 -1
0 -14.933364 1.000000 -7.116148 0.034583 0.272056 -1
0 -16.012026 1.000000 -7.818102 0.001083 0.250216 -1
0 -16.050604 1.000000 -6.818352 -0.000115 0.281322 -1
0 -9.267072 0.000000 -14.114769 0.210561 0.054305 -1
0 -9.004727 0.000000 -15.860143 0.218709 0.000000 -1
0 -9.674664 0.000000 -12.699280 0.197903 0.098346 -1
0 -10.105119 0.000000 -11.298636 0.184534 0.141925 -1
0 -10.776968 0.000000 -10.169380 0.163668 0.177060 -1
0 -11.587949 0.000000 -9.263014 0.138482 0.205260 -1
0 -12.228209 0.000000 -8.618605 0.118597 0.225310 -1
0 -13.117867 0.000000 -7.991636 0.090967 0.244817 -1
0 -13.965449 0.000000 -7.518362 0.064644 0.259542 -1
0 -14.933364 0.000000 -7.116148 0.034583 0.272056 -1
0 -16.050604 0.000000 -6.818352 -0.000115 0.281322 -1
0 -14.899138 0.000000 -8.053545 0.035646 0.242891 -1
0 -16.012026 0.000000 -7.818102 0.001083 0.250216 -1
0 -13.960219 0.000000 -8.489105 0.064806 0.229339 -1
0 -13.306217 0.000000 -8.881941 0.085118 0.217116 -1
0 -12.539083 0.000000 -9.548807 0.108943 0.196368 -1
0 -11.759270 0.000000 -10.457355 0.133161 0.168100 -1
0 -11.127324 0.000000 -11.464090 0.152787 0.136777 -1
0 -10.501101 0.000000 -12.976351 0.172236 0.089725 -1
0 -10.231276 0.000000 -14.213522 0.180616 0.051232 -1
0 -10.002872 0.000000 -15.848805 0.187710 0.000353 -1
0 15.999999 1.000000 14.176472 0.000000 0.000000 -1
0 15.999999 1.000000 16.176470 0.000000 0.000000 -1
0 15.999999 0.000000 14.176472 0.000000 0.000000 -1
0 16.000000 -0.005602 16.187325 0.000000 0.000000 -1
0 -16.000000 1.000000 14.176470 0.000000 0.000000 -1
0 -16.000000 0.000000 14.176470 0.000000 0.000000 -1
0 -16.000000 -0.017323 16.181335 0.000000 0.000000 -1
0 -16.000000 1.000000 16.176468 0.000000 0.000000 -1
93
-0.666667 0.666667 -0.333333
-0.707107 0.707107 0.000000
0.707107 0.707107 -0.000000
0.408248 0.408248 -0.816497
-0.447214 0.000000 -0.894427
0.894427 0.000000 -0.447214
0.000000 1.000000 0.000000
-0.686738 0.707783 0.165634
0.700309 0.707107 -0.097813
-0.884492 0.447214 0.132947
0.694236 0.707333 -0.133099
-0.531640 0.832060 0.158223
0.666998 0.708350 -0.230986
-0.729424 0.602737 0.323495
0.617999 0.708215 -0.341335
-0.445684 0.833244 0.327216
0.558027 0.707976 -0.432869
-0.518589 0.707214 0.480535
0.488704 0.707943 -0.509887
-0.470983 0.708306 0.525811
0.398042 0.708305 -0.582980
-0.386701 0.707537 0.591485
0.319945 0.707553 -0.630083
-0.320506 0.707630 0.629711
0.174461 0.833681 -0.523965
-0.241839 0.707805 0.663721
0.146356 0.707107 -0.691795
-0.230363 0.447214 0.864253
-0.988892 0.000000 0.148639
-0.981455 0.000000 0.191695
-0.958454 0.000000 0.285249
-0.914134 0.000000 0.405413
-0.806077 0.000000 0.591811
-0.721554 0.000000 0.692358
-0.622609 0.000000 0.782533
-0.517665 0.000000 0.855583
-0.418951 0.000000 0.908009
-0.300207 0.000000 0.953874
-0.257554 0.000000 0.966264
0.206979 0.000000 -0.978346
0.315912 0.000000 -0.948789
0.484160 0.000000 -0.874979
0.611083 0.000000 -0.791566
0.726284 0.000000 -0.687394
0.819596 0.000000 -0.572942
0.901088 0.000000 -0.433636
0.962709 0.000000 -0.270540
0.986567 0.000000 -0.163354
0.990386 0.000000 -0.138329
0.884492 0.447214 0.132947
-0.700309 0.707107 -0.097813
0.686738 0.707783 0.165634
-0.694236 0.707333 -0.133099
0.531640 0.832060 0.158223
-0.666998 0.708350 -0.230986
0.729424 0.602737 0.323496
-0.617998 0.708215 -0.341335
0.445684 0.833244 0.327216
-0.558027 0.707976 -0.432869
0.518589 0.707214 0.480535
-0.488704 0.707943 -0.509887
0.470983 0.708306 0.525811
-0.398042 0.708305 -0.582980
0.386701 0.707537 0.591484
-0.319945 0.707553 -0.630083
0.320506 0.707630 0.629710
-0.174461 0.833681 -0.523965
0.241839 0.707805 0.663721
-0.146356 0.707107 -0.691795
0.230363 0.447214 0.864253
0.981455 0.000000 0.191695
0.988892 0.000000 0.148639
0.958454 0.000000 0.285249
0.914133 0.000000 0.405413
0.806076 0.000000 0.591812
0.721554 0.000000 0.692358
0.622609 0.000000 0.782533
0.517666 0.000000 0.855583
0.418952 0.000000 0.908009
0.300207 0.000000 0.953874
0.257554 0.000000 0.966264
-0.315912 0.000000 -0.948788
-0.206979 0.000000 -0.978345
-0.484160 0.000000 -0.874979
-0.611083 0.000000 -0.791566
-0.726284 0.000000 -0.687394
-0.819595 0.000000 -0.572943
-0.901088 0.000000 -0.433637
-0.962709 0.000000 -0.270541
-0.986567 0.000000 -0.163354
-0.990386 0.000000 -0.138329
1.000000 0.000001 -0.000000
-1.000000 0.000000 0.000000
124
0 0 1 2 0 1 2 1
0 0 2 3 0 2 3 1
0 4 0 3 4 0 3 1
0 5 4 3 5 4 3 1
0 6 4 5 6 6 6 1
0 7 6 5 6 6 6 1
0 8 9 10 7 8 9 1
0 8 11 9 7 10 8 1
0 8 12 11 7 11 10 1
0 12 13 11 11 12 10 1
0 12 14 13 11 13 12 1
0 14 15 13 13 14 12 1
0 14 16 15 13 15 14 1
0 16 17 15 15 16 14 1
0 16 18 17 15 17 16 1
0 18 19 17 17 18 16 1
0 18 20 19 17 19 18 1
0 20 21 19 19 20 18 1
0 20 22 21 19 21 20 1
0 22 23 21 21 22 20 1
0 22 24 23 21 23 22 1
0 24 25 23 23 24 22 1
0 24 26 25 23 25 24 1
0 26 27 25 25 26 24 1
0 26 28 27 25 27 26 1
0 29 30 10 28 29 9 1
0 10 30 8 9 29 7 1
0 8 31 12 7 30 11 1
0 30 31 8 29 30 7 1
0 31 14 12 30 13 11 1
0 31 32 14 30 31 13 1
0 32 33 14 31 32 13 1
0 14 33 16 13 32 15 1
0 16 33 18 15 32 17 1
0 33 34 18 32 33 17 1
0 18 34 20 17 33 19 1
0 20 34 35 19 33 34 1
0 20 35 22 19 34 21 1
0 35 36 22 34 35 21 1
0 22 36 24 21 35 23 1
0 36 37 24 35 36 23 1
0 24 37 26 23 36 25 1
0 37 38 26 36 37 25 1
0 26 38 28 25 37 27 1
0 38 39 28 37 38 27 1
0 40 41 27 39 40 26 1
0 27 41 25 26 40 24 1
0 25 41 23 24 40 22 1
0 41 42 23 40 41 22 1
0 23 42 21 22 41 20 1
0 42 43 21 41 42 20 1
0 19 21 43 18 20 42 1
0 19 43 44 18 42 43 1
0 19 44 17 18 43 16 1
0 44 45 17 43 44 16 1
0 17 45 15 16 44 14 1
0 45 46 15 44 45 14 1
0 15 46 13 14 45 12 1
0 46 47 13 45 46 12 1
0 47 48 11 46 47 10 1
0 47 11 13 46 10 12 1
0 48 9 11 47 8 10 1
0 48 49 9 47 48 8 1
0 50 51 52 49 50 51 1
0 51 53 52 50 52 51 1
0 53 54 52 52 53 51 1
0 53 55 54 52 54 53 1
0 55 56 54 54 55 53 1
0 55 57 56 54 56 55 1
0 57 58 56 56 57 55 1
0 57 59 58 56 58 57 1
0 59 60 58 58 59 57 1
0 59 61 60 58 60 59 1
0 61 62 60 60 61 59 1
0 61 63 62 60 62 61 1
0 63 64 62 62 63 61 1
0 63 65 64 62 64 63 1
0 65 66 64 64 65 63 1
0 65 67 66 64 66 65 1
0 67 68 66 66 67 65 1
0 67 69 68 66 68 67 1
0 69 70 68 68 69 67 1
0 50 71 72 49 70 71 1
0 52 71 50 51 70 49 1
0 54 73 52 53 72 51 1
0 52 73 71 51 72 70 1
0 54 56 73 53 55 72 1
0 56 74 73 55 73 72 1
0 56 75 74 55 74 73 1
0 58 75 56 57 74 55 1
0 60 75 58 59 74 57 1
0 60 76 75 59 75 74 1
0 62 76 60 61 75 59 1
0 77 76 62 76 75 61 1
0 64 77 62 63 76 61 1
0 64 78 77 63 77 76 1
0 66 78 64 65 77 63 1
0 66 79 78 65 78 77 1
0 68 79 66 67 78 65 1
0 68 80 79 67 79 78 1
0 70 80 68 69 79 67 1
0 70 81 80 69 80 79 1
0 69 82 83 68 81 82 1
0 67 82 69 66 81 68 1
0 65 82 67 64 81 66 1
0 65 84 82 64 83 81 1
0 63 84 65 62 83 64 1
0 63 85 84 62 84 83 1
0 85 63 61 84 62 60 1
0 86 85 61 85 84 60 1
0 59 86 61 58 85 60 1
0 59 87 86 58 86 85 1
0 57 87 59 56 86 58 1
0 57 88 87 56 87 86 1
0 55 88 57 54 87 56 1
0 55 89 88 54 88 87 1
0 53 90 89 52 89 88 1
0 55 53 89 54 52 88 1
0 53 51 90 52 50 89 1
0 51 91 90 50 90 89 1
0 92 93 94 3 2 5 1
0 93 95 94 2 91 5 1
0 96 97 98 0 4 92 1
0 99 96 98 1 0 92 1

Materials: 1
"Material01"
0.200000 0.200000 0.200000 1.000000
0.800000 0.800000 0.800000 1.000000
0.000000 0.000000 0.000000 1.000000
0.000000 0.000000 0.000000 1.000000
0.000000
1.000000
"..\Image\080_017.tga"
""

Bones: 0
GroupComments: 0
MaterialComments: 0
BoneComments: 0
ModelComment: 0
