// MilkShape 3D ASCII

Frames: 30
Frame: 1

Meshes: 1
"0_Regroup00" 1 0
252
1 16.000000 1.000000 9.999999 0.999761 0.812923 -1
1 12.000000 1.000000 10.000000 0.874821 0.812923 -1
1 12.000000 0.750000 10.000000 0.874821 0.812923 -1
1 16.000000 0.750000 9.999999 0.999761 0.812923 -1
1 -16.000000 1.000000 10.000001 0.000239 0.812923 -1
1 -16.000000 0.750000 10.000001 0.000239 0.812923 -1
1 -12.000000 0.750000 10.000000 0.125179 0.812923 -1
1 -12.000000 1.000000 10.000000 0.125179 0.812923 -1
1 -8.000000 1.000000 10.000000 0.250120 0.812923 -1
1 -8.000000 1.000000 9.750000 0.250120 0.805128 -1
1 -16.000000 1.000000 9.000001 0.000239 0.781743 -1
1 -16.000000 1.000000 9.250001 0.000239 0.789538 -1
1 -8.000000 1.000000 9.000000 0.250120 0.781743 -1
1 -8.000000 0.750000 9.000000 0.250120 0.781743 -1
1 -16.000000 0.750000 9.000001 0.000239 0.781743 -1
1 15.987997 1.000000 -8.948540 0.999386 0.222115 -1
1 16.007656 1.000000 -9.949087 1.000000 0.190919 -1
1 14.886137 1.000000 -9.362113 0.964969 0.209220 -1
1 14.934292 1.000000 -10.330167 0.966473 0.179037 -1
1 14.112644 1.000000 -9.813181 0.940809 0.195156 -1
1 14.346083 1.000000 -10.652987 0.948101 0.168971 -1
1 13.308991 1.000000 -10.327281 0.915707 0.179127 -1
1 13.420725 1.000000 -11.356741 0.919197 0.147029 -1
1 12.476822 1.000000 -10.998164 0.889714 0.158209 -1
1 12.712989 1.000000 -11.994189 0.897091 0.127153 -1
1 11.739479 1.000000 -11.729889 0.866683 0.135394 -1
1 11.975101 1.000000 -12.694675 0.874043 0.105312 -1
1 11.062447 1.000000 -12.335546 0.845536 0.116510 -1
1 11.269003 1.000000 -13.425860 0.851988 0.082514 -1
1 10.389775 1.000000 -13.191168 0.824525 0.089832 -1
1 10.842481 1.000000 -14.058401 0.838665 0.062792 -1
1 9.872787 1.000000 -14.012820 0.808377 0.064213 -1
1 10.358373 1.000000 -14.973241 0.823544 0.034268 -1
1 9.420467 1.000000 -14.958357 0.794249 0.034732 -1
1 10.065008 1.000000 -16.072281 0.814381 0.000000 -1
1 9.064611 1.000000 -16.058483 0.783134 0.000430 -1
1 14.886137 0.000000 -9.362113 0.964969 0.209220 -1
1 15.987997 0.000000 -8.948540 0.999386 0.222115 -1
1 14.112644 0.000000 -9.813181 0.940809 0.195156 -1
1 13.308991 0.000000 -10.327281 0.915707 0.179127 -1
1 12.476822 0.000000 -10.998164 0.889714 0.158209 -1
1 11.739479 0.000000 -11.729889 0.866683 0.135394 -1
1 11.062447 0.000000 -12.335546 0.845536 0.116510 -1
1 10.389775 0.000000 -13.191168 0.824525 0.089832 -1
1 9.872787 0.000000 -14.012820 0.808377 0.064213 -1
1 9.420467 0.000000 -14.958357 0.794249 0.034732 -1
1 9.064611 0.000000 -16.058483 0.783134 0.000430 -1
1 10.358373 0.000000 -14.973241 0.823544 0.034268 -1
1 10.065008 0.000000 -16.072281 0.814381 0.000000 -1
1 10.842481 0.000000 -14.058401 0.838665 0.062792 -1
1 11.269003 0.000000 -13.425860 0.851988 0.082514 -1
1 11.975101 0.000000 -12.694675 0.874043 0.105312 -1
1 12.712989 0.000000 -11.994189 0.897091 0.127153 -1
1 13.420725 0.000000 -11.356741 0.919197 0.147029 -1
1 14.346083 0.000000 -10.652987 0.948101 0.168971 -1
1 14.934292 0.000000 -10.330167 0.966473 0.179037 -1
1 16.007656 0.000000 -9.949087 1.000000 0.190919 -1
1 16.200001 0.000000 16.200001 0.999761 1.000000 -1
1 16.200001 0.000000 12.165626 0.999761 0.875282 -1
1 12.150001 0.000000 12.165626 0.874821 0.875282 -1
1 12.150001 0.000000 16.200001 0.874821 1.000000 -1
1 -14.886137 1.000000 -9.362113 0.035031 0.209220 -1
1 -16.007656 1.000000 -9.949087 0.000000 0.190919 -1
1 -15.987997 1.000000 -8.948540 0.000614 0.222115 -1
1 -14.934292 1.000000 -10.330167 0.033527 0.179037 -1
1 -14.112644 1.000000 -9.813181 0.059191 0.195156 -1
1 -14.346083 1.000000 -10.652987 0.051899 0.168971 -1
1 -13.308991 1.000000 -10.327281 0.084293 0.179127 -1
1 -13.420725 1.000000 -11.356741 0.080803 0.147029 -1
1 -12.476822 1.000000 -10.998164 0.110286 0.158209 -1
1 -12.712989 1.000000 -11.994189 0.102909 0.127153 -1
1 -11.739479 1.000000 -11.729889 0.133317 0.135394 -1
1 -11.975101 1.000000 -12.694675 0.125957 0.105312 -1
1 -11.062447 1.000000 -12.335546 0.154464 0.116510 -1
1 -11.269003 1.000000 -13.425860 0.148012 0.082514 -1
1 -10.389775 1.000000 -13.191168 0.175475 0.089832 -1
1 -10.842481 1.000000 -14.058401 0.161335 0.062792 -1
1 -9.872787 1.000000 -14.012820 0.191623 0.064213 -1
1 -10.358373 1.000000 -14.973241 0.176456 0.034268 -1
1 -9.420467 1.000000 -14.958357 0.205751 0.034732 -1
1 -10.065008 1.000000 -16.072281 0.185619 0.000000 -1
1 -9.064611 1.000000 -16.058483 0.216866 0.000430 -1
1 -15.987997 0.000000 -8.948540 0.000614 0.222115 -1
1 -14.886137 0.000000 -9.362113 0.035031 0.209220 -1
1 -14.112644 0.000000 -9.813181 0.059191 0.195156 -1
1 -13.308991 0.000000 -10.327281 0.084293 0.179127 -1
1 -12.476822 0.000000 -10.998164 0.110286 0.158209 -1
1 -11.739479 0.000000 -11.729889 0.133317 0.135394 -1
1 -11.062447 0.000000 -12.335546 0.154464 0.116510 -1
1 -10.389775 0.000000 -13.191168 0.175475 0.089832 -1
1 -9.872787 0.000000 -14.012820 0.191623 0.064213 -1
1 -9.420467 0.000000 -14.958357 0.205751 0.034732 -1
1 -9.064611 0.000000 -16.058483 0.216866 0.000430 -1
1 -10.065008 0.000000 -16.072281 0.185619 0.000000 -1
1 -10.358373 0.000000 -14.973241 0.176456 0.034268 -1
1 -10.842481 0.000000 -14.058401 0.161335 0.062792 -1
1 -11.269003 0.000000 -13.425860 0.148012 0.082514 -1
1 -11.975101 0.000000 -12.694675 0.125957 0.105312 -1
1 -12.712989 0.000000 -11.994189 0.102909 0.127153 -1
1 -13.420725 0.000000 -11.356741 0.080803 0.147029 -1
1 -14.346083 0.000000 -10.652987 0.051899 0.168971 -1
1 -14.934292 0.000000 -10.330167 0.033527 0.179037 -1
1 -16.007656 0.000000 -9.949087 0.000000 0.190919 -1
1 -16.200001 0.000000 -16.075001 0.000239 0.002254 -1
1 -12.150001 0.000000 -12.040626 0.125179 0.126972 -1
1 -12.150001 0.000000 -16.075001 0.125179 0.002254 -1
1 16.200001 0.000000 -16.075001 0.999761 0.002254 -1
1 12.150001 0.000000 -16.075001 0.874821 0.002254 -1
1 16.200001 0.000000 -12.040626 0.999761 0.126972 -1
1 16.200001 0.000000 0.062500 0.999761 0.501127 -1
1 12.150001 0.000000 -3.971875 0.874821 0.376409 -1
1 12.150001 0.000000 0.062500 0.874821 0.501127 -1
1 -16.200001 0.000000 16.200001 0.000239 1.000000 -1
1 -12.150001 0.000000 16.200001 0.125179 1.000000 -1
1 -16.200001 0.000000 12.165626 0.000239 0.875282 -1
1 -16.200001 0.000000 -12.040626 0.000239 0.126972 -1
1 0.000000 0.000000 0.062500 0.500000 0.501127 -1
1 -4.050000 0.000000 0.062500 0.375060 0.501127 -1
1 0.000000 0.000000 4.096875 0.500000 0.625845 -1
1 4.050000 0.000000 4.096875 0.624940 0.625845 -1
1 4.050000 0.000000 0.062500 0.624940 0.501127 -1
1 16.200001 0.000000 4.096875 0.999761 0.625845 -1
1 16.200001 0.000000 8.131250 0.999761 0.750563 -1
1 12.150001 0.000000 4.096875 0.874821 0.625845 -1
1 12.150001 0.000000 8.131250 0.874821 0.750563 -1
1 0.000000 0.000000 16.200001 0.500000 1.000000 -1
1 4.050000 0.000000 16.200001 0.624940 1.000000 -1
1 0.000000 0.000000 12.165626 0.500000 0.875282 -1
1 8.100000 0.000000 8.131250 0.749880 0.750563 -1
1 4.050000 0.000000 8.131250 0.624940 0.750563 -1
1 8.100000 0.000000 12.165626 0.749880 0.875282 -1
1 0.000000 0.000000 -16.075001 0.500000 0.002254 -1
1 -4.050000 0.000000 -16.075001 0.375060 0.002254 -1
1 0.000000 0.000000 -12.040626 0.500000 0.126972 -1
1 0.000000 0.000000 -3.971875 0.500000 0.376409 -1
1 -4.050000 0.000000 -3.971875 0.375060 0.376409 -1
1 -8.100000 0.000000 -8.006250 0.250120 0.251690 -1
1 -4.050000 0.000000 -8.006250 0.375060 0.251690 -1
1 -8.100000 0.000000 -12.040626 0.250120 0.126972 -1
1 16.200001 0.000000 -3.971875 0.999761 0.376409 -1
1 4.050000 0.000000 -12.040626 0.624940 0.126972 -1
1 4.050000 0.000000 -16.075001 0.624940 0.002254 -1
1 8.100000 0.000000 -16.075001 0.749880 0.002254 -1
1 8.100000 0.000000 -12.040626 0.749880 0.126972 -1
1 12.150001 0.000000 -12.040626 0.874821 0.126972 -1
1 8.100000 0.000000 -8.006250 0.749880 0.251690 -1
1 4.050000 0.000000 -8.006250 0.624940 0.251690 -1
1 8.100000 0.000000 -3.971875 0.749880 0.376409 -1
1 -16.200001 0.000000 0.062500 0.000239 0.501127 -1
1 -16.200001 0.000000 4.096875 0.000239 0.625845 -1
1 -12.150001 0.000000 4.096875 0.125179 0.625845 -1
1 -4.050000 0.000000 12.165626 0.375060 0.875282 -1
1 -4.050000 0.000000 16.200001 0.375060 1.000000 -1
1 -8.100000 0.000000 16.200001 0.250120 1.000000 -1
1 -8.100000 0.000000 12.165626 0.250120 0.875282 -1
1 -12.150001 0.000000 12.165626 0.125179 0.875282 -1
1 -12.150001 0.000000 0.062500 0.125179 0.501127 -1
1 -16.200001 0.000000 -3.971875 0.000239 0.376409 -1
1 -16.200001 0.000000 -8.006250 0.000239 0.251690 -1
1 -12.150001 0.000000 -3.971875 0.125179 0.376409 -1
1 -12.150001 0.000000 -8.006250 0.125179 0.251690 -1
1 -8.100000 0.000000 0.062500 0.250120 0.501127 -1
1 -8.100000 0.000000 4.096875 0.250120 0.625845 -1
1 -4.050000 0.000000 4.096875 0.375060 0.625845 -1
1 8.100000 0.000000 16.200001 0.749880 1.000000 -1
1 -8.100000 0.000000 -16.075001 0.250120 0.002254 -1
1 16.200001 0.000000 -8.006250 0.999761 0.251690 -1
1 8.100000 0.000000 0.062500 0.749880 0.501127 -1
1 -16.200001 0.000000 8.131250 0.000239 0.750563 -1
1 0.000000 0.000000 8.131250 0.500000 0.750563 -1
1 8.100000 0.000000 4.096875 0.749880 0.625845 -1
1 4.050000 0.000000 12.165626 0.624940 0.875282 -1
1 0.000000 0.000000 -8.006250 0.500000 0.251690 -1
1 -4.050000 0.000000 -12.040626 0.375060 0.126972 -1
1 12.150001 0.000000 -8.006250 0.874821 0.251690 -1
1 4.050000 0.000000 -3.971875 0.624940 0.376409 -1
1 -8.100000 0.000000 8.131250 0.250120 0.750563 -1
1 -12.150001 0.000000 8.131250 0.125179 0.750563 -1
1 -8.100000 0.000000 -3.971875 0.250120 0.376409 -1
1 -4.050000 0.000000 8.131250 0.375060 0.750563 -1
1 0.000000 0.000000 10.000000 0.500000 0.812923 -1
1 4.000000 0.250000 10.000000 0.624940 0.812923 -1
1 0.000000 0.250000 10.000000 0.500000 0.812923 -1
1 0.000000 1.000000 10.000000 0.500000 0.812923 -1
1 0.000000 0.750000 10.000000 0.500000 0.812923 -1
1 4.000000 1.000000 10.000000 0.624940 0.812923 -1
1 8.000000 1.000000 10.000000 0.749880 0.812923 -1
1 4.000000 0.750000 10.000000 0.624940 0.812923 -1
1 8.000000 0.750000 10.000000 0.749880 0.812923 -1
1 16.000000 0.000000 9.999999 0.999761 0.812923 -1
1 16.000000 0.250000 9.999999 0.999761 0.812923 -1
1 12.000000 0.000000 10.000000 0.874821 0.812923 -1
1 4.000000 0.000000 10.000000 0.624940 0.812923 -1
1 8.000000 0.500000 10.000000 0.749880 0.812923 -1
1 8.000000 0.250000 10.000000 0.749880 0.812923 -1
1 12.000000 0.500000 10.000000 0.874821 0.812923 -1
1 -4.000000 0.250000 10.000000 0.375060 0.812923 -1
1 -4.000000 0.000000 10.000000 0.375060 0.812923 -1
1 -16.000000 0.000000 10.000001 0.000239 0.812923 -1
1 -12.000000 0.000000 10.000000 0.125179 0.812923 -1
1 -16.000000 0.250000 10.000001 0.000239 0.812923 -1
1 -16.000000 0.500000 10.000001 0.000239 0.812923 -1
1 -12.000000 0.250000 10.000000 0.125179 0.812923 -1
1 -12.000000 0.500000 10.000000 0.125179 0.812923 -1
1 -4.000000 1.000000 10.000000 0.375060 0.812923 -1
1 -8.000000 0.500000 10.000000 0.250120 0.812923 -1
1 -4.000000 0.500000 10.000000 0.375060 0.812923 -1
1 -8.000000 0.750000 10.000000 0.250120 0.812923 -1
1 16.000000 1.000000 8.999999 0.999761 0.781743 -1
1 8.000000 1.000000 9.250000 0.749880 0.789538 -1
1 16.000000 1.000000 9.249999 0.999761 0.789538 -1
1 16.000000 1.000000 9.749999 0.999761 0.805128 -1
1 8.000000 1.000000 10.000000 0.749880 0.812923 -1
1 0.000000 1.000000 10.000000 0.500000 0.812923 -1
1 8.000000 1.000000 9.750000 0.749880 0.805128 -1
1 0.000000 1.000000 9.750000 0.500000 0.805128 -1
1 8.000000 1.000000 9.000000 0.749880 0.781743 -1
1 -16.000000 1.000000 9.750001 0.000239 0.805128 -1
1 -16.000000 1.000000 9.500001 0.000239 0.797333 -1
1 -8.000000 1.000000 9.500000 0.250120 0.797333 -1
1 -8.000000 1.000000 9.250000 0.250120 0.789538 -1
1 16.000000 0.000000 8.999999 0.999761 0.781743 -1
1 8.000000 0.250000 9.000000 0.749880 0.781743 -1
1 16.000000 0.250000 8.999999 0.999761 0.781743 -1
1 16.000000 0.750000 8.999999 0.999761 0.781743 -1
1 0.000000 1.000000 9.000000 0.500000 0.781743 -1
1 8.000000 0.750000 9.000000 0.749880 0.781743 -1
1 0.000000 0.750000 9.000000 0.500000 0.781743 -1
1 -16.000000 0.000000 9.000001 0.000239 0.781743 -1
1 -16.000000 0.250000 9.000001 0.000239 0.781743 -1
1 -8.000000 0.000000 9.000000 0.250120 0.781743 -1
1 8.000000 0.000000 9.000000 0.749880 0.781743 -1
1 0.000000 0.500000 9.000000 0.500000 0.781743 -1
1 0.000000 0.250000 9.000000 0.500000 0.781743 -1
1 -8.000000 0.500000 9.000000 0.250120 0.781743 -1
1 16.000000 0.500000 9.999999 0.999761 0.812923 -1
1 0.000000 1.000000 9.500000 0.500000 0.797333 -1
1 -16.000000 0.500000 9.000001 0.000239 0.781743 -1
1 0.000000 0.500000 10.000000 0.500000 0.812923 -1
1 4.000000 0.500000 10.000000 0.624940 0.812923 -1
1 8.000000 0.000000 10.000000 0.749880 0.812923 -1
1 12.000000 0.250000 10.000000 0.874821 0.812923 -1
1 -8.000000 0.000000 10.000000 0.250120 0.812923 -1
1 -8.000000 0.250000 10.000000 0.250120 0.812923 -1
1 -4.000000 0.750000 10.000000 0.375060 0.812923 -1
1 16.000000 1.000000 9.499999 0.999761 0.797333 -1
1 8.000000 1.000000 9.500000 0.749880 0.797333 -1
1 0.000000 1.000000 9.250000 0.500000 0.789538 -1
1 16.000000 0.500000 8.999999 0.999761 0.781743 -1
1 8.000000 0.500000 9.000000 0.749880 0.781743 -1
1 0.000000 0.000000 9.000000 0.500000 0.781743 -1
1 -8.000000 0.250000 9.000000 0.250120 0.781743 -1
127
0.000000 0.447214 0.894427
0.000000 0.335410 0.920820
0.000000 0.707107 0.707107
0.000000 0.530330 0.780330
0.000000 0.642133 0.753937
0.000000 0.753937 0.418527
-0.000000 0.447214 -0.894427
-0.000000 0.512187 -0.494044
-0.000000 0.559017 -0.782624
-0.000000 0.335410 -0.920820
-0.314305 0.447214 0.837384
0.236578 0.707107 -0.666356
-0.320808 0.708227 0.628885
0.306102 0.708122 -0.636289
-0.289194 0.832105 0.473254
0.399252 0.707970 -0.582560
-0.467048 0.600575 0.648980
0.458343 0.707377 -0.538089
-0.369588 0.832390 0.412954
0.482317 0.707134 -0.517041
-0.489278 0.707212 0.510351
0.501430 0.707181 -0.498460
-0.500441 0.708306 0.497856
0.561350 0.708305 -0.428007
-0.570434 0.707537 0.417129
0.612474 0.707553 -0.352484
-0.612073 0.707630 0.353025
0.514116 0.833681 -0.201645
-0.650155 0.707805 0.276243
0.683187 0.707107 -0.182362
-0.851013 0.447214 0.275276
-0.403466 0.000000 0.914995
-0.351403 0.000000 0.936224
-0.521428 0.000000 0.853296
-0.584126 0.000000 0.811663
-0.666898 0.000000 0.745149
-0.679487 0.000000 0.733687
-0.748875 0.000000 0.662711
-0.827316 0.000000 0.561736
-0.884837 0.000000 0.465900
-0.936856 0.000000 0.349715
-0.951462 0.000000 0.307768
0.930954 0.000000 -0.365136
0.966172 0.000000 -0.257898
0.848440 0.000000 -0.529291
0.758501 0.000000 -0.651672
0.698918 0.000000 -0.715202
0.675712 0.000000 -0.737166
0.627126 0.000000 -0.778918
0.523810 0.000000 -0.851835
0.384527 0.000000 -0.923114
0.334572 0.000000 -0.942370
0.000000 1.000000 0.000000
0.320808 0.708227 0.628885
-0.236578 0.707107 -0.666356
0.314305 0.447214 0.837384
-0.306102 0.708122 -0.636289
0.289194 0.832105 0.473254
-0.399252 0.707970 -0.582560
0.467048 0.600575 0.648980
-0.458343 0.707377 -0.538089
0.369588 0.832390 0.412954
-0.482317 0.707134 -0.517041
0.489278 0.707212 0.510351
-0.501430 0.707181 -0.498460
0.500441 0.708306 0.497856
-0.561350 0.708305 -0.428007
0.570434 0.707537 0.417129
-0.612474 0.707553 -0.352484
0.612073 0.707630 0.353025
-0.514116 0.833681 -0.201645
0.650155 0.707805 0.276243
-0.683187 0.707107 -0.182362
0.851013 0.447214 0.275276
0.351403 0.000000 0.936224
0.403466 0.000000 0.914995
0.521428 0.000000 0.853296
0.584126 0.000000 0.811663
0.666898 0.000000 0.745149
0.679487 0.000000 0.733687
0.748875 0.000000 0.662711
0.827316 0.000000 0.561736
0.884837 0.000000 0.465900
0.936856 0.000000 0.349715
0.951462 0.000000 0.307768
-0.966172 0.000000 -0.257898
-0.930954 0.000000 -0.365136
-0.848440 0.000000 -0.529291
-0.758501 0.000000 -0.651672
-0.698918 0.000000 -0.715202
-0.675712 0.000000 -0.737166
-0.627126 0.000000 -0.778918
-0.523810 0.000000 -0.851835
-0.384527 0.000000 -0.923114
-0.334572 0.000000 -0.942370
0.000000 0.000000 1.000000
0.000000 0.111803 0.973607
0.000000 0.223607 0.947214
0.000000 0.176777 0.926777
0.000000 0.353553 0.853553
-0.000000 0.894427 -0.447214
-0.000000 0.847597 -0.158634
-0.000000 0.782624 -0.111803
0.000000 0.559017 0.559017
0.000000 0.512187 0.847597
0.000000 0.577160 0.800767
0.000000 0.623990 0.512187
0.000000 0.688964 0.465357
-0.000000 0.782624 -0.559017
0.000000 0.642133 0.306723
-0.000000 0.577160 -0.093660
0.000000 0.688964 0.018143
-0.000000 0.623990 -0.382240
-0.000000 0.000000 -1.000000
-0.000000 0.111803 -0.973607
-0.000000 0.223607 -0.861803
-0.000000 0.670820 -0.585410
-0.000000 0.670820 -0.670820
-0.000000 0.559017 -0.697214
-0.000000 0.447214 -0.809017
-0.000000 0.223607 -0.947214
0.000000 0.800767 0.129947
0.000000 0.670820 0.223607
0.000000 0.735794 0.176777
-0.000000 0.735794 -0.270437
-0.000000 0.447214 -0.723607
-0.000000 0.335410 -0.835410
370
1 0 1 2 0 1 1 1
1 0 2 3 0 1 1 1
1 4 5 6 2 3 3 1
1 4 6 7 2 3 3 1
1 4 8 9 2 4 5 1
1 10 11 12 6 7 8 1
1 10 12 13 6 8 9 1
1 10 13 14 6 9 9 1
1 15 16 17 10 11 12 1
1 16 18 17 11 13 12 1
1 18 19 17 13 14 12 1
1 18 20 19 13 15 14 1
1 20 21 19 15 16 14 1
1 20 22 21 15 17 16 1
1 22 23 21 17 18 16 1
1 22 24 23 17 19 18 1
1 24 25 23 19 20 18 1
1 24 26 25 19 21 20 1
1 26 27 25 21 22 20 1
1 26 28 27 21 23 22 1
1 28 29 27 23 24 22 1
1 28 30 29 23 25 24 1
1 30 31 29 25 26 24 1
1 30 32 31 25 27 26 1
1 32 33 31 27 28 26 1
1 32 34 33 27 29 28 1
1 34 35 33 29 30 28 1
1 15 36 37 10 31 32 1
1 17 36 15 12 31 10 1
1 19 38 17 14 33 12 1
1 17 38 36 12 33 31 1
1 19 21 38 14 16 33 1
1 21 39 38 16 34 33 1
1 21 40 39 16 35 34 1
1 23 40 21 18 35 16 1
1 25 40 23 20 35 18 1
1 25 41 40 20 36 35 1
1 27 41 25 22 36 20 1
1 42 41 27 37 36 22 1
1 29 42 27 24 37 22 1
1 29 43 42 24 38 37 1
1 31 43 29 26 38 24 1
1 31 44 43 26 39 38 1
1 33 44 31 28 39 26 1
1 33 45 44 28 40 39 1
1 35 45 33 30 40 28 1
1 35 46 45 30 41 40 1
1 34 47 48 29 42 43 1
1 32 47 34 27 42 29 1
1 30 47 32 25 42 27 1
1 30 49 47 25 44 42 1
1 28 49 30 23 44 25 1
1 28 50 49 23 45 44 1
1 50 28 26 45 23 21 1
1 51 50 26 46 45 21 1
1 24 51 26 19 46 21 1
1 24 52 51 19 47 46 1
1 22 52 24 17 47 19 1
1 22 53 52 17 48 47 1
1 20 53 22 15 48 17 1
1 20 54 53 15 49 48 1
1 18 55 54 13 50 49 1
1 20 18 54 15 13 49 1
1 18 16 55 13 11 50 1
1 16 56 55 11 51 50 1
1 57 58 59 52 52 52 1
1 57 59 60 52 52 52 1
1 61 62 63 53 54 55 1
1 61 64 62 53 56 54 1
1 61 65 64 53 57 56 1
1 65 66 64 57 58 56 1
1 65 67 66 57 59 58 1
1 67 68 66 59 60 58 1
1 67 69 68 59 61 60 1
1 69 70 68 61 62 60 1
1 69 71 70 61 63 62 1
1 71 72 70 63 64 62 1
1 71 73 72 63 65 64 1
1 73 74 72 65 66 64 1
1 73 75 74 65 67 66 1
1 75 76 74 67 68 66 1
1 75 77 76 67 69 68 1
1 77 78 76 69 70 68 1
1 77 79 78 69 71 70 1
1 79 80 78 71 72 70 1
1 79 81 80 71 73 72 1
1 82 83 63 74 75 55 1
1 63 83 61 55 75 53 1
1 61 84 65 53 76 57 1
1 83 84 61 75 76 53 1
1 84 67 65 76 59 57 1
1 84 85 67 76 77 59 1
1 85 86 67 77 78 59 1
1 67 86 69 59 78 61 1
1 69 86 71 61 78 63 1
1 86 87 71 78 79 63 1
1 71 87 73 63 79 65 1
1 73 87 88 65 79 80 1
1 73 88 75 65 80 67 1
1 88 89 75 80 81 67 1
1 75 89 77 67 81 69 1
1 89 90 77 81 82 69 1
1 77 90 79 69 82 71 1
1 90 91 79 82 83 71 1
1 79 91 81 71 83 73 1
1 91 92 81 83 84 73 1
1 93 94 80 85 86 72 1
1 80 94 78 72 86 70 1
1 78 94 76 70 86 68 1
1 94 95 76 86 87 68 1
1 76 95 74 68 87 66 1
1 95 96 74 87 88 66 1
1 72 74 96 64 66 88 1
1 72 96 97 64 88 89 1
1 72 97 70 64 89 62 1
1 97 98 70 89 90 62 1
1 70 98 68 62 90 60 1
1 98 99 68 90 91 60 1
1 68 99 66 60 91 58 1
1 99 100 66 91 92 58 1
1 100 101 64 92 93 56 1
1 100 64 66 92 56 58 1
1 101 62 64 93 54 56 1
1 101 102 62 93 94 54 1
1 103 104 105 52 52 52 1
1 106 107 108 52 52 52 1
1 109 110 111 52 52 52 1
1 112 113 114 52 52 52 1
1 103 115 104 52 52 52 1
1 116 117 118 52 52 52 1
1 116 119 120 52 52 52 1
1 109 111 121 52 52 52 1
1 122 123 124 52 52 52 1
1 125 126 127 52 52 52 1
1 116 118 119 52 52 52 1
1 128 129 130 52 52 52 1
1 131 132 133 52 52 52 1
1 116 134 135 52 52 52 1
1 136 137 138 52 52 52 1
1 109 139 110 52 52 52 1
1 131 140 141 52 52 52 1
1 142 143 144 52 52 52 1
1 116 120 134 52 52 52 1
1 131 133 140 52 52 52 1
1 145 146 147 52 52 52 1
1 148 149 150 52 52 52 1
1 125 151 152 52 52 52 1
1 153 154 155 52 52 52 1
1 116 135 117 52 52 52 1
1 148 156 157 52 52 52 1
1 158 159 160 52 52 52 1
1 125 127 151 52 52 52 1
1 148 150 156 52 52 52 1
1 161 162 163 52 52 52 1
1 128 59 124 52 52 52 1
1 122 124 58 52 52 52 1
1 58 124 59 52 52 52 1
1 164 60 130 52 52 52 1
1 128 130 59 52 52 52 1
1 59 130 60 52 52 52 1
1 165 105 138 52 52 52 1
1 136 138 104 52 52 52 1
1 104 138 105 52 52 52 1
1 166 108 144 52 52 52 1
1 142 144 107 52 52 52 1
1 107 144 108 52 52 52 1
1 167 111 147 52 52 52 1
1 145 147 110 52 52 52 1
1 110 147 111 52 52 52 1
1 168 114 155 52 52 52 1
1 153 155 113 52 52 52 1
1 113 155 114 52 52 52 1
1 136 104 160 52 52 52 1
1 158 160 115 52 52 52 1
1 115 160 104 52 52 52 1
1 169 118 163 52 52 52 1
1 161 163 117 52 52 52 1
1 117 163 118 52 52 52 1
1 167 120 170 52 52 52 1
1 128 170 119 52 52 52 1
1 119 170 120 52 52 52 1
1 122 121 123 52 52 52 1
1 167 123 111 52 52 52 1
1 111 123 121 52 52 52 1
1 128 124 170 52 52 52 1
1 167 170 123 52 52 52 1
1 123 170 124 52 52 52 1
1 169 127 171 52 52 52 1
1 164 171 126 52 52 52 1
1 126 171 127 52 52 52 1
1 128 119 129 52 52 52 1
1 169 129 118 52 52 52 1
1 118 129 119 52 52 52 1
1 164 130 171 52 52 52 1
1 169 171 129 52 52 52 1
1 129 171 130 52 52 52 1
1 172 133 173 52 52 52 1
1 165 173 132 52 52 52 1
1 132 173 133 52 52 52 1
1 136 135 137 52 52 52 1
1 172 137 134 52 52 52 1
1 134 137 135 52 52 52 1
1 165 138 173 52 52 52 1
1 172 173 137 52 52 52 1
1 137 173 138 52 52 52 1
1 145 110 174 52 52 52 1
1 166 174 139 52 52 52 1
1 139 174 110 52 52 52 1
1 142 141 143 52 52 52 1
1 145 143 140 52 52 52 1
1 140 143 141 52 52 52 1
1 166 144 174 52 52 52 1
1 145 174 143 52 52 52 1
1 143 174 144 52 52 52 1
1 172 134 175 52 52 52 1
1 167 175 120 52 52 52 1
1 120 175 134 52 52 52 1
1 145 140 146 52 52 52 1
1 172 146 133 52 52 52 1
1 133 146 140 52 52 52 1
1 167 147 175 52 52 52 1
1 172 175 146 52 52 52 1
1 146 175 147 52 52 52 1
1 176 150 177 52 52 52 1
1 168 177 149 52 52 52 1
1 149 177 150 52 52 52 1
1 153 152 154 52 52 52 1
1 176 154 151 52 52 52 1
1 151 154 152 52 52 52 1
1 168 155 177 52 52 52 1
1 176 177 154 52 52 52 1
1 154 177 155 52 52 52 1
1 161 117 178 52 52 52 1
1 136 178 135 52 52 52 1
1 135 178 117 52 52 52 1
1 158 157 159 52 52 52 1
1 161 159 156 52 52 52 1
1 156 159 157 52 52 52 1
1 136 160 178 52 52 52 1
1 161 178 159 52 52 52 1
1 159 178 160 52 52 52 1
1 176 151 179 52 52 52 1
1 169 179 127 52 52 52 1
1 127 179 151 52 52 52 1
1 161 156 162 52 52 52 1
1 176 162 150 52 52 52 1
1 150 162 156 52 52 52 1
1 169 163 179 52 52 52 1
1 176 179 162 52 52 52 1
1 162 179 163 52 52 52 1
1 180 181 182 95 96 95 1
1 183 184 185 95 95 96 1
1 186 187 188 97 96 97 1
1 189 190 191 95 96 95 1
1 180 192 181 95 95 96 1
1 193 194 195 97 96 97 1
1 180 196 197 95 98 95 1
1 198 199 200 95 95 98 1
1 201 202 203 99 98 99 1
1 183 204 184 95 98 95 1
1 180 182 196 95 95 98 1
1 205 206 207 99 98 99 1
1 208 209 210 100 101 102 1
1 0 211 212 0 103 104 1
1 213 214 215 105 106 107 1
1 208 216 209 100 108 101 1
1 4 9 217 2 5 109 1
1 218 219 220 110 111 112 1
1 221 222 223 113 114 115 1
1 208 224 216 100 116 108 1
1 225 226 227 117 118 119 1
1 228 229 230 113 114 113 1
1 221 231 222 113 113 114 1
1 232 233 234 120 114 120 1
1 193 2 188 97 1 97 1
1 186 188 1 97 97 1 1
1 1 188 2 1 97 1 1
1 235 3 195 97 1 97 1
1 193 195 2 97 97 1 1
1 2 195 3 1 97 1 1
1 205 6 203 99 3 99 1
1 201 203 5 99 99 3 1
1 5 203 6 3 99 3 1
1 8 7 207 99 3 99 1
1 205 207 6 99 99 3 1
1 6 207 7 3 99 3 1
1 236 9 215 121 5 107 1
1 213 215 8 105 107 4 1
1 8 215 9 4 107 5 1
1 225 12 220 117 8 112 1
1 218 220 11 110 112 7 1
1 11 220 12 7 112 8 1
1 232 13 227 120 9 119 1
1 225 227 12 117 119 8 1
1 12 227 13 8 119 9 1
1 237 14 234 120 9 120 1
1 232 234 13 120 120 9 1
1 13 234 14 9 120 9 1
1 238 182 239 95 95 96 1
1 193 239 181 97 96 96 1
1 181 239 182 96 96 95 1
1 186 185 187 97 96 96 1
1 238 187 184 95 96 95 1
1 184 187 185 95 96 96 1
1 193 188 239 97 97 96 1
1 238 239 187 95 96 96 1
1 187 239 188 96 96 97 1
1 240 191 241 95 95 96 1
1 235 241 190 97 96 96 1
1 190 241 191 96 96 95 1
1 193 181 194 97 96 96 1
1 240 194 192 95 96 95 1
1 192 194 181 95 96 96 1
1 235 195 241 97 97 96 1
1 240 241 194 95 96 96 1
1 194 241 195 96 96 97 1
1 242 197 243 95 95 98 1
1 205 243 196 99 98 98 1
1 196 243 197 98 98 95 1
1 201 200 202 99 98 98 1
1 242 202 199 95 98 95 1
1 199 202 200 95 98 98 1
1 205 203 243 99 99 98 1
1 242 243 202 95 98 98 1
1 202 243 203 98 98 99 1
1 238 184 244 95 95 98 1
1 8 244 204 99 98 98 1
1 204 244 184 98 98 95 1
1 205 196 206 99 98 98 1
1 238 206 182 95 98 95 1
1 182 206 196 95 98 98 1
1 8 207 244 99 99 98 1
1 238 244 206 95 98 98 1
1 206 244 207 98 98 99 1
1 245 210 246 122 102 123 1
1 236 246 209 121 123 101 1
1 209 246 210 101 123 102 1
1 213 212 214 105 104 106 1
1 245 214 211 122 106 103 1
1 211 214 212 103 106 104 1
1 236 215 246 121 107 123 1
1 245 246 214 122 123 106 1
1 214 246 215 106 123 107 1
1 236 209 247 121 101 124 1
1 225 247 216 117 124 108 1
1 216 247 209 108 124 101 1
1 218 217 219 110 109 111 1
1 236 219 9 121 111 5 1
1 9 219 217 5 111 109 1
1 225 220 247 117 112 124 1
1 236 247 219 121 124 111 1
1 219 247 220 111 124 112 1
1 248 223 249 125 115 126 1
1 232 249 222 120 126 114 1
1 222 249 223 114 126 115 1
1 225 216 226 117 108 118 1
1 248 226 224 125 118 116 1
1 224 226 216 116 118 108 1
1 232 227 249 120 119 126 1
1 248 249 226 125 126 118 1
1 226 249 227 118 126 119 1
1 250 230 251 113 113 114 1
1 237 251 229 120 114 114 1
1 229 251 230 114 114 113 1
1 232 222 233 120 114 114 1
1 250 233 231 113 114 113 1
1 231 233 222 113 114 114 1
1 237 234 251 120 120 114 1
1 250 251 233 113 114 114 1
1 233 251 234 114 114 120 1

Materials: 1
"Material01"
0.200000 0.200000 0.200000 1.000000
0.800000 0.800000 0.800000 1.000000
0.000000 0.000000 0.000000 1.000000
0.000000 0.000000 0.000000 1.000000
0.000000
1.000000
"..\Image\080_005.tga"
""

Bones: 0
GroupComments: 0
MaterialComments: 0
BoneComments: 0
ModelComment: 0
