// MilkShape 3D ASCII

Frames: 30
Frame: 1

Meshes: 4
"1_1" 0 0
12
0 -4.558577 0.000000 8.007731 0.333333 1.000000 -1
0 0.000000 4.000000 14.500000 0.250000 0.500000 -1
0 -0.005990 0.000000 9.264419 0.250000 1.000000 -1
0 -9.111162 0.000000 -0.115627 0.500000 1.000000 -1
0 -14.500000 4.000000 0.000000 0.500000 0.500000 -1
0 -12.557368 4.000000 7.250000 0.416667 0.500000 -1
0 -14.500000 15.000000 0.000000 0.500000 0.000000 -1
0 -7.250000 4.000000 12.557368 0.333333 0.500000 -1
0 -7.250000 15.000000 12.557368 0.333333 0.000000 -1
0 0.000000 15.000000 14.500000 0.250000 0.000000 -1
0 -7.891299 0.000000 4.574398 0.416667 1.000000 -1
0 -12.557368 15.000000 7.250000 0.416667 0.000000 -1
13
0.165309 0.783603 -0.598864
0.586442 0.794603 -0.157137
0.865873 0.443210 -0.232010
0.965926 0.000000 -0.258819
0.348088 0.798530 -0.491105
0.446343 0.450127 -0.773410
0.247878 0.287682 -0.925092
0.500000 0.000000 -0.866025
0.258819 0.000000 -0.965926
0.731299 0.451612 -0.511125
0.520192 0.802423 -0.292435
0.866025 0.000000 -0.500000
0.590839 0.792018 -0.153676
12
0 0 1 2 0 0 0 1
0 3 4 5 1 2 2 1
0 4 6 5 2 3 2 1
0 0 7 1 4 5 6 1
0 8 9 1 7 8 6 1
0 7 8 1 5 7 6 1
0 5 7 0 9 5 4 1
0 10 5 0 10 9 4 1
0 5 8 7 9 7 5 1
0 5 11 8 9 11 7 1
0 3 5 10 12 9 10 1
0 6 11 5 3 11 9 1
"1_2" 0 0
12
0 -0.005990 0.000000 9.264419 0.250000 1.000000 -1
0 0.000000 4.000000 14.500000 0.250000 0.500000 -1
0 4.546596 0.000000 8.007731 0.166667 1.000000 -1
0 12.557368 4.000000 7.250000 0.083333 0.500000 -1
0 14.500000 4.000000 0.000000 0.000000 0.500000 -1
0 9.099182 0.000000 -0.115627 0.000000 1.000000 -1
0 7.879320 0.000000 4.574398 0.083333 1.000000 -1
0 14.500000 15.000000 0.000000 0.000000 0.000000 -1
0 12.557368 15.000000 7.250000 0.083333 0.000000 -1
0 7.250000 4.000000 12.557368 0.166667 0.500000 -1
0 7.250000 15.000000 12.557368 0.166667 0.000000 -1
0 0.000000 15.000000 14.500000 0.250000 0.000000 -1
12
-0.165245 0.783794 -0.598632
-0.772407 0.454053 -0.444100
-0.865645 0.443687 -0.231949
-0.587821 0.793966 -0.155190
-0.519528 0.802977 -0.292095
-0.965926 0.000000 -0.258819
-0.866025 0.000000 -0.500000
-0.347759 0.798909 -0.490723
-0.446255 0.450377 -0.773316
-0.500000 0.000000 -0.866025
-0.247871 0.287767 -0.925068
-0.258819 0.000000 -0.965926
12
0 0 1 2 0 0 0 1
0 3 4 5 1 2 3 1
0 6 3 5 4 1 3 1
0 3 7 4 1 5 2 1
0 3 8 7 1 6 5 1
0 2 3 6 7 1 4 1
0 2 9 3 7 8 1 1
0 10 8 3 9 6 1 1
0 9 10 3 8 9 1 1
0 1 9 2 10 8 7 1
0 1 10 9 10 9 8 1
0 1 11 10 10 11 9 1
"1_3" 0 0
12
0 4.546596 0.000000 -8.238987 0.833333 1.000000 -1
0 0.000000 4.000000 -14.500000 0.750000 0.500000 -1
0 -0.005990 0.000000 -9.495677 0.750000 1.000000 -1
0 7.250000 4.000000 -12.557368 0.833333 0.500000 -1
0 7.250000 15.000000 -12.557368 0.833333 0.000000 -1
0 0.000000 15.000000 -14.500000 0.750000 0.000000 -1
0 12.557368 4.000000 -7.250000 0.916667 0.500000 -1
0 7.879320 0.000000 -4.805650 0.916667 1.000000 -1
0 12.557368 15.000000 -7.250000 0.916667 0.000000 -1
0 9.099182 0.000000 -0.115627 1.000000 1.000000 -1
0 14.500000 4.000000 0.000000 1.000000 0.500000 -1
0 14.500000 15.000000 0.000000 1.000000 0.000000 -1
12
-0.309894 0.787185 0.533203
-0.235397 0.426376 0.873380
-0.169812 0.769886 0.615174
-0.448101 0.441767 0.777205
-0.500000 0.000000 0.866025
-0.258819 0.000000 0.965926
-0.774228 0.449269 0.445790
-0.526171 0.796839 0.296971
-0.866025 0.000000 0.500000
-0.592029 0.790614 0.156301
-0.866829 0.441203 0.232266
-0.965926 0.000000 0.258819
12
0 0 1 2 0 1 2 1
0 0 3 1 0 3 1 1
0 4 5 1 4 5 1 1
0 3 4 1 3 4 1 1
0 6 3 0 6 3 0 1
0 7 6 0 7 6 0 1
0 6 4 3 6 4 3 1
0 6 8 4 6 8 4 1
0 9 6 7 9 6 7 1
0 9 10 6 9 10 6 1
0 11 8 6 11 8 6 1
0 10 11 6 10 11 6 1
"1_4" 0 0
12
0 -12.557368 4.000000 -7.250000 0.583333 0.500000 -1
0 -14.500000 4.000000 0.000000 0.500000 0.500000 -1
0 -9.111162 0.000000 -0.115627 0.500000 1.000000 -1
0 -7.891299 0.000000 -4.805650 0.583333 1.000000 -1
0 -14.500000 15.000000 0.000000 0.500000 0.000000 -1
0 -12.557368 15.000000 -7.250000 0.583333 0.000000 -1
0 -4.558577 0.000000 -8.238987 0.666667 1.000000 -1
0 -7.250000 4.000000 -12.557368 0.666667 0.500000 -1
0 -7.250000 15.000000 -12.557368 0.666667 0.000000 -1
0 0.000000 4.000000 -14.500000 0.750000 0.500000 -1
0 -0.005990 0.000000 -9.495677 0.750000 1.000000 -1
0 0.000000 15.000000 -14.500000 0.750000 0.000000 -1
12
0.774427 0.448832 0.445885
0.867059 0.440718 0.232328
0.592860 0.789948 0.156520
0.526846 0.796263 0.297319
0.965926 0.000000 0.258819
0.866025 0.000000 0.500000
0.310167 0.786833 0.533563
0.448191 0.441504 0.777302
0.500000 0.000000 0.866025
0.235415 0.426232 0.873445
0.169878 0.769679 0.615415
0.258819 0.000000 0.965926
12
0 0 1 2 0 1 2 1
0 3 0 2 3 0 2 1
0 0 4 1 0 4 1 1
0 0 5 4 0 5 4 1
0 6 0 3 6 0 3 1
0 6 7 0 6 7 0 1
0 8 5 0 8 5 0 1
0 7 8 0 7 8 0 1
0 9 7 6 9 7 6 1
0 10 9 6 10 9 6 1
0 9 8 7 9 8 7 1
0 9 11 8 9 11 8 1

Materials: 1
"Material01"
0.200000 0.200000 0.200000 1.000000
0.800000 0.800000 0.800000 1.000000
0.000000 0.000000 0.000000 1.000000
0.000000 0.000000 0.000000 1.000000
0.000000
1.000000
"AniEnergyUp.tga"
""

Bones: 0
GroupComments: 0
MaterialComments: 0
BoneComments: 0
ModelComment: 0
