// MilkShape 3D ASCII

Frames: 30
Frame: 1

Meshes: 3
"1_Blz" 0 0
17
0 -16.000000 35.000000 -4.304096 10.000000 8.128440 -1
0 -16.000000 0.000000 -4.304096 0.000000 8.128440 -1
0 -15.000000 0.000000 -2.304093 0.000000 9.376146 -1
0 -13.000000 0.000000 -1.304093 0.000000 10.000000 -1
0 -15.000000 35.000000 -2.304093 10.000000 9.376146 -1
0 -13.000000 35.000000 -1.304093 10.000000 10.000000 -1
0 13.000000 0.000000 -1.304093 0.000000 10.000000 -1
0 13.000000 35.000000 -1.304093 10.000000 10.000000 -1
0 14.999998 35.000000 -2.304093 10.000000 9.376146 -1
0 15.000000 0.000000 -2.304093 0.000000 9.376146 -1
0 16.000000 35.000000 -4.304096 10.000000 8.128440 -1
0 16.000000 0.000000 -4.304096 0.000000 8.128440 -1
0 16.000000 35.000000 -15.970589 10.000000 0.036697 -1
0 -16.000000 35.000000 -16.029411 10.000000 0.000000 -1
0 -0.986425 35.000000 -7.281527 10.000000 6.270964 -1
32 -16.000000 0.000000 -16.000000 0.000000 0.018348 -1
32 16.000000 0.000000 -16.000000 0.000000 0.018348 -1
17
-0.862715 0.376920 0.337127
-0.973249 0.000000 0.229753
-0.780869 0.000000 0.624695
-0.305393 0.000000 0.952226
-0.589768 0.329690 0.737210
-0.144505 0.323124 0.935259
0.229753 0.000000 0.973249
0.204362 0.456966 0.865689
0.589768 0.329690 0.737210
0.780869 0.000000 0.624695
0.862715 0.376920 0.337127
0.973249 0.000000 0.229753
0.577704 0.577174 -0.577173
-0.666451 0.666784 -0.333531
0.000000 1.000000 0.000000
-0.446556 0.000000 -0.894756
0.707107 0.000594 -0.707107
34
0 0 1 2 0 1 2 1
0 2 3 4 2 3 4 1
0 4 0 2 4 0 2 1
0 5 4 3 5 4 3 1
0 5 3 6 5 3 6 1
0 6 7 5 6 7 5 1
0 8 7 6 8 7 6 1
0 6 9 8 6 9 8 1
0 10 8 9 10 8 9 1
0 9 11 10 9 11 10 1
0 0 1 2 0 1 2 1
0 2 3 4 2 3 4 1
0 4 0 2 4 0 2 1
0 5 4 3 5 4 3 1
0 5 3 6 5 3 6 1
0 6 7 5 6 7 5 1
0 8 7 6 8 7 6 1
0 6 9 8 6 9 8 1
0 10 8 9 10 8 9 1
0 9 11 10 9 11 10 1
0 12 13 14 12 13 14 1
0 13 0 14 13 0 14 1
0 0 4 14 0 4 14 1
0 4 5 14 4 5 14 1
0 8 10 14 8 10 14 1
0 7 8 14 7 8 14 1
0 5 7 14 5 7 14 1
0 14 10 12 14 10 12 1
0 13 12 15 13 12 15 1
0 12 16 15 12 16 15 1
0 1 0 13 1 0 13 1
0 15 1 13 15 1 13 1
0 12 10 11 12 10 11 1
0 12 11 16 12 11 16 1
"1_Blz_Windows" 0 2
16
0 -4.000000 3.142857 -1.121951 0.000000 0.000000 -1
0 4.000000 3.142857 -1.121951 0.000000 0.000000 -1
0 -4.000000 13.928574 -1.121951 0.000000 0.000000 -1
0 4.000000 13.928574 -1.121951 0.000000 0.000000 -1
0 -9.717166 25.839878 -1.121951 0.000000 0.000000 -1
0 -4.282834 25.839878 -1.121951 0.000000 0.000000 -1
0 -9.717166 31.231548 -1.121951 0.000000 0.000000 -1
0 -4.282834 31.231548 -1.121951 0.000000 0.000000 -1
0 -1.717166 25.839878 -1.121951 0.000000 0.000000 -1
0 3.717166 25.839878 -1.121951 0.000000 0.000000 -1
0 -1.717166 31.231548 -1.121951 0.000000 0.000000 -1
0 3.717166 31.231548 -1.121951 0.000000 0.000000 -1
0 6.282834 25.839878 -1.121951 0.000000 0.000000 -1
0 11.717166 25.839878 -1.121951 0.000000 0.000000 -1
0 6.282834 31.231548 -1.121951 0.000000 0.000000 -1
0 11.717166 31.231548 -1.121951 0.000000 0.000000 -1
1
0.000000 0.000000 1.000000
8
0 0 1 2 0 0 0 1
0 2 1 3 0 0 0 1
0 4 5 6 0 0 0 1
0 6 5 7 0 0 0 1
0 8 9 10 0 0 0 1
0 10 9 11 0 0 0 1
0 12 13 14 0 0 0 1
0 14 13 15 0 0 0 1
"1_Blz_Frame" 0 1
288
0 0.000000 18.000000 6.918126 0.000000 0.000000 -1
0 -2.000000 18.000000 6.918126 0.000000 0.000000 -1
0 0.000000 17.000000 6.918126 0.000000 0.000000 -1
0 -2.000000 17.000000 6.918126 0.000000 0.000000 -1
0 -4.000000 16.386414 6.918126 0.000000 0.000000 -1
0 -4.000000 17.386414 6.918126 0.000000 0.000000 -1
0 -6.000000 16.000000 6.918126 0.000000 0.000000 -1
0 -6.000000 15.000000 6.918126 0.000000 0.000000 -1
0 -8.000000 14.000000 6.918126 0.000000 0.000000 -1
0 -8.000000 13.000000 6.918126 0.000000 0.000000 -1
0 2.000000 18.000000 6.918126 0.000000 0.000000 -1
0 2.000000 17.000000 6.918126 0.000000 0.000000 -1
0 4.000000 17.386414 6.918126 0.000000 0.000000 -1
0 4.000000 16.386414 6.918126 0.000000 0.000000 -1
0 6.000000 16.000000 6.918126 0.000000 0.000000 -1
0 6.000000 15.000000 6.918126 0.000000 0.000000 -1
0 8.000000 14.000000 6.918126 0.000000 0.000000 -1
0 8.000000 13.000000 6.918126 0.000000 0.000000 -1
0 0.000000 18.000000 -1.526316 0.000000 0.000000 -1
0 -2.000000 18.000000 -1.526316 0.000000 0.000000 -1
0 0.000000 17.000000 -1.526316 0.000000 0.000000 -1
0 -2.000000 17.000000 -1.526316 0.000000 0.000000 -1
0 -4.000000 16.386427 -1.526316 0.000000 0.000000 -1
0 -4.000000 17.386427 -1.526316 0.000000 0.000000 -1
0 -6.000000 16.000000 -1.526316 0.000000 0.000000 -1
0 -6.000000 15.000000 -1.526316 0.000000 0.000000 -1
0 -8.000000 14.000000 -1.526316 0.000000 0.000000 -1
0 -8.000000 13.000000 -1.526316 0.000000 0.000000 -1
0 2.000000 18.000000 -1.526316 0.000000 0.000000 -1
0 2.000000 17.000000 -1.526316 0.000000 0.000000 -1
0 4.000000 16.386427 -1.526316 0.000000 0.000000 -1
0 4.000000 17.386427 -1.526316 0.000000 0.000000 -1
0 6.000000 16.000000 -1.526316 0.000000 0.000000 -1
0 6.000000 15.000000 -1.526316 0.000000 0.000000 -1
0 8.000000 14.000000 -1.526316 0.000000 0.000000 -1
0 8.000000 13.000000 -1.526316 0.000000 0.000000 -1
0 8.000000 5.000000 6.937134 0.000000 0.000000 -1
0 7.000000 5.000000 6.937134 0.000000 0.000000 -1
0 7.000000 2.000000 6.937134 0.000000 0.000000 -1
0 8.000000 1.000000 6.937134 0.000000 0.000000 -1
0 -7.000000 2.000000 6.937134 0.000000 0.000000 -1
0 -8.000000 1.000000 6.937134 0.000000 0.000000 -1
0 -7.000000 5.000000 6.937134 0.000000 0.000000 -1
0 -8.000000 5.000000 6.937134 0.000000 0.000000 -1
0 8.000000 5.000000 6.937109 0.000000 0.000000 -1
0 8.000000 5.000000 -1.526316 0.000000 0.000000 -1
0 7.000000 5.000000 -1.526316 0.000000 0.000000 -1
0 7.000000 5.000000 6.937109 0.000000 0.000000 -1
0 7.000000 2.000000 -1.526316 0.000000 0.000000 -1
0 7.000000 2.000000 6.937109 0.000000 0.000000 -1
0 8.000000 1.000000 6.937109 0.000000 0.000000 -1
0 8.000000 1.000000 -1.526316 0.000000 0.000000 -1
0 -7.000000 2.000000 -1.526316 0.000000 0.000000 -1
0 -7.000000 2.000000 6.937109 0.000000 0.000000 -1
0 -8.000000 1.000000 6.937109 0.000000 0.000000 -1
0 -8.000000 1.000000 -1.526316 0.000000 0.000000 -1
0 -7.000000 5.000000 -1.526316 0.000000 0.000000 -1
0 -7.000000 5.000000 6.937109 0.000000 0.000000 -1
0 -8.000000 5.000000 -1.526316 0.000000 0.000000 -1
0 -8.000000 5.000000 6.937109 0.000000 0.000000 -1
0 -7.000000 5.000000 6.000000 0.000000 1.000000 -1
0 -7.000000 13.000000 6.000000 0.000000 0.000000 -1
0 -7.146447 5.000000 6.353553 0.125000 1.000000 -1
0 -7.146447 13.000000 6.353553 0.125000 0.000000 -1
0 -7.500000 13.000000 6.500000 0.250000 0.000000 -1
0 -7.500000 5.000000 6.500000 0.250000 1.000000 -1
0 -7.853553 5.000000 6.353553 0.375000 1.000000 -1
0 -7.853553 13.000000 6.353553 0.375000 0.000000 -1
0 -8.000000 13.000000 6.000000 0.500000 0.000000 -1
0 -8.000000 5.000000 6.000000 0.500000 1.000000 -1
0 -7.853553 5.000000 5.646447 0.625000 1.000000 -1
0 -7.853553 13.000000 5.646447 0.625000 0.000000 -1
0 -7.500000 13.000000 5.500000 0.750000 0.000000 -1
0 -7.500000 5.000000 5.500000 0.750000 1.000000 -1
0 -7.146447 5.000000 5.646447 0.875000 1.000000 -1
0 -7.146447 13.000000 5.646447 0.875000 0.000000 -1
0 -7.000000 13.000000 6.000000 1.000000 0.000000 -1
0 -7.000000 5.000000 6.000000 1.000000 1.000000 -1
0 8.000000 5.000000 6.000000 0.000000 1.000000 -1
0 8.000000 13.000000 6.000000 0.000000 0.000000 -1
0 7.853553 5.000000 6.353553 0.125000 1.000000 -1
0 7.853553 13.000000 6.353553 0.125000 0.000000 -1
0 7.500000 13.000000 6.500000 0.250000 0.000000 -1
0 7.500000 5.000000 6.500000 0.250000 1.000000 -1
0 7.146447 5.000000 6.353553 0.375000 1.000000 -1
0 7.146447 13.000000 6.353553 0.375000 0.000000 -1
0 7.000000 13.000000 6.000000 0.500000 0.000000 -1
0 7.000000 5.000000 6.000000 0.500000 1.000000 -1
0 7.146447 5.000000 5.646447 0.625000 1.000000 -1
0 7.146447 13.000000 5.646447 0.625000 0.000000 -1
0 7.500000 13.000000 5.500000 0.750000 0.000000 -1
0 7.500000 5.000000 5.500000 0.750000 1.000000 -1
0 7.853553 5.000000 5.646447 0.875000 1.000000 -1
0 7.853553 13.000000 5.646447 0.875000 0.000000 -1
0 8.000000 13.000000 6.000000 1.000000 0.000000 -1
0 8.000000 5.000000 6.000000 1.000000 1.000000 -1
0 -8.000000 13.000000 0.000000 0.000000 0.000000 -1
0 -8.000000 5.000000 0.000000 0.000000 1.000000 -1
0 -7.000000 13.000000 0.000000 1.000000 0.000000 -1
0 -7.000000 5.000000 0.000000 1.000000 1.000000 -1
0 -7.000000 13.000000 0.000000 0.000000 0.000000 -1
0 -7.000000 5.000000 0.000000 0.000000 1.000000 -1
0 -7.000000 13.000000 -1.000000 1.000000 0.000000 -1
0 -7.000000 5.000000 -1.000000 1.000000 1.000000 -1
0 -8.000000 13.000000 -1.000000 0.000000 0.000000 -1
0 -8.000000 5.000000 -1.000000 0.000000 1.000000 -1
0 -8.000000 13.000000 0.000000 1.000000 0.000000 -1
0 -8.000000 5.000000 0.000000 1.000000 1.000000 -1
0 -8.000000 13.000000 0.000000 0.000000 1.000000 -1
0 -7.000000 13.000000 0.000000 1.000000 1.000000 -1
0 -8.000000 5.000000 0.000000 0.000000 0.000000 -1
0 -7.000000 5.000000 0.000000 1.000000 0.000000 -1
0 7.000000 13.000000 0.000000 0.000000 0.000000 -1
0 7.000000 5.000000 0.000000 0.000000 1.000000 -1
0 8.000000 13.000000 0.000000 1.000000 0.000000 -1
0 8.000000 5.000000 0.000000 1.000000 1.000000 -1
0 8.000000 13.000000 0.000000 0.000000 0.000000 -1
0 8.000000 5.000000 0.000000 0.000000 1.000000 -1
0 8.000000 13.000000 -1.000000 1.000000 0.000000 -1
0 8.000000 5.000000 -1.000000 1.000000 1.000000 -1
0 7.000000 13.000000 -1.000000 0.000000 0.000000 -1
0 7.000000 5.000000 -1.000000 0.000000 1.000000 -1
0 7.000000 13.000000 0.000000 1.000000 0.000000 -1
0 7.000000 5.000000 0.000000 1.000000 1.000000 -1
0 7.000000 13.000000 0.000000 0.000000 1.000000 -1
0 8.000000 13.000000 0.000000 1.000000 1.000000 -1
0 7.000000 5.000000 0.000000 0.000000 0.000000 -1
0 8.000000 5.000000 0.000000 1.000000 0.000000 -1
0 -4.000000 13.928574 -0.585366 0.000000 0.000000 -1
0 4.000000 13.928574 -0.585366 0.000000 0.000000 -1
0 5.000000 14.928574 -0.585366 0.000000 0.000000 -1
0 -5.000000 14.928574 -0.585366 0.000000 0.000000 -1
0 4.000000 3.142857 -0.585366 0.000000 0.000000 -1
0 5.000000 2.142857 -0.585366 0.000000 0.000000 -1
0 -5.000000 2.142857 -0.585366 0.000000 0.000000 -1
0 -4.000000 3.142857 -0.585366 0.000000 0.000000 -1
0 -4.000000 13.928574 -1.121951 0.000000 0.000000 -1
0 4.000000 13.928574 -1.121951 0.000000 0.000000 -1
0 5.000000 14.928574 -1.585366 0.000000 0.000000 -1
0 -5.000000 14.928574 -1.585366 0.000000 0.000000 -1
0 4.000000 3.142857 -1.121951 0.000000 0.000000 -1
0 5.000000 2.142857 -1.585366 0.000000 0.000000 -1
0 -5.000000 2.142857 -1.585366 0.000000 0.000000 -1
0 -4.000000 3.142857 -1.121951 0.000000 0.000000 -1
0 -15.941162 35.000000 -16.066162 0.000000 0.000000 -1
0 -16.941162 35.000000 -15.948547 0.000000 0.000000 -1
0 -15.941162 35.000000 -4.301453 0.000000 0.000000 -1
0 -17.000000 35.000000 -4.360291 0.000000 0.000000 -1
0 -15.705872 35.000000 -1.654419 0.000000 0.000000 -1
0 -15.000000 35.000000 -2.242615 0.000000 0.000000 -1
0 -12.882324 35.000000 -1.242615 0.000000 0.000000 -1
0 -12.882324 35.000000 -0.477966 0.000000 0.000000 -1
0 13.000000 35.000000 -1.301453 0.000000 0.000000 -1
0 13.000000 35.000000 -0.595581 0.000000 0.000000 -1
0 15.117676 35.000000 -1.772034 0.000000 0.000000 -1
0 15.058838 35.000000 -2.360291 0.000000 0.000000 -1
0 16.058838 35.000000 -4.301453 0.000000 0.000000 -1
0 16.823547 35.000000 -4.066162 0.000000 0.000000 -1
0 16.058838 35.000000 -15.948547 0.000000 0.000000 -1
0 16.941162 35.000000 -16.066162 0.000000 0.000000 -1
0 -15.941162 34.000000 -16.066162 0.000000 0.000000 -1
0 -15.941176 34.000000 -16.066174 0.000000 0.000000 -1
0 -16.941177 34.000000 -15.948526 0.000000 0.000000 -1
0 -16.941162 34.000000 -15.948547 0.000000 0.000000 -1
0 -15.941162 34.000000 -4.301453 0.000000 0.000000 -1
0 -15.941176 34.000000 -4.301468 0.000000 0.000000 -1
0 -17.000000 34.000000 -4.360292 0.000000 0.000000 -1
0 -17.000000 34.000000 -4.360291 0.000000 0.000000 -1
0 -15.705882 34.000000 -1.654410 0.000000 0.000000 -1
0 -15.705872 34.000000 -1.654419 0.000000 0.000000 -1
0 -15.000000 34.000000 -2.242615 0.000000 0.000000 -1
0 -15.000000 34.000000 -2.242645 0.000000 0.000000 -1
0 -12.882324 34.000000 -1.242615 0.000000 0.000000 -1
0 -12.882353 34.000000 -1.242645 0.000000 0.000000 -1
0 -12.882353 34.000000 -0.477939 0.000000 0.000000 -1
0 -12.882324 34.000000 -0.477966 0.000000 0.000000 -1
0 13.000000 34.000000 -1.301453 0.000000 0.000000 -1
0 13.000000 34.000000 -1.301468 0.000000 0.000000 -1
0 13.000000 34.000000 -0.595586 0.000000 0.000000 -1
0 13.000000 34.000000 -0.595581 0.000000 0.000000 -1
0 15.117647 34.000000 -1.772057 0.000000 0.000000 -1
0 15.117676 34.000000 -1.772034 0.000000 0.000000 -1
0 15.058838 34.000000 -2.360291 0.000000 0.000000 -1
0 15.058824 34.000000 -2.360292 0.000000 0.000000 -1
0 16.058838 34.000000 -4.301453 0.000000 0.000000 -1
0 16.058823 34.000000 -4.301468 0.000000 0.000000 -1
0 16.823530 34.000000 -4.066175 0.000000 0.000000 -1
0 16.823547 34.000000 -4.066162 0.000000 0.000000 -1
0 16.058838 34.000000 -15.948547 0.000000 0.000000 -1
0 16.058823 34.000000 -15.948526 0.000000 0.000000 -1
0 16.941162 34.000000 -16.066162 0.000000 0.000000 -1
0 16.941177 34.000000 -16.066174 0.000000 0.000000 -1
0 -15.941162 23.000000 -16.066162 0.000000 0.000000 -1
0 -16.941162 23.000000 -15.948547 0.000000 0.000000 -1
0 -15.941162 23.000000 -4.301453 0.000000 0.000000 -1
0 -17.000000 23.000000 -4.360291 0.000000 0.000000 -1
0 -15.705872 23.000000 -1.654419 0.000000 0.000000 -1
0 -15.000000 23.000000 -2.242615 0.000000 0.000000 -1
0 -12.882324 23.000000 -1.242615 0.000000 0.000000 -1
0 -12.882324 23.000000 -0.477966 0.000000 0.000000 -1
0 13.000000 23.000000 -1.301453 0.000000 0.000000 -1
0 13.000000 23.000000 -0.595581 0.000000 0.000000 -1
0 15.117676 23.000000 -1.772034 0.000000 0.000000 -1
0 15.058838 23.000000 -2.360291 0.000000 0.000000 -1
0 16.058838 23.000000 -4.301453 0.000000 0.000000 -1
0 16.823547 23.000000 -4.066162 0.000000 0.000000 -1
0 16.058838 23.000000 -15.948547 0.000000 0.000000 -1
0 16.941162 23.000000 -16.066162 0.000000 0.000000 -1
0 -15.941162 22.000000 -16.066162 0.000000 0.000000 -1
0 -15.941176 22.000000 -16.066174 0.000000 0.000000 -1
0 -16.941177 22.000000 -15.948526 0.000000 0.000000 -1
0 -16.941162 22.000000 -15.948547 0.000000 0.000000 -1
0 -15.941162 22.000000 -4.301453 0.000000 0.000000 -1
0 -15.941176 22.000000 -4.301468 0.000000 0.000000 -1
0 -17.000000 22.000000 -4.360292 0.000000 0.000000 -1
0 -17.000000 22.000000 -4.360291 0.000000 0.000000 -1
0 -15.705882 22.000000 -1.654410 0.000000 0.000000 -1
0 -15.705872 22.000000 -1.654419 0.000000 0.000000 -1
0 -15.000000 22.000000 -2.242615 0.000000 0.000000 -1
0 -15.000000 22.000000 -2.242645 0.000000 0.000000 -1
0 -12.882324 22.000000 -1.242615 0.000000 0.000000 -1
0 -12.882353 22.000000 -1.242645 0.000000 0.000000 -1
0 -12.882353 22.000000 -0.477939 0.000000 0.000000 -1
0 -12.882324 22.000000 -0.477966 0.000000 0.000000 -1
0 13.000000 22.000000 -1.301453 0.000000 0.000000 -1
0 13.000000 22.000000 -1.301468 0.000000 0.000000 -1
0 13.000000 22.000000 -0.595586 0.000000 0.000000 -1
0 13.000000 22.000000 -0.595581 0.000000 0.000000 -1
0 15.117647 22.000000 -1.772057 0.000000 0.000000 -1
0 15.117676 22.000000 -1.772034 0.000000 0.000000 -1
0 15.058838 22.000000 -2.360291 0.000000 0.000000 -1
0 15.058824 22.000000 -2.360292 0.000000 0.000000 -1
0 16.058838 22.000000 -4.301453 0.000000 0.000000 -1
0 16.058823 22.000000 -4.301468 0.000000 0.000000 -1
0 16.823530 22.000000 -4.066175 0.000000 0.000000 -1
0 16.823547 22.000000 -4.066162 0.000000 0.000000 -1
0 16.058838 22.000000 -15.948547 0.000000 0.000000 -1
0 16.058823 22.000000 -15.948526 0.000000 0.000000 -1
0 16.941162 22.000000 -16.066162 0.000000 0.000000 -1
0 16.941177 22.000000 -16.066174 0.000000 0.000000 -1
0 -9.717166 31.231548 -0.585366 0.000000 0.000000 -1
0 -4.282834 31.231548 -0.585366 0.000000 0.000000 -1
0 -3.603543 31.731445 -0.585366 0.000000 0.000000 -1
0 -10.396458 31.731445 -0.585366 0.000000 0.000000 -1
0 -4.282834 25.839878 -0.585366 0.000000 0.000000 -1
0 -3.603543 25.339991 -0.585366 0.000000 0.000000 -1
0 -10.396458 25.339991 -0.585366 0.000000 0.000000 -1
0 -9.717166 25.839878 -0.585366 0.000000 0.000000 -1
0 -9.717166 31.231548 -1.121951 0.000000 0.000000 -1
0 -4.282834 31.231548 -1.121951 0.000000 0.000000 -1
0 -3.603543 31.731445 -1.585366 0.000000 0.000000 -1
0 -10.396458 31.731445 -1.585366 0.000000 0.000000 -1
0 -4.282834 25.839878 -1.121951 0.000000 0.000000 -1
0 -3.603543 25.339991 -1.585366 0.000000 0.000000 -1
0 -10.396458 25.339991 -1.585366 0.000000 0.000000 -1
0 -9.717166 25.839878 -1.121951 0.000000 0.000000 -1
0 -1.717166 31.231548 -0.585366 0.000000 0.000000 -1
0 3.717166 31.231548 -0.585366 0.000000 0.000000 -1
0 4.396457 31.731445 -0.585366 0.000000 0.000000 -1
0 -2.396458 31.731445 -0.585366 0.000000 0.000000 -1
0 3.717166 25.839878 -0.585366 0.000000 0.000000 -1
0 4.396457 25.339991 -0.585366 0.000000 0.000000 -1
0 -2.396458 25.339991 -0.585366 0.000000 0.000000 -1
0 -1.717166 25.839878 -0.585366 0.000000 0.000000 -1
0 -1.717166 31.231548 -1.121951 0.000000 0.000000 -1
0 3.717166 31.231548 -1.121951 0.000000 0.000000 -1
0 4.396457 31.731445 -1.585366 0.000000 0.000000 -1
0 -2.396458 31.731445 -1.585366 0.000000 0.000000 -1
0 3.717166 25.839878 -1.121951 0.000000 0.000000 -1
0 4.396457 25.339991 -1.585366 0.000000 0.000000 -1
0 -2.396458 25.339991 -1.585366 0.000000 0.000000 -1
0 -1.717166 25.839878 -1.121951 0.000000 0.000000 -1
0 6.282834 31.231548 -0.585366 0.000000 0.000000 -1
0 11.717166 31.231548 -0.585366 0.000000 0.000000 -1
0 12.396458 31.731445 -0.585366 0.000000 0.000000 -1
0 5.603542 31.731445 -0.585366 0.000000 0.000000 -1
0 11.717166 25.839878 -0.585366 0.000000 0.000000 -1
0 12.396458 25.339991 -0.585366 0.000000 0.000000 -1
0 5.603542 25.339991 -0.585366 0.000000 0.000000 -1
0 6.282834 25.839878 -0.585366 0.000000 0.000000 -1
0 6.282834 31.231548 -1.121951 0.000000 0.000000 -1
0 11.717166 31.231548 -1.121951 0.000000 0.000000 -1
0 12.396458 31.731445 -1.585366 0.000000 0.000000 -1
0 5.603542 31.731445 -1.585366 0.000000 0.000000 -1
0 11.717166 25.839878 -1.121951 0.000000 0.000000 -1
0 12.396458 25.339991 -1.585366 0.000000 0.000000 -1
0 5.603542 25.339991 -1.585366 0.000000 0.000000 -1
0 6.282834 25.839878 -1.121951 0.000000 0.000000 -1
96
0.000000 0.000000 1.000000
-0.316228 0.948683 0.000000
0.316228 0.948683 0.000000
-0.098735 0.995114 0.000000
-0.197471 0.980309 0.000001
0.316228 -0.948683 0.000000
-0.316228 -0.948683 0.000000
0.098737 -0.995114 0.000000
0.197471 -0.980309 -0.000001
0.389543 -0.921008 -0.000001
0.482662 -0.875807 -0.000001
-0.389544 0.921008 0.000001
-0.482664 0.875806 0.000001
-0.617713 0.786404 0.000000
-0.663675 0.748021 0.000000
0.617713 -0.786404 -0.000000
0.663676 -0.748020 0.000000
-0.862856 0.505449 0.000000
-0.967538 0.252725 0.000000
0.281085 -0.959683 0.000000
-0.877355 -0.479842 0.000000
0.098737 0.995114 0.000000
0.197471 0.980309 0.000001
-0.098735 -0.995114 0.000000
-0.197471 -0.980309 -0.000001
-0.389544 -0.921008 -0.000001
-0.482664 -0.875806 -0.000001
0.389543 0.921008 0.000001
0.482662 0.875807 0.000001
0.617713 0.786404 0.000000
0.663676 0.748020 0.000000
-0.617713 -0.786404 -0.000000
-0.663675 -0.748021 0.000000
0.862856 0.505449 0.000000
0.967538 0.252725 0.000000
-0.281085 -0.959683 0.000000
0.877355 -0.479842 0.000000
0.707107 0.707107 0.000000
0.894427 0.447214 0.000000
-0.447214 0.894427 0.000000
-0.707107 0.707107 0.000000
-0.894427 0.447214 0.000000
0.707107 -0.707107 0.000000
0.447214 -0.894427 0.000000
0.447214 0.894427 0.000000
-0.707107 -0.707107 0.000000
-0.894427 -0.447214 0.000000
0.894427 -0.447214 0.000000
-0.447214 -0.894427 0.000000
0.923879 0.000000 0.382685
0.707107 0.000000 0.707107
0.707107 0.000000 0.707107
-0.707107 0.000000 0.707107
-0.707107 0.000000 0.707107
-1.000000 0.000000 0.000000
-0.707107 0.000000 -0.707107
-0.707107 0.000000 -0.707107
0.000000 0.000000 -1.000000
0.707107 0.000000 -0.707107
0.707107 0.000000 -0.707107
0.923879 0.000000 -0.382685
1.000000 0.000000 0.000000
0.000000 1.000000 0.000000
0.000000 -1.000000 0.000000
0.800614 -0.425137 -0.422227
-0.484330 0.392613 -0.781844
0.671220 -0.714328 -0.197989
-0.936665 0.322753 0.135978
-0.531177 0.728015 0.433411
0.585969 0.332280 -0.739074
0.100661 0.714831 -0.692015
-0.245708 0.321324 0.914537
-0.218816 0.715885 -0.663045
0.118242 -0.717026 0.686945
0.422254 -0.714179 0.558256
-0.538113 0.722204 -0.434575
-0.689496 0.715995 -0.109299
0.857264 -0.329099 0.395971
-0.494801 0.391374 -0.775886
0.801343 0.429037 -0.416865
0.359967 0.000000 -0.932965
-0.903635 0.000000 -0.428303
0.989944 0.000000 -0.141459
-0.956257 0.000000 0.292527
-0.591616 0.000000 0.806220
0.791244 0.000000 -0.611501
0.290216 0.000000 -0.956961
-0.127421 0.000000 0.991849
-0.157861 0.000000 -0.987461
0.334593 0.000000 0.942363
0.711008 0.000000 0.703184
-0.627756 0.000000 -0.778410
-0.949710 0.000000 -0.313130
0.976661 0.000000 0.214788
-0.906796 0.000000 -0.421571
0.349432 0.000000 -0.936962
398
0 0 1 2 0 0 0 1
0 3 2 1 0 0 0 1
0 4 3 5 0 0 0 1
0 1 5 3 0 0 0 1
0 4 5 6 0 0 0 1
0 6 7 4 0 0 0 1
0 7 6 8 0 0 0 1
0 9 7 8 0 0 0 1
0 2 10 0 0 0 0 1
0 10 2 11 0 0 0 1
0 12 11 13 0 0 0 1
0 11 12 10 0 0 0 1
0 14 12 13 0 0 0 1
0 13 15 14 0 0 0 1
0 16 14 15 0 0 0 1
0 16 15 17 0 0 0 1
0 0 18 19 1 2 3 2
0 0 19 1 1 3 4 2
0 2 20 18 5 6 2 2
0 2 18 0 5 2 1 2
0 3 21 20 7 8 6 2
0 3 20 2 7 6 5 2
0 4 22 21 9 10 8 2
0 4 21 3 9 8 7 2
0 1 19 23 4 3 11 2
0 1 23 5 4 11 12 2
0 5 23 24 12 11 13 2
0 5 24 6 12 13 14 2
0 7 25 22 15 16 10 2
0 7 22 4 15 10 9 2
0 6 24 26 14 13 17 2
0 6 26 8 14 17 18 2
0 9 27 25 19 20 16 2
0 9 25 7 19 16 15 2
0 8 26 27 18 17 20 2
0 8 27 9 18 20 19 2
0 10 28 18 21 22 2 2
0 10 18 0 21 2 1 2
0 0 18 20 1 2 6 2
0 0 20 2 1 6 5 2
0 2 20 29 5 6 23 2
0 2 29 11 5 23 24 2
0 11 29 30 24 23 25 2
0 11 30 13 24 25 26 2
0 12 31 28 27 28 22 2
0 12 28 10 27 22 21 2
0 14 32 31 29 30 28 2
0 14 31 12 29 28 27 2
0 13 30 33 26 25 31 2
0 13 33 15 26 31 32 2
0 16 34 32 33 34 30 2
0 16 32 14 33 30 29 2
0 15 33 35 32 31 35 2
0 15 35 17 32 35 36 2
0 17 35 34 36 35 34 2
0 17 34 16 36 34 33 2
0 36 37 38 0 0 0 1
0 36 38 39 0 0 0 1
0 39 38 40 0 0 0 1
0 39 40 41 0 0 0 1
0 40 42 43 0 0 0 1
0 43 41 40 0 0 0 1
0 44 45 46 37 38 39 2
0 44 46 47 37 39 40 2
0 47 46 48 40 39 41 2
0 47 48 49 40 41 40 2
0 50 51 45 42 43 38 2
0 50 45 44 42 38 37 2
0 49 48 52 40 41 44 2
0 49 52 53 40 44 37 2
0 54 55 51 45 46 43 2
0 54 51 50 45 43 42 2
0 53 52 56 37 44 38 2
0 53 56 57 37 38 37 2
0 57 56 58 37 38 39 2
0 57 58 59 37 39 40 2
0 59 58 55 40 39 46 2
0 59 55 54 40 46 45 2
0 36 44 47 44 37 40 2
0 36 47 37 44 40 41 2
0 37 47 49 41 40 40 2
0 37 49 38 41 40 39 2
0 39 50 44 47 42 37 2
0 39 44 36 47 37 44 2
0 38 49 53 39 40 37 2
0 38 53 40 39 37 38 2
0 41 54 50 48 45 42 2
0 41 50 39 48 42 47 2
0 40 53 57 38 37 37 2
0 40 57 42 38 37 44 2
0 42 57 59 44 37 40 2
0 42 59 43 44 40 41 2
0 43 59 54 41 40 45 2
0 43 54 41 41 45 48 2
0 60 61 62 49 49 50 1
0 61 63 62 49 51 50 1
0 62 63 64 50 51 0 1
0 62 64 65 50 0 0 1
0 65 64 66 0 0 52 1
0 64 67 66 0 53 52 1
0 66 67 68 52 53 54 1
0 66 68 69 52 54 54 1
0 69 68 70 54 54 55 1
0 68 71 70 54 56 55 1
0 70 71 72 55 56 57 1
0 70 72 73 55 57 57 1
0 73 72 74 57 57 58 1
0 72 75 74 57 59 58 1
0 74 75 76 58 59 60 1
0 74 76 77 58 60 60 1
0 78 79 80 49 49 50 1
0 79 81 80 49 51 50 1
0 80 81 82 50 51 0 1
0 80 82 83 50 0 0 1
0 83 82 84 0 0 52 1
0 82 85 84 0 53 52 1
0 84 85 86 52 53 54 1
0 84 86 87 52 54 54 1
0 87 86 88 54 54 55 1
0 86 89 88 54 56 55 1
0 88 89 90 55 56 57 1
0 88 90 91 55 57 57 1
0 91 90 92 57 57 58 1
0 90 93 92 57 59 58 1
0 92 93 94 58 59 60 1
0 92 94 95 58 60 60 1
0 96 97 98 0 0 0 1
0 97 99 98 0 0 0 1
0 100 101 102 61 61 61 2
0 101 103 102 61 61 61 2
0 104 105 106 54 54 54 2
0 105 107 106 54 54 54 2
0 104 108 102 62 62 62 3
0 108 109 102 62 62 62 3
0 110 105 111 63 63 63 3
0 105 103 111 63 63 63 3
0 112 113 114 0 0 0 1
0 113 115 114 0 0 0 1
0 116 117 118 61 61 61 2
0 117 119 118 61 61 61 2
0 120 121 122 54 54 54 2
0 121 123 122 54 54 54 2
0 120 124 118 62 62 62 3
0 124 125 118 62 62 62 3
0 126 121 127 63 63 63 3
0 121 119 127 63 63 63 3
0 128 129 130 0 0 0 1
0 130 131 128 0 0 0 1
0 130 129 132 0 0 0 1
0 132 133 130 0 0 0 1
0 134 133 132 0 0 0 1
0 132 135 134 0 0 0 1
0 134 135 128 0 0 0 1
0 131 134 128 0 0 0 1
0 128 136 137 43 47 48 2
0 128 137 129 43 48 46 2
0 130 138 139 44 38 39 2
0 130 139 131 44 39 41 2
0 129 137 140 46 48 41 2
0 129 140 132 46 41 39 2
0 133 141 138 47 43 38 2
0 133 138 130 47 38 44 2
0 134 142 141 48 46 43 2
0 134 141 133 48 43 47 2
0 132 140 143 39 41 44 2
0 132 143 135 39 44 38 2
0 135 143 136 38 44 47 2
0 135 136 128 38 47 43 2
0 131 139 142 41 39 46 2
0 131 142 134 41 46 48 2
0 144 145 146 62 62 62 1
0 147 146 145 62 62 62 1
0 147 148 146 62 62 62 1
0 146 148 149 62 62 62 1
0 150 149 148 62 62 62 1
0 151 150 148 62 62 62 1
0 150 151 152 62 62 62 1
0 153 152 151 62 62 62 1
0 152 153 154 62 62 62 1
0 154 155 152 62 62 62 1
0 155 154 156 62 62 62 1
0 157 156 154 62 62 62 1
0 156 157 158 62 62 62 1
0 159 158 157 62 62 62 1
0 160 161 162 64 63 62 2
0 160 162 163 64 62 65 2
0 164 165 161 66 63 63 2
0 164 161 160 66 63 64 2
0 163 162 166 65 62 62 2
0 163 166 167 65 62 67 2
0 167 166 168 67 62 62 2
0 167 168 169 67 62 68 2
0 170 171 165 69 62 63 2
0 170 165 164 69 63 66 2
0 172 173 171 70 62 62 2
0 172 171 170 70 62 69 2
0 169 168 174 68 62 62 2
0 169 174 175 68 62 71 2
0 176 177 173 72 62 62 2
0 176 173 172 72 62 70 2
0 175 174 178 71 62 63 2
0 175 178 179 71 63 73 2
0 179 178 180 73 63 63 2
0 179 180 181 73 63 74 2
0 182 183 177 75 62 62 2
0 182 177 176 75 62 72 2
0 184 185 183 76 62 62 2
0 184 183 182 76 62 75 2
0 181 180 186 74 63 63 2
0 181 186 187 74 63 77 2
0 188 189 185 78 62 62 2
0 188 185 184 78 62 76 2
0 190 191 189 79 62 62 2
0 190 189 188 79 62 78 2
0 187 186 191 77 63 62 2
0 187 191 190 77 62 79 2
0 144 160 163 80 64 65 2
0 144 163 145 80 65 81 2
0 146 164 160 82 66 64 2
0 146 160 144 82 64 80 2
0 145 163 167 81 65 67 2
0 145 167 147 81 67 83 2
0 147 167 169 83 67 68 2
0 147 169 148 83 68 84 2
0 149 170 164 85 69 66 2
0 149 164 146 85 66 82 2
0 150 172 170 86 70 69 2
0 150 170 149 86 69 85 2
0 148 169 175 84 68 71 2
0 148 175 151 84 71 87 2
0 152 176 172 88 72 70 2
0 152 172 150 88 70 86 2
0 151 175 179 87 71 73 2
0 151 179 153 87 73 89 2
0 153 179 181 89 73 74 2
0 153 181 154 89 74 90 2
0 155 182 176 91 75 72 2
0 155 176 152 91 72 88 2
0 156 184 182 92 76 75 2
0 156 182 155 92 75 91 2
0 154 181 187 90 74 77 2
0 154 187 157 90 77 93 2
0 158 188 184 94 78 76 2
0 158 184 156 94 76 92 2
0 159 190 188 95 79 78 2
0 159 188 158 95 78 94 2
0 157 187 190 93 77 79 2
0 157 190 159 93 79 95 2
0 192 193 194 62 62 62 1
0 195 194 193 62 62 62 1
0 195 196 194 62 62 62 1
0 194 196 197 62 62 62 1
0 198 197 196 62 62 62 1
0 199 198 196 62 62 62 1
0 198 199 200 62 62 62 1
0 201 200 199 62 62 62 1
0 200 201 202 62 62 62 1
0 202 203 200 62 62 62 1
0 203 202 204 62 62 62 1
0 205 204 202 62 62 62 1
0 204 205 206 62 62 62 1
0 207 206 205 62 62 62 1
0 208 209 210 64 63 62 2
0 208 210 211 64 62 65 2
0 212 213 209 66 63 63 2
0 212 209 208 66 63 64 2
0 211 210 214 65 62 62 2
0 211 214 215 65 62 67 2
0 215 214 216 67 62 62 2
0 215 216 217 67 62 68 2
0 218 219 213 69 62 63 2
0 218 213 212 69 63 66 2
0 220 221 219 70 62 62 2
0 220 219 218 70 62 69 2
0 217 216 222 68 62 62 2
0 217 222 223 68 62 71 2
0 224 225 221 72 62 62 2
0 224 221 220 72 62 70 2
0 223 222 226 71 62 63 2
0 223 226 227 71 63 73 2
0 227 226 228 73 63 63 2
0 227 228 229 73 63 74 2
0 230 231 225 75 62 62 2
0 230 225 224 75 62 72 2
0 232 233 231 76 62 62 2
0 232 231 230 76 62 75 2
0 229 228 234 74 63 63 2
0 229 234 235 74 63 77 2
0 236 237 233 78 62 62 2
0 236 233 232 78 62 76 2
0 238 239 237 79 62 62 2
0 238 237 236 79 62 78 2
0 235 234 239 77 63 62 2
0 235 239 238 77 62 79 2
0 192 208 211 80 64 65 2
0 192 211 193 80 65 81 2
0 194 212 208 82 66 64 2
0 194 208 192 82 64 80 2
0 193 211 215 81 65 67 2
0 193 215 195 81 67 83 2
0 195 215 217 83 67 68 2
0 195 217 196 83 68 84 2
0 197 218 212 85 69 66 2
0 197 212 194 85 66 82 2
0 198 220 218 86 70 69 2
0 198 218 197 86 69 85 2
0 196 217 223 84 68 71 2
0 196 223 199 84 71 87 2
0 200 224 220 88 72 70 2
0 200 220 198 88 70 86 2
0 199 223 227 87 71 73 2
0 199 227 201 87 73 89 2
0 201 227 229 89 73 74 2
0 201 229 202 89 74 90 2
0 203 230 224 91 75 72 2
0 203 224 200 91 72 88 2
0 204 232 230 92 76 75 2
0 204 230 203 92 75 91 2
0 202 229 235 90 74 77 2
0 202 235 205 90 77 93 2
0 206 236 232 94 78 76 2
0 206 232 204 94 76 92 2
0 207 238 236 95 79 78 2
0 207 236 206 95 78 94 2
0 205 235 238 93 77 79 2
0 205 238 207 93 79 95 2
0 240 241 242 0 0 0 1
0 242 243 240 0 0 0 1
0 242 241 244 0 0 0 1
0 244 245 242 0 0 0 1
0 246 245 244 0 0 0 1
0 244 247 246 0 0 0 1
0 246 247 240 0 0 0 1
0 243 246 240 0 0 0 1
0 240 248 249 43 47 48 2
0 240 249 241 43 48 46 2
0 242 250 251 44 38 39 2
0 242 251 243 44 39 41 2
0 241 249 252 46 48 41 2
0 241 252 244 46 41 39 2
0 245 253 250 47 43 38 2
0 245 250 242 47 38 44 2
0 246 254 253 48 46 43 2
0 246 253 245 48 43 47 2
0 244 252 255 39 41 44 2
0 244 255 247 39 44 38 2
0 247 255 248 38 44 47 2
0 247 248 240 38 47 43 2
0 243 251 254 41 39 46 2
0 243 254 246 41 46 48 2
0 256 257 258 0 0 0 1
0 258 259 256 0 0 0 1
0 258 257 260 0 0 0 1
0 260 261 258 0 0 0 1
0 262 261 260 0 0 0 1
0 260 263 262 0 0 0 1
0 262 263 256 0 0 0 1
0 259 262 256 0 0 0 1
0 256 264 265 43 47 48 2
0 256 265 257 43 48 46 2
0 258 266 267 44 38 39 2
0 258 267 259 44 39 41 2
0 257 265 268 46 48 41 2
0 257 268 260 46 41 39 2
0 261 269 266 47 43 38 2
0 261 266 258 47 38 44 2
0 262 270 269 48 46 43 2
0 262 269 261 48 43 47 2
0 260 268 271 39 41 44 2
0 260 271 263 39 44 38 2
0 263 271 264 38 44 47 2
0 263 264 256 38 47 43 2
0 259 267 270 41 39 46 2
0 259 270 262 41 46 48 2
0 272 273 274 0 0 0 1
0 274 275 272 0 0 0 1
0 274 273 276 0 0 0 1
0 276 277 274 0 0 0 1
0 278 277 276 0 0 0 1
0 276 279 278 0 0 0 1
0 278 279 272 0 0 0 1
0 275 278 272 0 0 0 1
0 272 280 281 43 47 48 2
0 272 281 273 43 48 46 2
0 274 282 283 44 38 39 2
0 274 283 275 44 39 41 2
0 273 281 284 46 48 41 2
0 273 284 276 46 41 39 2
0 277 285 282 47 43 38 2
0 277 282 274 47 38 44 2
0 278 286 285 48 46 43 2
0 278 285 277 48 43 47 2
0 276 284 287 39 41 44 2
0 276 287 279 39 44 38 2
0 279 287 280 38 44 47 2
0 279 280 272 38 47 43 2
0 275 283 286 41 39 46 2
0 275 286 278 41 46 48 2

Materials: 3
"Blz"
0.200000 0.200000 0.200000 1.000000
0.800000 0.800000 0.800000 1.000000
0.000000 0.000000 0.000000 1.000000
0.000000 0.000000 0.000000 1.000000
0.000000
1.000000
"..\Image\brick01.tga"
""
"Blz_Other"
0.200000 0.200000 0.200000 1.000000
0.800000 0.800000 0.800000 1.000000
0.000000 0.000000 0.000000 1.000000
0.000000 0.000000 0.000000 1.000000
0.000000
1.000000
"..\Image\Blz_Round_Gate_Windows.tga"
""
"Material01"
0.200000 0.200000 0.200000 1.000000
0.800000 0.800000 0.800000 1.000000
0.000000 0.000000 0.000000 1.000000
0.000000 0.000000 0.000000 1.000000
0.000000
1.000000
"..\Image\window.tga"
""

Bones: 0
GroupComments: 0
MaterialComments: 0
BoneComments: 0
ModelComment: 0
