// MilkShape 3D ASCII

Frames: 30
Frame: 1

Meshes: 3
"1_Blz" 0 0
53
0 16.000000 37.600002 1.000000 0.000000 5.000000 -1
0 2.000000 0.000000 1.000000 2.187500 0.000000 -1
0 16.000000 0.000000 1.000000 0.000000 0.000000 -1
0 -16.000000 37.600002 1.000000 5.000000 5.000000 -1
0 -16.000000 14.000000 1.000000 5.000000 2.000000 -1
0 2.000000 14.000000 1.000000 2.187500 2.000000 -1
0 2.000000 0.000000 -16.000000 2.187500 0.000000 -1
0 16.000000 0.000000 -16.000000 0.000000 0.000000 -1
0 16.000000 37.600002 -16.000000 0.000000 5.000000 -1
0 -16.000000 37.600002 -16.000000 5.000000 5.000000 -1
0 -16.000000 14.000000 -16.000000 5.000000 2.000000 -1
0 2.000000 14.000000 -16.000000 2.187500 2.000000 -1
0 -15.000000 0.000000 0.000000 4.843750 0.000000 -1
0 -15.707107 0.000000 0.707107 4.954236 0.000000 -1
0 -16.000000 0.000000 0.000000 5.000000 0.000000 -1
0 -15.707107 14.000000 0.707107 4.954236 2.000000 -1
0 -15.000000 14.000000 0.000000 4.843750 2.000000 -1
0 -16.000000 14.000000 0.000000 5.000000 2.000000 -1
0 -15.000000 0.000000 1.000000 4.843750 0.000000 -1
0 -15.000000 14.000000 1.000000 4.843750 2.000000 -1
0 -14.292893 0.000000 0.707107 4.733264 0.000000 -1
0 -14.292893 14.000000 0.707107 4.733264 2.000000 -1
0 -14.000000 0.000000 0.000000 4.687500 0.000000 -1
0 -14.000000 14.000000 0.000000 4.687500 2.000000 -1
0 -14.292893 0.000000 -0.707107 4.733264 0.000000 -1
0 -14.292893 14.000000 -0.707107 4.733264 2.000000 -1
0 -15.000000 0.000000 -1.000000 4.843750 0.000000 -1
0 -15.000000 14.000000 -1.000000 4.843750 2.000000 -1
0 -15.707107 0.000000 -0.707107 4.954236 0.000000 -1
0 -15.707107 14.000000 -0.707107 4.954236 2.000000 -1
0 -15.000000 0.000000 -14.000000 4.843750 0.000000 -1
0 -15.707107 0.000000 -13.292893 4.954236 0.000000 -1
0 -16.000000 0.000000 -14.000000 5.000000 0.000000 -1
0 -15.707107 14.000000 -13.292893 4.954236 2.000000 -1
0 -15.000000 14.000000 -14.000000 4.843750 2.000000 -1
0 -16.000000 14.000000 -14.000000 5.000000 2.000000 -1
0 -15.000000 0.000000 -13.000000 4.843750 0.000000 -1
0 -15.000000 14.000000 -13.000000 4.843750 2.000000 -1
0 -14.292893 0.000000 -13.292893 4.733264 0.000000 -1
0 -14.292893 14.000000 -13.292893 4.733264 2.000000 -1
0 -14.000000 0.000000 -14.000000 4.687500 0.000000 -1
0 -14.000000 14.000000 -14.000000 4.687500 2.000000 -1
0 -14.292893 0.000000 -14.707107 4.733264 0.000000 -1
0 -14.292893 14.000000 -14.707107 4.733264 2.000000 -1
0 -15.000000 0.000000 -15.000000 4.843750 0.000000 -1
0 -15.000000 14.000000 -15.000000 4.843750 2.000000 -1
0 -15.707107 0.000000 -14.707107 4.954236 0.000000 -1
0 -15.707107 14.000000 -14.707107 4.954236 2.000000 -1
0 -16.000000 0.000000 -16.000000 5.000000 0.000000 -1
0 2.000000 0.250000 -16.000000 2.187500 0.035714 -1
0 -16.000000 0.250000 -16.000000 5.000000 0.035714 -1
0 -16.000000 0.250000 1.000000 5.000000 0.035714 -1
0 2.000000 0.250000 1.000000 2.187500 0.035714 -1
23
0.000000 0.000000 1.000000
-0.447214 -0.894427 0.000000
0.894427 -0.447214 0.000000
0.447214 -0.894427 0.000000
-0.894427 -0.447214 0.000000
0.447214 0.894427 0.000000
0.894427 0.447214 0.000000
-0.894427 0.447214 0.000000
-0.447214 0.894427 0.000000
0.000000 0.000000 -1.000000
0.000000 0.000000 0.000000
0.000000 -1.000000 0.000000
0.000000 1.000000 0.000000
-0.707107 0.000000 0.707107
-1.000000 0.000000 0.000000
0.707107 0.000000 0.707107
1.000000 0.000000 0.000000
0.707107 0.000000 -0.707107
-0.707107 0.000000 -0.707107
-0.707107 0.000000 0.707107
0.707107 0.000000 0.707107
0.707107 0.000000 -0.707107
-0.707107 0.000000 -0.707107
88
0 0 1 2 0 0 0 1
0 0 3 4 0 0 0 1
0 0 4 5 0 0 0 1
0 0 5 1 0 0 0 1
0 6 7 2 1 2 3 2
0 1 6 2 4 1 3 2
0 7 8 0 2 5 6 2
0 2 7 0 3 2 6 2
0 9 10 4 7 1 4 2
0 3 9 4 8 7 4 2
0 8 9 3 5 7 8 2
0 0 8 3 6 5 8 2
0 10 11 5 1 4 1 2
0 4 10 5 4 1 1 2
0 11 6 1 4 1 4 2
0 5 11 1 1 4 4 2
0 10 9 8 9 9 9 1
0 11 10 8 10 9 9 1
0 6 11 8 9 10 9 1
0 7 6 8 9 9 9 1
0 12 13 14 11 11 11 2
0 15 16 17 12 12 12 2
0 13 17 14 13 14 14 1
0 13 15 17 13 13 14 1
0 12 18 13 11 11 11 2
0 19 16 15 12 12 12 2
0 19 15 13 0 13 13 1
0 18 19 13 0 0 13 1
0 12 20 18 11 11 11 2
0 21 16 19 12 12 12 2
0 20 19 18 15 0 0 1
0 20 21 19 15 15 0 1
0 12 22 20 11 11 11 2
0 23 16 21 12 12 12 2
0 23 21 20 16 15 15 1
0 22 23 20 16 16 15 1
0 12 24 22 11 11 11 2
0 25 16 23 12 12 12 2
0 24 23 22 17 16 16 1
0 24 25 23 17 17 16 1
0 12 26 24 11 11 11 2
0 27 16 25 12 12 12 2
0 27 25 24 9 17 17 1
0 26 27 24 9 9 17 1
0 12 28 26 11 11 11 2
0 29 16 27 12 12 12 2
0 28 27 26 18 9 9 1
0 28 29 27 18 18 9 1
0 12 14 28 11 11 11 2
0 17 16 29 12 12 12 2
0 17 29 28 14 18 18 1
0 14 17 28 14 14 18 1
0 30 31 32 11 11 11 2
0 33 34 35 12 12 12 2
0 31 35 32 19 14 14 1
0 31 33 35 19 19 14 1
0 30 36 31 11 11 11 2
0 37 34 33 12 12 12 2
0 37 33 31 0 19 19 1
0 36 37 31 0 0 19 1
0 30 38 36 11 11 11 2
0 39 34 37 12 12 12 2
0 38 37 36 20 0 0 1
0 38 39 37 20 20 0 1
0 30 40 38 11 11 11 2
0 41 34 39 12 12 12 2
0 41 39 38 16 20 20 1
0 40 41 38 16 16 20 1
0 30 42 40 11 11 11 2
0 43 34 41 12 12 12 2
0 42 41 40 21 16 16 1
0 42 43 41 21 21 16 1
0 30 44 42 11 11 11 2
0 45 34 43 12 12 12 2
0 45 43 42 9 21 21 1
0 44 45 42 9 9 21 1
0 30 46 44 11 11 11 2
0 47 34 45 12 12 12 2
0 46 45 44 22 9 9 1
0 46 47 45 22 22 9 1
0 30 32 46 11 11 11 2
0 35 34 47 12 12 12 2
0 35 47 46 14 22 22 1
0 32 35 46 14 14 22 1
0 48 6 11 0 9 10 1
0 10 48 11 9 0 10 1
0 49 50 51 12 12 12 1
0 52 49 51 12 12 12 1
"1_Blz_Windows" 0 2
64
0 8.603292 12.416667 1.142858 0.000000 0.000000 -1
0 4.687500 12.416667 1.142858 0.000000 0.000000 -1
0 4.687500 1.583333 1.142858 0.000000 0.000000 -1
0 8.603292 1.583333 1.142858 0.000000 0.000000 -1
0 13.354167 12.416667 1.142858 0.000000 0.000000 -1
0 9.188374 12.416667 1.142858 0.000000 0.000000 -1
0 9.188374 1.583333 1.142858 0.000000 0.000000 -1
0 13.354167 1.583333 1.142858 0.000000 0.000000 -1
0 6.674850 23.544579 1.142858 0.000000 0.000000 -1
0 0.688153 23.544579 1.142858 0.000000 0.000000 -1
0 0.688153 16.455418 1.142858 0.000000 0.000000 -1
0 6.674850 16.455418 1.142858 0.000000 0.000000 -1
0 13.938274 23.544579 1.142858 0.000000 0.000000 -1
0 7.569356 23.544579 1.142858 0.000000 0.000000 -1
0 7.569356 16.455418 1.142858 0.000000 0.000000 -1
0 13.938274 16.455418 1.142858 0.000000 0.000000 -1
0 6.674850 33.977905 1.142858 0.000000 0.000000 -1
0 0.688153 33.977905 1.142858 0.000000 0.000000 -1
0 0.688153 26.888752 1.142858 0.000000 0.000000 -1
0 6.674850 26.888752 1.142858 0.000000 0.000000 -1
0 13.938274 33.977905 1.142858 0.000000 0.000000 -1
0 7.569356 33.977905 1.142858 0.000000 0.000000 -1
0 7.569356 26.888752 1.142858 0.000000 0.000000 -1
0 13.938274 26.888752 1.142858 0.000000 0.000000 -1
0 -16.203375 32.877911 -8.127194 0.000000 0.000000 -1
0 -16.203375 32.877911 -13.323692 0.000000 0.000000 -1
0 -16.203375 25.788752 -13.323692 0.000000 0.000000 -1
0 -16.203375 25.788752 -8.127194 0.000000 0.000000 -1
0 -16.203375 32.877911 -1.822486 0.000000 0.000000 -1
0 -16.203375 32.877911 -7.350756 0.000000 0.000000 -1
0 -16.203375 25.788752 -7.350756 0.000000 0.000000 -1
0 -16.203375 25.788752 -1.822486 0.000000 0.000000 -1
0 -16.203375 23.583038 -8.127194 0.000000 0.000000 -1
0 -16.203375 23.583038 -13.323692 0.000000 0.000000 -1
0 -16.203375 16.493877 -13.323692 0.000000 0.000000 -1
0 -16.203375 16.493877 -8.127194 0.000000 0.000000 -1
0 -16.203375 23.583038 -1.822486 0.000000 0.000000 -1
0 -16.203375 23.583038 -7.350756 0.000000 0.000000 -1
0 -16.203375 16.493877 -7.350756 0.000000 0.000000 -1
0 -16.203375 16.493877 -1.822486 0.000000 0.000000 -1
0 -7.031444 25.243305 3.498833 0.000000 0.000000 -1
0 -10.346769 25.243305 3.498833 0.000000 0.000000 -1
0 -7.031444 16.794439 3.498833 0.000000 0.000000 -1
0 -10.346769 16.794439 3.498833 0.000000 0.000000 -1
0 -3.008387 25.243305 1.919404 0.000000 0.000000 -1
0 -6.013091 25.243305 3.292913 0.000000 0.000000 -1
0 -3.008387 16.794439 1.919404 0.000000 0.000000 -1
0 -6.013091 16.794439 3.292913 0.000000 0.000000 -1
0 -11.329369 25.235374 3.298778 0.000000 0.000000 -1
0 -14.334072 25.235374 1.925269 0.000000 0.000000 -1
0 -11.329369 16.786528 3.298778 0.000000 0.000000 -1
0 -14.334072 16.786528 1.925269 0.000000 0.000000 -1
0 -7.031444 35.643265 3.498833 0.000000 0.000000 -1
0 -10.346769 35.643265 3.498833 0.000000 0.000000 -1
0 -7.031444 27.194441 3.498833 0.000000 0.000000 -1
0 -10.346769 27.194441 3.498833 0.000000 0.000000 -1
0 -3.008387 35.643265 1.919404 0.000000 0.000000 -1
0 -6.013091 35.643265 3.292913 0.000000 0.000000 -1
0 -3.008387 27.194441 1.919404 0.000000 0.000000 -1
0 -6.013091 27.194441 3.292913 0.000000 0.000000 -1
0 -11.329369 35.635338 3.298778 0.000000 0.000000 -1
0 -14.334072 35.635338 1.925269 0.000000 0.000000 -1
0 -11.329369 27.186529 3.298778 0.000000 0.000000 -1
0 -14.334072 27.186529 1.925269 0.000000 0.000000 -1
4
0.000000 0.000000 1.000000
-1.000000 0.000000 0.000000
0.415742 0.000000 0.909482
-0.415742 0.000000 0.909482
32
0 0 1 2 0 0 0 1
0 3 0 2 0 0 0 1
0 4 5 6 0 0 0 1
0 7 4 6 0 0 0 1
0 8 9 10 0 0 0 1
0 11 8 10 0 0 0 1
0 12 13 14 0 0 0 1
0 15 12 14 0 0 0 1
0 16 17 18 0 0 0 1
0 19 16 18 0 0 0 1
0 20 21 22 0 0 0 1
0 23 20 22 0 0 0 1
0 24 25 26 1 1 1 1
0 27 24 26 1 1 1 1
0 28 29 30 1 1 1 1
0 31 28 30 1 1 1 1
0 32 33 34 1 1 1 1
0 35 32 34 1 1 1 1
0 36 37 38 1 1 1 1
0 39 36 38 1 1 1 1
0 40 41 42 0 0 0 1
0 41 43 42 0 0 0 1
0 44 45 46 2 2 2 1
0 45 47 46 2 2 2 1
0 48 49 50 3 3 3 1
0 49 51 50 3 3 3 1
0 52 53 54 0 0 0 1
0 53 55 54 0 0 0 1
0 56 57 58 2 2 2 1
0 57 59 58 2 2 2 1
0 60 61 62 3 3 3 1
0 61 63 62 3 3 3 1
"1_Blz_Frame" 0 1
220
0 9.188354 12.416687 1.535715 0.000000 0.000000 -1
0 8.603271 12.416687 1.535715 0.000000 0.000000 -1
0 9.188354 1.583313 1.535715 0.000000 0.000000 -1
0 8.603271 1.583313 1.535715 0.000000 0.000000 -1
0 13.354187 12.416687 1.535715 0.000000 0.000000 -1
0 14.000000 13.000000 1.535715 0.000000 0.000000 -1
0 4.000000 13.000000 1.535715 0.000000 0.000000 -1
0 4.687500 12.416687 1.535715 0.000000 0.000000 -1
0 14.000000 1.000000 1.535715 0.000000 0.000000 -1
0 13.354187 1.583313 1.535715 0.000000 0.000000 -1
0 4.000000 1.000000 1.535715 0.000000 0.000000 -1
0 4.687500 1.583313 1.535715 0.000000 0.000000 -1
0 9.188374 1.583333 1.142858 0.000000 0.000000 -1
0 9.188374 12.416667 1.142858 0.000000 0.000000 -1
0 8.603292 12.416667 1.142858 0.000000 0.000000 -1
0 8.603292 1.583333 1.142858 0.000000 0.000000 -1
0 13.354167 12.416667 1.142858 0.000000 0.000000 -1
0 14.000000 13.000000 0.535715 0.000000 0.000000 -1
0 4.000000 13.000000 0.535715 0.000000 0.000000 -1
0 4.687500 12.416667 1.142858 0.000000 0.000000 -1
0 14.000000 1.000000 0.535715 0.000000 0.000000 -1
0 13.354167 1.583333 1.142858 0.000000 0.000000 -1
0 4.000000 1.000000 0.535715 0.000000 0.000000 -1
0 4.687500 1.583333 1.142858 0.000000 0.000000 -1
0 7.569328 23.544592 1.535715 0.000000 0.000000 -1
0 6.674816 23.544592 1.535715 0.000000 0.000000 -1
0 7.569328 16.455402 1.535715 0.000000 0.000000 -1
0 6.674816 16.455402 1.535715 0.000000 0.000000 -1
0 13.938297 23.544592 1.535715 0.000000 0.000000 -1
0 14.925655 23.926317 1.535715 0.000000 0.000000 -1
0 -0.362941 23.926317 1.535715 0.000000 0.000000 -1
0 0.688153 23.544592 1.535715 0.000000 0.000000 -1
0 14.925655 16.073683 1.535715 0.000000 0.000000 -1
0 13.938297 16.455402 1.535715 0.000000 0.000000 -1
0 -0.362941 16.073683 1.535715 0.000000 0.000000 -1
0 0.688153 16.455402 1.535715 0.000000 0.000000 -1
0 7.569356 16.455418 1.142858 0.000000 0.000000 -1
0 7.569356 23.544579 1.142858 0.000000 0.000000 -1
0 6.674850 23.544579 1.142858 0.000000 0.000000 -1
0 6.674850 16.455418 1.142858 0.000000 0.000000 -1
0 13.938274 23.544579 1.142858 0.000000 0.000000 -1
0 14.925655 23.926317 0.535715 0.000000 0.000000 -1
0 -0.362941 23.926317 0.535715 0.000000 0.000000 -1
0 0.688153 23.544579 1.142858 0.000000 0.000000 -1
0 14.925655 16.073683 0.535715 0.000000 0.000000 -1
0 13.938274 16.455418 1.142858 0.000000 0.000000 -1
0 -0.362941 16.073683 0.535715 0.000000 0.000000 -1
0 0.688153 16.455418 1.142858 0.000000 0.000000 -1
0 7.569328 33.977921 1.535715 0.000000 0.000000 -1
0 6.674816 33.977921 1.535715 0.000000 0.000000 -1
0 7.569328 26.888737 1.535715 0.000000 0.000000 -1
0 6.674816 26.888737 1.535715 0.000000 0.000000 -1
0 13.938297 33.977921 1.535715 0.000000 0.000000 -1
0 14.925655 34.359650 1.535715 0.000000 0.000000 -1
0 -0.362941 34.359650 1.535715 0.000000 0.000000 -1
0 0.688153 33.977921 1.535715 0.000000 0.000000 -1
0 14.925655 26.507017 1.535715 0.000000 0.000000 -1
0 13.938297 26.888737 1.535715 0.000000 0.000000 -1
0 -0.362941 26.507017 1.535715 0.000000 0.000000 -1
0 0.688153 26.888737 1.535715 0.000000 0.000000 -1
0 7.569356 26.888752 1.142858 0.000000 0.000000 -1
0 7.569356 33.977905 1.142858 0.000000 0.000000 -1
0 6.674850 33.977905 1.142858 0.000000 0.000000 -1
0 6.674850 26.888752 1.142858 0.000000 0.000000 -1
0 13.938274 33.977905 1.142858 0.000000 0.000000 -1
0 14.925655 34.359650 0.535715 0.000000 0.000000 -1
0 -0.362941 34.359650 0.535715 0.000000 0.000000 -1
0 0.688153 33.977905 1.142858 0.000000 0.000000 -1
0 14.925655 26.507017 0.535715 0.000000 0.000000 -1
0 13.938274 26.888752 1.142858 0.000000 0.000000 -1
0 -0.362941 26.507017 0.535715 0.000000 0.000000 -1
0 0.688153 26.888752 1.142858 0.000000 0.000000 -1
0 -16.596231 32.877926 -7.350780 0.000000 0.000000 -1
0 -16.596231 32.877926 -8.127224 0.000000 0.000000 -1
0 -16.596231 25.788736 -7.350780 0.000000 0.000000 -1
0 -16.596231 25.788736 -8.127224 0.000000 0.000000 -1
0 -16.596231 32.877926 -1.822468 0.000000 0.000000 -1
0 -16.596231 33.259655 -0.965434 0.000000 0.000000 -1
0 -16.596231 33.259655 -14.236048 0.000000 0.000000 -1
0 -16.596231 32.877926 -13.323692 0.000000 0.000000 -1
0 -16.596231 25.407017 -0.965434 0.000000 0.000000 -1
0 -16.596231 25.788736 -1.822468 0.000000 0.000000 -1
0 -16.596231 25.407017 -14.236048 0.000000 0.000000 -1
0 -16.596231 25.788736 -13.323692 0.000000 0.000000 -1
0 -16.203375 25.788752 -7.350756 0.000000 0.000000 -1
0 -16.203375 32.877911 -7.350756 0.000000 0.000000 -1
0 -16.203375 32.877911 -8.127194 0.000000 0.000000 -1
0 -16.203375 25.788752 -8.127194 0.000000 0.000000 -1
0 -16.203375 32.877911 -1.822486 0.000000 0.000000 -1
0 -15.596231 33.259655 -0.965434 0.000000 0.000000 -1
0 -15.596231 33.259655 -14.236048 0.000000 0.000000 -1
0 -16.203375 32.877911 -13.323692 0.000000 0.000000 -1
0 -15.596231 25.407017 -0.965434 0.000000 0.000000 -1
0 -16.203375 25.788752 -1.822486 0.000000 0.000000 -1
0 -15.596231 25.407017 -14.236048 0.000000 0.000000 -1
0 -16.203375 25.788752 -13.323692 0.000000 0.000000 -1
0 -16.596231 23.583054 -7.350780 0.000000 0.000000 -1
0 -16.596231 23.583054 -8.127224 0.000000 0.000000 -1
0 -16.596231 16.493862 -7.350780 0.000000 0.000000 -1
0 -16.596231 16.493862 -8.127224 0.000000 0.000000 -1
0 -16.596231 23.583054 -1.822468 0.000000 0.000000 -1
0 -16.596231 23.964781 -0.965434 0.000000 0.000000 -1
0 -16.596231 23.964781 -14.236048 0.000000 0.000000 -1
0 -16.596231 23.583054 -13.323692 0.000000 0.000000 -1
0 -16.596231 16.112143 -0.965434 0.000000 0.000000 -1
0 -16.596231 16.493862 -1.822468 0.000000 0.000000 -1
0 -16.596231 16.112143 -14.236048 0.000000 0.000000 -1
0 -16.596231 16.493862 -13.323692 0.000000 0.000000 -1
0 -16.203375 16.493877 -7.350756 0.000000 0.000000 -1
0 -16.203375 23.583038 -7.350756 0.000000 0.000000 -1
0 -16.203375 23.583038 -8.127194 0.000000 0.000000 -1
0 -16.203375 16.493877 -8.127194 0.000000 0.000000 -1
0 -16.203375 23.583038 -1.822486 0.000000 0.000000 -1
0 -15.596231 23.964781 -0.965434 0.000000 0.000000 -1
0 -15.596231 23.964781 -14.236048 0.000000 0.000000 -1
0 -16.203375 23.583038 -13.323692 0.000000 0.000000 -1
0 -15.596231 16.112143 -0.965434 0.000000 0.000000 -1
0 -16.203375 16.493877 -1.822486 0.000000 0.000000 -1
0 -15.596231 16.112143 -14.236048 0.000000 0.000000 -1
0 -16.203375 16.493877 -13.323692 0.000000 0.000000 -1
0 -10.729307 16.199459 3.909089 0.000000 0.000000 -1
0 -10.346769 25.243305 3.909089 0.000000 0.000000 -1
0 -10.729307 25.719307 3.909089 0.000000 0.000000 -1
0 -10.346769 16.794439 3.909089 0.000000 0.000000 -1
0 -7.031444 16.794439 3.909089 0.000000 0.000000 -1
0 -6.648906 16.199459 3.909089 0.000000 0.000000 -1
0 -6.648906 25.719307 3.909089 0.000000 0.000000 -1
0 -7.031444 25.243305 3.909089 0.000000 0.000000 -1
0 -10.729307 25.719307 2.909090 0.000000 0.000000 -1
0 -10.729307 16.199459 2.909090 0.000000 0.000000 -1
0 -10.346769 16.794439 3.498833 0.000000 0.000000 -1
0 -10.346769 25.243305 3.498833 0.000000 0.000000 -1
0 -7.031444 16.794439 3.498833 0.000000 0.000000 -1
0 -6.648906 16.199459 2.909090 0.000000 0.000000 -1
0 -7.031444 25.243305 3.498833 0.000000 0.000000 -1
0 -6.648906 25.719307 2.909090 0.000000 0.000000 -1
0 -5.836225 25.243305 3.664731 0.000000 0.000000 -1
0 -5.836225 16.794439 3.664731 0.000000 0.000000 -1
0 -2.831520 16.794439 2.291223 0.000000 0.000000 -1
0 -2.484823 16.199459 2.132740 0.000000 0.000000 -1
0 -2.484823 25.719307 2.132740 0.000000 0.000000 -1
0 -2.831520 25.243305 2.291223 0.000000 0.000000 -1
0 -6.013091 16.794439 3.292913 0.000000 0.000000 -1
0 -6.013091 25.243305 3.292913 0.000000 0.000000 -1
0 -3.008387 16.794439 1.919404 0.000000 0.000000 -1
0 -2.915936 16.199459 1.226433 0.000000 0.000000 -1
0 -3.008387 25.243305 1.919404 0.000000 0.000000 -1
0 -2.915936 25.719307 1.226433 0.000000 0.000000 -1
0 -14.857635 16.191521 2.138606 0.000000 0.000000 -1
0 -14.510939 25.235374 2.297088 0.000000 0.000000 -1
0 -14.857635 25.711369 2.138606 0.000000 0.000000 -1
0 -14.510939 16.786528 2.297088 0.000000 0.000000 -1
0 -11.506235 16.786528 3.670596 0.000000 0.000000 -1
0 -11.506235 25.235374 3.670596 0.000000 0.000000 -1
0 -14.426523 25.711369 1.232298 0.000000 0.000000 -1
0 -14.426523 16.191521 1.232298 0.000000 0.000000 -1
0 -14.334072 16.786528 1.925269 0.000000 0.000000 -1
0 -14.334072 25.235374 1.925269 0.000000 0.000000 -1
0 -11.329369 16.786528 3.298778 0.000000 0.000000 -1
0 -11.329369 25.235374 3.298778 0.000000 0.000000 -1
0 -10.729307 26.599461 3.909089 0.000000 0.000000 -1
0 -10.346769 35.643265 3.909089 0.000000 0.000000 -1
0 -10.729307 36.119270 3.909089 0.000000 0.000000 -1
0 -10.346769 27.194441 3.909089 0.000000 0.000000 -1
0 -7.031444 27.194441 3.909089 0.000000 0.000000 -1
0 -6.648906 26.599461 3.909089 0.000000 0.000000 -1
0 -6.648906 36.119270 3.909089 0.000000 0.000000 -1
0 -7.031444 35.643265 3.909089 0.000000 0.000000 -1
0 -10.729307 36.119270 2.909090 0.000000 0.000000 -1
0 -10.729307 26.599461 2.909090 0.000000 0.000000 -1
0 -10.346769 27.194441 3.498833 0.000000 0.000000 -1
0 -10.346769 35.643265 3.498833 0.000000 0.000000 -1
0 -7.031444 27.194441 3.498833 0.000000 0.000000 -1
0 -6.648906 26.599461 2.909090 0.000000 0.000000 -1
0 -7.031444 35.643265 3.498833 0.000000 0.000000 -1
0 -6.648906 36.119270 2.909090 0.000000 0.000000 -1
0 -5.836225 35.643265 3.664731 0.000000 0.000000 -1
0 -5.836225 27.194441 3.664731 0.000000 0.000000 -1
0 -2.831520 27.194441 2.291223 0.000000 0.000000 -1
0 -2.484823 26.599461 2.132740 0.000000 0.000000 -1
0 -2.484823 36.119270 2.132740 0.000000 0.000000 -1
0 -2.831520 35.643265 2.291223 0.000000 0.000000 -1
0 -6.013091 27.194441 3.292913 0.000000 0.000000 -1
0 -6.013091 35.643265 3.292913 0.000000 0.000000 -1
0 -3.008387 27.194441 1.919404 0.000000 0.000000 -1
0 -2.915936 26.599461 1.226433 0.000000 0.000000 -1
0 -3.008387 35.643265 1.919404 0.000000 0.000000 -1
0 -2.915936 36.119270 1.226433 0.000000 0.000000 -1
0 -14.857635 26.591522 2.138606 0.000000 0.000000 -1
0 -14.510939 35.635338 2.297088 0.000000 0.000000 -1
0 -14.857635 36.111328 2.138606 0.000000 0.000000 -1
0 -14.510939 27.186529 2.297088 0.000000 0.000000 -1
0 -11.506235 27.186529 3.670596 0.000000 0.000000 -1
0 -11.506235 35.635338 3.670596 0.000000 0.000000 -1
0 -14.426523 36.111328 1.232298 0.000000 0.000000 -1
0 -14.426523 26.591522 1.232298 0.000000 0.000000 -1
0 -14.334072 27.186529 1.925269 0.000000 0.000000 -1
0 -14.334072 35.635338 1.925269 0.000000 0.000000 -1
0 -11.329369 27.186529 3.298778 0.000000 0.000000 -1
0 -11.329369 35.635338 3.298778 0.000000 0.000000 -1
0 8.691467 15.417603 5.545471 0.000000 0.000000 -1
0 2.715881 12.978577 5.545471 0.000000 0.000000 -1
0 8.715881 14.588318 5.545471 0.000000 0.000000 -1
0 3.715881 13.002930 5.545471 0.000000 0.000000 -1
0 14.179260 13.002930 5.545471 0.000000 0.000000 -1
0 15.276855 13.027344 5.545471 0.000000 0.000000 -1
0 8.691463 15.417582 0.545452 0.000000 0.000000 -1
0 2.715853 12.978558 0.545452 0.000000 0.000000 -1
0 3.715853 13.002948 0.545452 0.000000 0.000000 -1
0 8.715853 14.588314 0.545452 0.000000 0.000000 -1
0 14.179268 13.002948 0.545452 0.000000 0.000000 -1
0 15.276829 13.027338 0.545452 0.000000 0.000000 -1
0 -16.021118 15.718211 1.529412 0.000000 0.000000 -1
0 -16.021118 14.759898 1.529412 0.000000 0.000000 -1
0 1.978882 15.718211 1.529412 0.000000 0.000000 -1
0 1.978882 14.718211 1.529412 0.000000 0.000000 -1
0 -16.021090 15.718208 0.529412 0.000000 0.000000 -1
0 -16.021090 14.759875 0.529412 0.000000 0.000000 -1
0 1.978910 15.718208 0.529412 0.000000 0.000000 -1
0 1.978910 14.718208 0.529412 0.000000 0.000000 -1
173
0.000000 0.000000 1.000000
0.894427 0.447214 0.000068
0.447214 -0.894427 0.000068
0.894427 -0.447214 0.000068
0.447214 0.894427 0.000068
-0.894427 -0.447214 -0.000027
-0.447214 0.894427 0.000021
-0.894427 0.447214 -0.000027
-0.447214 -0.894427 0.000021
-0.894427 -0.447214 0.000068
-0.447214 -0.894427 0.000068
0.447214 0.894427 0.000000
-0.894427 0.447214 0.000000
-0.447214 0.894427 0.000000
0.894427 0.447214 0.000000
0.447214 -0.894427 0.000046
0.894427 -0.447214 0.000023
0.894427 -0.447214 0.000000
0.447214 -0.894427 0.000000
-0.447214 0.894427 0.000068
-0.894427 0.447214 0.000068
-0.447214 -0.894427 0.000000
-0.894427 -0.447214 0.000000
0.894427 0.447214 0.000023
0.447214 0.894427 0.000046
0.894427 0.447214 0.000081
0.447214 -0.894427 0.000062
0.894427 -0.447214 0.000079
0.447214 0.894427 0.000067
-0.894427 -0.447214 -0.000062
-0.447214 0.894427 -0.000004
-0.894427 0.447214 -0.000060
-0.447214 -0.894427 -0.000008
-0.894427 -0.447214 0.000067
-0.447214 -0.894427 0.000056
0.447214 -0.894427 0.000030
0.894427 -0.447214 0.000015
-0.447214 0.894427 0.000061
-0.894427 0.447214 0.000069
0.894427 0.447214 0.000017
0.447214 0.894427 0.000035
0.447214 -0.894427 0.000067
0.894427 -0.447214 0.000081
-0.894427 -0.447214 -0.000060
-0.447214 -0.894427 -0.000004
-0.894427 -0.447214 0.000069
-0.447214 -0.894427 0.000061
0.447214 -0.894427 0.000035
0.894427 -0.447214 0.000017
-1.000000 0.000000 0.000000
-0.000072 0.447214 0.894427
-0.000062 -0.894427 0.447214
-0.000072 -0.447214 0.894427
-0.000062 0.894427 0.447214
0.000050 -0.447214 -0.894427
-0.000001 0.894427 -0.447214
0.000050 0.447214 -0.894427
-0.000001 -0.894427 -0.447214
-0.000058 -0.447214 -0.894427
-0.000055 -0.894427 -0.447214
0.000000 0.894427 0.447214
0.000000 0.447214 -0.894427
0.000000 0.894427 -0.447214
0.000000 0.447214 0.894427
-0.000035 -0.894427 0.447214
-0.000017 -0.447214 0.894427
0.000000 -0.447214 0.894427
0.000000 -0.894427 0.447214
-0.000055 0.894427 -0.447214
-0.000058 0.447214 -0.894427
0.000000 -0.894427 -0.447214
0.000000 -0.447214 -0.894427
-0.000017 0.447214 0.894427
-0.000035 0.894427 0.447214
0.000050 -0.447214 -0.894427
-0.000001 0.894427 -0.447214
0.000050 0.447214 -0.894427
-0.000058 0.447214 -0.894427
-0.115652 -0.024769 0.992981
-0.165265 0.030087 0.985790
0.233496 -0.035140 0.971723
0.184778 0.043713 0.981808
-0.317293 0.948327 -0.000240
0.315617 0.948887 0.000000
-0.315178 -0.949033 0.000266
0.316775 -0.948501 0.000000
-0.316228 -0.948683 0.000000
0.316228 -0.948683 0.000000
0.316228 0.948683 0.000000
-0.316228 0.948683 0.000000
0.329372 0.079343 0.940861
0.350446 -0.096047 0.931645
0.409347 -0.051956 0.910898
0.404081 -0.008183 0.914687
0.407977 0.006818 0.912967
0.406400 0.086005 0.909638
0.807703 0.447214 -0.384208
0.403852 0.894427 -0.192104
0.807703 -0.447214 -0.384208
0.403852 -0.894427 -0.192104
-0.403851 0.894427 0.192104
-0.807703 0.447214 0.384208
0.403851 -0.894427 -0.192104
0.807703 -0.447214 -0.384209
-0.807703 -0.447214 0.384208
-0.403851 -0.894427 0.192104
0.807703 0.447214 -0.384209
0.403851 0.894427 -0.192104
-0.410073 -0.036652 0.911316
-0.415743 0.000000 0.909482
-0.408020 0.059386 0.911040
-0.415743 -0.000000 0.909482
-0.349414 -0.036716 0.936249
-0.367686 0.059480 0.928046
-0.807846 0.446897 -0.384275
-0.405226 0.893763 -0.192301
-0.807546 -0.447563 -0.384132
-0.402499 -0.895087 -0.191870
0.807703 0.447214 0.384208
0.403852 0.894427 0.192104
0.807703 -0.447214 0.384208
0.403852 -0.894427 0.192104
-0.403851 0.894427 -0.192104
-0.807703 0.447214 -0.384209
-0.807703 -0.447214 -0.384209
-0.403851 -0.894427 -0.192104
-0.115652 -0.024769 0.992981
-0.165265 0.030087 0.985790
0.184778 0.043713 0.981808
-0.317294 0.948327 -0.000240
0.315616 0.948887 0.000000
0.329372 0.079343 0.940861
0.350446 -0.096047 0.931645
0.407977 0.006818 0.912967
0.406400 0.086004 0.909639
-0.403851 0.894427 0.192104
-0.807703 0.447214 0.384208
0.403851 -0.894427 -0.192104
-0.807703 -0.447214 0.384208
-0.403851 -0.894427 0.192104
0.403851 0.894427 -0.192104
-0.415743 0.000000 0.909482
-0.408020 0.059386 0.911040
-0.349414 -0.036716 0.936249
-0.367686 0.059480 0.928046
-0.807846 0.446897 -0.384275
-0.405226 0.893763 -0.192301
-0.807546 -0.447563 -0.384132
-0.402499 -0.895087 -0.191870
0.807703 0.447214 0.384208
0.403852 0.894427 0.192104
0.807703 -0.447214 0.384208
0.403852 -0.894427 0.192104
-0.146905 0.989151 -0.000003
0.107880 0.994164 -0.000004
-0.651373 0.758758 -0.000001
-0.293145 -0.956068 -0.000001
0.118037 -0.993009 -0.000002
0.211486 -0.977381 -0.000003
0.112920 -0.993604 -0.000001
-0.088422 -0.996083 -0.000001
-0.180238 -0.983623 -0.000002
-0.078889 -0.996883 -0.000002
0.342027 -0.939690 -0.000005
0.624919 0.780690 -0.000005
-0.894427 0.447214 -0.000027
-0.447214 0.894427 -0.000015
-0.894634 -0.446799 -0.000015
-0.448869 -0.893598 -0.000001
0.447214 0.894427 0.000010
0.894427 0.447214 0.000024
0.894220 -0.447627 0.000026
0.445556 -0.895254 0.000024
360
0 0 1 2 0 0 0 1
0 1 3 2 0 0 0 1
0 0 4 5 0 0 0 1
0 5 6 0 0 0 0 1
0 1 0 6 0 0 0 1
0 6 7 1 0 0 0 1
0 4 8 5 0 0 0 1
0 4 9 8 0 0 0 1
0 8 9 2 0 0 0 1
0 2 3 8 0 0 0 1
0 10 8 3 0 0 0 1
0 3 11 10 0 0 0 1
0 6 11 7 0 0 0 1
0 6 10 11 0 0 0 1
0 12 13 0 1 2 3 2
0 2 12 0 4 1 3 2
0 14 15 3 5 6 7 2
0 1 14 3 8 5 7 2
0 13 16 4 2 9 10 2
0 0 13 4 3 2 10 2
0 17 18 6 11 12 13 2
0 5 17 6 14 11 13 2
0 19 14 1 15 5 8 2
0 7 19 1 16 15 8 2
0 20 17 5 17 11 14 2
0 8 20 5 18 17 14 2
0 16 21 9 9 19 20 2
0 4 16 9 10 9 20 2
0 21 12 2 19 1 4 2
0 9 21 2 20 19 4 2
0 22 20 8 21 17 18 2
0 10 22 8 22 21 18 2
0 15 23 11 6 23 24 2
0 3 15 11 7 6 24 2
0 23 19 7 23 15 16 2
0 11 23 7 24 23 16 2
0 18 22 10 12 21 22 2
0 6 18 10 13 12 22 2
0 24 25 26 0 0 0 1
0 25 27 26 0 0 0 1
0 24 28 29 0 0 0 1
0 29 30 24 0 0 0 1
0 25 24 30 0 0 0 1
0 30 31 25 0 0 0 1
0 28 32 29 0 0 0 1
0 28 33 32 0 0 0 1
0 32 33 26 0 0 0 1
0 26 27 32 0 0 0 1
0 34 32 27 0 0 0 1
0 27 35 34 0 0 0 1
0 30 35 31 0 0 0 1
0 30 34 35 0 0 0 1
0 36 37 24 25 26 27 2
0 26 36 24 28 25 27 2
0 38 39 27 29 30 31 2
0 25 38 27 32 29 31 2
0 37 40 28 26 33 34 2
0 24 37 28 27 26 34 2
0 41 42 30 11 12 13 2
0 29 41 30 14 11 13 2
0 43 38 25 35 29 32 2
0 31 43 25 36 35 32 2
0 44 41 29 17 11 14 2
0 32 44 29 18 17 14 2
0 40 45 33 33 37 38 2
0 28 40 33 34 33 38 2
0 45 36 26 37 25 28 2
0 33 45 26 38 37 28 2
0 46 44 32 21 17 18 2
0 34 46 32 22 21 18 2
0 39 47 35 30 39 40 2
0 27 39 35 31 30 40 2
0 47 43 31 39 35 36 2
0 35 47 31 40 39 36 2
0 42 46 34 12 21 22 2
0 30 42 34 13 12 22 2
0 48 49 50 0 0 0 1
0 49 51 50 0 0 0 1
0 48 52 53 0 0 0 1
0 53 54 48 0 0 0 1
0 49 48 54 0 0 0 1
0 54 55 49 0 0 0 1
0 52 56 53 0 0 0 1
0 52 57 56 0 0 0 1
0 56 57 50 0 0 0 1
0 50 51 56 0 0 0 1
0 58 56 51 0 0 0 1
0 51 59 58 0 0 0 1
0 54 59 55 0 0 0 1
0 54 58 59 0 0 0 1
0 60 61 48 25 41 42 2
0 50 60 48 28 25 42 2
0 62 63 51 43 30 31 2
0 49 62 51 44 43 31 2
0 61 64 52 41 45 46 2
0 48 61 52 42 41 46 2
0 65 66 54 11 12 13 2
0 53 65 54 14 11 13 2
0 67 62 49 47 43 44 2
0 55 67 49 48 47 44 2
0 68 65 53 17 11 14 2
0 56 68 53 18 17 14 2
0 64 69 57 45 37 38 2
0 52 64 57 46 45 38 2
0 69 60 50 37 25 28 2
0 57 69 50 38 37 28 2
0 70 68 56 21 17 18 2
0 58 70 56 22 21 18 2
0 63 71 59 30 39 40 2
0 51 63 59 31 30 40 2
0 71 67 55 39 47 48 2
0 59 71 55 40 39 48 2
0 66 70 58 12 21 22 2
0 54 66 58 13 12 22 2
0 72 73 74 49 49 49 1
0 73 75 74 49 49 49 1
0 72 76 77 49 49 49 1
0 77 78 72 49 49 49 1
0 73 72 78 49 49 49 1
0 78 79 73 49 49 49 1
0 76 80 77 49 49 49 1
0 76 81 80 49 49 49 1
0 80 81 74 49 49 49 1
0 74 75 80 49 49 49 1
0 82 80 75 49 49 49 1
0 75 83 82 49 49 49 1
0 78 83 79 49 49 49 1
0 78 82 83 49 49 49 1
0 84 85 72 50 51 52 2
0 74 84 72 53 50 52 2
0 86 87 75 54 55 56 2
0 73 86 75 57 54 56 2
0 85 88 76 51 58 59 2
0 72 85 76 52 51 59 2
0 89 90 78 60 61 62 2
0 77 89 78 63 60 62 2
0 91 86 73 64 54 57 2
0 79 91 73 65 64 57 2
0 92 89 77 66 60 63 2
0 80 92 77 67 66 63 2
0 88 93 81 58 68 69 2
0 76 88 81 59 58 69 2
0 93 84 74 68 50 53 2
0 81 93 74 69 68 53 2
0 94 92 80 70 66 67 2
0 82 94 80 71 70 67 2
0 87 95 83 55 72 73 2
0 75 87 83 56 55 73 2
0 95 91 79 72 64 65 2
0 83 95 79 73 72 65 2
0 90 94 82 61 70 71 2
0 78 90 82 62 61 71 2
0 96 97 98 49 49 49 1
0 97 99 98 49 49 49 1
0 96 100 101 49 49 49 1
0 101 102 96 49 49 49 1
0 97 96 102 49 49 49 1
0 102 103 97 49 49 49 1
0 100 104 101 49 49 49 1
0 100 105 104 49 49 49 1
0 104 105 98 49 49 49 1
0 98 99 104 49 49 49 1
0 106 104 99 49 49 49 1
0 99 107 106 49 49 49 1
0 102 107 103 49 49 49 1
0 102 106 107 49 49 49 1
0 108 109 96 50 51 52 2
0 98 108 96 53 50 52 2
0 110 111 99 74 75 76 2
0 97 110 99 57 74 76 2
0 109 112 100 51 58 59 2
0 96 109 100 52 51 59 2
0 113 114 102 60 61 62 2
0 101 113 102 63 60 62 2
0 115 110 97 64 74 57 2
0 103 115 97 65 64 57 2
0 116 113 101 66 60 63 2
0 104 116 101 67 66 63 2
0 112 117 105 58 68 77 2
0 100 112 105 59 58 77 2
0 117 108 98 68 50 53 2
0 105 117 98 77 68 53 2
0 118 116 104 70 66 67 2
0 106 118 104 71 70 67 2
0 111 119 107 75 72 73 2
0 99 111 107 76 75 73 2
0 119 115 103 72 64 65 2
0 107 119 103 73 72 65 2
0 114 118 106 61 70 71 2
0 102 114 106 62 61 71 2
0 120 121 122 78 0 79 1
0 120 123 121 78 0 0 1
0 123 120 124 0 78 0 1
0 120 125 124 78 80 0 1
0 126 127 124 81 0 0 1
0 124 125 126 0 80 81 1
0 121 127 122 0 0 79 1
0 127 126 122 0 81 79 1
0 122 128 129 82 83 84 2
0 122 129 120 82 84 85 2
0 123 130 131 14 11 17 2
0 123 131 121 14 17 18 2
0 124 132 130 13 12 11 2
0 124 130 123 13 11 14 2
0 120 129 133 85 84 86 2
0 120 133 125 85 86 87 2
0 127 134 132 22 21 12 2
0 127 132 124 22 12 13 2
0 125 133 135 87 86 88 2
0 125 135 126 87 88 89 2
0 121 131 134 18 17 21 2
0 121 134 127 18 21 22 2
0 126 135 128 89 88 83 2
0 126 128 122 89 83 82 2
0 125 136 126 80 90 81 1
0 125 137 136 80 91 90 1
0 137 125 138 91 80 92 1
0 125 139 138 80 93 92 1
0 140 141 138 94 95 92 1
0 138 139 140 92 93 94 1
0 136 141 126 90 95 81 1
0 141 140 126 95 94 81 1
0 126 135 133 89 88 86 2
0 126 133 125 89 86 87 2
0 137 142 143 96 97 98 2
0 137 143 136 96 98 99 2
0 138 144 142 100 101 97 2
0 138 142 137 100 97 96 2
0 125 133 145 87 86 102 2
0 125 145 139 87 102 103 2
0 141 146 144 104 105 101 2
0 141 144 138 104 101 100 2
0 139 145 147 103 102 106 2
0 139 147 140 103 106 107 2
0 136 143 146 99 98 105 2
0 136 146 141 99 105 104 2
0 140 147 135 107 106 88 2
0 140 135 126 107 88 89 2
0 148 149 150 108 109 110 1
0 148 151 149 108 111 109 1
0 151 148 152 111 108 112 1
0 148 120 152 108 78 112 1
0 122 153 152 79 113 112 1
0 152 120 122 112 78 79 1
0 149 153 150 109 113 110 1
0 153 122 150 113 79 110 1
0 150 154 155 114 115 116 2
0 150 155 148 114 116 117 2
0 151 156 157 118 119 120 2
0 151 157 149 118 120 121 2
0 152 158 156 122 123 119 2
0 152 156 151 122 119 118 2
0 148 155 129 117 116 84 2
0 148 129 120 117 84 85 2
0 153 159 158 124 125 123 2
0 153 158 152 124 123 122 2
0 120 129 128 85 84 83 2
0 120 128 122 85 83 82 2
0 149 157 159 121 120 125 2
0 149 159 153 121 125 124 2
0 122 128 154 82 83 115 2
0 122 154 150 82 115 114 2
0 160 161 162 126 0 127 1
0 160 163 161 126 0 0 1
0 163 160 164 0 126 0 1
0 160 165 164 126 80 0 1
0 166 167 164 128 0 0 1
0 164 165 166 0 80 128 1
0 161 167 162 0 0 127 1
0 167 166 162 0 128 127 1
0 162 168 169 129 130 84 2
0 162 169 160 129 84 85 2
0 163 170 171 14 11 17 2
0 163 171 161 14 17 18 2
0 164 172 170 13 12 11 2
0 164 170 163 13 11 14 2
0 160 169 173 85 84 86 2
0 160 173 165 85 86 87 2
0 167 174 172 22 21 12 2
0 167 172 164 22 12 13 2
0 165 173 175 87 86 88 2
0 165 175 166 87 88 89 2
0 161 171 174 18 17 21 2
0 161 174 167 18 21 22 2
0 166 175 168 89 88 130 2
0 166 168 162 89 130 129 2
0 165 176 166 80 131 128 1
0 165 177 176 80 132 131 1
0 177 165 178 132 80 92 1
0 165 179 178 80 93 92 1
0 180 181 178 133 134 92 1
0 178 179 180 92 93 133 1
0 176 181 166 131 134 128 1
0 181 180 166 134 133 128 1
0 166 175 173 89 88 86 2
0 166 173 165 89 86 87 2
0 177 182 183 96 97 98 2
0 177 183 176 96 98 99 2
0 178 184 182 135 136 97 2
0 178 182 177 135 97 96 2
0 165 173 185 87 86 137 2
0 165 185 179 87 137 103 2
0 181 186 184 138 139 136 2
0 181 184 178 138 136 135 2
0 179 185 187 103 137 106 2
0 179 187 180 103 106 140 2
0 176 183 186 99 98 139 2
0 176 186 181 99 139 138 2
0 180 187 175 140 106 88 2
0 180 175 166 140 88 89 2
0 188 189 190 108 141 142 1
0 188 191 189 108 111 141 1
0 191 188 192 111 108 143 1
0 188 160 192 108 126 143 1
0 162 193 192 127 144 143 1
0 192 160 162 143 126 127 1
0 189 193 190 141 144 142 1
0 193 162 190 144 127 142 1
0 190 194 195 145 146 147 2
0 190 195 188 145 147 148 2
0 191 196 197 149 150 151 2
0 191 197 189 149 151 152 2
0 192 198 196 122 123 150 2
0 192 196 191 122 150 149 2
0 188 195 169 148 147 84 2
0 188 169 160 148 84 85 2
0 193 199 198 124 125 123 2
0 193 198 192 124 123 122 2
0 160 169 168 85 84 130 2
0 160 168 162 85 130 129 2
0 189 197 199 152 151 125 2
0 189 199 193 152 125 124 2
0 162 168 194 129 130 146 2
0 162 194 190 129 146 145 2
0 200 201 202 0 0 0 1
0 201 203 202 0 0 0 1
0 202 204 200 0 0 0 1
0 200 204 205 0 0 0 1
0 200 206 207 153 154 155 2
0 200 207 201 153 155 156 2
0 201 207 208 156 155 157 2
0 201 208 203 156 157 158 2
0 203 208 209 158 157 159 2
0 203 209 202 158 159 160 2
0 202 209 210 160 159 161 2
0 202 210 204 160 161 162 2
0 204 210 211 162 161 163 2
0 204 211 205 162 163 164 2
0 205 211 206 164 163 154 2
0 205 206 200 164 154 153 2
0 212 213 214 0 0 0 1
0 215 214 213 0 0 0 1
0 212 216 217 165 166 167 2
0 212 217 213 165 167 168 2
0 214 218 216 169 170 166 2
0 214 216 212 169 166 165 2
0 215 219 218 171 172 170 2
0 215 218 214 171 170 169 2
0 213 217 219 168 167 172 2
0 213 219 215 168 172 171 2

Materials: 3
"Blz"
0.200000 0.200000 0.200000 1.000000
0.800000 0.800000 0.800000 1.000000
0.000000 0.000000 0.000000 1.000000
0.000000 0.000000 0.000000 1.000000
0.000000
1.000000
"..\Image\brick01.tga"
""
"Blz_Other"
0.200000 0.200000 0.200000 1.000000
0.800000 0.800000 0.800000 1.000000
0.000000 0.000000 0.000000 1.000000
0.000000 0.000000 0.000000 1.000000
0.000000
1.000000
"..\Image\Blz_Round_Gate_Windows.tga"
""
"Windows"
0.200000 0.200000 0.200000 1.000000
0.800000 0.800000 0.800000 1.000000
0.000000 0.000000 0.000000 1.000000
0.000000 0.000000 0.000000 1.000000
0.000000
1.000000
"..\Image\window.tga"
""

Bones: 0
GroupComments: 0
MaterialComments: 0
BoneComments: 0
ModelComment: 0
