// MilkShape 3D ASCII

Frames: 30
Frame: 1

Meshes: 3
"1_Blz" 0 0
8
0 -16.000000 38.000000 1.000000 0.000000 3.000000 -1
0 16.000000 38.000000 -16.000000 3.000000 3.000000 -1
0 -16.000000 38.000000 -16.000000 0.000000 3.000000 -1
0 16.000000 38.000000 1.000000 3.000000 3.000000 -1
32 16.000000 0.000000 -16.000000 3.000000 0.000000 -1
32 -16.000000 0.000000 -16.000000 0.000000 0.000000 -1
32 -16.000000 0.000000 1.000000 0.000000 0.000000 -1
32 16.000000 0.000000 1.000000 3.000000 0.000000 -1
9
0.000000 1.000000 0.000000
0.447214 0.000000 -0.894427
0.894427 0.000000 -0.447214
-0.447214 0.000000 -0.894427
-0.894427 0.000000 -0.447214
-0.894427 0.000000 0.447214
-0.447214 0.000000 0.894427
0.447214 0.000000 0.894427
0.894427 0.000000 0.447214
10
0 0 1 2 0 0 0 1
0 0 3 1 0 0 0 1
0 1 4 5 1 2 3 2
0 1 5 2 1 3 4 2
0 2 5 6 4 3 5 2
0 2 6 0 4 5 6 2
0 0 6 7 6 5 7 2
0 0 7 3 6 7 8 2
0 3 7 4 8 7 2 2
0 3 4 1 8 2 1 2
"1_Blz_Windows" 0 2
56
0 8.603292 12.416667 1.142858 0.000000 0.000000 -1
0 4.687500 12.416667 1.142858 0.000000 0.000000 -1
0 4.687500 1.583333 1.142858 0.000000 0.000000 -1
0 8.603292 1.583333 1.142858 0.000000 0.000000 -1
0 13.354167 12.416667 1.142858 0.000000 0.000000 -1
0 9.188374 12.416667 1.142858 0.000000 0.000000 -1
0 9.188374 1.583333 1.142858 0.000000 0.000000 -1
0 13.354167 1.583333 1.142858 0.000000 0.000000 -1
0 6.674850 23.544579 1.142858 0.000000 0.000000 -1
0 0.688153 23.544579 1.142858 0.000000 0.000000 -1
0 0.688153 16.455418 1.142858 0.000000 0.000000 -1
0 6.674850 16.455418 1.142858 0.000000 0.000000 -1
0 13.938274 23.544579 1.142858 0.000000 0.000000 -1
0 7.569356 23.544579 1.142858 0.000000 0.000000 -1
0 7.569356 16.455418 1.142858 0.000000 0.000000 -1
0 13.938274 16.455418 1.142858 0.000000 0.000000 -1
0 6.674850 33.977905 1.142858 0.000000 0.000000 -1
0 0.688153 33.977905 1.142858 0.000000 0.000000 -1
0 0.688153 26.888752 1.142858 0.000000 0.000000 -1
0 6.674850 26.888752 1.142858 0.000000 0.000000 -1
0 13.938274 33.977905 1.142858 0.000000 0.000000 -1
0 7.569356 33.977905 1.142858 0.000000 0.000000 -1
0 7.569356 26.888752 1.142858 0.000000 0.000000 -1
0 13.938274 26.888752 1.142858 0.000000 0.000000 -1
0 -7.031444 25.243305 3.498833 0.000000 0.000000 -1
0 -10.346769 25.243305 3.498833 0.000000 0.000000 -1
0 -7.031444 16.794439 3.498833 0.000000 0.000000 -1
0 -10.346769 16.794439 3.498833 0.000000 0.000000 -1
0 -3.008387 25.243305 1.919404 0.000000 0.000000 -1
0 -6.013091 25.243305 3.292913 0.000000 0.000000 -1
0 -3.008387 16.794439 1.919404 0.000000 0.000000 -1
0 -6.013091 16.794439 3.292913 0.000000 0.000000 -1
0 -11.329369 25.235374 3.298778 0.000000 0.000000 -1
0 -14.334072 25.235374 1.925269 0.000000 0.000000 -1
0 -11.329369 16.786528 3.298778 0.000000 0.000000 -1
0 -14.334072 16.786528 1.925269 0.000000 0.000000 -1
0 -7.031444 35.643265 3.498833 0.000000 0.000000 -1
0 -10.346769 35.643265 3.498833 0.000000 0.000000 -1
0 -7.031444 27.194441 3.498833 0.000000 0.000000 -1
0 -10.346769 27.194441 3.498833 0.000000 0.000000 -1
0 -3.008387 35.643265 1.919404 0.000000 0.000000 -1
0 -6.013091 35.643265 3.292913 0.000000 0.000000 -1
0 -3.008387 27.194441 1.919404 0.000000 0.000000 -1
0 -6.013091 27.194441 3.292913 0.000000 0.000000 -1
0 -11.329369 35.635338 3.298778 0.000000 0.000000 -1
0 -14.334072 35.635338 1.925269 0.000000 0.000000 -1
0 -11.329369 27.186529 3.298778 0.000000 0.000000 -1
0 -14.334072 27.186529 1.925269 0.000000 0.000000 -1
0 -8.325150 12.544579 1.142858 0.000000 0.000000 -1
0 -14.311847 12.544579 1.142858 0.000000 0.000000 -1
0 -14.311847 5.455418 1.142858 0.000000 0.000000 -1
0 -8.325150 5.455418 1.142858 0.000000 0.000000 -1
0 -1.061726 12.544579 1.142858 0.000000 0.000000 -1
0 -7.430643 12.544579 1.142858 0.000000 0.000000 -1
0 -7.430643 5.455418 1.142858 0.000000 0.000000 -1
0 -1.061726 5.455418 1.142858 0.000000 0.000000 -1
3
0.000000 0.000000 1.000000
0.415742 0.000000 0.909482
-0.415742 0.000000 0.909482
28
0 0 1 2 0 0 0 1
0 3 0 2 0 0 0 1
0 4 5 6 0 0 0 1
0 7 4 6 0 0 0 1
0 8 9 10 0 0 0 1
0 11 8 10 0 0 0 1
0 12 13 14 0 0 0 1
0 15 12 14 0 0 0 1
0 16 17 18 0 0 0 1
0 19 16 18 0 0 0 1
0 20 21 22 0 0 0 1
0 23 20 22 0 0 0 1
0 24 25 26 0 0 0 1
0 25 27 26 0 0 0 1
0 28 29 30 1 1 1 1
0 29 31 30 1 1 1 1
0 32 33 34 2 2 2 1
0 33 35 34 2 2 2 1
0 36 37 38 0 0 0 1
0 37 39 38 0 0 0 1
0 40 41 42 1 1 1 1
0 41 43 42 1 1 1 1
0 44 45 46 2 2 2 1
0 45 47 46 2 2 2 1
0 48 49 50 0 0 0 1
0 51 48 50 0 0 0 1
0 52 53 54 0 0 0 1
0 55 52 54 0 0 0 1
"1_Blz_Frame" 0 1
196
0 9.188354 12.416687 1.535715 0.000000 0.000000 -1
0 8.603271 12.416687 1.535715 0.000000 0.000000 -1
0 9.188354 1.583313 1.535715 0.000000 0.000000 -1
0 8.603271 1.583313 1.535715 0.000000 0.000000 -1
0 13.354187 12.416687 1.535715 0.000000 0.000000 -1
0 14.000000 13.000000 1.535715 0.000000 0.000000 -1
0 4.000000 13.000000 1.535715 0.000000 0.000000 -1
0 4.687500 12.416687 1.535715 0.000000 0.000000 -1
0 14.000000 1.000000 1.535715 0.000000 0.000000 -1
0 13.354187 1.583313 1.535715 0.000000 0.000000 -1
0 4.000000 1.000000 1.535715 0.000000 0.000000 -1
0 4.687500 1.583313 1.535715 0.000000 0.000000 -1
0 9.188374 1.583333 1.142858 0.000000 0.000000 -1
0 9.188374 12.416667 1.142858 0.000000 0.000000 -1
0 8.603292 12.416667 1.142858 0.000000 0.000000 -1
0 8.603292 1.583333 1.142858 0.000000 0.000000 -1
0 13.354167 12.416667 1.142858 0.000000 0.000000 -1
0 14.000000 13.000000 0.535715 0.000000 0.000000 -1
0 4.000000 13.000000 0.535715 0.000000 0.000000 -1
0 4.687500 12.416667 1.142858 0.000000 0.000000 -1
0 14.000000 1.000000 0.535715 0.000000 0.000000 -1
0 13.354167 1.583333 1.142858 0.000000 0.000000 -1
0 4.000000 1.000000 0.535715 0.000000 0.000000 -1
0 4.687500 1.583333 1.142858 0.000000 0.000000 -1
0 7.569328 23.544592 1.535715 0.000000 0.000000 -1
0 6.674816 23.544592 1.535715 0.000000 0.000000 -1
0 7.569328 16.455402 1.535715 0.000000 0.000000 -1
0 6.674816 16.455402 1.535715 0.000000 0.000000 -1
0 13.938297 23.544592 1.535715 0.000000 0.000000 -1
0 14.925655 23.926317 1.535715 0.000000 0.000000 -1
0 -0.362941 23.926317 1.535715 0.000000 0.000000 -1
0 0.688153 23.544592 1.535715 0.000000 0.000000 -1
0 14.925655 16.073683 1.535715 0.000000 0.000000 -1
0 13.938297 16.455402 1.535715 0.000000 0.000000 -1
0 -0.362941 16.073683 1.535715 0.000000 0.000000 -1
0 0.688153 16.455402 1.535715 0.000000 0.000000 -1
0 7.569356 16.455418 1.142858 0.000000 0.000000 -1
0 7.569356 23.544579 1.142858 0.000000 0.000000 -1
0 6.674850 23.544579 1.142858 0.000000 0.000000 -1
0 6.674850 16.455418 1.142858 0.000000 0.000000 -1
0 13.938274 23.544579 1.142858 0.000000 0.000000 -1
0 14.925655 23.926317 0.535715 0.000000 0.000000 -1
0 -0.362941 23.926317 0.535715 0.000000 0.000000 -1
0 0.688153 23.544579 1.142858 0.000000 0.000000 -1
0 14.925655 16.073683 0.535715 0.000000 0.000000 -1
0 13.938274 16.455418 1.142858 0.000000 0.000000 -1
0 -0.362941 16.073683 0.535715 0.000000 0.000000 -1
0 0.688153 16.455418 1.142858 0.000000 0.000000 -1
0 7.569328 33.977921 1.535715 0.000000 0.000000 -1
0 6.674816 33.977921 1.535715 0.000000 0.000000 -1
0 7.569328 26.888737 1.535715 0.000000 0.000000 -1
0 6.674816 26.888737 1.535715 0.000000 0.000000 -1
0 13.938297 33.977921 1.535715 0.000000 0.000000 -1
0 14.925655 34.359650 1.535715 0.000000 0.000000 -1
0 -0.362941 34.359650 1.535715 0.000000 0.000000 -1
0 0.688153 33.977921 1.535715 0.000000 0.000000 -1
0 14.925655 26.507017 1.535715 0.000000 0.000000 -1
0 13.938297 26.888737 1.535715 0.000000 0.000000 -1
0 -0.362941 26.507017 1.535715 0.000000 0.000000 -1
0 0.688153 26.888737 1.535715 0.000000 0.000000 -1
0 7.569356 26.888752 1.142858 0.000000 0.000000 -1
0 7.569356 33.977905 1.142858 0.000000 0.000000 -1
0 6.674850 33.977905 1.142858 0.000000 0.000000 -1
0 6.674850 26.888752 1.142858 0.000000 0.000000 -1
0 13.938274 33.977905 1.142858 0.000000 0.000000 -1
0 14.925655 34.359650 0.535715 0.000000 0.000000 -1
0 -0.362941 34.359650 0.535715 0.000000 0.000000 -1
0 0.688153 33.977905 1.142858 0.000000 0.000000 -1
0 14.925655 26.507017 0.535715 0.000000 0.000000 -1
0 13.938274 26.888752 1.142858 0.000000 0.000000 -1
0 -0.362941 26.507017 0.535715 0.000000 0.000000 -1
0 0.688153 26.888752 1.142858 0.000000 0.000000 -1
0 -10.729307 16.199459 3.909089 0.000000 0.000000 -1
0 -10.346769 25.243305 3.909089 0.000000 0.000000 -1
0 -10.729307 25.719307 3.909089 0.000000 0.000000 -1
0 -10.346769 16.794439 3.909089 0.000000 0.000000 -1
0 -7.031444 16.794439 3.909089 0.000000 0.000000 -1
0 -6.648906 16.199459 3.909089 0.000000 0.000000 -1
0 -6.648906 25.719307 3.909089 0.000000 0.000000 -1
0 -7.031444 25.243305 3.909089 0.000000 0.000000 -1
0 -10.729307 25.719307 2.909090 0.000000 0.000000 -1
0 -10.729307 16.199459 2.909090 0.000000 0.000000 -1
0 -10.346769 16.794439 3.498833 0.000000 0.000000 -1
0 -10.346769 25.243305 3.498833 0.000000 0.000000 -1
0 -7.031444 16.794439 3.498833 0.000000 0.000000 -1
0 -6.648906 16.199459 2.909090 0.000000 0.000000 -1
0 -7.031444 25.243305 3.498833 0.000000 0.000000 -1
0 -6.648906 25.719307 2.909090 0.000000 0.000000 -1
0 -5.836225 25.243305 3.664731 0.000000 0.000000 -1
0 -5.836225 16.794439 3.664731 0.000000 0.000000 -1
0 -2.831520 16.794439 2.291223 0.000000 0.000000 -1
0 -2.484823 16.199459 2.132740 0.000000 0.000000 -1
0 -2.484823 25.719307 2.132740 0.000000 0.000000 -1
0 -2.831520 25.243305 2.291223 0.000000 0.000000 -1
0 -6.013091 16.794439 3.292913 0.000000 0.000000 -1
0 -6.013091 25.243305 3.292913 0.000000 0.000000 -1
0 -3.008387 16.794439 1.919404 0.000000 0.000000 -1
0 -2.915936 16.199459 1.226433 0.000000 0.000000 -1
0 -3.008387 25.243305 1.919404 0.000000 0.000000 -1
0 -2.915936 25.719307 1.226433 0.000000 0.000000 -1
0 -14.857635 16.191521 2.138606 0.000000 0.000000 -1
0 -14.510939 25.235374 2.297088 0.000000 0.000000 -1
0 -14.857635 25.711369 2.138606 0.000000 0.000000 -1
0 -14.510939 16.786528 2.297088 0.000000 0.000000 -1
0 -11.506235 16.786528 3.670596 0.000000 0.000000 -1
0 -11.506235 25.235374 3.670596 0.000000 0.000000 -1
0 -14.426523 25.711369 1.232298 0.000000 0.000000 -1
0 -14.426523 16.191521 1.232298 0.000000 0.000000 -1
0 -14.334072 16.786528 1.925269 0.000000 0.000000 -1
0 -14.334072 25.235374 1.925269 0.000000 0.000000 -1
0 -11.329369 16.786528 3.298778 0.000000 0.000000 -1
0 -11.329369 25.235374 3.298778 0.000000 0.000000 -1
0 -10.729307 26.599461 3.909089 0.000000 0.000000 -1
0 -10.346769 35.643265 3.909089 0.000000 0.000000 -1
0 -10.729307 36.119270 3.909089 0.000000 0.000000 -1
0 -10.346769 27.194441 3.909089 0.000000 0.000000 -1
0 -7.031444 27.194441 3.909089 0.000000 0.000000 -1
0 -6.648906 26.599461 3.909089 0.000000 0.000000 -1
0 -6.648906 36.119270 3.909089 0.000000 0.000000 -1
0 -7.031444 35.643265 3.909089 0.000000 0.000000 -1
0 -10.729307 36.119270 2.909090 0.000000 0.000000 -1
0 -10.729307 26.599461 2.909090 0.000000 0.000000 -1
0 -10.346769 27.194441 3.498833 0.000000 0.000000 -1
0 -10.346769 35.643265 3.498833 0.000000 0.000000 -1
0 -7.031444 27.194441 3.498833 0.000000 0.000000 -1
0 -6.648906 26.599461 2.909090 0.000000 0.000000 -1
0 -7.031444 35.643265 3.498833 0.000000 0.000000 -1
0 -6.648906 36.119270 2.909090 0.000000 0.000000 -1
0 -5.836225 35.643265 3.664731 0.000000 0.000000 -1
0 -5.836225 27.194441 3.664731 0.000000 0.000000 -1
0 -2.831520 27.194441 2.291223 0.000000 0.000000 -1
0 -2.484823 26.599461 2.132740 0.000000 0.000000 -1
0 -2.484823 36.119270 2.132740 0.000000 0.000000 -1
0 -2.831520 35.643265 2.291223 0.000000 0.000000 -1
0 -6.013091 27.194441 3.292913 0.000000 0.000000 -1
0 -6.013091 35.643265 3.292913 0.000000 0.000000 -1
0 -3.008387 27.194441 1.919404 0.000000 0.000000 -1
0 -2.915936 26.599461 1.226433 0.000000 0.000000 -1
0 -3.008387 35.643265 1.919404 0.000000 0.000000 -1
0 -2.915936 36.119270 1.226433 0.000000 0.000000 -1
0 -14.857635 26.591522 2.138606 0.000000 0.000000 -1
0 -14.510939 35.635338 2.297088 0.000000 0.000000 -1
0 -14.857635 36.111328 2.138606 0.000000 0.000000 -1
0 -14.510939 27.186529 2.297088 0.000000 0.000000 -1
0 -11.506235 27.186529 3.670596 0.000000 0.000000 -1
0 -11.506235 35.635338 3.670596 0.000000 0.000000 -1
0 -14.426523 36.111328 1.232298 0.000000 0.000000 -1
0 -14.426523 26.591522 1.232298 0.000000 0.000000 -1
0 -14.334072 27.186529 1.925269 0.000000 0.000000 -1
0 -14.334072 35.635338 1.925269 0.000000 0.000000 -1
0 -11.329369 27.186529 3.298778 0.000000 0.000000 -1
0 -11.329369 35.635338 3.298778 0.000000 0.000000 -1
0 8.691467 15.417603 5.545471 0.000000 0.000000 -1
0 2.715881 12.978577 5.545471 0.000000 0.000000 -1
0 8.715881 14.588318 5.545471 0.000000 0.000000 -1
0 3.715881 13.002930 5.545471 0.000000 0.000000 -1
0 14.179260 13.002930 5.545471 0.000000 0.000000 -1
0 15.276855 13.027344 5.545471 0.000000 0.000000 -1
0 8.691463 15.417582 0.545452 0.000000 0.000000 -1
0 2.715853 12.978558 0.545452 0.000000 0.000000 -1
0 3.715853 13.002948 0.545452 0.000000 0.000000 -1
0 8.715853 14.588314 0.545452 0.000000 0.000000 -1
0 14.179268 13.002948 0.545452 0.000000 0.000000 -1
0 15.276829 13.027338 0.545452 0.000000 0.000000 -1
0 -16.021118 15.718211 1.529412 0.000000 0.000000 -1
0 -16.021118 14.759898 1.529412 0.000000 0.000000 -1
0 1.978882 15.718211 1.529412 0.000000 0.000000 -1
0 1.978882 14.718211 1.529412 0.000000 0.000000 -1
0 -16.021090 15.718208 0.529412 0.000000 0.000000 -1
0 -16.021090 14.759875 0.529412 0.000000 0.000000 -1
0 1.978910 15.718208 0.529412 0.000000 0.000000 -1
0 1.978910 14.718208 0.529412 0.000000 0.000000 -1
0 -7.430672 12.544592 1.535715 0.000000 0.000000 -1
0 -8.325184 12.544592 1.535715 0.000000 0.000000 -1
0 -7.430672 5.455402 1.535715 0.000000 0.000000 -1
0 -8.325184 5.455402 1.535715 0.000000 0.000000 -1
0 -1.061703 12.544592 1.535715 0.000000 0.000000 -1
0 -0.074345 12.926317 1.535715 0.000000 0.000000 -1
0 -15.362942 12.926317 1.535715 0.000000 0.000000 -1
0 -14.311847 12.544592 1.535715 0.000000 0.000000 -1
0 -0.074345 5.073683 1.535715 0.000000 0.000000 -1
0 -1.061703 5.455402 1.535715 0.000000 0.000000 -1
0 -15.362942 5.073683 1.535715 0.000000 0.000000 -1
0 -14.311847 5.455402 1.535715 0.000000 0.000000 -1
0 -7.430643 5.455418 1.142858 0.000000 0.000000 -1
0 -7.430643 12.544579 1.142858 0.000000 0.000000 -1
0 -8.325150 12.544579 1.142858 0.000000 0.000000 -1
0 -8.325150 5.455418 1.142858 0.000000 0.000000 -1
0 -1.061726 12.544579 1.142858 0.000000 0.000000 -1
0 -0.074345 12.926317 0.535715 0.000000 0.000000 -1
0 -15.362942 12.926317 0.535715 0.000000 0.000000 -1
0 -14.311847 12.544579 1.142858 0.000000 0.000000 -1
0 -0.074345 5.073683 0.535715 0.000000 0.000000 -1
0 -1.061726 5.455418 1.142858 0.000000 0.000000 -1
0 -15.362942 5.073683 0.535715 0.000000 0.000000 -1
0 -14.311847 5.455418 1.142858 0.000000 0.000000 -1
157
0.000000 0.000000 1.000000
0.894427 0.447214 0.000068
0.447214 -0.894427 0.000068
0.894427 -0.447214 0.000068
0.447214 0.894427 0.000068
-0.894427 -0.447214 -0.000027
-0.447214 0.894427 0.000021
-0.894427 0.447214 -0.000027
-0.447214 -0.894427 0.000021
-0.894427 -0.447214 0.000068
-0.447214 -0.894427 0.000068
0.447214 0.894427 0.000000
-0.894427 0.447214 0.000000
-0.447214 0.894427 0.000000
0.894427 0.447214 0.000000
0.447214 -0.894427 0.000046
0.894427 -0.447214 0.000023
0.894427 -0.447214 0.000000
0.447214 -0.894427 0.000000
-0.447214 0.894427 0.000068
-0.894427 0.447214 0.000068
-0.447214 -0.894427 0.000000
-0.894427 -0.447214 0.000000
0.894427 0.447214 0.000023
0.447214 0.894427 0.000046
0.894427 0.447214 0.000081
0.447214 -0.894427 0.000062
0.894427 -0.447214 0.000079
0.447214 0.894427 0.000067
-0.894427 -0.447214 -0.000062
-0.447214 0.894427 -0.000004
-0.894427 0.447214 -0.000060
-0.447214 -0.894427 -0.000008
-0.894427 -0.447214 0.000067
-0.447214 -0.894427 0.000056
0.447214 -0.894427 0.000030
0.894427 -0.447214 0.000015
-0.447214 0.894427 0.000061
-0.894427 0.447214 0.000069
0.894427 0.447214 0.000017
0.447214 0.894427 0.000035
0.447214 -0.894427 0.000067
0.894427 -0.447214 0.000081
-0.894427 -0.447214 -0.000060
-0.447214 -0.894427 -0.000004
-0.894427 -0.447214 0.000069
-0.447214 -0.894427 0.000061
0.447214 -0.894427 0.000035
0.894427 -0.447214 0.000017
-0.115652 -0.024769 0.992981
-0.165265 0.030087 0.985790
0.233496 -0.035140 0.971723
0.184778 0.043713 0.981808
-0.317293 0.948327 -0.000240
0.315617 0.948887 0.000000
-0.315178 -0.949033 0.000266
0.316775 -0.948501 0.000000
-0.316228 -0.948683 0.000000
0.316228 -0.948683 0.000000
0.316228 0.948683 0.000000
-0.316228 0.948683 0.000000
0.329372 0.079343 0.940861
0.350446 -0.096047 0.931645
0.409347 -0.051956 0.910898
0.404081 -0.008183 0.914687
0.407977 0.006818 0.912967
0.406400 0.086005 0.909638
0.807703 0.447214 -0.384208
0.403852 0.894427 -0.192104
0.807703 -0.447214 -0.384208
0.403852 -0.894427 -0.192104
-0.403851 0.894427 0.192104
-0.807703 0.447214 0.384208
0.403851 -0.894427 -0.192104
0.807703 -0.447214 -0.384209
-0.807703 -0.447214 0.384208
-0.403851 -0.894427 0.192104
0.807703 0.447214 -0.384209
0.403851 0.894427 -0.192104
-0.410073 -0.036652 0.911316
-0.415743 0.000000 0.909482
-0.408020 0.059386 0.911040
-0.415743 -0.000000 0.909482
-0.349414 -0.036716 0.936249
-0.367686 0.059480 0.928046
-0.807846 0.446897 -0.384275
-0.405226 0.893763 -0.192301
-0.807546 -0.447563 -0.384132
-0.402499 -0.895087 -0.191870
0.807703 0.447214 0.384208
0.403852 0.894427 0.192104
0.807703 -0.447214 0.384208
0.403852 -0.894427 0.192104
-0.403851 0.894427 -0.192104
-0.807703 0.447214 -0.384209
-0.807703 -0.447214 -0.384209
-0.403851 -0.894427 -0.192104
-0.115652 -0.024769 0.992981
-0.165265 0.030087 0.985790
0.184778 0.043713 0.981808
-0.317294 0.948327 -0.000240
0.315616 0.948887 0.000000
0.329372 0.079343 0.940861
0.350446 -0.096047 0.931645
0.407977 0.006818 0.912967
0.406400 0.086004 0.909639
-0.403851 0.894427 0.192104
-0.807703 0.447214 0.384208
0.403851 -0.894427 -0.192104
-0.807703 -0.447214 0.384208
-0.403851 -0.894427 0.192104
0.403851 0.894427 -0.192104
-0.415743 0.000000 0.909482
-0.408020 0.059386 0.911040
-0.349414 -0.036716 0.936249
-0.367686 0.059480 0.928046
-0.807846 0.446897 -0.384275
-0.405226 0.893763 -0.192301
-0.807546 -0.447563 -0.384132
-0.402499 -0.895087 -0.191870
0.807703 0.447214 0.384208
0.403852 0.894427 0.192104
0.807703 -0.447214 0.384208
0.403852 -0.894427 0.192104
-0.146905 0.989151 -0.000003
0.107880 0.994164 -0.000004
-0.651373 0.758758 -0.000001
-0.293145 -0.956068 -0.000001
0.118037 -0.993009 -0.000002
0.211486 -0.977381 -0.000003
0.112920 -0.993604 -0.000001
-0.088422 -0.996083 -0.000001
-0.180238 -0.983623 -0.000002
-0.078889 -0.996883 -0.000002
0.342027 -0.939690 -0.000005
0.624919 0.780690 -0.000005
-0.894427 0.447214 -0.000027
-0.447214 0.894427 -0.000015
-0.894634 -0.446799 -0.000015
-0.448869 -0.893598 -0.000001
0.447214 0.894427 0.000010
0.894427 0.447214 0.000024
0.894220 -0.447627 0.000026
0.445556 -0.895254 0.000024
0.894427 0.447214 0.000085
0.447214 -0.894427 0.000064
0.447214 0.894427 0.000070
-0.894427 -0.447214 -0.000063
-0.447214 0.894427 -0.000002
-0.894427 0.447214 -0.000060
-0.447214 -0.894427 -0.000009
-0.894427 -0.447214 0.000068
-0.447214 -0.894427 0.000057
-0.447214 0.894427 0.000063
-0.894427 0.447214 0.000071
0.894427 0.447214 0.000018
0.447214 0.894427 0.000037
322
0 0 1 2 0 0 0 1
0 1 3 2 0 0 0 1
0 0 4 5 0 0 0 1
0 5 6 0 0 0 0 1
0 1 0 6 0 0 0 1
0 6 7 1 0 0 0 1
0 4 8 5 0 0 0 1
0 4 9 8 0 0 0 1
0 8 9 2 0 0 0 1
0 2 3 8 0 0 0 1
0 10 8 3 0 0 0 1
0 3 11 10 0 0 0 1
0 6 11 7 0 0 0 1
0 6 10 11 0 0 0 1
0 12 13 0 1 2 3 2
0 2 12 0 4 1 3 2
0 14 15 3 5 6 7 2
0 1 14 3 8 5 7 2
0 13 16 4 2 9 10 2
0 0 13 4 3 2 10 2
0 17 18 6 11 12 13 2
0 5 17 6 14 11 13 2
0 19 14 1 15 5 8 2
0 7 19 1 16 15 8 2
0 20 17 5 17 11 14 2
0 8 20 5 18 17 14 2
0 16 21 9 9 19 20 2
0 4 16 9 10 9 20 2
0 21 12 2 19 1 4 2
0 9 21 2 20 19 4 2
0 22 20 8 21 17 18 2
0 10 22 8 22 21 18 2
0 15 23 11 6 23 24 2
0 3 15 11 7 6 24 2
0 23 19 7 23 15 16 2
0 11 23 7 24 23 16 2
0 18 22 10 12 21 22 2
0 6 18 10 13 12 22 2
0 24 25 26 0 0 0 1
0 25 27 26 0 0 0 1
0 24 28 29 0 0 0 1
0 29 30 24 0 0 0 1
0 25 24 30 0 0 0 1
0 30 31 25 0 0 0 1
0 28 32 29 0 0 0 1
0 28 33 32 0 0 0 1
0 32 33 26 0 0 0 1
0 26 27 32 0 0 0 1
0 34 32 27 0 0 0 1
0 27 35 34 0 0 0 1
0 30 35 31 0 0 0 1
0 30 34 35 0 0 0 1
0 36 37 24 25 26 27 2
0 26 36 24 28 25 27 2
0 38 39 27 29 30 31 2
0 25 38 27 32 29 31 2
0 37 40 28 26 33 34 2
0 24 37 28 27 26 34 2
0 41 42 30 11 12 13 2
0 29 41 30 14 11 13 2
0 43 38 25 35 29 32 2
0 31 43 25 36 35 32 2
0 44 41 29 17 11 14 2
0 32 44 29 18 17 14 2
0 40 45 33 33 37 38 2
0 28 40 33 34 33 38 2
0 45 36 26 37 25 28 2
0 33 45 26 38 37 28 2
0 46 44 32 21 17 18 2
0 34 46 32 22 21 18 2
0 39 47 35 30 39 40 2
0 27 39 35 31 30 40 2
0 47 43 31 39 35 36 2
0 35 47 31 40 39 36 2
0 42 46 34 12 21 22 2
0 30 42 34 13 12 22 2
0 48 49 50 0 0 0 1
0 49 51 50 0 0 0 1
0 48 52 53 0 0 0 1
0 53 54 48 0 0 0 1
0 49 48 54 0 0 0 1
0 54 55 49 0 0 0 1
0 52 56 53 0 0 0 1
0 52 57 56 0 0 0 1
0 56 57 50 0 0 0 1
0 50 51 56 0 0 0 1
0 58 56 51 0 0 0 1
0 51 59 58 0 0 0 1
0 54 59 55 0 0 0 1
0 54 58 59 0 0 0 1
0 60 61 48 25 41 42 2
0 50 60 48 28 25 42 2
0 62 63 51 43 30 31 2
0 49 62 51 44 43 31 2
0 61 64 52 41 45 46 2
0 48 61 52 42 41 46 2
0 65 66 54 11 12 13 2
0 53 65 54 14 11 13 2
0 67 62 49 47 43 44 2
0 55 67 49 48 47 44 2
0 68 65 53 17 11 14 2
0 56 68 53 18 17 14 2
0 64 69 57 45 37 38 2
0 52 64 57 46 45 38 2
0 69 60 50 37 25 28 2
0 57 69 50 38 37 28 2
0 70 68 56 21 17 18 2
0 58 70 56 22 21 18 2
0 63 71 59 30 39 40 2
0 51 63 59 31 30 40 2
0 71 67 55 39 47 48 2
0 59 71 55 40 39 48 2
0 66 70 58 12 21 22 2
0 54 66 58 13 12 22 2
0 72 73 74 49 0 50 1
0 72 75 73 49 0 0 1
0 75 72 76 0 49 0 1
0 72 77 76 49 51 0 1
0 78 79 76 52 0 0 1
0 76 77 78 0 51 52 1
0 73 79 74 0 0 50 1
0 79 78 74 0 52 50 1
0 74 80 81 53 54 55 2
0 74 81 72 53 55 56 2
0 75 82 83 14 11 17 2
0 75 83 73 14 17 18 2
0 76 84 82 13 12 11 2
0 76 82 75 13 11 14 2
0 72 81 85 56 55 57 2
0 72 85 77 56 57 58 2
0 79 86 84 22 21 12 2
0 79 84 76 22 12 13 2
0 77 85 87 58 57 59 2
0 77 87 78 58 59 60 2
0 73 83 86 18 17 21 2
0 73 86 79 18 21 22 2
0 78 87 80 60 59 54 2
0 78 80 74 60 54 53 2
0 77 88 78 51 61 52 1
0 77 89 88 51 62 61 1
0 89 77 90 62 51 63 1
0 77 91 90 51 64 63 1
0 92 93 90 65 66 63 1
0 90 91 92 63 64 65 1
0 88 93 78 61 66 52 1
0 93 92 78 66 65 52 1
0 78 87 85 60 59 57 2
0 78 85 77 60 57 58 2
0 89 94 95 67 68 69 2
0 89 95 88 67 69 70 2
0 90 96 94 71 72 68 2
0 90 94 89 71 68 67 2
0 77 85 97 58 57 73 2
0 77 97 91 58 73 74 2
0 93 98 96 75 76 72 2
0 93 96 90 75 72 71 2
0 91 97 99 74 73 77 2
0 91 99 92 74 77 78 2
0 88 95 98 70 69 76 2
0 88 98 93 70 76 75 2
0 92 99 87 78 77 59 2
0 92 87 78 78 59 60 2
0 100 101 102 79 80 81 1
0 100 103 101 79 82 80 1
0 103 100 104 82 79 83 1
0 100 72 104 79 49 83 1
0 74 105 104 50 84 83 1
0 104 72 74 83 49 50 1
0 101 105 102 80 84 81 1
0 105 74 102 84 50 81 1
0 102 106 107 85 86 87 2
0 102 107 100 85 87 88 2
0 103 108 109 89 90 91 2
0 103 109 101 89 91 92 2
0 104 110 108 93 94 90 2
0 104 108 103 93 90 89 2
0 100 107 81 88 87 55 2
0 100 81 72 88 55 56 2
0 105 111 110 95 96 94 2
0 105 110 104 95 94 93 2
0 72 81 80 56 55 54 2
0 72 80 74 56 54 53 2
0 101 109 111 92 91 96 2
0 101 111 105 92 96 95 2
0 74 80 106 53 54 86 2
0 74 106 102 53 86 85 2
0 112 113 114 97 0 98 1
0 112 115 113 97 0 0 1
0 115 112 116 0 97 0 1
0 112 117 116 97 51 0 1
0 118 119 116 99 0 0 1
0 116 117 118 0 51 99 1
0 113 119 114 0 0 98 1
0 119 118 114 0 99 98 1
0 114 120 121 100 101 55 2
0 114 121 112 100 55 56 2
0 115 122 123 14 11 17 2
0 115 123 113 14 17 18 2
0 116 124 122 13 12 11 2
0 116 122 115 13 11 14 2
0 112 121 125 56 55 57 2
0 112 125 117 56 57 58 2
0 119 126 124 22 21 12 2
0 119 124 116 22 12 13 2
0 117 125 127 58 57 59 2
0 117 127 118 58 59 60 2
0 113 123 126 18 17 21 2
0 113 126 119 18 21 22 2
0 118 127 120 60 59 101 2
0 118 120 114 60 101 100 2
0 117 128 118 51 102 99 1
0 117 129 128 51 103 102 1
0 129 117 130 103 51 63 1
0 117 131 130 51 64 63 1
0 132 133 130 104 105 63 1
0 130 131 132 63 64 104 1
0 128 133 118 102 105 99 1
0 133 132 118 105 104 99 1
0 118 127 125 60 59 57 2
0 118 125 117 60 57 58 2
0 129 134 135 67 68 69 2
0 129 135 128 67 69 70 2
0 130 136 134 106 107 68 2
0 130 134 129 106 68 67 2
0 117 125 137 58 57 108 2
0 117 137 131 58 108 74 2
0 133 138 136 109 110 107 2
0 133 136 130 109 107 106 2
0 131 137 139 74 108 77 2
0 131 139 132 74 77 111 2
0 128 135 138 70 69 110 2
0 128 138 133 70 110 109 2
0 132 139 127 111 77 59 2
0 132 127 118 111 59 60 2
0 140 141 142 79 112 113 1
0 140 143 141 79 82 112 1
0 143 140 144 82 79 114 1
0 140 112 144 79 97 114 1
0 114 145 144 98 115 114 1
0 144 112 114 114 97 98 1
0 141 145 142 112 115 113 1
0 145 114 142 115 98 113 1
0 142 146 147 116 117 118 2
0 142 147 140 116 118 119 2
0 143 148 149 120 121 122 2
0 143 149 141 120 122 123 2
0 144 150 148 93 94 121 2
0 144 148 143 93 121 120 2
0 140 147 121 119 118 55 2
0 140 121 112 119 55 56 2
0 145 151 150 95 96 94 2
0 145 150 144 95 94 93 2
0 112 121 120 56 55 101 2
0 112 120 114 56 101 100 2
0 141 149 151 123 122 96 2
0 141 151 145 123 96 95 2
0 114 120 146 100 101 117 2
0 114 146 142 100 117 116 2
0 152 153 154 0 0 0 1
0 153 155 154 0 0 0 1
0 154 156 152 0 0 0 1
0 152 156 157 0 0 0 1
0 152 158 159 124 125 126 2
0 152 159 153 124 126 127 2
0 153 159 160 127 126 128 2
0 153 160 155 127 128 129 2
0 155 160 161 129 128 130 2
0 155 161 154 129 130 131 2
0 154 161 162 131 130 132 2
0 154 162 156 131 132 133 2
0 156 162 163 133 132 134 2
0 156 163 157 133 134 135 2
0 157 163 158 135 134 125 2
0 157 158 152 135 125 124 2
0 164 165 166 0 0 0 1
0 167 166 165 0 0 0 1
0 164 168 169 136 137 138 2
0 164 169 165 136 138 139 2
0 166 170 168 140 141 137 2
0 166 168 164 140 137 136 2
0 167 171 170 142 143 141 2
0 167 170 166 142 141 140 2
0 165 169 171 139 138 143 2
0 165 171 167 139 143 142 2
0 172 173 174 0 0 0 1
0 173 175 174 0 0 0 1
0 172 176 177 0 0 0 1
0 177 178 172 0 0 0 1
0 173 172 178 0 0 0 1
0 178 179 173 0 0 0 1
0 176 180 177 0 0 0 1
0 176 181 180 0 0 0 1
0 180 181 174 0 0 0 1
0 174 175 180 0 0 0 1
0 182 180 175 0 0 0 1
0 175 183 182 0 0 0 1
0 178 183 179 0 0 0 1
0 178 182 183 0 0 0 1
0 184 185 172 144 145 42 2
0 174 184 172 146 144 42 2
0 186 187 175 147 148 149 2
0 173 186 175 150 147 149 2
0 185 188 176 145 151 152 2
0 172 185 176 42 145 152 2
0 189 190 178 11 12 13 2
0 177 189 178 14 11 13 2
0 191 186 173 35 147 150 2
0 179 191 173 36 35 150 2
0 192 189 177 17 11 14 2
0 180 192 177 18 17 14 2
0 188 193 181 151 153 154 2
0 176 188 181 152 151 154 2
0 193 184 174 153 144 146 2
0 181 193 174 154 153 146 2
0 194 192 180 21 17 18 2
0 182 194 180 22 21 18 2
0 187 195 183 148 155 156 2
0 175 187 183 149 148 156 2
0 195 191 179 155 35 36 2
0 183 195 179 156 155 36 2
0 190 194 182 12 21 22 2
0 178 190 182 13 12 22 2

Materials: 3
"Blz"
0.200000 0.200000 0.200000 1.000000
0.800000 0.800000 0.800000 1.000000
0.000000 0.000000 0.000000 1.000000
0.000000 0.000000 0.000000 1.000000
0.000000
1.000000
"..\Image\brick01.tga"
""
"Blz_Other"
0.200000 0.200000 0.200000 1.000000
0.800000 0.800000 0.800000 1.000000
0.000000 0.000000 0.000000 1.000000
0.000000 0.000000 0.000000 1.000000
0.000000
1.000000
"..\Image\Blz_Round_Gate_Windows.tga"
""
"Windows"
0.200000 0.200000 0.200000 1.000000
0.800000 0.800000 0.800000 1.000000
0.000000 0.000000 0.000000 1.000000
0.000000 0.000000 0.000000 1.000000
0.000000
1.000000
"..\Image\window.tga"
""

Bones: 0
GroupComments: 0
MaterialComments: 0
BoneComments: 0
ModelComment: 0
