// MilkShape 3D ASCII

Frames: 30
Frame: 1

Meshes: 3
"1_Blz" 0 0
53
0 -16.000000 0.000000 3.000000 0.000000 0.000000 -1
0 -2.000000 0.000000 3.000000 2.187500 0.000000 -1
0 -16.000000 35.000000 3.000000 0.000000 5.000000 -1
0 16.000000 14.000000 3.000000 5.000000 2.000000 -1
0 16.000000 35.000000 3.000000 5.000000 5.000000 -1
0 -2.000000 14.000000 3.000000 2.187500 2.000000 -1
0 -16.000000 0.000000 -16.000000 0.000000 0.000000 -1
0 -2.000000 0.000000 -16.000000 2.187500 0.000000 -1
0 -16.000000 35.000000 -16.000000 0.000000 5.000000 -1
0 16.000000 14.000000 -16.000000 5.000000 2.000000 -1
0 16.000000 35.000000 -16.000000 5.000000 5.000000 -1
0 -2.000000 14.000000 -16.000000 2.187500 2.000000 -1
0 16.000000 0.000000 2.000000 5.000000 0.000000 -1
0 15.707107 0.000000 2.707107 4.954236 0.000000 -1
0 15.000000 0.000000 2.000000 4.843750 0.000000 -1
0 16.000000 14.000000 2.000000 5.000000 2.000000 -1
0 15.000000 14.000000 2.000000 4.843750 2.000000 -1
0 15.707107 14.000000 2.707107 4.954236 2.000000 -1
0 15.000000 0.000000 3.000000 4.843750 0.000000 -1
0 15.000000 14.000000 3.000000 4.843750 2.000000 -1
0 14.292893 0.000000 2.707107 4.733264 0.000000 -1
0 14.292893 14.000000 2.707107 4.733264 2.000000 -1
0 14.000000 0.000000 2.000000 4.687500 0.000000 -1
0 14.000000 14.000000 2.000000 4.687500 2.000000 -1
0 14.292893 0.000000 1.292893 4.733264 0.000000 -1
0 14.292893 14.000000 1.292893 4.733264 2.000000 -1
0 15.000000 0.000000 1.000000 4.843750 0.000000 -1
0 15.000000 14.000000 1.000000 4.843750 2.000000 -1
0 15.707107 0.000000 1.292893 4.954236 0.000000 -1
0 15.707107 14.000000 1.292893 4.954236 2.000000 -1
0 16.000000 0.000000 -14.000000 5.000000 0.000000 -1
0 15.707107 0.000000 -13.292893 4.954236 0.000000 -1
0 15.000000 0.000000 -14.000000 4.843750 0.000000 -1
0 16.000000 14.000000 -14.000000 5.000000 2.000000 -1
0 15.000000 14.000000 -14.000000 4.843750 2.000000 -1
0 15.707107 14.000000 -13.292893 4.954236 2.000000 -1
0 15.000000 0.000000 -13.000000 4.843750 0.000000 -1
0 15.000000 14.000000 -13.000000 4.843750 2.000000 -1
0 14.292893 0.000000 -13.292893 4.733264 0.000000 -1
0 14.292893 14.000000 -13.292893 4.733264 2.000000 -1
0 14.000000 0.000000 -14.000000 4.687500 0.000000 -1
0 14.000000 14.000000 -14.000000 4.687500 2.000000 -1
0 14.292893 0.000000 -14.707107 4.733264 0.000000 -1
0 14.292893 14.000000 -14.707107 4.733264 2.000000 -1
0 15.000000 0.000000 -15.000000 4.843750 0.000000 -1
0 15.000000 14.000000 -15.000000 4.843750 2.000000 -1
0 15.707107 0.000000 -14.707107 4.954236 0.000000 -1
0 15.707107 14.000000 -14.707107 4.954236 2.000000 -1
0 16.000000 0.000000 -16.000000 5.000000 0.000000 -1
0 16.000000 0.250000 3.000000 5.000000 0.035714 -1
0 16.000000 0.250000 -16.000000 5.000000 0.035714 -1
0 -2.000000 0.250000 -16.000000 2.187500 0.035714 -1
0 -2.000000 0.250000 3.000000 2.187500 0.035714 -1
28
0.000000 0.000000 1.000000
-0.447214 -0.894427 0.000000
-0.894427 -0.447214 0.000000
0.447214 -0.894427 0.000000
0.894427 -0.447214 0.000000
-0.894427 0.447214 0.000000
-0.447214 0.894427 0.000000
0.894427 0.447214 0.000000
0.447214 0.894427 0.000000
0.000000 0.000000 -1.000000
0.000000 0.000000 0.000000
0.000000 -1.000000 0.000000
0.000000 1.000000 0.000000
1.000000 0.000000 -0.000000
1.000000 0.000000 -0.000000
0.707107 0.000000 0.707107
0.707107 0.000000 0.707107
-0.707107 0.000000 0.707107
-1.000000 0.000000 -0.000000
-1.000000 0.000000 -0.000000
-0.707107 0.000000 -0.707107
0.707107 0.000000 -0.707107
1.000000 0.000000 0.000000
0.707107 0.000000 0.707107
-0.707107 0.000000 0.707107
-1.000000 0.000000 0.000000
-0.707107 0.000000 -0.707107
0.707107 0.000000 -0.707107
88
0 0 1 2 0 0 0 1
0 3 4 2 0 0 0 1
0 5 3 2 0 0 0 1
0 1 5 2 0 0 0 1
0 0 6 7 1 2 3 2
0 0 7 1 1 3 4 2
0 2 8 6 5 6 2 2
0 2 6 0 5 2 1 2
0 3 9 10 4 3 7 2
0 3 10 4 4 7 8 2
0 4 10 8 8 7 6 2
0 4 8 2 8 6 5 2
0 5 11 9 3 4 3 2
0 5 9 3 3 3 4 2
0 1 7 11 4 3 4 2
0 1 11 5 4 4 3 2
0 8 10 9 9 9 9 1
0 8 9 11 9 9 10 1
0 8 11 7 9 10 9 1
0 8 7 6 9 9 9 1
0 12 13 14 11 11 11 2
0 15 16 17 12 12 12 2
0 12 15 13 13 14 15 1
0 15 17 13 14 16 15 1
0 13 18 14 11 11 11 2
0 17 16 19 12 12 12 2
0 13 17 19 15 16 0 1
0 13 19 18 15 0 0 1
0 18 20 14 11 11 11 2
0 19 16 21 12 12 12 2
0 18 19 20 0 0 17 1
0 19 21 20 0 17 17 1
0 20 22 14 11 11 11 2
0 21 16 23 12 12 12 2
0 20 21 23 17 17 18 1
0 20 23 22 17 18 19 1
0 22 24 14 11 11 11 2
0 23 16 25 12 12 12 2
0 22 23 24 19 18 20 1
0 23 25 24 18 20 20 1
0 24 26 14 11 11 11 2
0 25 16 27 12 12 12 2
0 24 25 27 20 20 9 1
0 24 27 26 20 9 9 1
0 26 28 14 11 11 11 2
0 27 16 29 12 12 12 2
0 26 27 28 9 9 21 1
0 27 29 28 9 21 21 1
0 28 12 14 11 11 11 2
0 29 16 15 12 12 12 2
0 28 29 15 21 21 14 1
0 28 15 12 21 14 13 1
0 30 31 32 11 11 11 2
0 33 34 35 12 12 12 2
0 30 33 31 22 22 23 1
0 33 35 31 22 23 23 1
0 31 36 32 11 11 11 2
0 35 34 37 12 12 12 2
0 31 35 37 23 23 0 1
0 31 37 36 23 0 0 1
0 36 38 32 11 11 11 2
0 37 34 39 12 12 12 2
0 36 37 38 0 0 24 1
0 37 39 38 0 24 24 1
0 38 40 32 11 11 11 2
0 39 34 41 12 12 12 2
0 38 39 41 24 24 25 1
0 38 41 40 24 25 25 1
0 40 42 32 11 11 11 2
0 41 34 43 12 12 12 2
0 40 41 42 25 25 26 1
0 41 43 42 25 26 26 1
0 42 44 32 11 11 11 2
0 43 34 45 12 12 12 2
0 42 43 45 26 26 9 1
0 42 45 44 26 9 9 1
0 44 46 32 11 11 11 2
0 45 34 47 12 12 12 2
0 44 45 46 9 9 27 1
0 45 47 46 9 27 27 1
0 46 30 32 11 11 11 2
0 47 34 33 12 12 12 2
0 46 47 33 27 27 22 1
0 46 33 30 27 22 22 1
0 11 7 48 10 9 0 1
0 11 48 9 10 0 9 1
0 49 50 51 12 12 12 1
0 49 51 52 12 12 12 1
"1_Blz_Windows" 0 2
80
1 -14.820688 16.071400 3.365402 0.515093 0.982860 -1
1 -14.820688 16.071400 2.437084 0.515093 0.994901 -1
1 -2.419950 16.071400 2.437084 0.554905 0.994901 -1
1 -2.419950 16.071400 3.365402 0.554905 0.982860 -1
1 -2.419950 23.945145 2.437084 0.798512 0.937248 -1
1 -14.820688 23.945145 2.437084 0.758699 0.937248 -1
1 -14.820688 23.945145 3.365402 0.758699 0.949288 -1
1 -2.419950 23.945145 3.365402 0.798512 0.949288 -1
1 -14.820688 23.945145 3.365402 0.050315 0.955524 -1
1 -14.820688 23.945145 2.437084 0.050315 0.968222 -1
1 -14.820688 16.071400 2.437084 0.083525 0.968222 -1
1 -14.820688 16.071400 3.365402 0.083525 0.955523 -1
1 -2.419950 23.945145 3.365402 0.239173 0.984127 -1
1 -2.419950 16.071400 3.365402 0.205964 0.984127 -1
1 -2.419950 16.071400 2.437084 0.205964 0.996826 -1
1 -2.419950 23.945145 2.437084 0.239173 0.996826 -1
1 -2.419950 23.945145 3.365402 0.608935 0.050109 -1
1 -14.820688 23.945145 3.365402 0.540957 0.050109 -1
1 -14.820688 16.071400 3.365402 0.540957 0.148987 -1
1 -2.419950 16.071400 3.365402 0.608935 0.148987 -1
1 -14.859150 25.379093 3.365402 0.515093 0.982860 -1
1 -14.859150 25.379093 2.437084 0.515093 0.994901 -1
1 -2.458411 25.379093 2.437084 0.554905 0.994901 -1
1 -2.458411 25.379093 3.365402 0.554905 0.982860 -1
1 -2.458411 33.252846 2.437084 0.798512 0.937248 -1
1 -14.859150 33.252846 2.437084 0.758699 0.937248 -1
1 -14.859150 33.252846 3.365402 0.758699 0.949288 -1
1 -2.458411 33.252846 3.365402 0.798512 0.949288 -1
1 -14.859150 33.252846 3.365402 0.050315 0.955524 -1
1 -14.859150 33.252846 2.437084 0.050315 0.968222 -1
1 -14.859150 25.379093 2.437084 0.083525 0.968222 -1
1 -14.859150 25.379093 3.365402 0.083525 0.955523 -1
1 -2.458411 33.252846 3.365402 0.239173 0.984127 -1
1 -2.458411 25.379093 3.365402 0.205964 0.984127 -1
1 -2.458411 25.379093 2.437084 0.205964 0.996826 -1
1 -2.458411 33.252846 2.437084 0.239173 0.996826 -1
1 -2.458411 33.252846 3.365402 0.608935 0.050109 -1
1 -14.859150 33.252846 3.365402 0.540957 0.050109 -1
1 -14.859150 25.379093 3.365402 0.540957 0.148987 -1
1 -2.458411 25.379093 3.365402 0.608935 0.148987 -1
1 -4.687500 1.583333 3.142858 0.000000 0.000000 -1
1 -4.687500 12.416667 3.142858 0.000000 0.000000 -1
1 -8.603292 12.416667 3.142858 0.000000 0.000000 -1
1 -8.603292 1.583333 3.142858 0.000000 0.000000 -1
1 -9.188374 1.583333 3.142858 0.000000 0.000000 -1
1 -9.188374 12.416667 3.142858 0.000000 0.000000 -1
1 -13.354167 12.416667 3.142858 0.000000 0.000000 -1
1 -13.354167 1.583333 3.142858 0.000000 0.000000 -1
1 12.911848 16.455418 3.142858 0.000000 0.000000 -1
1 12.911848 23.544579 3.142858 0.000000 0.000000 -1
1 6.925151 23.544579 3.142858 0.000000 0.000000 -1
1 6.925151 16.455418 3.142858 0.000000 0.000000 -1
1 6.030644 16.455418 3.142858 0.000000 0.000000 -1
1 6.030644 23.544579 3.142858 0.000000 0.000000 -1
1 -0.338277 23.544579 3.142858 0.000000 0.000000 -1
1 -0.338277 16.455418 3.142858 0.000000 0.000000 -1
1 12.911848 25.788752 3.142858 0.000000 0.000000 -1
1 12.911848 32.877911 3.142858 0.000000 0.000000 -1
1 6.925151 32.877911 3.142858 0.000000 0.000000 -1
1 6.925151 25.788752 3.142858 0.000000 0.000000 -1
1 6.030644 25.788752 3.142858 0.000000 0.000000 -1
1 6.030644 32.877911 3.142858 0.000000 0.000000 -1
1 -0.338277 32.877911 3.142858 0.000000 0.000000 -1
1 -0.338277 25.788752 3.142858 0.000000 0.000000 -1
1 16.203375 25.788752 -13.187640 0.000000 0.000000 -1
1 16.203375 32.877911 -13.187640 0.000000 0.000000 -1
1 16.203375 32.877911 -7.200943 0.000000 0.000000 -1
1 16.203375 25.788752 -7.200943 0.000000 0.000000 -1
1 16.203375 25.788752 -6.306437 0.000000 0.000000 -1
1 16.203375 32.877911 -6.306437 0.000000 0.000000 -1
1 16.203375 32.877911 0.062485 0.000000 0.000000 -1
1 16.203375 25.788752 0.062485 0.000000 0.000000 -1
1 16.203375 16.493877 -13.187640 0.000000 0.000000 -1
1 16.203375 23.583038 -13.187640 0.000000 0.000000 -1
1 16.203375 23.583038 -7.200943 0.000000 0.000000 -1
1 16.203375 16.493877 -7.200943 0.000000 0.000000 -1
1 16.203375 16.493877 -6.306437 0.000000 0.000000 -1
1 16.203375 23.583038 -6.306437 0.000000 0.000000 -1
1 16.203375 23.583038 0.062485 0.000000 0.000000 -1
1 16.203375 16.493877 0.062485 0.000000 0.000000 -1
5
0.000000 -1.000000 0.000000
0.000000 1.000000 0.000000
-1.000000 0.000000 0.000000
1.000000 0.000000 0.000000
0.000000 0.000000 1.000000
60
1 0 1 2 0 0 0 1
1 0 2 3 0 0 0 1
1 4 5 6 1 1 1 1
1 7 4 6 1 1 1 1
1 8 9 10 2 2 2 1
1 10 11 8 2 2 2 1
1 12 13 14 3 3 3 1
1 14 15 12 3 3 3 1
1 16 17 18 4 4 4 1
1 16 18 19 4 4 4 1
1 0 1 2 0 0 0 1
1 0 2 3 0 0 0 1
1 4 5 6 1 1 1 1
1 7 4 6 1 1 1 1
1 8 9 10 2 2 2 1
1 10 11 8 2 2 2 1
1 12 13 14 3 3 3 1
1 14 15 12 3 3 3 1
1 16 17 18 4 4 4 1
1 16 18 19 4 4 4 1
1 20 21 22 0 0 0 1
1 20 22 23 0 0 0 1
1 24 25 26 1 1 1 1
1 27 24 26 1 1 1 1
1 28 29 30 2 2 2 1
1 30 31 28 2 2 2 1
1 32 33 34 3 3 3 1
1 34 35 32 3 3 3 1
1 36 37 38 4 4 4 1
1 36 38 39 4 4 4 1
1 20 21 22 0 0 0 1
1 20 22 23 0 0 0 1
1 24 25 26 1 1 1 1
1 27 24 26 1 1 1 1
1 28 29 30 2 2 2 1
1 30 31 28 2 2 2 1
1 32 33 34 3 3 3 1
1 34 35 32 3 3 3 1
1 36 37 38 4 4 4 1
1 36 38 39 4 4 4 1
1 40 41 42 4 4 4 1
1 40 42 43 4 4 4 1
1 44 45 46 4 4 4 1
1 44 46 47 4 4 4 1
1 48 49 50 4 4 4 1
1 48 50 51 4 4 4 1
1 52 53 54 4 4 4 1
1 52 54 55 4 4 4 1
1 56 57 58 4 4 4 1
1 56 58 59 4 4 4 1
1 60 61 62 4 4 4 1
1 60 62 63 4 4 4 1
1 64 65 66 3 3 3 1
1 64 66 67 3 3 3 1
1 68 69 70 3 3 3 1
1 68 70 71 3 3 3 1
1 72 73 74 3 3 3 1
1 72 74 75 3 3 3 1
1 76 77 78 3 3 3 1
1 76 78 79 3 3 3 1
"1_Blz_Frame" 0 1
120
0 -9.188354 1.583313 3.535715 0.000000 0.000000 -1
0 -8.603271 12.416687 3.535715 0.000000 0.000000 -1
0 -9.188354 12.416687 3.535715 0.000000 0.000000 -1
0 -8.603271 1.583313 3.535715 0.000000 0.000000 -1
0 -14.000000 13.000000 3.535715 0.000000 0.000000 -1
0 -13.354187 12.416687 3.535715 0.000000 0.000000 -1
0 -4.000000 13.000000 3.535715 0.000000 0.000000 -1
0 -4.687500 12.416687 3.535715 0.000000 0.000000 -1
0 -14.000000 1.000000 3.535715 0.000000 0.000000 -1
0 -13.354187 1.583313 3.535715 0.000000 0.000000 -1
0 -4.000000 1.000000 3.535715 0.000000 0.000000 -1
0 -4.687500 1.583313 3.535715 0.000000 0.000000 -1
0 -9.188374 12.416667 3.142858 0.000000 0.000000 -1
0 -9.188374 1.583333 3.142858 0.000000 0.000000 -1
0 -8.603292 1.583333 3.142858 0.000000 0.000000 -1
0 -8.603292 12.416667 3.142858 0.000000 0.000000 -1
0 -13.354167 12.416667 3.142858 0.000000 0.000000 -1
0 -4.000000 13.000000 2.535715 0.000000 0.000000 -1
0 -14.000000 13.000000 2.535715 0.000000 0.000000 -1
0 -4.687500 12.416667 3.142858 0.000000 0.000000 -1
0 -14.000000 1.000000 2.535715 0.000000 0.000000 -1
0 -13.354167 1.583333 3.142858 0.000000 0.000000 -1
0 -4.000000 1.000000 2.535715 0.000000 0.000000 -1
0 -4.687500 1.583333 3.142858 0.000000 0.000000 -1
0 6.030673 16.455402 3.535715 0.000000 0.000000 -1
0 6.925185 23.544592 3.535715 0.000000 0.000000 -1
0 6.030673 23.544592 3.535715 0.000000 0.000000 -1
0 6.925185 16.455402 3.535715 0.000000 0.000000 -1
0 -1.325656 23.926317 3.535715 0.000000 0.000000 -1
0 -0.338299 23.544592 3.535715 0.000000 0.000000 -1
0 13.962941 23.926317 3.535715 0.000000 0.000000 -1
0 12.911848 23.544592 3.535715 0.000000 0.000000 -1
0 -1.325656 16.073683 3.535715 0.000000 0.000000 -1
0 -0.338299 16.455402 3.535715 0.000000 0.000000 -1
0 13.962941 16.073683 3.535715 0.000000 0.000000 -1
0 12.911848 16.455402 3.535715 0.000000 0.000000 -1
0 6.030644 23.544579 3.142858 0.000000 0.000000 -1
0 6.030644 16.455418 3.142858 0.000000 0.000000 -1
0 6.925151 16.455418 3.142858 0.000000 0.000000 -1
0 6.925151 23.544579 3.142858 0.000000 0.000000 -1
0 -0.338277 23.544579 3.142858 0.000000 0.000000 -1
0 13.962941 23.926317 2.535715 0.000000 0.000000 -1
0 -1.325656 23.926317 2.535715 0.000000 0.000000 -1
0 12.911848 23.544579 3.142858 0.000000 0.000000 -1
0 -1.325656 16.073683 2.535715 0.000000 0.000000 -1
0 -0.338277 16.455418 3.142858 0.000000 0.000000 -1
0 13.962941 16.073683 2.535715 0.000000 0.000000 -1
0 12.911848 16.455418 3.142858 0.000000 0.000000 -1
0 6.030673 25.788736 3.535715 0.000000 0.000000 -1
0 6.925185 32.877926 3.535715 0.000000 0.000000 -1
0 6.030673 32.877926 3.535715 0.000000 0.000000 -1
0 6.925185 25.788736 3.535715 0.000000 0.000000 -1
0 -1.325656 33.259655 3.535715 0.000000 0.000000 -1
0 -0.338299 32.877926 3.535715 0.000000 0.000000 -1
0 13.962941 33.259655 3.535715 0.000000 0.000000 -1
0 12.911848 32.877926 3.535715 0.000000 0.000000 -1
0 -1.325656 25.407017 3.535715 0.000000 0.000000 -1
0 -0.338299 25.788736 3.535715 0.000000 0.000000 -1
0 13.962941 25.407017 3.535715 0.000000 0.000000 -1
0 12.911848 25.788736 3.535715 0.000000 0.000000 -1
0 6.030644 32.877911 3.142858 0.000000 0.000000 -1
0 6.030644 25.788752 3.142858 0.000000 0.000000 -1
0 6.925151 25.788752 3.142858 0.000000 0.000000 -1
0 6.925151 32.877911 3.142858 0.000000 0.000000 -1
0 -0.338277 32.877911 3.142858 0.000000 0.000000 -1
0 13.962941 33.259655 2.535715 0.000000 0.000000 -1
0 -1.325656 33.259655 2.535715 0.000000 0.000000 -1
0 12.911848 32.877911 3.142858 0.000000 0.000000 -1
0 -1.325656 25.407017 2.535715 0.000000 0.000000 -1
0 -0.338277 25.788752 3.142858 0.000000 0.000000 -1
0 13.962941 25.407017 2.535715 0.000000 0.000000 -1
0 12.911848 25.788752 3.142858 0.000000 0.000000 -1
0 16.596231 25.788736 -6.306465 0.000000 0.000000 -1
0 16.596231 32.877926 -7.200977 0.000000 0.000000 -1
0 16.596231 32.877926 -6.306465 0.000000 0.000000 -1
0 16.596231 25.788736 -7.200977 0.000000 0.000000 -1
0 16.596231 33.259655 1.049864 0.000000 0.000000 -1
0 16.596231 32.877926 0.062507 0.000000 0.000000 -1
0 16.596231 33.259655 -14.238733 0.000000 0.000000 -1
0 16.596231 32.877926 -13.187640 0.000000 0.000000 -1
0 16.596231 25.407017 1.049864 0.000000 0.000000 -1
0 16.596231 25.788736 0.062507 0.000000 0.000000 -1
0 16.596231 25.407017 -14.238733 0.000000 0.000000 -1
0 16.596231 25.788736 -13.187640 0.000000 0.000000 -1
0 16.203375 32.877911 -6.306437 0.000000 0.000000 -1
0 16.203375 25.788752 -6.306437 0.000000 0.000000 -1
0 16.203375 25.788752 -7.200943 0.000000 0.000000 -1
0 16.203375 32.877911 -7.200943 0.000000 0.000000 -1
0 16.203375 32.877911 0.062485 0.000000 0.000000 -1
0 15.596231 33.259655 -14.238733 0.000000 0.000000 -1
0 15.596231 33.259655 1.049864 0.000000 0.000000 -1
0 16.203375 32.877911 -13.187640 0.000000 0.000000 -1
0 15.596231 25.407017 1.049864 0.000000 0.000000 -1
0 16.203375 25.788752 0.062485 0.000000 0.000000 -1
0 15.596231 25.407017 -14.238733 0.000000 0.000000 -1
0 16.203375 25.788752 -13.187640 0.000000 0.000000 -1
0 16.596231 16.493862 -6.306465 0.000000 0.000000 -1
0 16.596231 23.583054 -7.200977 0.000000 0.000000 -1
0 16.596231 23.583054 -6.306465 0.000000 0.000000 -1
0 16.596231 16.493862 -7.200977 0.000000 0.000000 -1
0 16.596231 23.964781 1.049864 0.000000 0.000000 -1
0 16.596231 23.583054 0.062507 0.000000 0.000000 -1
0 16.596231 23.964781 -14.238733 0.000000 0.000000 -1
0 16.596231 23.583054 -13.187640 0.000000 0.000000 -1
0 16.596231 16.112143 1.049864 0.000000 0.000000 -1
0 16.596231 16.493862 0.062507 0.000000 0.000000 -1
0 16.596231 16.112143 -14.238733 0.000000 0.000000 -1
0 16.596231 16.493862 -13.187640 0.000000 0.000000 -1
0 16.203375 23.583038 -6.306437 0.000000 0.000000 -1
0 16.203375 16.493877 -6.306437 0.000000 0.000000 -1
0 16.203375 16.493877 -7.200943 0.000000 0.000000 -1
0 16.203375 23.583038 -7.200943 0.000000 0.000000 -1
0 16.203375 23.583038 0.062485 0.000000 0.000000 -1
0 15.596231 23.964781 -14.238733 0.000000 0.000000 -1
0 15.596231 23.964781 1.049864 0.000000 0.000000 -1
0 16.203375 23.583038 -13.187640 0.000000 0.000000 -1
0 15.596231 16.112143 1.049864 0.000000 0.000000 -1
0 16.203375 16.493877 0.062485 0.000000 0.000000 -1
0 15.596231 16.112143 -14.238733 0.000000 0.000000 -1
0 16.203375 16.493877 -13.187640 0.000000 0.000000 -1
79
0.000000 0.000000 1.000000
-0.894427 -0.447214 0.000068
-0.447214 -0.894427 0.000068
-0.894427 0.447214 0.000068
-0.447214 0.894427 0.000068
0.894427 0.447214 -0.000027
0.447214 0.894427 0.000021
0.894427 -0.447214 -0.000027
0.447214 -0.894427 0.000021
0.447214 -0.894427 0.000068
0.894427 -0.447214 0.000068
0.447214 0.894427 0.000000
0.894427 0.447214 0.000000
-0.447214 0.894427 0.000000
-0.894427 0.447214 0.000000
-0.447214 -0.894427 0.000046
-0.894427 -0.447214 0.000023
-0.894427 -0.447214 0.000000
-0.447214 -0.894427 0.000000
0.894427 0.447214 0.000068
0.447214 0.894427 0.000068
0.447214 -0.894427 0.000000
0.894427 -0.447214 0.000000
-0.447214 0.894427 0.000046
-0.894427 0.447214 0.000023
-0.894427 -0.447214 0.000081
-0.447214 -0.894427 0.000064
-0.894427 0.447214 0.000084
-0.447214 0.894427 0.000068
0.894427 0.447214 -0.000061
0.447214 0.894427 -0.000004
0.894427 -0.447214 -0.000063
0.447214 -0.894427 -0.000009
0.447214 -0.894427 0.000055
0.894427 -0.447214 0.000065
-0.447214 -0.894427 0.000030
-0.894427 -0.447214 0.000015
0.894427 0.447214 0.000067
0.447214 0.894427 0.000060
-0.447214 0.894427 0.000035
-0.894427 0.447214 0.000017
-0.894427 -0.447214 0.000084
-0.447214 -0.894427 0.000068
0.894427 -0.447214 -0.000061
0.447214 -0.894427 -0.000004
0.447214 -0.894427 0.000060
0.894427 -0.447214 0.000067
-0.447214 -0.894427 0.000035
-0.894427 -0.447214 0.000017
1.000000 0.000000 0.000000
0.000081 -0.447214 0.894427
0.000067 -0.894427 0.447214
0.000081 0.447214 0.894427
0.000067 0.894427 0.447214
-0.000060 0.447214 -0.894427
-0.000004 0.894427 -0.447214
-0.000060 -0.447214 -0.894427
-0.000004 -0.894427 -0.447214
0.000060 -0.894427 -0.447214
0.000067 -0.447214 -0.894427
0.000000 0.894427 -0.447214
0.000000 0.447214 -0.894427
0.000000 0.894427 0.447214
0.000000 0.447214 0.894427
0.000035 -0.894427 0.447214
0.000017 -0.447214 0.894427
0.000000 -0.447214 0.894427
0.000000 -0.894427 0.447214
0.000067 0.447214 -0.894427
0.000060 0.894427 -0.447214
0.000000 -0.894427 -0.447214
0.000000 -0.447214 -0.894427
0.000035 0.894427 0.447214
0.000017 0.447214 0.894427
-0.000060 0.447214 -0.894427
-0.000004 0.894427 -0.447214
-0.000060 -0.447214 -0.894427
0.000067 -0.447214 -0.894427
0.000060 0.894427 -0.447214
190
0 0 1 2 0 0 0 1
0 0 3 1 0 0 0 1
0 4 5 2 0 0 0 1
0 2 6 4 0 0 0 1
0 6 2 1 0 0 0 1
0 1 7 6 0 0 0 1
0 4 8 5 0 0 0 1
0 8 9 5 0 0 0 1
0 0 9 8 0 0 0 1
0 8 3 0 0 0 0 1
0 3 8 10 0 0 0 1
0 10 11 3 0 0 0 1
0 7 11 6 0 0 0 1
0 11 10 6 0 0 0 1
0 2 12 13 1 2 3 2
0 2 13 0 1 3 4 2
0 3 14 15 5 6 7 2
0 3 15 1 5 7 8 2
0 5 16 12 9 10 2 2
0 5 12 2 9 2 1 2
0 6 17 18 11 12 13 2
0 6 18 4 11 13 14 2
0 1 15 19 8 7 15 2
0 1 19 7 8 15 16 2
0 4 18 20 14 13 17 2
0 4 20 8 14 17 18 2
0 9 21 16 19 20 10 2
0 9 16 5 19 10 9 2
0 0 13 21 4 3 20 2
0 0 21 9 4 20 19 2
0 8 20 22 18 17 21 2
0 8 22 10 18 21 22 2
0 11 23 14 23 24 6 2
0 11 14 3 23 6 5 2
0 7 19 23 16 15 24 2
0 7 23 11 16 24 23 2
0 10 22 17 22 21 12 2
0 10 17 6 22 12 11 2
0 24 25 26 0 0 0 1
0 24 27 25 0 0 0 1
0 28 29 26 0 0 0 1
0 26 30 28 0 0 0 1
0 30 26 25 0 0 0 1
0 25 31 30 0 0 0 1
0 28 32 29 0 0 0 1
0 32 33 29 0 0 0 1
0 24 33 32 0 0 0 1
0 32 27 24 0 0 0 1
0 27 32 34 0 0 0 1
0 34 35 27 0 0 0 1
0 31 35 30 0 0 0 1
0 35 34 30 0 0 0 1
0 26 36 37 25 26 27 2
0 26 37 24 25 27 28 2
0 27 38 39 29 30 31 2
0 27 39 25 29 31 32 2
0 29 40 36 33 34 26 2
0 29 36 26 33 26 25 2
0 30 41 42 11 12 13 2
0 30 42 28 11 13 14 2
0 25 39 43 32 31 35 2
0 25 43 31 32 35 36 2
0 28 42 44 14 13 17 2
0 28 44 32 14 17 18 2
0 33 45 40 37 38 34 2
0 33 40 29 37 34 33 2
0 24 37 45 28 27 38 2
0 24 45 33 28 38 37 2
0 32 44 46 18 17 21 2
0 32 46 34 18 21 22 2
0 35 47 38 39 40 30 2
0 35 38 27 39 30 29 2
0 31 43 47 36 35 40 2
0 31 47 35 36 40 39 2
0 34 46 41 22 21 12 2
0 34 41 30 22 12 11 2
0 48 49 50 0 0 0 1
0 48 51 49 0 0 0 1
0 52 53 50 0 0 0 1
0 50 54 52 0 0 0 1
0 54 50 49 0 0 0 1
0 49 55 54 0 0 0 1
0 52 56 53 0 0 0 1
0 56 57 53 0 0 0 1
0 48 57 56 0 0 0 1
0 56 51 48 0 0 0 1
0 51 56 58 0 0 0 1
0 58 59 51 0 0 0 1
0 55 59 54 0 0 0 1
0 59 58 54 0 0 0 1
0 50 60 61 41 42 27 2
0 50 61 48 41 27 28 2
0 51 62 63 29 30 43 2
0 51 63 49 29 43 44 2
0 53 64 60 45 46 42 2
0 53 60 50 45 42 41 2
0 54 65 66 11 12 13 2
0 54 66 52 11 13 14 2
0 49 63 67 44 43 47 2
0 49 67 55 44 47 48 2
0 52 66 68 14 13 17 2
0 52 68 56 14 17 18 2
0 57 69 64 37 38 46 2
0 57 64 53 37 46 45 2
0 48 61 69 28 27 38 2
0 48 69 57 28 38 37 2
0 56 68 70 18 17 21 2
0 56 70 58 18 21 22 2
0 59 71 62 39 40 30 2
0 59 62 51 39 30 29 2
0 55 67 71 48 47 40 2
0 55 71 59 48 40 39 2
0 58 70 65 22 21 12 2
0 58 65 54 22 12 11 2
0 72 73 74 49 49 49 1
0 72 75 73 49 49 49 1
0 76 77 74 49 49 49 1
0 74 78 76 49 49 49 1
0 78 74 73 49 49 49 1
0 73 79 78 49 49 49 1
0 76 80 77 49 49 49 1
0 80 81 77 49 49 49 1
0 72 81 80 49 49 49 1
0 80 75 72 49 49 49 1
0 75 80 82 49 49 49 1
0 82 83 75 49 49 49 1
0 79 83 78 49 49 49 1
0 83 82 78 49 49 49 1
0 74 84 85 50 51 52 2
0 74 85 72 50 52 53 2
0 75 86 87 54 55 56 2
0 75 87 73 54 56 57 2
0 77 88 84 58 59 51 2
0 77 84 74 58 51 50 2
0 78 89 90 60 61 62 2
0 78 90 76 60 62 63 2
0 73 87 91 57 56 64 2
0 73 91 79 57 64 65 2
0 76 90 92 63 62 66 2
0 76 92 80 63 66 67 2
0 81 93 88 68 69 59 2
0 81 88 77 68 59 58 2
0 72 85 93 53 52 69 2
0 72 93 81 53 69 68 2
0 80 92 94 67 66 70 2
0 80 94 82 67 70 71 2
0 83 95 86 72 73 55 2
0 83 86 75 72 55 54 2
0 79 91 95 65 64 73 2
0 79 95 83 65 73 72 2
0 82 94 89 71 70 61 2
0 82 89 78 71 61 60 2
0 96 97 98 49 49 49 1
0 96 99 97 49 49 49 1
0 100 101 98 49 49 49 1
0 98 102 100 49 49 49 1
0 102 98 97 49 49 49 1
0 97 103 102 49 49 49 1
0 100 104 101 49 49 49 1
0 104 105 101 49 49 49 1
0 96 105 104 49 49 49 1
0 104 99 96 49 49 49 1
0 99 104 106 49 49 49 1
0 106 107 99 49 49 49 1
0 103 107 102 49 49 49 1
0 107 106 102 49 49 49 1
0 98 108 109 50 51 52 2
0 98 109 96 50 52 53 2
0 99 110 111 74 75 76 2
0 99 111 97 74 76 57 2
0 101 112 108 58 77 51 2
0 101 108 98 58 51 50 2
0 102 113 114 60 61 62 2
0 102 114 100 60 62 63 2
0 97 111 115 57 76 64 2
0 97 115 103 57 64 65 2
0 100 114 116 63 62 66 2
0 100 116 104 63 66 67 2
0 105 117 112 68 78 77 2
0 105 112 101 68 77 58 2
0 96 109 117 53 52 78 2
0 96 117 105 53 78 68 2
0 104 116 118 67 66 70 2
0 104 118 106 67 70 71 2
0 107 119 110 72 73 75 2
0 107 110 99 72 75 74 2
0 103 115 119 65 64 73 2
0 103 119 107 65 73 72 2
0 106 118 113 71 70 61 2
0 106 113 102 71 61 60 2

Materials: 3
"Blz"
0.200000 0.200000 0.200000 1.000000
0.800000 0.800000 0.800000 1.000000
0.000000 0.000000 0.000000 1.000000
0.000000 0.000000 0.000000 1.000000
0.000000
1.000000
"..\Image\brick01.tga"
""
"Blz_Other"
0.200000 0.200000 0.200000 1.000000
0.800000 0.800000 0.800000 1.000000
0.000000 0.000000 0.000000 1.000000
0.000000 0.000000 0.000000 1.000000
0.000000
1.000000
"..\Image\Blz_Round_Gate_Windows.tga"
""
"Windows"
0.200000 0.200000 0.200000 1.000000
0.800000 0.800000 0.800000 1.000000
0.000000 0.000000 0.000000 1.000000
0.000000 0.000000 0.000000 1.000000
0.000000
1.000000
"..\Image\window.tga"
""

Bones: 0
GroupComments: 0
MaterialComments: 0
BoneComments: 0
ModelComment: 0
