// MilkShape 3D ASCII

Frames: 30
Frame: 1

Meshes: 3
"1_Blz" 0 0
24
0 -6.000000 26.000000 -3.000000 1.562500 3.823529 -1
0 -6.000000 0.000000 -3.000000 1.562500 0.000000 -1
0 -5.000000 0.000000 -1.000000 1.718750 0.000000 -1
0 -3.000000 0.000000 0.000000 2.031250 0.000000 -1
0 -5.000000 26.000000 -1.000000 1.718750 3.823529 -1
0 -3.000000 26.000000 0.000000 2.031250 3.823529 -1
0 13.000000 0.000000 0.000000 4.531250 0.000000 -1
0 13.000000 26.000000 0.000000 4.531250 3.823529 -1
0 14.999998 26.000000 -1.000000 4.843750 3.823529 -1
0 15.000000 0.000000 -1.000000 4.843750 0.000000 -1
0 16.000000 26.000000 -3.000000 5.000000 3.823529 -1
0 16.000000 0.000000 -3.000000 5.000000 0.000000 -1
0 16.000000 26.000000 -15.970589 5.000000 3.823529 -1
0 -6.000000 26.000000 -16.029411 1.562500 3.823529 -1
0 -0.986425 26.000000 -5.977426 2.345871 3.823529 -1
0 -6.000000 0.000000 -16.000000 1.562500 0.000000 -1
0 16.000000 0.000000 -16.000000 5.000000 0.000000 -1
0 -6.000000 34.000000 -16.000000 1.562500 5.000000 -1
0 -16.000000 34.000000 -16.000000 0.000000 5.000000 -1
0 -16.000000 34.000000 3.000000 0.000000 5.000000 -1
0 -6.000000 34.000000 3.000000 1.562500 5.000000 -1
0 -16.000000 0.000000 -16.000000 0.000000 0.000000 -1
0 -16.000000 0.000000 3.000000 0.000000 0.000000 -1
0 -6.000000 0.000000 3.000000 1.562500 0.000000 -1
25
-0.862715 0.376920 0.337127
-0.973249 0.000000 0.229753
-0.780869 0.000000 0.624695
-0.305393 0.000000 0.952226
-0.589768 0.329690 0.737210
-0.144505 0.323124 0.935259
0.229753 0.000000 0.973249
0.204362 0.456966 0.865689
0.589768 0.329690 0.737210
0.780869 0.000000 0.624695
0.862715 0.376920 0.337128
0.973249 0.000000 0.229753
0.577865 0.577093 -0.577092
-0.666339 0.666854 -0.333614
0.000000 1.000000 0.000000
-0.446257 0.000000 -0.894905
0.707107 0.000800 -0.707106
0.447214 0.000000 -0.894427
0.894427 0.000000 -0.447214
-0.447214 0.000000 -0.894427
-0.894427 0.000000 -0.447214
-0.894427 0.000000 0.447214
-0.447214 0.000000 0.894427
0.447214 0.000000 0.894427
0.894427 0.000000 0.447214
44
0 0 1 2 0 1 2 1
0 2 3 4 2 3 4 1
0 4 0 2 4 0 2 1
0 5 4 3 5 4 3 1
0 5 3 6 5 3 6 1
0 6 7 5 6 7 5 1
0 8 7 6 8 7 6 1
0 6 9 8 6 9 8 1
0 10 8 9 10 8 9 1
0 9 11 10 9 11 10 1
0 0 1 2 0 1 2 1
0 2 3 4 2 3 4 1
0 4 0 2 4 0 2 1
0 5 4 3 5 4 3 1
0 5 3 6 5 3 6 1
0 6 7 5 6 7 5 1
0 8 7 6 8 7 6 1
0 6 9 8 6 9 8 1
0 10 8 9 10 8 9 1
0 9 11 10 9 11 10 1
0 12 13 14 12 13 14 1
0 13 0 14 13 0 14 1
0 0 4 14 0 4 14 1
0 4 5 14 4 5 14 1
0 8 10 14 8 10 14 1
0 7 8 14 7 8 14 1
0 5 7 14 5 7 14 1
0 14 10 12 14 10 12 1
0 13 12 15 13 12 15 1
0 12 16 15 12 16 15 1
0 1 0 13 1 0 13 1
0 15 1 13 15 1 13 1
0 12 10 11 12 10 11 1
0 12 11 16 12 11 16 1
0 17 18 19 14 14 14 1
0 17 19 20 14 14 14 1
0 17 15 21 17 18 19 2
0 17 21 18 17 19 20 2
0 18 21 22 20 19 21 2
0 18 22 19 20 21 22 2
0 19 22 23 22 21 23 2
0 19 23 20 22 23 24 2
0 20 23 15 24 23 18 2
0 20 15 17 24 18 17 2
"1_Blz_Windows" 0 2
30
0 -9.894900 12.544886 3.277778 0.000000 0.000000 -1
0 -6.855099 15.455112 3.277778 0.000000 0.000000 -1
0 -9.894900 15.455112 3.277778 0.000000 0.000000 -1
0 -6.855099 12.544886 3.277778 0.000000 0.000000 -1
0 -2.554645 15.154022 0.500000 0.000000 0.000000 -1
0 12.304645 19.109131 0.500000 0.000000 0.000000 -1
0 -2.554645 19.109131 0.500000 0.000000 0.000000 -1
0 12.304645 15.154022 0.500000 0.000000 0.000000 -1
0 -16.473682 6.000000 3.342106 0.000000 0.000000 -1
0 -12.000000 6.000000 3.342106 0.000000 0.000000 -1
0 -16.473682 29.000000 3.342106 0.000000 0.000000 -1
0 -12.000000 29.000000 3.342106 0.000000 0.000000 -1
0 -16.421051 28.987501 -8.043629 0.000000 0.000000 -1
0 -16.421051 5.987501 -8.043631 0.000000 0.000000 -1
0 -2.554645 4.029022 0.500000 0.000000 0.000000 -1
0 12.304645 7.984131 0.500000 0.000000 0.000000 -1
0 -2.554645 7.984131 0.500000 0.000000 0.000000 -1
0 12.304645 4.029022 0.500000 0.000000 0.000000 -1
0 -9.894900 17.669886 3.277778 0.000000 0.000000 -1
0 -6.855099 20.580112 3.277778 0.000000 0.000000 -1
0 -9.894900 20.580112 3.277778 0.000000 0.000000 -1
0 -6.855099 17.669886 3.277778 0.000000 0.000000 -1
0 -9.894900 23.044886 3.277778 0.000000 0.000000 -1
0 -6.855099 25.955112 3.277778 0.000000 0.000000 -1
0 -9.894900 25.955112 3.277778 0.000000 0.000000 -1
0 -6.855099 23.044886 3.277778 0.000000 0.000000 -1
0 -9.894900 7.544886 3.277778 0.000000 0.000000 -1
0 -6.855099 10.455112 3.277778 0.000000 0.000000 -1
0 -9.894900 10.455112 3.277778 0.000000 0.000000 -1
0 -6.855099 7.544886 3.277778 0.000000 0.000000 -1
5
0.000000 0.000000 1.000000
-0.708739 0.000000 0.705471
-0.708739 0.000000 0.705471
-0.999989 0.000000 -0.004623
-0.999989 0.000000 -0.004623
16
0 0 1 2 0 0 0 1
0 0 3 1 0 0 0 1
0 4 5 6 0 0 0 1
0 4 7 5 0 0 0 1
0 8 9 10 1 0 2 1
0 9 11 10 0 0 2 1
0 10 12 13 2 3 4 1
0 8 10 13 1 2 4 1
0 14 15 16 0 0 0 1
0 14 17 15 0 0 0 1
0 18 19 20 0 0 0 1
0 18 21 19 0 0 0 1
0 22 23 24 0 0 0 1
0 22 25 23 0 0 0 1
0 26 27 28 0 0 0 1
0 26 29 27 0 0 0 1
"1_Blz_Frame" 0 1
240
0 -7.000000 12.250000 -3.000000 0.000000 0.000000 -1
0 -5.000000 12.250000 -1.000000 0.000000 0.000000 -1
0 -6.000000 12.250000 -3.000000 0.000000 0.000000 -1
0 -6.000000 12.250000 0.000000 0.000000 0.000000 -1
0 -3.000000 12.250000 1.000000 0.000000 0.000000 -1
0 -3.000000 12.250000 0.000000 0.000000 0.000000 -1
0 13.000000 12.250000 0.000000 0.000000 0.000000 -1
0 13.000000 12.250000 1.000000 0.000000 0.000000 -1
0 15.000000 12.250000 -1.000000 0.000000 0.000000 -1
0 15.000000 12.250000 0.000000 0.000000 0.000000 -1
0 16.000000 12.250000 -3.000000 0.000000 0.000000 -1
0 17.000000 12.250000 -3.000000 0.000000 0.000000 -1
0 17.000000 12.250000 -16.000000 0.000000 0.000000 -1
0 16.000000 12.250000 -16.000000 0.000000 0.000000 -1
0 -5.000000 11.250000 -1.000000 0.000000 0.000000 -1
0 -6.000000 11.250000 -3.000000 0.000000 0.000000 -1
0 -7.000000 11.250000 -3.000000 0.000000 0.000000 -1
0 -6.000000 11.250000 0.000000 0.000000 0.000000 -1
0 -3.000000 11.250000 0.000000 0.000000 0.000000 -1
0 -3.000000 11.250000 1.000000 0.000000 0.000000 -1
0 13.000000 11.250000 0.000000 0.000000 0.000000 -1
0 13.000000 11.250000 1.000000 0.000000 0.000000 -1
0 15.000000 11.250000 -1.000000 0.000000 0.000000 -1
0 15.000000 11.250000 0.000000 0.000000 0.000000 -1
0 16.000000 11.250000 -3.000000 0.000000 0.000000 -1
0 17.000000 11.250000 -3.000000 0.000000 0.000000 -1
0 17.000000 11.250000 -16.000000 0.000000 0.000000 -1
0 16.000000 11.250000 -16.000000 0.000000 0.000000 -1
0 -7.000000 1.000000 -3.000000 0.000000 0.000000 -1
0 -5.000000 1.000000 -1.000000 0.000000 0.000000 -1
0 -6.000000 1.000000 -3.000000 0.000000 0.000000 -1
0 -6.000000 1.000000 0.000000 0.000000 0.000000 -1
0 -3.000000 1.000000 1.000000 0.000000 0.000000 -1
0 -3.000000 1.000000 0.000000 0.000000 0.000000 -1
0 13.000000 1.000000 0.000000 0.000000 0.000000 -1
0 13.000000 1.000000 1.000000 0.000000 0.000000 -1
0 15.000000 1.000000 -1.000000 0.000000 0.000000 -1
0 15.000000 1.000000 0.000000 0.000000 0.000000 -1
0 16.000000 1.000000 -3.000000 0.000000 0.000000 -1
0 17.000000 1.000000 -3.000000 0.000000 0.000000 -1
0 17.000000 1.000000 -16.000000 0.000000 0.000000 -1
0 16.000000 1.000000 -16.000000 0.000000 0.000000 -1
0 -5.000000 0.000000 -1.000000 0.000000 0.000000 -1
0 -6.000000 0.000000 -3.000000 0.000000 0.000000 -1
0 -7.000000 0.000000 -3.000000 0.000000 0.000000 -1
0 -6.000000 0.000000 0.000000 0.000000 0.000000 -1
0 -3.000000 0.000000 0.000000 0.000000 0.000000 -1
0 -3.000000 0.000000 1.000000 0.000000 0.000000 -1
0 13.000000 0.000000 0.000000 0.000000 0.000000 -1
0 13.000000 0.000000 1.000000 0.000000 0.000000 -1
0 15.000000 0.000000 -1.000000 0.000000 0.000000 -1
0 15.000000 0.000000 0.000000 0.000000 0.000000 -1
0 16.000000 0.000000 -3.000000 0.000000 0.000000 -1
0 17.000000 0.000000 -3.000000 0.000000 0.000000 -1
0 17.000000 0.000000 -16.000000 0.000000 0.000000 -1
0 16.000000 0.000000 -16.000000 0.000000 0.000000 -1
0 -7.000000 21.000000 -3.000000 0.000000 0.000000 -1
0 -5.000000 23.000000 -1.000000 0.000000 0.000000 -1
0 -6.000000 23.000000 -3.000000 0.000000 0.000000 -1
0 -6.000000 23.000000 0.000000 0.000000 0.000000 -1
0 -3.000000 23.000000 1.000000 0.000000 0.000000 -1
0 -3.000000 23.000000 0.000000 0.000000 0.000000 -1
0 13.000000 23.000000 0.000000 0.000000 0.000000 -1
0 13.000000 23.000000 1.000000 0.000000 0.000000 -1
0 15.000000 23.000000 -1.000000 0.000000 0.000000 -1
0 15.000000 23.000000 0.000000 0.000000 0.000000 -1
0 16.000000 23.000000 -3.000000 0.000000 0.000000 -1
0 17.000000 23.000000 -3.000000 0.000000 0.000000 -1
0 17.000000 23.000000 -16.000000 0.000000 0.000000 -1
0 16.000000 23.000000 -16.000000 0.000000 0.000000 -1
0 -5.000000 22.000000 -1.000000 0.000000 0.000000 -1
0 -6.000000 22.000000 -3.000000 0.000000 0.000000 -1
0 -7.000000 20.000000 -3.000000 0.000000 0.000000 -1
0 -6.000000 22.000000 0.000000 0.000000 0.000000 -1
0 -3.000000 22.000000 0.000000 0.000000 0.000000 -1
0 -3.000000 22.000000 1.000000 0.000000 0.000000 -1
0 13.000000 22.000000 0.000000 0.000000 0.000000 -1
0 13.000000 22.000000 1.000000 0.000000 0.000000 -1
0 15.000000 22.000000 -1.000000 0.000000 0.000000 -1
0 15.000000 22.000000 0.000000 0.000000 0.000000 -1
0 16.000000 22.000000 -3.000000 0.000000 0.000000 -1
0 17.000000 22.000000 -3.000000 0.000000 0.000000 -1
0 17.000000 22.000000 -16.000000 0.000000 0.000000 -1
0 16.000000 22.000000 -16.000000 0.000000 0.000000 -1
0 -7.000000 26.000000 -3.000000 0.000000 0.000000 -1
0 -5.000000 26.000000 -1.000000 0.000000 0.000000 -1
0 -6.000000 26.000000 -3.000000 0.000000 0.000000 -1
0 -6.000000 26.000000 0.000000 0.000000 0.000000 -1
0 -3.000000 26.000000 1.000000 0.000000 0.000000 -1
0 -3.000000 26.000000 0.000000 0.000000 0.000000 -1
0 13.000000 26.000000 0.000000 0.000000 0.000000 -1
0 13.000000 26.000000 1.000000 0.000000 0.000000 -1
0 15.000000 26.000000 -1.000000 0.000000 0.000000 -1
0 15.000000 26.000000 0.000000 0.000000 0.000000 -1
0 16.000000 26.000000 -3.000000 0.000000 0.000000 -1
0 17.000000 26.000000 -3.000000 0.000000 0.000000 -1
0 17.000000 26.000000 -16.000000 0.000000 0.000000 -1
0 16.000000 26.000000 -16.000000 0.000000 0.000000 -1
0 -5.000000 25.000000 -1.000000 0.000000 0.000000 -1
0 -6.000000 25.000000 -3.000000 0.000000 0.000000 -1
0 -7.000000 25.000000 -3.000000 0.000000 0.000000 -1
0 -6.000000 25.000000 0.000000 0.000000 0.000000 -1
0 -3.000000 25.000000 0.000000 0.000000 0.000000 -1
0 -3.000000 25.000000 1.000000 0.000000 0.000000 -1
0 13.000000 25.000000 0.000000 0.000000 0.000000 -1
0 13.000000 25.000000 1.000000 0.000000 0.000000 -1
0 15.000000 25.000000 -1.000000 0.000000 0.000000 -1
0 15.000000 25.000000 0.000000 0.000000 0.000000 -1
0 16.000000 25.000000 -3.000000 0.000000 0.000000 -1
0 17.000000 25.000000 -3.000000 0.000000 0.000000 -1
0 17.000000 25.000000 -16.000000 0.000000 0.000000 -1
0 16.000000 25.000000 -16.000000 0.000000 0.000000 -1
0 -17.000000 5.000000 4.000000 0.000000 0.000000 -1
0 -12.000000 6.000000 4.000000 0.000000 0.000000 -1
0 -17.000000 6.000000 4.000000 0.000000 0.000000 -1
0 -11.000000 5.000000 4.000000 0.000000 0.000000 -1
0 -12.000000 29.000000 4.000000 0.000000 0.000000 -1
0 -11.000000 30.000000 4.000000 0.000000 0.000000 -1
0 -17.000000 30.000000 4.000000 0.000000 0.000000 -1
0 -17.000000 29.000000 4.000000 0.000000 0.000000 -1
0 -12.000000 6.000000 3.000000 0.000000 0.000000 -1
0 -17.000000 6.000000 3.000000 0.000000 0.000000 -1
0 -17.000000 5.000000 3.000000 0.000000 0.000000 -1
0 -11.000000 5.000000 3.000000 0.000000 0.000000 -1
0 -12.000000 29.000000 3.000000 0.000000 0.000000 -1
0 -11.000000 30.000000 3.000000 0.000000 0.000000 -1
0 -17.000000 30.000000 3.000000 0.000000 0.000000 -1
0 -17.000000 29.000000 3.000000 0.000000 0.000000 -1
0 -17.000000 6.000000 -9.000000 0.000000 0.000000 -1
0 -17.000000 5.000000 -9.000000 0.000000 0.000000 -1
0 -16.000000 6.000000 -9.000000 0.000000 0.000000 -1
0 -16.000000 5.000000 -9.000000 0.000000 0.000000 -1
0 -16.000000 6.000000 3.000000 0.000000 0.000000 -1
0 -16.000000 5.000000 3.000000 0.000000 0.000000 -1
0 -17.000000 30.000000 -9.000000 0.000000 0.000000 -1
0 -17.000000 29.000000 -9.000000 0.000000 0.000000 -1
0 -16.000000 30.000000 -9.000000 0.000000 0.000000 -1
0 -16.000000 29.000000 -9.000000 0.000000 0.000000 -1
0 -16.000000 30.000000 3.000000 0.000000 0.000000 -1
0 -16.000000 29.000000 3.000000 0.000000 0.000000 -1
0 -17.000000 5.000000 -8.000000 0.000000 0.000000 -1
0 -17.000000 30.000000 -8.000000 0.000000 0.000000 -1
0 -16.000000 5.000000 -8.000000 0.000000 0.000000 -1
0 -16.000000 30.000000 -8.000000 0.000000 0.000000 -1
0 -10.043517 15.839539 3.777778 0.000000 0.000000 -1
0 -9.894900 15.455112 3.777778 0.000000 0.000000 -1
0 -6.855099 15.455112 3.777778 0.000000 0.000000 -1
0 -6.706483 15.839539 3.777778 0.000000 0.000000 -1
0 -9.894900 12.544886 3.777778 0.000000 0.000000 -1
0 -10.043517 12.160463 3.777778 0.000000 0.000000 -1
0 -6.706483 12.160463 3.777778 0.000000 0.000000 -1
0 -6.855099 12.544886 3.777778 0.000000 0.000000 -1
0 -9.894900 15.455112 3.277778 0.000000 0.000000 -1
0 -6.855099 15.455112 3.277778 0.000000 0.000000 -1
0 -6.706483 15.839539 2.777778 0.000000 0.000000 -1
0 -10.043517 15.839539 2.777778 0.000000 0.000000 -1
0 -9.894900 12.544886 3.277778 0.000000 0.000000 -1
0 -10.043517 12.160463 2.777778 0.000000 0.000000 -1
0 -6.855099 12.544886 3.277778 0.000000 0.000000 -1
0 -6.706483 12.160463 2.777778 0.000000 0.000000 -1
0 -3.000000 19.631573 1.000000 0.000000 0.000000 -1
0 -2.554645 19.109131 1.000000 0.000000 0.000000 -1
0 12.304645 19.109131 1.000000 0.000000 0.000000 -1
0 12.750000 19.631573 1.000000 0.000000 0.000000 -1
0 -2.554645 15.154022 1.000000 0.000000 0.000000 -1
0 -3.000000 14.631579 1.000000 0.000000 0.000000 -1
0 12.750000 14.631579 1.000000 0.000000 0.000000 -1
0 12.304645 15.154022 1.000000 0.000000 0.000000 -1
0 -2.554645 19.109131 0.500000 0.000000 0.000000 -1
0 12.304645 19.109131 0.500000 0.000000 0.000000 -1
0 12.750000 19.631573 0.000000 0.000000 0.000000 -1
0 -3.000000 19.631573 0.000000 0.000000 0.000000 -1
0 -2.554645 15.154022 0.500000 0.000000 0.000000 -1
0 -3.000000 14.631579 0.000000 0.000000 0.000000 -1
0 12.304645 15.154022 0.500000 0.000000 0.000000 -1
0 12.750000 14.631579 0.000000 0.000000 0.000000 -1
0 -10.043517 20.964539 3.777778 0.000000 0.000000 -1
0 -9.894900 20.580112 3.777778 0.000000 0.000000 -1
0 -6.855099 20.580112 3.777778 0.000000 0.000000 -1
0 -6.706483 20.964539 3.777778 0.000000 0.000000 -1
0 -9.894900 17.669886 3.777778 0.000000 0.000000 -1
0 -10.043517 17.285463 3.777778 0.000000 0.000000 -1
0 -6.706483 17.285463 3.777778 0.000000 0.000000 -1
0 -6.855099 17.669886 3.777778 0.000000 0.000000 -1
0 -9.894900 20.580112 3.277778 0.000000 0.000000 -1
0 -6.855099 20.580112 3.277778 0.000000 0.000000 -1
0 -6.706483 20.964539 2.777778 0.000000 0.000000 -1
0 -10.043517 20.964539 2.777778 0.000000 0.000000 -1
0 -9.894900 17.669886 3.277778 0.000000 0.000000 -1
0 -10.043517 17.285463 2.777778 0.000000 0.000000 -1
0 -6.855099 17.669886 3.277778 0.000000 0.000000 -1
0 -6.706483 17.285463 2.777778 0.000000 0.000000 -1
0 -10.043517 26.339539 3.777778 0.000000 0.000000 -1
0 -9.894900 25.955112 3.777778 0.000000 0.000000 -1
0 -6.855099 25.955112 3.777778 0.000000 0.000000 -1
0 -6.706483 26.339539 3.777778 0.000000 0.000000 -1
0 -9.894900 23.044886 3.777778 0.000000 0.000000 -1
0 -10.043517 22.660463 3.777778 0.000000 0.000000 -1
0 -6.706483 22.660463 3.777778 0.000000 0.000000 -1
0 -6.855099 23.044886 3.777778 0.000000 0.000000 -1
0 -9.894900 25.955112 3.277778 0.000000 0.000000 -1
0 -6.855099 25.955112 3.277778 0.000000 0.000000 -1
0 -6.706483 26.339539 2.777778 0.000000 0.000000 -1
0 -10.043517 26.339539 2.777778 0.000000 0.000000 -1
0 -9.894900 23.044886 3.277778 0.000000 0.000000 -1
0 -10.043517 22.660463 2.777778 0.000000 0.000000 -1
0 -6.855099 23.044886 3.277778 0.000000 0.000000 -1
0 -6.706483 22.660463 2.777778 0.000000 0.000000 -1
0 -10.043517 10.839539 3.777778 0.000000 0.000000 -1
0 -9.894900 10.455112 3.777778 0.000000 0.000000 -1
0 -6.855099 10.455112 3.777778 0.000000 0.000000 -1
0 -6.706483 10.839539 3.777778 0.000000 0.000000 -1
0 -9.894900 7.544886 3.777778 0.000000 0.000000 -1
0 -10.043517 7.160463 3.777778 0.000000 0.000000 -1
0 -6.706483 7.160463 3.777778 0.000000 0.000000 -1
0 -6.855099 7.544886 3.777778 0.000000 0.000000 -1
0 -9.894900 10.455112 3.277778 0.000000 0.000000 -1
0 -6.855099 10.455112 3.277778 0.000000 0.000000 -1
0 -6.706483 10.839539 2.777778 0.000000 0.000000 -1
0 -10.043517 10.839539 2.777778 0.000000 0.000000 -1
0 -9.894900 7.544886 3.277778 0.000000 0.000000 -1
0 -10.043517 7.160463 2.777778 0.000000 0.000000 -1
0 -6.855099 7.544886 3.277778 0.000000 0.000000 -1
0 -6.706483 7.160463 2.777778 0.000000 0.000000 -1
0 -3.000000 8.506573 1.000000 0.000000 0.000000 -1
0 -2.554645 7.984131 1.000000 0.000000 0.000000 -1
0 12.304645 7.984131 1.000000 0.000000 0.000000 -1
0 12.750000 8.506573 1.000000 0.000000 0.000000 -1
0 -2.554645 4.029022 1.000000 0.000000 0.000000 -1
0 -3.000000 3.506579 1.000000 0.000000 0.000000 -1
0 12.750000 3.506579 1.000000 0.000000 0.000000 -1
0 12.304645 4.029022 1.000000 0.000000 0.000000 -1
0 -2.554645 7.984131 0.500000 0.000000 0.000000 -1
0 12.304645 7.984131 0.500000 0.000000 0.000000 -1
0 12.750000 8.506573 0.000000 0.000000 0.000000 -1
0 -3.000000 8.506573 0.000000 0.000000 0.000000 -1
0 -2.554645 4.029022 0.500000 0.000000 0.000000 -1
0 -3.000000 3.506579 0.000000 0.000000 0.000000 -1
0 12.304645 4.029022 0.500000 0.000000 0.000000 -1
0 12.750000 3.506579 0.000000 0.000000 0.000000 -1
58
0.000000 1.000000 0.000000
0.780869 0.000000 -0.624695
0.624695 0.000000 -0.780869
0.686557 0.000000 -0.727076
0.343279 0.000000 -0.939234
-0.490875 0.000000 -0.871230
-0.981750 0.000000 -0.190178
-0.813733 0.000000 0.581238
-0.581238 0.000000 0.813733
0.305393 0.000000 -0.952226
0.152697 0.000000 -0.988273
-0.213265 0.000000 0.976995
-0.106632 0.000000 0.994299
-0.152697 0.000000 -0.988273
-0.305393 0.000000 -0.952226
0.152697 0.000000 0.988273
0.305393 0.000000 0.952226
-0.624695 0.000000 -0.780869
-0.780869 0.000000 -0.624695
0.593121 0.000000 0.805114
0.725329 0.000000 0.688402
-0.952226 0.000000 -0.305393
-0.988273 0.000000 -0.152697
0.923156 0.000000 0.384426
0.981353 0.000000 0.192213
0.447214 0.000000 -0.894427
0.894427 0.000000 -0.447214
-0.447214 0.000000 -0.894427
-0.894427 0.000000 -0.447214
-0.707107 0.707107 0.000000
-0.355051 0.934847 0.000000
-0.816497 0.408248 0.408248
-0.214187 0.953021 -0.214187
0.000000 0.000000 1.000000
-0.447214 0.894427 0.000000
-0.894427 0.447214 0.000000
-0.235702 0.942809 0.235702
-0.577350 -0.577350 0.577350
-0.447214 -0.894427 0.000000
0.447214 -0.894427 0.000000
0.894427 -0.447214 0.000000
-0.894427 -0.447214 0.000000
0.894427 0.447214 0.000000
0.447214 0.894427 0.000000
-0.242536 0.970142 0.000000
-0.707107 -0.707107 0.000000
-1.000000 0.000000 0.000000
0.000000 0.316228 -0.948683
0.000000 0.554700 -0.832050
0.000000 -0.447214 -0.894427
0.000000 -0.894427 -0.447214
0.000000 0.447214 0.894427
0.000000 -0.894427 0.447214
0.000000 0.447214 -0.894427
0.000000 0.894427 -0.447214
0.000000 -0.316228 -0.948683
0.000000 -0.554700 -0.832050
0.000000 -1.000000 0.000000
446
0 0 1 2 0 0 0 1
0 1 0 3 0 0 0 1
0 4 5 1 0 0 0 1
0 1 3 4 0 0 0 1
0 4 6 5 0 0 0 1
0 6 4 7 0 0 0 1
0 7 8 6 0 0 0 1
0 8 7 9 0 0 0 1
0 9 10 8 0 0 0 1
0 10 9 11 0 0 0 1
0 12 13 10 0 0 0 1
0 10 11 12 0 0 0 1
0 1 14 15 1 2 3 2
0 1 15 2 1 3 4 2
0 2 15 16 4 3 5 2
0 2 16 0 4 5 6 2
0 0 16 17 6 5 7 2
0 0 17 3 6 7 8 2
0 5 18 14 9 10 2 2
0 5 14 1 9 2 1 2
0 3 17 19 8 7 11 2
0 3 19 4 8 11 12 2
0 6 20 18 13 14 10 2
0 6 18 5 13 10 9 2
0 4 19 21 12 11 15 2
0 4 21 7 12 15 16 2
0 8 22 20 17 18 14 2
0 8 20 6 17 14 13 2
0 7 21 23 16 15 19 2
0 7 23 9 16 19 20 2
0 10 24 22 21 22 18 2
0 10 22 8 21 18 17 2
0 9 23 25 20 19 23 2
0 9 25 11 20 23 24 2
0 12 26 27 25 26 27 2
0 12 27 13 25 27 28 2
0 13 27 24 28 27 22 2
0 13 24 10 28 22 21 2
0 11 25 26 24 23 26 2
0 11 26 12 24 26 25 2
0 28 29 30 0 0 0 1
0 29 28 31 0 0 0 1
0 32 33 29 0 0 0 1
0 29 31 32 0 0 0 1
0 32 34 33 0 0 0 1
0 34 32 35 0 0 0 1
0 35 36 34 0 0 0 1
0 36 35 37 0 0 0 1
0 37 38 36 0 0 0 1
0 38 37 39 0 0 0 1
0 40 41 38 0 0 0 1
0 38 39 40 0 0 0 1
0 29 42 43 1 2 3 2
0 29 43 30 1 3 4 2
0 30 43 44 4 3 5 2
0 30 44 28 4 5 6 2
0 28 44 45 6 5 7 2
0 28 45 31 6 7 8 2
0 33 46 42 9 10 2 2
0 33 42 29 9 2 1 2
0 31 45 47 8 7 11 2
0 31 47 32 8 11 12 2
0 34 48 46 13 14 10 2
0 34 46 33 13 10 9 2
0 32 47 49 12 11 15 2
0 32 49 35 12 15 16 2
0 36 50 48 17 18 14 2
0 36 48 34 17 14 13 2
0 35 49 51 16 15 19 2
0 35 51 37 16 19 20 2
0 38 52 50 21 22 18 2
0 38 50 36 21 18 17 2
0 37 51 53 20 19 23 2
0 37 53 39 20 23 24 2
0 40 54 55 25 26 27 2
0 40 55 41 25 27 28 2
0 41 55 52 28 27 22 2
0 41 52 38 28 22 21 2
0 39 53 54 24 23 26 2
0 39 54 40 24 26 25 2
0 56 57 58 29 30 31 1
0 57 56 59 30 29 32 1
0 60 61 57 0 0 30 1
0 57 59 60 30 32 0 1
0 60 62 61 0 0 0 1
0 62 60 63 0 0 0 1
0 63 64 62 0 0 0 1
0 64 63 65 0 0 0 1
0 65 66 64 0 0 0 1
0 66 65 67 0 0 0 1
0 68 69 66 0 0 0 1
0 66 67 68 0 0 0 1
0 57 70 71 1 2 3 2
0 57 71 58 1 3 4 2
0 58 71 72 4 3 5 2
0 58 72 56 4 5 6 2
0 56 72 73 6 5 7 2
0 56 73 59 6 7 8 2
0 61 74 70 9 10 2 2
0 61 70 57 9 2 1 2
0 59 73 75 8 7 11 2
0 59 75 60 8 11 12 2
0 62 76 74 13 14 10 2
0 62 74 61 13 10 9 2
0 60 75 77 12 11 15 2
0 60 77 63 12 15 16 2
0 64 78 76 17 18 14 2
0 64 76 62 17 14 13 2
0 63 77 79 16 15 19 2
0 63 79 65 16 19 20 2
0 66 80 78 21 22 18 2
0 66 78 64 21 18 17 2
0 65 79 81 20 19 23 2
0 65 81 67 20 23 24 2
0 68 82 83 25 26 27 2
0 68 83 69 25 27 28 2
0 69 83 80 28 27 22 2
0 69 80 66 28 22 21 2
0 67 81 82 24 23 26 2
0 67 82 68 24 26 25 2
0 84 85 86 0 0 0 1
0 85 84 87 0 0 0 1
0 88 89 85 0 0 0 1
0 85 87 88 0 0 0 1
0 88 90 89 0 0 0 1
0 90 88 91 0 0 0 1
0 91 92 90 0 0 0 1
0 92 91 93 0 0 0 1
0 93 94 92 0 0 0 1
0 94 93 95 0 0 0 1
0 96 97 94 0 0 0 1
0 94 95 96 0 0 0 1
0 85 98 99 1 2 3 2
0 85 99 86 1 3 4 2
0 86 99 100 4 3 5 2
0 86 100 84 4 5 6 2
0 84 100 101 6 5 7 2
0 84 101 87 6 7 8 2
0 89 102 98 9 10 2 2
0 89 98 85 9 2 1 2
0 87 101 103 8 7 11 2
0 87 103 88 8 11 12 2
0 90 104 102 13 14 10 2
0 90 102 89 13 10 9 2
0 88 103 105 12 11 15 2
0 88 105 91 12 15 16 2
0 92 106 104 17 18 14 2
0 92 104 90 17 14 13 2
0 91 105 107 16 15 19 2
0 91 107 93 16 19 20 2
0 94 108 106 21 22 18 2
0 94 106 92 21 18 17 2
0 93 107 109 20 19 23 2
0 93 109 95 20 23 24 2
0 96 110 111 25 26 27 2
0 96 111 97 25 27 28 2
0 97 111 108 28 27 22 2
0 97 108 94 28 22 21 2
0 95 109 110 24 23 26 2
0 95 110 96 24 26 25 2
0 112 113 114 33 33 33 1
0 112 115 113 33 33 33 1
0 116 113 115 33 33 33 1
0 117 116 115 33 33 33 1
0 117 118 119 33 33 33 1
0 116 117 119 33 33 33 1
0 113 120 121 34 35 36 2
0 113 121 114 34 36 35 2
0 114 121 122 35 36 37 2
0 114 122 112 35 37 38 2
0 112 122 123 38 37 39 2
0 112 123 115 38 39 40 2
0 116 124 120 41 38 35 2
0 116 120 113 41 35 34 2
0 115 123 125 40 39 42 2
0 115 125 117 40 42 43 2
0 117 125 126 43 42 44 2
0 117 126 118 43 44 35 2
0 118 126 127 35 44 45 2
0 118 127 119 35 45 38 2
0 119 127 124 38 45 38 2
0 119 124 116 38 38 41 2
0 128 129 121 46 46 46 1
0 122 121 129 46 46 46 1
0 128 130 131 47 48 49 2
0 128 131 129 47 49 50 2
0 121 132 130 36 51 48 2
0 121 130 128 36 48 47 2
0 122 133 132 37 52 51 2
0 122 132 121 37 51 36 2
0 129 131 133 50 49 52 2
0 129 133 122 50 52 37 2
0 134 135 126 46 46 46 1
0 127 126 135 46 46 46 1
0 134 136 137 53 54 55 2
0 134 137 135 53 55 56 2
0 126 138 136 44 0 54 2
0 126 136 134 44 54 53 2
0 135 137 139 56 55 57 2
0 135 139 127 56 57 45 2
0 135 128 140 46 46 46 1
0 141 135 140 46 46 46 1
0 135 137 130 56 55 48 2
0 135 130 128 56 48 47 2
0 140 142 143 33 33 33 2
0 140 143 141 33 33 33 2
0 144 145 146 33 33 33 1
0 146 147 144 33 33 33 1
0 148 145 144 33 33 33 1
0 148 144 149 33 33 33 1
0 150 151 148 33 33 33 1
0 149 150 148 33 33 33 1
0 147 146 151 33 33 33 1
0 150 147 151 33 33 33 1
0 152 152 153 40 40 38 2
0 152 153 153 40 38 38 2
0 154 154 155 42 42 34 2
0 154 155 155 42 34 34 2
0 156 156 152 43 43 40 2
0 156 152 152 43 40 40 2
0 155 155 157 34 34 41 2
0 155 157 157 34 41 41 2
0 158 158 156 35 35 43 2
0 158 156 156 35 43 43 2
0 157 157 159 41 41 39 2
0 157 159 159 41 39 39 2
0 153 153 158 38 38 35 2
0 153 158 158 38 35 35 2
0 159 159 154 39 39 42 2
0 159 154 154 39 42 42 2
0 145 152 153 39 40 38 2
0 145 153 146 39 38 41 2
0 147 154 155 43 42 34 2
0 147 155 144 43 34 35 2
0 148 156 152 42 43 40 2
0 148 152 145 42 40 39 2
0 144 155 157 35 34 41 2
0 144 157 149 35 41 38 2
0 151 158 156 34 35 43 2
0 151 156 148 34 43 42 2
0 149 157 159 38 41 39 2
0 149 159 150 38 39 40 2
0 146 153 158 41 38 35 2
0 146 158 151 41 35 34 2
0 150 159 154 40 39 42 2
0 150 154 147 40 42 43 2
0 160 161 162 33 33 33 1
0 162 163 160 33 33 33 1
0 164 161 160 33 33 33 1
0 164 160 165 33 33 33 1
0 166 167 164 33 33 33 1
0 165 166 164 33 33 33 1
0 163 162 167 33 33 33 1
0 166 163 167 33 33 33 1
0 168 168 169 40 40 38 2
0 168 169 169 40 38 38 2
0 170 170 171 42 42 34 2
0 170 171 171 42 34 34 2
0 172 172 168 43 43 40 2
0 172 168 168 43 40 40 2
0 171 171 173 34 34 41 2
0 171 173 173 34 41 41 2
0 174 174 172 35 35 43 2
0 174 172 172 35 43 43 2
0 173 173 175 41 41 39 2
0 173 175 175 41 39 39 2
0 169 169 174 38 38 35 2
0 169 174 174 38 35 35 2
0 175 175 170 39 39 42 2
0 175 170 170 39 42 42 2
0 161 168 169 39 40 38 2
0 161 169 162 39 38 41 2
0 163 170 171 43 42 34 2
0 163 171 160 43 34 35 2
0 164 172 168 42 43 40 2
0 164 168 161 42 40 39 2
0 160 171 173 35 34 41 2
0 160 173 165 35 41 38 2
0 167 174 172 34 35 43 2
0 167 172 164 34 43 42 2
0 165 173 175 38 41 39 2
0 165 175 166 38 39 40 2
0 162 169 174 41 38 35 2
0 162 174 167 41 35 34 2
0 166 175 170 40 39 42 2
0 166 170 163 40 42 43 2
0 176 177 178 33 33 33 1
0 178 179 176 33 33 33 1
0 180 177 176 33 33 33 1
0 180 176 181 33 33 33 1
0 182 183 180 33 33 33 1
0 181 182 180 33 33 33 1
0 179 178 183 33 33 33 1
0 182 179 183 33 33 33 1
0 184 184 185 40 40 38 2
0 184 185 185 40 38 38 2
0 186 186 187 42 42 34 2
0 186 187 187 42 34 34 2
0 188 188 184 43 43 40 2
0 188 184 184 43 40 40 2
0 187 187 189 34 34 41 2
0 187 189 189 34 41 41 2
0 190 190 188 35 35 43 2
0 190 188 188 35 43 43 2
0 189 189 191 41 41 39 2
0 189 191 191 41 39 39 2
0 185 185 190 38 38 35 2
0 185 190 190 38 35 35 2
0 191 191 186 39 39 42 2
0 191 186 186 39 42 42 2
0 177 184 185 39 40 38 2
0 177 185 178 39 38 41 2
0 179 186 187 43 42 34 2
0 179 187 176 43 34 35 2
0 180 188 184 42 43 40 2
0 180 184 177 42 40 39 2
0 176 187 189 35 34 41 2
0 176 189 181 35 41 38 2
0 183 190 188 34 35 43 2
0 183 188 180 34 43 42 2
0 181 189 191 38 41 39 2
0 181 191 182 38 39 40 2
0 178 185 190 41 38 35 2
0 178 190 183 41 35 34 2
0 182 191 186 40 39 42 2
0 182 186 179 40 42 43 2
0 192 193 194 33 33 33 1
0 194 195 192 33 33 33 1
0 196 193 192 33 33 33 1
0 196 192 197 33 33 33 1
0 198 199 196 33 33 33 1
0 197 198 196 33 33 33 1
0 195 194 199 33 33 33 1
0 198 195 199 33 33 33 1
0 200 200 201 40 40 38 2
0 200 201 201 40 38 38 2
0 202 202 203 42 42 34 2
0 202 203 203 42 34 34 2
0 204 204 200 43 43 40 2
0 204 200 200 43 40 40 2
0 203 203 205 34 34 41 2
0 203 205 205 34 41 41 2
0 206 206 204 35 35 43 2
0 206 204 204 35 43 43 2
0 205 205 207 41 41 39 2
0 205 207 207 41 39 39 2
0 201 201 206 38 38 35 2
0 201 206 206 38 35 35 2
0 207 207 202 39 39 42 2
0 207 202 202 39 42 42 2
0 193 200 201 39 40 38 2
0 193 201 194 39 38 41 2
0 195 202 203 43 42 34 2
0 195 203 192 43 34 35 2
0 196 204 200 42 43 40 2
0 196 200 193 42 40 39 2
0 192 203 205 35 34 41 2
0 192 205 197 35 41 38 2
0 199 206 204 34 35 43 2
0 199 204 196 34 43 42 2
0 197 205 207 38 41 39 2
0 197 207 198 38 39 40 2
0 194 201 206 41 38 35 2
0 194 206 199 41 35 34 2
0 198 207 202 40 39 42 2
0 198 202 195 40 42 43 2
0 208 209 210 33 33 33 1
0 210 211 208 33 33 33 1
0 212 209 208 33 33 33 1
0 212 208 213 33 33 33 1
0 214 215 212 33 33 33 1
0 213 214 212 33 33 33 1
0 211 210 215 33 33 33 1
0 214 211 215 33 33 33 1
0 216 216 217 40 40 38 2
0 216 217 217 40 38 38 2
0 218 218 219 42 42 34 2
0 218 219 219 42 34 34 2
0 220 220 216 43 43 40 2
0 220 216 216 43 40 40 2
0 219 219 221 34 34 41 2
0 219 221 221 34 41 41 2
0 222 222 220 35 35 43 2
0 222 220 220 35 43 43 2
0 221 221 223 41 41 39 2
0 221 223 223 41 39 39 2
0 217 217 222 38 38 35 2
0 217 222 222 38 35 35 2
0 223 223 218 39 39 42 2
0 223 218 218 39 42 42 2
0 209 216 217 39 40 38 2
0 209 217 210 39 38 41 2
0 211 218 219 43 42 34 2
0 211 219 208 43 34 35 2
0 212 220 216 42 43 40 2
0 212 216 209 42 40 39 2
0 208 219 221 35 34 41 2
0 208 221 213 35 41 38 2
0 215 222 220 34 35 43 2
0 215 220 212 34 43 42 2
0 213 221 223 38 41 39 2
0 213 223 214 38 39 40 2
0 210 217 222 41 38 35 2
0 210 222 215 41 35 34 2
0 214 223 218 40 39 42 2
0 214 218 211 40 42 43 2
0 224 225 226 33 33 33 1
0 226 227 224 33 33 33 1
0 228 225 224 33 33 33 1
0 228 224 229 33 33 33 1
0 230 231 228 33 33 33 1
0 229 230 228 33 33 33 1
0 227 226 231 33 33 33 1
0 230 227 231 33 33 33 1
0 232 232 233 40 40 38 2
0 232 233 233 40 38 38 2
0 234 234 235 42 42 34 2
0 234 235 235 42 34 34 2
0 236 236 232 43 43 40 2
0 236 232 232 43 40 40 2
0 235 235 237 34 34 41 2
0 235 237 237 34 41 41 2
0 238 238 236 35 35 43 2
0 238 236 236 35 43 43 2
0 237 237 239 41 41 39 2
0 237 239 239 41 39 39 2
0 233 233 238 38 38 35 2
0 233 238 238 38 35 35 2
0 239 239 234 39 39 42 2
0 239 234 234 39 42 42 2
0 225 232 233 39 40 38 2
0 225 233 226 39 38 41 2
0 227 234 235 43 42 34 2
0 227 235 224 43 34 35 2
0 228 236 232 42 43 40 2
0 228 232 225 42 40 39 2
0 224 235 237 35 34 41 2
0 224 237 229 35 41 38 2
0 231 238 236 34 35 43 2
0 231 236 228 34 43 42 2
0 229 237 239 38 41 39 2
0 229 239 230 38 39 40 2
0 226 233 238 41 38 35 2
0 226 238 231 41 35 34 2
0 230 239 234 40 39 42 2
0 230 234 227 40 42 43 2

Materials: 3
"Blz"
0.200000 0.200000 0.200000 1.000000
0.800000 0.800000 0.800000 1.000000
0.000000 0.000000 0.000000 1.000000
0.000000 0.000000 0.000000 1.000000
0.000000
1.000000
"..\Image\brick01.tga"
""
"Blz_Other"
0.200000 0.200000 0.200000 1.000000
0.800000 0.800000 0.800000 1.000000
0.000000 0.000000 0.000000 1.000000
0.000000 0.000000 0.000000 1.000000
0.000000
1.000000
"..\Image\Blz_Round_Gate_Windows.tga"
""
"Windows"
0.200000 0.200000 0.200000 1.000000
0.800000 0.800000 0.800000 1.000000
0.000000 0.000000 0.000000 1.000000
0.000000 0.000000 0.000000 1.000000
0.000000
1.000000
"..\Image\window.tga"
""

Bones: 0
GroupComments: 0
MaterialComments: 0
BoneComments: 0
ModelComment: 0
