// MilkShape 3D ASCII

Frames: 30
Frame: 1

Meshes: 4
"1_Blz" 0 0
54
0 -5.000000 12.000000 1.000000 1.805556 1.407937 -1
0 -16.000000 12.061279 1.000000 0.277778 1.415103 -1
0 -15.875000 -0.038696 1.000000 0.295139 0.000000 -1
0 -12.000000 0.000000 1.000000 0.833333 0.004526 -1
0 -5.000000 12.000000 -3.000000 1.805556 1.407937 -1
0 -16.000000 12.061307 -3.000000 0.277778 1.415106 -1
0 -15.875000 -0.038692 -3.000000 0.295139 0.000000 -1
0 -12.000000 0.000000 -3.000000 0.833333 0.004526 -1
0 -5.000000 12.000000 -11.000000 1.805556 1.407937 -1
0 -16.000000 12.061279 -11.000000 0.277778 1.415103 -1
0 -15.875000 -0.038696 -11.000000 0.295139 0.000000 -1
0 -12.000000 0.000000 -11.000000 0.833333 0.004526 -1
0 -5.000000 12.000000 -15.000000 1.805556 1.407937 -1
0 -16.000000 12.061307 -15.000000 0.277778 1.415106 -1
0 -15.875000 -0.038692 -15.000000 0.295139 0.000000 -1
0 -12.000000 0.000000 -15.000000 0.833333 0.004526 -1
0 15.875000 -0.038696 1.000000 4.704861 0.000000 -1
0 16.000000 12.061279 1.000000 4.722222 1.415103 -1
0 5.000000 12.000000 1.000000 3.194444 1.407937 -1
0 12.000000 0.000000 1.000000 4.166667 0.004526 -1
0 16.000000 12.061307 -3.000000 4.722222 1.415106 -1
0 5.000000 12.000000 -3.000000 3.194444 1.407937 -1
0 15.875000 -0.038692 -3.000000 4.704861 0.000000 -1
0 12.000000 0.000000 -3.000000 4.166667 0.004526 -1
0 15.875000 -0.038696 -11.000000 4.704861 0.000000 -1
0 16.000000 12.061279 -11.000000 4.722222 1.415103 -1
0 5.000000 12.000000 -11.000000 3.194444 1.407937 -1
0 12.000000 0.000000 -11.000000 4.166667 0.004526 -1
0 16.000000 12.061307 -15.000000 4.722222 1.415106 -1
0 5.000000 12.000000 -15.000000 3.194444 1.407937 -1
0 15.875000 -0.038692 -15.000000 4.704861 0.000000 -1
0 12.000000 0.000000 -15.000000 4.166667 0.004526 -1
0 -10.000000 40.714283 0.928572 1.111111 4.766098 -1
0 -17.000000 33.285717 0.928572 0.138889 3.897321 -1
0 -16.020527 33.557117 0.911196 0.274927 3.929061 -1
0 17.000000 33.285717 0.928572 4.861111 3.897321 -1
0 7.000000 40.714283 0.928572 3.472222 4.766098 -1
0 16.008575 33.485691 0.946100 4.723413 3.920708 -1
0 15.000000 11.969116 -15.982483 4.583333 1.404325 -1
0 -15.000000 11.969116 -15.982483 0.416667 1.404325 -1
0 -14.991150 32.557079 -16.017395 0.417896 3.812106 -1
0 15.053650 32.557079 -16.017395 4.590785 3.812106 -1
0 -14.999999 11.969101 0.946100 0.416667 1.404323 -1
0 -14.991121 32.557125 0.911196 0.417900 3.812111 -1
0 15.053621 32.557125 0.911196 4.590781 3.812111 -1
0 14.999999 11.969101 0.946100 4.583333 1.404323 -1
0 15.991122 33.485691 -16.017376 4.720989 3.920708 -1
0 7.000000 41.714283 -16.000000 3.472222 4.883049 -1
0 18.000000 33.285717 -16.000000 5.000000 3.897321 -1
0 -18.000000 33.285717 -16.000000 0.000000 3.897321 -1
0 -10.000000 41.714283 -16.000000 1.111111 4.883049 -1
0 -16.037983 33.557117 -15.982471 0.272502 3.929061 -1
0 -2.000000 42.714283 -16.000000 2.222222 5.000000 -1
0 -2.000000 41.714283 0.928572 2.222222 4.883049 -1
39
0.000000 0.000000 1.000000
0.504817 0.863226 0.000004
0.999990 -0.004476 0.000000
-0.445046 0.895508 0.000003
-0.897615 0.440780 0.000003
-0.889791 -0.456368 -0.000000
-0.438198 -0.898878 -0.000000
0.654402 -0.756147 0.000000
0.332842 -0.942983 -0.000000
0.445046 0.895508 0.000003
-0.999990 -0.004476 0.000000
-0.504817 0.863226 0.000004
0.897615 0.440780 0.000003
0.889791 -0.456368 -0.000000
0.438198 -0.898878 -0.000000
-0.332842 -0.942983 -0.000000
-0.654402 -0.756147 0.000000
0.012169 -0.012664 0.999846
0.023996 -0.022612 0.999456
0.005763 -0.006512 0.999962
0.024249 0.032643 0.999173
0.007656 0.010643 0.999914
0.011583 0.016860 0.999791
0.000000 -0.001696 -0.999999
-1.000000 0.000431 0.000001
-1.000000 0.000431 0.000002
-1.000000 0.000430 0.000000
0.999997 -0.002605 0.000001
0.999997 -0.002605 0.000000
0.999997 -0.002606 0.000002
0.000000 0.001695 0.999999
0.002231 0.003887 -0.999990
0.005104 0.007688 -0.999957
0.009940 0.012972 -0.999866
0.010283 -0.009760 -0.999900
0.003000 -0.003196 -0.999990
0.004595 -0.005550 -0.999974
0.000039 0.001959 -0.999998
0.000070 -0.002251 0.999997
58
0 0 1 2 0 0 0 1
0 3 0 2 0 0 0 1
0 0 4 5 1 2 3 2
0 0 5 1 1 3 4 2
0 1 5 6 4 3 5 2
0 1 6 2 4 5 6 2
0 3 7 4 7 8 2 2
0 3 4 0 7 2 1 2
0 2 6 7 6 5 8 2
0 2 7 3 6 8 7 2
0 8 9 10 0 0 0 1
0 11 8 10 0 0 0 1
0 8 12 13 1 2 3 2
0 8 13 9 1 3 4 2
0 9 13 14 4 3 5 2
0 9 14 10 4 5 6 2
0 11 15 12 7 8 2 2
0 11 12 8 7 2 1 2
0 10 14 15 6 5 8 2
0 10 15 11 6 8 7 2
0 16 17 18 0 0 0 1
0 16 18 19 0 0 0 1
0 20 21 18 9 10 11 2
0 17 20 18 12 9 11 2
0 22 20 17 13 9 12 2
0 16 22 17 14 13 12 2
0 21 23 19 10 15 16 2
0 18 21 19 11 10 16 2
0 23 22 16 15 13 14 2
0 19 23 16 16 15 14 2
0 24 25 26 0 0 0 1
0 24 26 27 0 0 0 1
0 28 29 26 9 10 11 2
0 25 28 26 12 9 11 2
0 30 28 25 13 9 12 2
0 24 30 25 14 13 12 2
0 29 31 27 10 15 16 2
0 26 29 27 11 10 16 2
0 31 30 24 15 13 14 2
0 27 31 24 16 15 14 2
0 32 33 34 17 18 19 1
0 35 36 37 20 21 22 1
0 38 39 40 23 23 23 1
0 40 41 38 23 23 23 1
0 42 43 40 24 25 24 2
0 39 42 40 26 24 24 2
0 44 45 38 27 28 27 2
0 41 44 38 29 27 27 2
0 43 42 45 30 30 30 1
0 43 45 44 30 30 30 1
0 46 47 48 31 32 33 1
0 49 50 51 34 35 36 1
0 50 46 51 35 31 36 1
0 46 50 52 31 35 37 1
0 46 52 47 31 37 32 1
0 36 34 37 21 19 22 1
0 36 53 34 21 38 19 1
0 53 32 34 38 17 19 1
"1_Blz_Windows" 0 2
90
0 5.715521 14.647614 2.198842 0.000000 0.000000 -1
0 11.038472 14.647614 2.198842 0.000000 0.000000 -1
0 5.715521 17.817463 2.198842 0.000000 0.000000 -1
0 11.038472 17.817463 2.198842 0.000000 0.000000 -1
0 -15.832272 18.213680 -12.607951 0.000000 0.000000 -1
0 -15.832272 17.817463 -11.847531 0.000000 0.000000 -1
0 -15.832272 17.817463 -6.524565 0.000000 0.000000 -1
0 -15.318733 17.817463 -11.847531 0.000000 0.000000 -1
0 -15.318733 17.817463 -6.524565 0.000000 0.000000 -1
0 -15.318733 14.647614 -11.847531 0.000000 0.000000 -1
0 -15.318733 14.647614 -6.524565 0.000000 0.000000 -1
0 -15.318733 24.288052 -6.583388 0.000000 0.000000 -1
0 -15.318733 21.118202 -11.906354 0.000000 0.000000 -1
0 -15.318733 21.118202 -6.583388 0.000000 0.000000 -1
0 -15.318733 24.288052 -11.906354 0.000000 0.000000 -1
0 -15.318733 30.699810 -6.701035 0.000000 0.000000 -1
0 -15.318733 27.529966 -12.024001 0.000000 0.000000 -1
0 -15.318733 27.529966 -6.701035 0.000000 0.000000 -1
0 -15.318733 30.699810 -12.024001 0.000000 0.000000 -1
0 -5.021763 31.142872 3.784548 0.000000 0.000000 -1
0 -8.593443 31.142872 3.784548 0.000000 0.000000 -1
0 -5.021763 26.857622 3.784548 0.000000 0.000000 -1
0 -8.593443 26.857622 3.784548 0.000000 0.000000 -1
0 -0.687628 31.142872 2.205119 0.000000 0.000000 -1
0 -3.924666 31.142872 3.578628 0.000000 0.000000 -1
0 -0.687628 26.857622 2.205119 0.000000 0.000000 -1
0 -3.924666 26.857622 3.578628 0.000000 0.000000 -1
0 -9.652020 31.138866 3.584493 0.000000 0.000000 -1
0 -12.889063 31.138866 2.210984 0.000000 0.000000 -1
0 -9.652020 26.853609 3.584493 0.000000 0.000000 -1
0 -12.889063 26.853609 2.210984 0.000000 0.000000 -1
0 -5.021763 24.789938 3.784548 0.000000 0.000000 -1
0 -8.593443 24.789938 3.784548 0.000000 0.000000 -1
0 -5.021763 20.504683 3.784548 0.000000 0.000000 -1
0 -8.593443 20.504683 3.784548 0.000000 0.000000 -1
0 -0.687628 24.789938 2.205119 0.000000 0.000000 -1
0 -3.924666 24.789938 3.578628 0.000000 0.000000 -1
0 -0.687628 20.504683 2.205119 0.000000 0.000000 -1
0 -3.924666 20.504683 3.578628 0.000000 0.000000 -1
0 -9.652020 24.785933 3.584493 0.000000 0.000000 -1
0 -12.889063 24.785933 2.210984 0.000000 0.000000 -1
0 -9.652020 20.500669 3.584493 0.000000 0.000000 -1
0 -12.889063 20.500669 2.210984 0.000000 0.000000 -1
0 -5.080586 18.495811 3.784548 0.000000 0.000000 -1
0 -8.652267 18.495811 3.784548 0.000000 0.000000 -1
0 -5.080586 14.210566 3.784548 0.000000 0.000000 -1
0 -8.652267 14.210566 3.784548 0.000000 0.000000 -1
0 -0.746452 18.495811 2.205119 0.000000 0.000000 -1
0 -3.983490 18.495811 3.578628 0.000000 0.000000 -1
0 -0.746452 14.210566 2.205119 0.000000 0.000000 -1
0 -3.983490 14.210566 3.578628 0.000000 0.000000 -1
0 -9.710843 18.491806 3.584493 0.000000 0.000000 -1
0 -12.947886 18.491806 2.210984 0.000000 0.000000 -1
0 -9.710843 14.206553 3.584493 0.000000 0.000000 -1
0 -12.947886 14.206553 2.210984 0.000000 0.000000 -1
0 5.774344 21.118202 2.198842 0.000000 0.000000 -1
0 11.097296 21.118202 2.198842 0.000000 0.000000 -1
0 5.774344 24.288052 2.198842 0.000000 0.000000 -1
0 11.097296 24.288052 2.198842 0.000000 0.000000 -1
0 5.891992 27.529966 2.198842 0.000000 0.000000 -1
0 11.214943 27.529966 2.198842 0.000000 0.000000 -1
0 5.891992 30.699810 2.198842 0.000000 0.000000 -1
0 11.214943 30.699810 2.198842 0.000000 0.000000 -1
0 0.742943 38.689083 3.784548 0.000000 0.000000 -1
0 -2.828736 38.689083 3.784548 0.000000 0.000000 -1
0 0.742943 34.403835 3.784548 0.000000 0.000000 -1
0 -2.828736 34.403835 3.784548 0.000000 0.000000 -1
0 5.077078 38.689083 2.205119 0.000000 0.000000 -1
0 1.840040 38.689083 3.578628 0.000000 0.000000 -1
0 5.077078 34.403835 2.205119 0.000000 0.000000 -1
0 1.840040 34.403835 3.578628 0.000000 0.000000 -1
0 -3.887313 38.685078 3.584493 0.000000 0.000000 -1
0 -7.124357 38.685078 2.210984 0.000000 0.000000 -1
0 -3.887313 34.399822 3.584493 0.000000 0.000000 -1
0 -7.124357 34.399822 2.210984 0.000000 0.000000 -1
0 15.832272 17.817463 -6.524565 0.000000 0.000000 -1
0 15.832272 17.817463 -11.847531 0.000000 0.000000 -1
0 15.832272 18.213680 -12.607951 0.000000 0.000000 -1
0 15.318733 17.817463 -11.847531 0.000000 0.000000 -1
0 15.318733 14.647614 -6.524565 0.000000 0.000000 -1
0 15.318733 14.647614 -11.847531 0.000000 0.000000 -1
0 15.318733 17.817463 -6.524565 0.000000 0.000000 -1
0 15.318733 21.118202 -6.583388 0.000000 0.000000 -1
0 15.318733 21.118202 -11.906354 0.000000 0.000000 -1
0 15.318733 24.288052 -6.583388 0.000000 0.000000 -1
0 15.318733 24.288052 -11.906354 0.000000 0.000000 -1
0 15.318733 27.529966 -6.701035 0.000000 0.000000 -1
0 15.318733 27.529966 -12.024001 0.000000 0.000000 -1
0 15.318733 30.699810 -6.701035 0.000000 0.000000 -1
0 15.318733 30.699810 -12.024001 0.000000 0.000000 -1
10
0.000000 0.000000 1.000000
-1.000000 0.000000 0.000000
0.000000 -1.000000 0.000000
0.390603 0.000000 0.920559
-0.390602 0.000000 0.920559
0.390603 0.000000 0.920559
0.390603 0.000000 0.920559
-0.390602 0.000000 0.920560
-0.390602 0.000000 0.920560
1.000000 0.000000 0.000000
46
0 0 1 2 0 0 0 1
0 1 3 2 0 0 0 1
0 4 5 6 1 1 1 1
0 5 7 6 2 2 2 2
0 8 9 10 1 1 1 1
0 8 7 9 1 1 1 1
0 11 12 13 1 1 1 1
0 11 14 12 1 1 1 1
0 15 16 17 1 1 1 1
0 15 18 16 1 1 1 1
0 19 20 21 0 0 0 1
0 20 22 21 0 0 0 1
0 23 24 25 3 3 3 1
0 24 26 25 3 3 3 1
0 27 28 29 4 4 4 1
0 28 30 29 4 4 4 1
0 31 32 33 0 0 0 1
0 32 34 33 0 0 0 1
0 35 36 37 5 5 5 1
0 36 38 37 5 5 5 1
0 39 40 41 4 4 4 1
0 40 42 41 4 4 4 1
0 43 44 45 0 0 0 1
0 44 46 45 0 0 0 1
0 47 48 49 6 6 6 1
0 48 50 49 6 6 6 1
0 51 52 53 7 7 7 1
0 52 54 53 7 7 7 1
0 55 56 57 0 0 0 1
0 56 58 57 0 0 0 1
0 59 60 61 0 0 0 1
0 60 62 61 0 0 0 1
0 63 64 65 0 0 0 1
0 64 66 65 0 0 0 1
0 67 68 69 5 5 5 1
0 68 70 69 5 5 5 1
0 71 72 73 8 8 8 1
0 72 74 73 8 8 8 1
0 75 76 77 9 9 9 1
0 75 78 76 2 2 2 2
0 79 80 81 9 9 9 1
0 80 78 81 9 9 9 1
0 82 83 84 9 9 9 1
0 83 85 84 9 9 9 1
0 86 87 88 9 9 9 1
0 87 89 88 9 9 9 1
"1_Blz_Frame" 0 1
423
0 12.000000 0.000000 -15.000000 4.166667 0.004526 -1
0 5.000000 12.000000 -15.000000 3.194444 1.407937 -1
0 -5.000000 12.000000 -15.000000 1.805556 1.407937 -1
0 -12.000000 0.000000 -15.000000 0.833333 0.004526 -1
0 -16.037983 33.557117 -15.982471 0.054500 0.766926 -1
0 15.991122 33.485691 -16.017376 0.944198 0.765374 -1
0 15.991122 32.485699 -16.017376 0.944198 0.743650 -1
0 -15.008575 32.557125 -15.982471 0.083095 0.745202 -1
0 14.999999 11.969101 0.946100 0.916667 0.000000 -1
0 16.008575 32.485699 0.946100 0.944683 0.743650 -1
0 16.000004 11.969101 0.946100 0.944445 0.000000 -1
0 15.053621 32.557125 0.911196 0.918156 0.745202 -1
0 -14.999999 11.969101 0.946100 0.083333 0.000000 -1
0 -16.000004 11.969101 0.946100 0.055555 0.000000 -1
0 -16.008575 32.485699 0.946100 0.055317 0.743650 -1
0 -14.991121 32.557125 0.911196 0.083580 0.745202 -1
0 16.008575 33.485691 0.946100 0.944683 0.765374 -1
0 -16.020527 33.557117 0.911196 0.054985 0.766926 -1
0 15.991122 33.485691 1.945948 0.944198 0.765374 -1
0 -16.037983 33.557117 1.911044 0.054500 0.766926 -1
0 15.991122 32.485699 1.945948 0.944198 0.743650 -1
0 -15.008575 32.557125 1.911044 0.083095 0.745202 -1
0 -15.000001 11.986557 1.945948 0.083333 0.000379 -1
0 -16.000004 11.986546 1.945948 0.055555 0.000379 -1
0 15.000001 11.986557 1.945948 0.916667 0.000379 -1
0 15.071075 32.557125 1.911044 0.918641 0.745202 -1
0 16.000004 11.986546 1.945948 0.944445 0.000379 -1
0 15.096055 33.482731 -16.020130 0.919335 0.765310 -1
0 14.955820 33.545231 1.008600 0.915439 0.766668 -1
0 15.983687 32.488647 -16.003735 0.943991 0.743714 -1
0 15.096055 32.488647 -16.020130 0.919335 0.743714 -1
0 -15.983687 33.482731 -16.003735 0.056009 0.765310 -1
0 -14.955820 33.545231 1.008600 0.084561 0.766668 -1
0 -15.096055 33.482731 -16.020130 0.080665 0.765310 -1
0 -15.983687 32.488647 -16.003735 0.056009 0.743714 -1
0 -15.096055 32.488647 -16.020130 0.080665 0.743714 -1
0 -17.000000 33.285717 1.928572 0.027778 0.761030 -1
0 -17.000000 33.285717 -16.000000 0.027778 0.761030 -1
0 17.000000 33.285717 -16.000000 0.972222 0.761030 -1
0 17.000000 33.285717 1.928572 0.972222 0.761030 -1
0 -10.000000 41.714283 1.928572 0.222222 0.978275 -1
0 -18.000000 33.285717 1.928572 0.000000 0.761030 -1
0 -10.000000 40.714283 1.928572 0.222222 0.956551 -1
0 -2.000000 42.714283 1.928572 0.444444 1.000000 -1
0 -2.000000 41.714283 1.928572 0.444444 0.978275 -1
0 7.000000 41.714283 1.928572 0.694444 0.978275 -1
0 7.000000 40.714283 1.928572 0.694444 0.956551 -1
0 18.000000 33.285717 1.928572 1.000000 0.761030 -1
0 -10.000000 41.714283 -15.000000 0.222222 0.978275 -1
0 -10.000000 41.714283 -16.000000 0.222222 0.978275 -1
0 -18.000000 33.285717 -16.000000 0.000000 0.761030 -1
0 -18.000000 33.285717 -15.000000 0.000000 0.761030 -1
0 -17.000000 33.285717 -15.000000 0.027778 0.761030 -1
0 -17.000000 33.285717 0.928572 0.027778 0.761030 -1
0 -10.000000 40.714283 0.928572 0.222222 0.956551 -1
0 -2.000000 42.714283 -15.000000 0.444444 1.000000 -1
0 -2.000000 42.714283 -16.000000 0.444444 1.000000 -1
0 -2.000000 41.714283 0.928572 0.444444 0.978275 -1
0 7.000000 41.714283 -15.000000 0.694444 0.978275 -1
0 7.000000 41.714283 -16.000000 0.694444 0.978275 -1
0 7.000000 40.714283 0.928572 0.694444 0.956551 -1
0 18.000000 33.285717 -15.000000 1.000000 0.761030 -1
0 18.000000 33.285717 -16.000000 1.000000 0.761030 -1
0 17.000000 33.285717 0.928572 0.972222 0.761030 -1
0 17.000000 33.285717 -15.000000 0.972222 0.761030 -1
0 -18.000000 33.285717 0.928572 0.000000 0.761030 -1
0 18.000000 33.285717 0.928572 1.000000 0.761030 -1
0 5.715521 17.817463 2.712380 0.000000 0.000000 -1
0 11.038472 17.817463 2.712380 0.000000 0.000000 -1
0 11.798893 18.213680 2.712380 0.000000 0.000000 -1
0 4.955094 18.213680 2.712380 0.000000 0.000000 -1
0 11.798893 14.251395 2.712380 0.000000 0.000000 -1
0 11.038472 14.647614 2.712380 0.000000 0.000000 -1
0 4.955094 14.251395 2.712380 0.000000 0.000000 -1
0 5.715521 14.647614 2.712380 0.000000 0.000000 -1
0 11.798893 18.213680 2.198842 0.000000 0.000000 -1
0 11.798893 18.213680 1.712355 0.000000 0.000000 -1
0 4.955094 18.213680 1.712355 0.000000 0.000000 -1
0 4.955094 18.213680 2.198842 0.000000 0.000000 -1
0 11.798893 14.251395 2.198842 0.000000 0.000000 -1
0 11.798893 14.251395 1.712355 0.000000 0.000000 -1
0 4.955094 14.251395 2.198842 0.000000 0.000000 -1
0 4.955094 14.251395 1.712355 0.000000 0.000000 -1
0 5.715521 17.817463 2.198842 0.000000 0.000000 -1
0 11.038472 17.817463 2.198842 0.000000 0.000000 -1
0 11.038472 14.647614 2.198842 0.000000 0.000000 -1
0 5.715521 14.647614 2.198842 0.000000 0.000000 -1
0 -15.832272 17.817463 -6.524565 0.000000 0.000000 -1
0 -15.832272 18.213680 -5.764138 0.000000 0.000000 -1
0 -15.832272 18.213680 -12.607951 0.000000 0.000000 -1
0 -15.832272 14.251395 -12.607951 0.000000 0.000000 -1
0 -15.832272 17.817463 -11.847531 0.000000 0.000000 -1
0 -15.832272 14.647614 -11.847531 0.000000 0.000000 -1
0 -15.832272 14.647614 -6.524565 0.000000 0.000000 -1
0 -15.832272 14.251395 -5.764138 0.000000 0.000000 -1
0 -14.832250 18.213680 -5.764138 0.000000 0.000000 -1
0 -14.832250 18.213680 -12.607951 0.000000 0.000000 -1
0 -15.318733 18.213680 -12.607951 0.000000 0.000000 -1
0 -15.318733 18.213680 -5.764138 0.000000 0.000000 -1
0 -14.832250 14.251395 -12.607951 0.000000 0.000000 -1
0 -15.318733 14.251395 -12.607951 0.000000 0.000000 -1
0 -14.832250 14.251395 -5.764138 0.000000 0.000000 -1
0 -15.318733 14.251395 -5.764138 0.000000 0.000000 -1
0 -15.318733 17.817463 -11.847531 0.000000 0.000000 -1
0 -15.318733 17.817463 -6.524565 0.000000 0.000000 -1
0 -15.318733 14.647614 -11.847531 0.000000 0.000000 -1
0 -15.318733 14.647614 -6.524565 0.000000 0.000000 -1
0 -15.832272 24.684269 -12.666776 0.000000 0.000000 -1
0 -15.832272 24.288052 -11.906354 0.000000 0.000000 -1
0 -15.832272 24.288052 -6.583388 0.000000 0.000000 -1
0 -15.832272 24.684269 -5.822962 0.000000 0.000000 -1
0 -15.832272 20.721983 -12.666776 0.000000 0.000000 -1
0 -15.832272 21.118202 -11.906354 0.000000 0.000000 -1
0 -15.832272 21.118202 -6.583388 0.000000 0.000000 -1
0 -15.832272 20.721983 -5.822962 0.000000 0.000000 -1
0 -14.832250 24.684269 -5.822962 0.000000 0.000000 -1
0 -14.832250 24.684269 -12.666776 0.000000 0.000000 -1
0 -15.318733 24.684269 -12.666776 0.000000 0.000000 -1
0 -15.318733 24.684269 -5.822962 0.000000 0.000000 -1
0 -14.832250 20.721983 -12.666776 0.000000 0.000000 -1
0 -15.318733 20.721983 -12.666776 0.000000 0.000000 -1
0 -14.832250 20.721983 -5.822962 0.000000 0.000000 -1
0 -15.318733 20.721983 -5.822962 0.000000 0.000000 -1
0 -15.318733 24.288052 -11.906354 0.000000 0.000000 -1
0 -15.318733 24.288052 -6.583388 0.000000 0.000000 -1
0 -15.318733 21.118202 -11.906354 0.000000 0.000000 -1
0 -15.318733 21.118202 -6.583388 0.000000 0.000000 -1
0 -15.832272 31.096027 -12.784423 0.000000 0.000000 -1
0 -15.832272 30.699810 -12.024001 0.000000 0.000000 -1
0 -15.832272 30.699810 -6.701035 0.000000 0.000000 -1
0 -15.832272 31.096027 -5.940609 0.000000 0.000000 -1
0 -15.832272 27.133747 -12.784423 0.000000 0.000000 -1
0 -15.832272 27.529966 -12.024001 0.000000 0.000000 -1
0 -15.832272 27.529966 -6.701035 0.000000 0.000000 -1
0 -15.832272 27.133747 -5.940609 0.000000 0.000000 -1
0 -14.832250 31.096027 -5.940609 0.000000 0.000000 -1
0 -14.832250 31.096027 -12.784423 0.000000 0.000000 -1
0 -15.318733 31.096027 -12.784423 0.000000 0.000000 -1
0 -15.318733 31.096027 -5.940609 0.000000 0.000000 -1
0 -14.832250 27.133747 -12.784423 0.000000 0.000000 -1
0 -15.318733 27.133747 -12.784423 0.000000 0.000000 -1
0 -14.832250 27.133747 -5.940609 0.000000 0.000000 -1
0 -15.318733 27.133747 -5.940609 0.000000 0.000000 -1
0 -15.318733 30.699810 -12.024001 0.000000 0.000000 -1
0 -15.318733 30.699810 -6.701035 0.000000 0.000000 -1
0 -15.318733 27.529966 -12.024001 0.000000 0.000000 -1
0 -15.318733 27.529966 -6.701035 0.000000 0.000000 -1
0 -9.005564 26.555849 4.194804 0.000000 0.000000 -1
0 -8.593443 31.142872 4.194804 0.000000 0.000000 -1
0 -9.005564 31.384304 4.194804 0.000000 0.000000 -1
0 -8.593443 26.857622 4.194804 0.000000 0.000000 -1
0 -5.021763 26.857622 4.194804 0.000000 0.000000 -1
0 -4.609647 26.555849 4.194804 0.000000 0.000000 -1
0 -4.609647 31.384304 4.194804 0.000000 0.000000 -1
0 -5.021763 31.142872 4.194804 0.000000 0.000000 -1
0 -9.005564 31.384304 3.194804 0.000000 0.000000 -1
0 -9.005564 26.555849 3.194804 0.000000 0.000000 -1
0 -8.593443 26.857622 3.784548 0.000000 0.000000 -1
0 -8.593443 31.142872 3.784548 0.000000 0.000000 -1
0 -5.021763 26.857622 3.784548 0.000000 0.000000 -1
0 -4.609647 26.555849 3.194804 0.000000 0.000000 -1
0 -5.021763 31.142872 3.784548 0.000000 0.000000 -1
0 -4.609647 31.384304 3.194804 0.000000 0.000000 -1
0 -3.734124 31.142872 3.950446 0.000000 0.000000 -1
0 -3.734124 26.857622 3.950446 0.000000 0.000000 -1
0 -0.497084 26.857622 2.576937 0.000000 0.000000 -1
0 -0.123579 26.555849 2.418455 0.000000 0.000000 -1
0 -0.123579 31.384304 2.418455 0.000000 0.000000 -1
0 -0.497084 31.142872 2.576937 0.000000 0.000000 -1
0 -3.924666 26.857622 3.578628 0.000000 0.000000 -1
0 -3.924666 31.142872 3.578628 0.000000 0.000000 -1
0 -0.687628 26.857622 2.205119 0.000000 0.000000 -1
0 -0.588026 26.555849 1.512148 0.000000 0.000000 -1
0 -0.687628 31.142872 2.205119 0.000000 0.000000 -1
0 -0.588026 31.384304 1.512148 0.000000 0.000000 -1
0 -13.453108 26.551813 2.424320 0.000000 0.000000 -1
0 -13.079600 31.138866 2.582803 0.000000 0.000000 -1
0 -13.453108 31.380276 2.424320 0.000000 0.000000 -1
0 -13.079600 26.853609 2.582803 0.000000 0.000000 -1
0 -9.842564 26.853609 3.956311 0.000000 0.000000 -1
0 -9.842564 31.138866 3.956311 0.000000 0.000000 -1
0 -12.988661 31.380276 1.518013 0.000000 0.000000 -1
0 -12.988661 26.551813 1.518013 0.000000 0.000000 -1
0 -12.889063 26.853609 2.210984 0.000000 0.000000 -1
0 -12.889063 31.138866 2.210984 0.000000 0.000000 -1
0 -9.652020 26.853609 3.584493 0.000000 0.000000 -1
0 -9.652020 31.138866 3.584493 0.000000 0.000000 -1
0 -9.005564 20.202909 4.194804 0.000000 0.000000 -1
0 -8.593443 24.789938 4.194804 0.000000 0.000000 -1
0 -9.005564 25.031370 4.194804 0.000000 0.000000 -1
0 -8.593443 20.504683 4.194804 0.000000 0.000000 -1
0 -5.021763 20.504683 4.194804 0.000000 0.000000 -1
0 -4.609647 20.202909 4.194804 0.000000 0.000000 -1
0 -4.609647 25.031370 4.194804 0.000000 0.000000 -1
0 -5.021763 24.789938 4.194804 0.000000 0.000000 -1
0 -9.005564 25.031370 3.194804 0.000000 0.000000 -1
0 -9.005564 20.202909 3.194804 0.000000 0.000000 -1
0 -8.593443 20.504683 3.784548 0.000000 0.000000 -1
0 -8.593443 24.789938 3.784548 0.000000 0.000000 -1
0 -5.021763 20.504683 3.784548 0.000000 0.000000 -1
0 -4.609647 20.202909 3.194804 0.000000 0.000000 -1
0 -5.021763 24.789938 3.784548 0.000000 0.000000 -1
0 -4.609647 25.031370 3.194804 0.000000 0.000000 -1
0 -3.734125 24.789938 3.950446 0.000000 0.000000 -1
0 -3.734125 20.504683 3.950446 0.000000 0.000000 -1
0 -0.497084 20.504683 2.576937 0.000000 0.000000 -1
0 -0.123579 20.202909 2.418455 0.000000 0.000000 -1
0 -0.123579 25.031370 2.418455 0.000000 0.000000 -1
0 -0.497084 24.789938 2.576937 0.000000 0.000000 -1
0 -3.924666 20.504683 3.578628 0.000000 0.000000 -1
0 -3.924666 24.789938 3.578628 0.000000 0.000000 -1
0 -0.687628 20.504683 2.205119 0.000000 0.000000 -1
0 -0.588026 20.202909 1.512148 0.000000 0.000000 -1
0 -0.687628 24.789938 2.205119 0.000000 0.000000 -1
0 -0.588026 25.031370 1.512148 0.000000 0.000000 -1
0 -13.453108 20.198874 2.424320 0.000000 0.000000 -1
0 -13.079600 24.785933 2.582803 0.000000 0.000000 -1
0 -13.453108 25.027342 2.424320 0.000000 0.000000 -1
0 -13.079600 20.500669 2.582803 0.000000 0.000000 -1
0 -9.842564 20.500669 3.956311 0.000000 0.000000 -1
0 -9.842564 24.785933 3.956311 0.000000 0.000000 -1
0 -12.988661 25.027342 1.518013 0.000000 0.000000 -1
0 -12.988661 20.198874 1.518013 0.000000 0.000000 -1
0 -12.889063 20.500669 2.210984 0.000000 0.000000 -1
0 -12.889063 24.785933 2.210984 0.000000 0.000000 -1
0 -9.652020 20.500669 3.584493 0.000000 0.000000 -1
0 -9.652020 24.785933 3.584493 0.000000 0.000000 -1
0 -9.064387 13.908792 4.194804 0.000000 0.000000 -1
0 -8.652267 18.495811 4.194804 0.000000 0.000000 -1
0 -9.064387 18.737244 4.194804 0.000000 0.000000 -1
0 -8.652267 14.210566 4.194804 0.000000 0.000000 -1
0 -5.080586 14.210566 4.194804 0.000000 0.000000 -1
0 -4.668470 13.908792 4.194804 0.000000 0.000000 -1
0 -4.668470 18.737244 4.194804 0.000000 0.000000 -1
0 -5.080586 18.495811 4.194804 0.000000 0.000000 -1
0 -9.064387 18.737244 3.194804 0.000000 0.000000 -1
0 -9.064387 13.908792 3.194804 0.000000 0.000000 -1
0 -8.652267 14.210566 3.784548 0.000000 0.000000 -1
0 -8.652267 18.495811 3.784548 0.000000 0.000000 -1
0 -5.080586 14.210566 3.784548 0.000000 0.000000 -1
0 -4.668470 13.908792 3.194804 0.000000 0.000000 -1
0 -5.080586 18.495811 3.784548 0.000000 0.000000 -1
0 -4.668470 18.737244 3.194804 0.000000 0.000000 -1
0 -3.792948 18.495811 3.950446 0.000000 0.000000 -1
0 -3.792948 14.210566 3.950446 0.000000 0.000000 -1
0 -0.555908 14.210566 2.576937 0.000000 0.000000 -1
0 -0.182402 13.908792 2.418455 0.000000 0.000000 -1
0 -0.182402 18.737244 2.418455 0.000000 0.000000 -1
0 -0.555908 18.495811 2.576937 0.000000 0.000000 -1
0 -3.983490 14.210566 3.578628 0.000000 0.000000 -1
0 -3.983490 18.495811 3.578628 0.000000 0.000000 -1
0 -0.746452 14.210566 2.205119 0.000000 0.000000 -1
0 -0.646850 13.908792 1.512148 0.000000 0.000000 -1
0 -0.746452 18.495811 2.205119 0.000000 0.000000 -1
0 -0.646850 18.737244 1.512148 0.000000 0.000000 -1
0 -13.511931 13.904757 2.424320 0.000000 0.000000 -1
0 -13.138424 18.491806 2.582803 0.000000 0.000000 -1
0 -13.511931 18.733215 2.424320 0.000000 0.000000 -1
0 -13.138424 14.206553 2.582803 0.000000 0.000000 -1
0 -9.901387 14.206553 3.956311 0.000000 0.000000 -1
0 -9.901387 18.491806 3.956311 0.000000 0.000000 -1
0 -13.047484 18.733215 1.518013 0.000000 0.000000 -1
0 -13.047484 13.904757 1.518013 0.000000 0.000000 -1
0 -12.947886 14.206553 2.210984 0.000000 0.000000 -1
0 -12.947886 18.491806 2.210984 0.000000 0.000000 -1
0 -9.710843 14.206553 3.584493 0.000000 0.000000 -1
0 -9.710843 18.491806 3.584493 0.000000 0.000000 -1
0 5.774344 24.288052 2.712380 0.000000 0.000000 -1
0 11.097296 24.288052 2.712380 0.000000 0.000000 -1
0 11.857717 24.684269 2.712380 0.000000 0.000000 -1
0 5.013918 24.684269 2.712380 0.000000 0.000000 -1
0 11.857717 20.721983 2.712380 0.000000 0.000000 -1
0 11.097296 21.118202 2.712380 0.000000 0.000000 -1
0 5.013918 20.721983 2.712380 0.000000 0.000000 -1
0 5.774344 21.118202 2.712380 0.000000 0.000000 -1
0 11.857717 24.684269 2.198842 0.000000 0.000000 -1
0 11.857717 24.684269 1.712355 0.000000 0.000000 -1
0 5.013918 24.684269 1.712355 0.000000 0.000000 -1
0 5.013918 24.684269 2.198842 0.000000 0.000000 -1
0 11.857717 20.721983 2.198842 0.000000 0.000000 -1
0 11.857717 20.721983 1.712355 0.000000 0.000000 -1
0 5.013918 20.721983 2.198842 0.000000 0.000000 -1
0 5.013918 20.721983 1.712355 0.000000 0.000000 -1
0 5.774344 24.288052 2.198842 0.000000 0.000000 -1
0 11.097296 24.288052 2.198842 0.000000 0.000000 -1
0 11.097296 21.118202 2.198842 0.000000 0.000000 -1
0 5.774344 21.118202 2.198842 0.000000 0.000000 -1
0 5.891992 30.699810 2.712380 0.000000 0.000000 -1
0 11.214943 30.699810 2.712380 0.000000 0.000000 -1
0 11.975364 31.096027 2.712380 0.000000 0.000000 -1
0 5.131565 31.096027 2.712380 0.000000 0.000000 -1
0 11.975364 27.133747 2.712380 0.000000 0.000000 -1
0 11.214943 27.529966 2.712380 0.000000 0.000000 -1
0 5.131565 27.133747 2.712380 0.000000 0.000000 -1
0 5.891992 27.529966 2.712380 0.000000 0.000000 -1
0 11.975364 31.096027 2.198842 0.000000 0.000000 -1
0 11.975364 31.096027 1.712355 0.000000 0.000000 -1
0 5.131565 31.096027 1.712355 0.000000 0.000000 -1
0 5.131565 31.096027 2.198842 0.000000 0.000000 -1
0 11.975364 27.133747 2.198842 0.000000 0.000000 -1
0 11.975364 27.133747 1.712355 0.000000 0.000000 -1
0 5.131565 27.133747 2.198842 0.000000 0.000000 -1
0 5.131565 27.133747 1.712355 0.000000 0.000000 -1
0 5.891992 30.699810 2.198842 0.000000 0.000000 -1
0 11.214943 30.699810 2.198842 0.000000 0.000000 -1
0 11.214943 27.529966 2.198842 0.000000 0.000000 -1
0 5.891992 27.529966 2.198842 0.000000 0.000000 -1
0 -3.240857 34.102062 4.194804 0.000000 0.000000 -1
0 -2.828736 38.689083 4.194804 0.000000 0.000000 -1
0 -3.240857 38.930515 4.194804 0.000000 0.000000 -1
0 -2.828736 34.403835 4.194804 0.000000 0.000000 -1
0 0.742943 34.403835 4.194804 0.000000 0.000000 -1
0 1.155059 34.102062 4.194804 0.000000 0.000000 -1
0 1.155059 38.930515 4.194804 0.000000 0.000000 -1
0 0.742943 38.689083 4.194804 0.000000 0.000000 -1
0 -3.240857 38.930515 3.194804 0.000000 0.000000 -1
0 -3.240857 34.102062 3.194804 0.000000 0.000000 -1
0 -2.828736 34.403835 3.784548 0.000000 0.000000 -1
0 -2.828736 38.689083 3.784548 0.000000 0.000000 -1
0 0.742943 34.403835 3.784548 0.000000 0.000000 -1
0 1.155059 34.102062 3.194804 0.000000 0.000000 -1
0 0.742943 38.689083 3.784548 0.000000 0.000000 -1
0 1.155059 38.930515 3.194804 0.000000 0.000000 -1
0 2.030582 38.689083 3.950446 0.000000 0.000000 -1
0 2.030582 34.403835 3.950446 0.000000 0.000000 -1
0 5.267622 34.403835 2.576937 0.000000 0.000000 -1
0 5.641128 34.102062 2.418455 0.000000 0.000000 -1
0 5.641128 38.930515 2.418455 0.000000 0.000000 -1
0 5.267622 38.689083 2.576937 0.000000 0.000000 -1
0 1.840040 34.403835 3.578628 0.000000 0.000000 -1
0 1.840040 38.689083 3.578628 0.000000 0.000000 -1
0 5.077078 34.403835 2.205119 0.000000 0.000000 -1
0 5.176680 34.102062 1.512148 0.000000 0.000000 -1
0 5.077078 38.689083 2.205119 0.000000 0.000000 -1
0 5.176680 38.930515 1.512148 0.000000 0.000000 -1
0 -7.688402 34.098026 2.424320 0.000000 0.000000 -1
0 -7.314894 38.685078 2.582803 0.000000 0.000000 -1
0 -7.688402 38.926487 2.424320 0.000000 0.000000 -1
0 -7.314894 34.399822 2.582803 0.000000 0.000000 -1
0 -4.077857 34.399822 3.956311 0.000000 0.000000 -1
0 -4.077857 38.685078 3.956311 0.000000 0.000000 -1
0 -7.223955 38.926487 1.518013 0.000000 0.000000 -1
0 -7.223955 34.098026 1.518013 0.000000 0.000000 -1
0 -7.124357 34.399822 2.210984 0.000000 0.000000 -1
0 -7.124357 38.685078 2.210984 0.000000 0.000000 -1
0 -3.887313 34.399822 3.584493 0.000000 0.000000 -1
0 -3.887313 38.685078 3.584493 0.000000 0.000000 -1
0 15.832272 18.213680 -12.607951 0.000000 0.000000 -1
0 15.832272 18.213680 -5.764138 0.000000 0.000000 -1
0 15.832272 17.817463 -6.524565 0.000000 0.000000 -1
0 15.832272 17.817463 -11.847531 0.000000 0.000000 -1
0 15.832272 14.251395 -12.607951 0.000000 0.000000 -1
0 15.832272 14.647614 -11.847531 0.000000 0.000000 -1
0 15.832272 14.251395 -5.764138 0.000000 0.000000 -1
0 15.832272 14.647614 -6.524565 0.000000 0.000000 -1
0 15.318733 18.213680 -12.607951 0.000000 0.000000 -1
0 14.832250 18.213680 -12.607951 0.000000 0.000000 -1
0 14.832250 18.213680 -5.764138 0.000000 0.000000 -1
0 15.318733 18.213680 -5.764138 0.000000 0.000000 -1
0 15.318733 14.251395 -12.607951 0.000000 0.000000 -1
0 14.832250 14.251395 -12.607951 0.000000 0.000000 -1
0 15.318733 14.251395 -5.764138 0.000000 0.000000 -1
0 14.832250 14.251395 -5.764138 0.000000 0.000000 -1
0 15.318733 17.817463 -6.524565 0.000000 0.000000 -1
0 15.318733 17.817463 -11.847531 0.000000 0.000000 -1
0 15.318733 14.647614 -11.847531 0.000000 0.000000 -1
0 15.318733 14.647614 -6.524565 0.000000 0.000000 -1
0 15.832272 24.288052 -6.583388 0.000000 0.000000 -1
0 15.832272 24.288052 -11.906354 0.000000 0.000000 -1
0 15.832272 24.684269 -12.666776 0.000000 0.000000 -1
0 15.832272 24.684269 -5.822962 0.000000 0.000000 -1
0 15.832272 20.721983 -12.666776 0.000000 0.000000 -1
0 15.832272 21.118202 -11.906354 0.000000 0.000000 -1
0 15.832272 20.721983 -5.822962 0.000000 0.000000 -1
0 15.832272 21.118202 -6.583388 0.000000 0.000000 -1
0 15.318733 24.684269 -12.666776 0.000000 0.000000 -1
0 14.832250 24.684269 -12.666776 0.000000 0.000000 -1
0 14.832250 24.684269 -5.822962 0.000000 0.000000 -1
0 15.318733 24.684269 -5.822962 0.000000 0.000000 -1
0 15.318733 20.721983 -12.666776 0.000000 0.000000 -1
0 14.832250 20.721983 -12.666776 0.000000 0.000000 -1
0 15.318733 20.721983 -5.822962 0.000000 0.000000 -1
0 14.832250 20.721983 -5.822962 0.000000 0.000000 -1
0 15.318733 24.288052 -6.583388 0.000000 0.000000 -1
0 15.318733 24.288052 -11.906354 0.000000 0.000000 -1
0 15.318733 21.118202 -11.906354 0.000000 0.000000 -1
0 15.318733 21.118202 -6.583388 0.000000 0.000000 -1
0 15.832272 30.699810 -6.701035 0.000000 0.000000 -1
0 15.832272 30.699810 -12.024001 0.000000 0.000000 -1
0 15.832272 31.096027 -12.784423 0.000000 0.000000 -1
0 15.832272 31.096027 -5.940609 0.000000 0.000000 -1
0 15.832272 27.133747 -12.784423 0.000000 0.000000 -1
0 15.832272 27.529966 -12.024001 0.000000 0.000000 -1
0 15.832272 27.133747 -5.940609 0.000000 0.000000 -1
0 15.832272 27.529966 -6.701035 0.000000 0.000000 -1
0 15.318733 31.096027 -12.784423 0.000000 0.000000 -1
0 14.832250 31.096027 -12.784423 0.000000 0.000000 -1
0 14.832250 31.096027 -5.940609 0.000000 0.000000 -1
0 15.318733 31.096027 -5.940609 0.000000 0.000000 -1
0 15.318733 27.133747 -12.784423 0.000000 0.000000 -1
0 14.832250 27.133747 -12.784423 0.000000 0.000000 -1
0 15.318733 27.133747 -5.940609 0.000000 0.000000 -1
0 14.832250 27.133747 -5.940609 0.000000 0.000000 -1
0 15.318733 30.699810 -6.701035 0.000000 0.000000 -1
0 15.318733 30.699810 -12.024001 0.000000 0.000000 -1
0 15.318733 27.529966 -12.024001 0.000000 0.000000 -1
0 15.318733 27.529966 -6.701035 0.000000 0.000000 -1
0 -16.000000 0.000000 2.000000 0.000000 0.000000 -1
0 -15.000001 11.986557 1.945948 0.000000 0.000000 -1
0 -16.000000 12.000000 2.000000 0.000000 0.000000 -1
0 -15.000000 0.000000 2.000000 0.000000 0.000000 -1
0 15.000000 0.000000 2.000000 0.000000 0.000000 -1
0 16.000004 11.986546 1.945948 0.000000 0.000000 -1
0 15.000001 11.986557 1.945948 0.000000 0.000000 -1
0 16.000000 0.000000 2.000000 0.000000 0.000000 -1
0 -14.999999 11.969101 0.946100 0.000000 0.000000 -1
0 -16.000004 11.969101 0.946100 0.000000 0.000000 -1
0 -16.000000 0.000000 1.000000 0.000000 0.000000 -1
0 -15.000000 0.000000 1.000000 0.000000 0.000000 -1
0 16.000004 11.969101 0.946100 0.000000 0.000000 -1
0 14.999999 11.969101 0.946100 0.000000 0.000000 -1
0 15.000000 0.000000 1.000000 0.000000 0.000000 -1
0 16.000000 0.000000 1.000000 0.000000 0.000000 -1
230
0.000000 0.000000 1.000000
-0.001109 -0.000581 -0.999999
0.515738 0.607379 -0.604239
-0.001129 -0.001162 -0.999999
-0.707089 0.001842 -0.707122
0.381850 -0.826160 -0.414307
0.707109 -0.000282 -0.707104
-0.721437 -0.692440 0.007439
0.434969 -0.000951 -0.900445
-0.707112 -0.000672 -0.707101
-0.395093 -0.414087 -0.820020
0.442440 -0.871125 -0.213046
0.897786 0.440419 0.003306
-0.800167 0.599756 -0.005098
0.274775 0.018380 0.961333
-0.168745 -0.297425 0.939715
-0.002413 -0.707324 0.706886
0.299607 -0.299428 0.905858
0.891279 0.000763 0.453456
-0.709893 0.000205 0.704310
-0.891282 0.003470 0.453436
-0.457541 0.002277 0.889185
0.697304 0.000603 0.716776
-0.003296 0.999988 -0.003697
0.026595 0.999645 -0.001879
0.692685 -0.721240 0.000534
-0.000075 -0.999992 0.004044
-0.616936 0.787002 -0.004303
0.005748 0.999975 -0.004021
-0.000068 0.999993 -0.003670
-0.692801 -0.721128 0.000117
0.000075 -0.999992 0.004044
0.121427 -0.430413 0.894427
0.231123 -0.972922 0.002329
-0.194432 -0.980916 0.000000
-0.137484 -0.693612 0.707107
-0.553538 0.832824 0.000000
-0.342172 0.939637 0.000000
-0.967872 0.251443 0.000000
-0.483936 -0.875103 0.000000
0.000000 -1.000000 0.000000
0.727789 -0.685801 0.000000
0.555599 -0.831450 0.000000
0.343240 -0.939248 0.000000
-0.046162 0.998934 0.000000
0.032475 0.999473 0.000000
0.046162 -0.998934 0.000000
-0.032475 -0.999473 0.000000
0.285646 0.958335 0.000000
0.457149 0.889390 0.000000
-0.281042 -0.959696 0.000000
-0.448147 -0.893960 0.000000
0.900464 0.434931 0.000000
0.450232 -0.892912 0.000000
-0.596324 -0.802744 0.000000
0.000000 1.000000 0.000000
0.707107 0.707107 0.000000
0.894427 0.447214 0.000000
-0.447214 0.894427 0.000000
-0.707107 0.707107 0.000000
0.707107 -0.707107 0.000000
0.447214 -0.894427 0.000000
-0.707107 -0.707107 0.000000
-0.894427 -0.447214 0.000000
0.894427 -0.447214 0.000000
-0.447214 -0.894427 0.000000
0.447214 0.894427 0.000000
-0.894427 0.447214 0.000000
-1.000000 0.000000 0.000000
0.000000 0.894427 0.447214
0.000000 0.447214 -0.894427
0.000000 0.707107 -0.707107
0.000000 0.707107 0.707107
0.000000 -0.894427 -0.447214
0.000000 -0.707107 -0.707107
0.000000 -0.447214 0.894427
0.000000 -0.707107 0.707107
0.000000 -0.447214 -0.894427
0.000000 0.894427 -0.447214
0.000000 0.447214 0.894427
0.000000 -0.894427 0.447214
-0.106656 -0.047976 0.993138
-0.152540 0.057578 0.986619
0.216445 -0.067191 0.973980
0.169647 0.081880 0.982098
-0.316730 0.948516 -0.000122
0.315940 0.948779 0.000000
-0.315732 -0.948848 0.000135
0.316486 -0.948597 0.000000
-0.316228 -0.948683 0.000000
0.316228 -0.948683 0.000000
0.316228 0.948683 0.000000
-0.316228 0.948683 0.000000
0.303733 0.149010 0.941033
0.322642 -0.184301 0.928405
0.382999 -0.099760 0.918346
0.379361 -0.016301 0.925105
0.383115 0.013580 0.923601
0.377813 0.162344 0.911538
0.795993 0.447214 -0.407915
0.397997 0.894427 -0.203958
0.795993 -0.447214 -0.407915
0.397997 -0.894427 -0.203958
-0.397996 0.894427 0.203959
-0.795992 0.447214 0.407918
0.397997 -0.894427 -0.203958
0.795993 -0.447214 -0.407915
-0.795992 -0.447214 0.407918
-0.397996 -0.894427 0.203959
0.795993 0.447214 -0.407915
0.397997 0.894427 -0.203958
-0.384559 -0.071236 0.920348
-0.390603 -0.000000 0.920559
-0.381557 0.114296 0.917252
-0.390603 0.000000 0.920559
-0.326328 -0.071347 0.942560
-0.342658 0.114456 0.932462
-0.796060 0.447062 -0.407950
-0.398646 0.894115 -0.204059
-0.795919 -0.447381 -0.407877
-0.397357 -0.894739 -0.203838
0.795998 0.447214 0.407906
0.397999 0.894427 0.203953
0.795998 -0.447214 0.407906
0.397999 -0.894427 0.203953
-0.397996 0.894427 -0.203958
-0.795992 0.447214 -0.407917
-0.795992 -0.447214 -0.407917
-0.397996 -0.894427 -0.203958
0.216445 -0.067191 0.973980
0.169647 0.081879 0.982098
0.303733 0.149009 0.941033
0.322642 -0.184300 0.928405
0.382999 -0.099759 0.918346
0.377813 0.162344 0.911538
0.795994 0.447214 -0.407914
0.397997 0.894427 -0.203957
0.795994 -0.447214 -0.407914
0.397997 -0.894427 -0.203957
0.397997 -0.894427 -0.203958
0.795993 -0.447214 -0.407915
0.795993 0.447214 -0.407915
0.397997 0.894427 -0.203958
-0.384559 -0.071236 0.920348
-0.390603 -0.000000 0.920559
-0.381557 0.114296 0.917252
-0.796060 0.447062 -0.407950
-0.398646 0.894115 -0.204059
-0.795919 -0.447381 -0.407877
-0.397357 -0.894739 -0.203838
0.397999 0.894427 0.203953
0.397999 -0.894427 0.203953
-0.106656 -0.047975 0.993138
0.216445 -0.067190 0.973980
0.169647 0.081879 0.982098
-0.315732 -0.948848 0.000135
0.316486 -0.948597 0.000000
0.303733 0.149009 0.941033
0.322642 -0.184300 0.928405
0.382998 -0.099759 0.918347
0.379361 -0.016301 0.925105
0.383115 0.013580 0.923601
0.377813 0.162343 0.911538
-0.397996 0.894427 0.203959
-0.795992 0.447214 0.407918
0.397996 -0.894427 -0.203958
0.795993 -0.447214 -0.407916
-0.795992 -0.447214 0.407918
-0.397996 -0.894427 0.203959
0.795993 0.447214 -0.407916
0.397996 0.894427 -0.203958
-0.384559 -0.071235 0.920348
-0.390603 0.000000 0.920559
-0.326328 -0.071347 0.942560
-0.795919 -0.447381 -0.407877
-0.397357 -0.894739 -0.203838
-0.397996 0.894427 -0.203959
-0.795991 0.447214 -0.407919
-0.795991 -0.447214 -0.407919
-0.397996 -0.894427 -0.203959
-0.106656 -0.047976 0.993138
-0.152540 0.057578 0.986619
0.216445 -0.067191 0.973980
0.169647 0.081880 0.982098
-0.316730 0.948516 -0.000122
-0.315732 -0.948848 0.000135
0.303733 0.149010 0.941033
0.322642 -0.184301 0.928405
0.382998 -0.099759 0.918347
0.379361 -0.016301 0.925105
0.383115 0.013580 0.923601
0.377813 0.162344 0.911538
-0.397996 0.894427 0.203959
-0.795991 0.447214 0.407919
0.397996 -0.894427 -0.203958
0.795993 -0.447214 -0.407916
-0.795991 -0.447214 0.407919
-0.397996 -0.894427 0.203959
0.795993 0.447214 -0.407916
0.397996 0.894427 -0.203958
-0.384558 -0.071236 0.920348
-0.390602 -0.000000 0.920559
-0.381557 0.114296 0.917252
-0.390602 0.000000 0.920559
-0.326328 -0.071347 0.942560
-0.342658 0.114456 0.932462
0.795998 0.447214 0.407906
0.397999 0.894427 0.203953
0.795998 -0.447214 0.407906
0.397999 -0.894427 0.203953
1.000000 0.000000 0.000000
0.026997 0.002255 0.999633
0.053973 0.000000 0.998542
0.000000 0.004509 0.999990
0.000000 0.004509 0.999990
0.000000 0.004509 0.999990
0.000000 0.004509 0.999990
0.451458 0.892049 -0.020862
0.894427 0.447145 -0.007806
-0.442977 0.896288 -0.020961
-0.893372 0.449124 -0.013166
-0.894427 -0.447214 0.000002
0.894427 -0.447214 0.000001
0.447218 0.894289 -0.015608
0.894427 0.447145 -0.007801
-0.447210 0.894293 -0.015607
-0.894426 0.447148 -0.007806
-0.894427 -0.447214 0.000001
0.447214 -0.894427 0.000000
0.894427 -0.447214 0.000000
671
0 0 1 2 0 0 0 1
0 2 3 0 0 0 0 1
0 4 5 6 1 2 1 1
0 4 6 7 1 1 3 1
0 8 9 10 4 5 6 1
0 8 11 9 4 7 5 1
0 9 11 8 5 7 4 1
0 12 13 14 8 9 10 1
0 15 12 14 11 8 10 1
0 16 17 18 12 13 14 1
0 17 19 18 13 15 14 1
0 20 18 19 16 14 15 1
0 21 20 19 17 16 15 1
0 20 15 9 16 11 5 1
0 20 21 15 16 17 11 1
0 12 15 22 8 11 18 1
0 15 21 22 11 17 18 1
0 23 22 21 19 18 17 1
0 19 23 21 15 19 17 1
0 23 17 13 19 13 9 1
0 23 19 17 19 15 13 1
0 24 11 8 20 7 4 1
0 24 25 11 20 21 7 1
0 25 24 26 21 20 22 1
0 25 26 18 21 22 14 1
0 10 16 26 6 12 22 1
0 16 18 26 12 14 22 1
0 27 28 5 23 24 2 1
0 28 16 5 24 12 2 1
0 29 5 16 25 2 12 1
0 9 29 16 5 25 12 1
0 29 11 30 25 7 26 1
0 29 9 11 25 5 7 1
0 31 32 33 27 28 29 1
0 31 17 32 27 13 28 1
0 17 31 34 13 27 30 1
0 17 34 14 13 30 10 1
0 35 15 34 31 11 30 1
0 15 14 34 11 10 30 1
0 19 36 37 15 32 33 1
0 37 31 19 33 27 15 1
0 18 5 38 14 2 34 1
0 38 39 18 34 35 14 1
0 40 41 36 0 0 32 1
0 36 42 40 32 0 0 1
0 43 40 42 0 0 0 1
0 43 42 44 0 0 0 1
0 44 45 43 0 0 0 1
0 45 44 46 0 0 0 1
0 46 47 45 0 0 0 1
0 47 46 39 0 0 35 1
0 48 49 50 36 37 38 2
0 48 50 51 36 38 39 2
0 51 50 37 39 38 40 2
0 51 37 52 39 40 40 2
0 36 53 54 41 41 42 2
0 36 54 42 41 42 43 2
0 55 56 49 44 45 37 2
0 55 49 48 44 37 36 2
0 42 54 57 43 42 46 2
0 42 57 44 43 46 47 2
0 58 59 56 48 49 45 2
0 58 56 55 48 45 44 2
0 44 57 60 47 46 50 2
0 44 60 46 47 50 51 2
0 61 62 59 52 53 49 2
0 61 59 58 52 49 48 2
0 46 60 63 51 50 54 2
0 46 63 39 51 54 54 2
0 64 38 62 40 40 53 2
0 64 62 61 40 53 52 2
0 50 65 53 55 55 55 3
0 50 53 37 55 55 55 3
0 52 36 41 40 40 40 3
0 52 41 51 40 40 40 3
0 38 63 66 55 55 55 3
0 38 66 62 55 55 55 3
0 61 47 39 40 40 40 3
0 61 39 64 40 40 40 3
0 67 68 69 0 0 0 1
0 69 70 67 0 0 0 1
0 68 71 69 0 0 0 1
0 71 68 72 0 0 0 1
0 73 71 74 0 0 0 1
0 71 72 74 0 0 0 1
0 70 74 67 0 0 0 1
0 70 73 74 0 0 0 1
0 75 76 77 56 57 58 2
0 75 77 78 56 58 59 2
0 79 80 76 60 61 57 2
0 79 76 75 60 57 56 2
0 81 82 80 62 63 61 2
0 81 80 79 62 61 60 2
0 78 77 82 59 58 63 2
0 78 82 81 59 63 62 2
0 67 83 84 61 64 65 2
0 67 84 68 61 65 63 2
0 69 75 78 66 56 59 2
0 69 78 70 66 59 67 2
0 71 79 75 64 60 56 2
0 71 75 69 64 56 66 2
0 68 84 85 63 65 67 2
0 68 85 72 63 67 58 2
0 73 81 79 65 62 60 2
0 73 79 71 65 60 64 2
0 72 85 86 58 67 66 2
0 72 86 74 58 66 57 2
0 74 86 83 57 66 64 2
0 74 83 67 57 64 61 2
0 70 78 81 67 59 62 2
0 70 81 73 67 62 65 2
0 87 88 89 68 68 68 1
0 89 90 91 68 68 68 1
0 92 91 90 68 68 68 1
0 93 90 94 68 68 68 1
0 93 92 90 68 68 68 1
0 87 93 88 68 68 68 1
0 93 94 88 68 68 68 1
0 95 96 97 69 70 71 2
0 98 95 97 72 69 71 2
0 96 99 100 70 73 74 2
0 97 96 100 71 70 74 2
0 99 101 102 73 75 76 2
0 100 99 102 74 73 76 2
0 101 95 98 75 69 72 2
0 102 101 98 76 75 72 2
0 103 104 87 76 77 74 2
0 98 97 89 72 71 78 2
0 88 98 89 79 72 78 2
0 97 100 90 71 74 77 2
0 89 97 90 78 71 77 2
0 105 103 91 79 76 0 2
0 92 105 91 69 79 0 2
0 100 102 94 74 76 80 2
0 90 100 94 77 74 80 2
0 106 105 92 78 79 69 2
0 93 106 92 70 78 69 2
0 104 106 93 77 78 70 2
0 87 104 93 74 77 70 2
0 102 98 88 76 72 79 2
0 94 102 88 80 76 79 2
0 107 108 109 68 68 68 1
0 109 110 107 68 68 68 1
0 107 111 108 68 68 68 1
0 112 108 111 68 68 68 1
0 113 111 114 68 68 68 1
0 113 112 111 68 68 68 1
0 109 113 110 68 68 68 1
0 113 114 110 68 68 68 1
0 115 116 117 69 70 71 2
0 118 115 117 72 69 71 2
0 116 119 120 70 73 74 2
0 117 116 120 71 70 74 2
0 119 121 122 73 75 76 2
0 120 119 122 74 73 76 2
0 121 115 118 75 69 72 2
0 122 121 118 76 75 72 2
0 123 124 109 80 77 73 2
0 108 123 109 75 80 73 2
0 118 117 107 72 71 78 2
0 110 118 107 79 72 78 2
0 117 120 111 71 74 77 2
0 107 117 111 78 71 77 2
0 125 123 108 79 80 75 2
0 112 125 108 69 79 75 2
0 120 122 114 74 76 80 2
0 111 120 114 77 74 80 2
0 126 125 112 78 79 69 2
0 113 126 112 70 78 69 2
0 124 126 113 77 78 70 2
0 109 124 113 73 77 70 2
0 122 118 110 76 72 79 2
0 114 122 110 80 76 79 2
0 127 128 129 68 68 68 1
0 129 130 127 68 68 68 1
0 127 131 128 68 68 68 1
0 132 128 131 68 68 68 1
0 133 131 134 68 68 68 1
0 133 132 131 68 68 68 1
0 129 133 130 68 68 68 1
0 133 134 130 68 68 68 1
0 135 136 137 69 70 71 2
0 138 135 137 72 69 71 2
0 136 139 140 70 73 74 2
0 137 136 140 71 70 74 2
0 139 141 142 73 75 76 2
0 140 139 142 74 73 76 2
0 141 135 138 75 69 72 2
0 142 141 138 76 75 72 2
0 143 144 129 80 77 73 2
0 128 143 129 75 80 73 2
0 138 137 127 72 71 78 2
0 130 138 127 79 72 78 2
0 137 140 131 71 74 77 2
0 127 137 131 78 71 77 2
0 145 143 128 79 80 75 2
0 132 145 128 69 79 75 2
0 140 142 134 74 76 80 2
0 131 140 134 77 74 80 2
0 146 145 132 78 79 69 2
0 133 146 132 70 78 69 2
0 144 146 133 77 78 70 2
0 129 144 133 73 77 70 2
0 142 138 130 76 72 79 2
0 134 142 130 80 76 79 2
0 147 148 149 81 0 82 1
0 147 150 148 81 0 0 1
0 150 147 151 0 81 0 1
0 147 152 151 81 83 0 1
0 153 154 151 84 0 0 1
0 151 152 153 0 83 84 1
0 148 154 149 0 0 82 1
0 154 153 149 0 84 82 1
0 149 155 156 85 86 87 2
0 149 156 147 85 87 88 2
0 150 157 158 57 66 64 2
0 150 158 148 57 64 61 2
0 151 159 157 58 67 66 2
0 151 157 150 58 66 57 2
0 147 156 160 88 87 89 2
0 147 160 152 88 89 90 2
0 154 161 159 63 65 67 2
0 154 159 151 63 67 58 2
0 152 160 162 90 89 91 2
0 152 162 153 90 91 92 2
0 148 158 161 61 64 65 2
0 148 161 154 61 65 63 2
0 153 162 155 92 91 86 2
0 153 155 149 92 86 85 2
0 152 163 153 83 93 84 1
0 152 164 163 83 94 93 1
0 164 152 165 94 83 95 1
0 152 166 165 83 96 95 1
0 167 168 165 97 98 95 1
0 165 166 167 95 96 97 1
0 163 168 153 93 98 84 1
0 168 167 153 98 97 84 1
0 153 162 160 92 91 89 2
0 153 160 152 92 89 90 2
0 164 169 170 99 100 101 2
0 164 170 163 99 101 102 2
0 165 171 169 103 104 100 2
0 165 169 164 103 100 99 2
0 152 160 172 90 89 105 2
0 152 172 166 90 105 106 2
0 168 173 171 107 108 104 2
0 168 171 165 107 104 103 2
0 166 172 174 106 105 109 2
0 166 174 167 106 109 110 2
0 163 170 173 102 101 108 2
0 163 173 168 102 108 107 2
0 167 174 162 110 109 91 2
0 167 162 153 110 91 92 2
0 175 176 177 111 112 113 1
0 175 178 176 111 114 112 1
0 178 175 179 114 111 115 1
0 175 147 179 111 81 115 1
0 149 180 179 82 116 115 1
0 179 147 149 115 81 82 1
0 176 180 177 112 116 113 1
0 180 149 177 116 82 113 1
0 177 181 182 117 118 119 2
0 177 182 175 117 119 120 2
0 178 183 184 121 122 123 2
0 178 184 176 121 123 124 2
0 179 185 183 125 126 122 2
0 179 183 178 125 122 121 2
0 175 182 156 120 119 87 2
0 175 156 147 120 87 88 2
0 180 186 185 127 128 126 2
0 180 185 179 127 126 125 2
0 147 156 155 88 87 86 2
0 147 155 149 88 86 85 2
0 176 184 186 124 123 128 2
0 176 186 180 124 128 127 2
0 149 155 181 85 86 118 2
0 149 181 177 85 118 117 2
0 187 188 189 81 0 82 1
0 187 190 188 81 0 0 1
0 190 187 191 0 81 0 1
0 187 192 191 81 129 0 1
0 193 194 191 130 0 0 1
0 191 192 193 0 129 130 1
0 188 194 189 0 0 82 1
0 194 193 189 0 130 82 1
0 189 195 196 85 86 87 2
0 189 196 187 85 87 88 2
0 190 197 198 57 66 64 2
0 190 198 188 57 64 61 2
0 191 199 197 58 67 66 2
0 191 197 190 58 66 57 2
0 187 196 200 88 87 89 2
0 187 200 192 88 89 90 2
0 194 201 199 63 65 67 2
0 194 199 191 63 67 58 2
0 192 200 202 90 89 91 2
0 192 202 193 90 91 92 2
0 188 198 201 61 64 65 2
0 188 201 194 61 65 63 2
0 193 202 195 92 91 86 2
0 193 195 189 92 86 85 2
0 192 203 193 129 131 130 1
0 192 204 203 129 132 131 1
0 204 192 205 132 129 133 1
0 192 206 205 129 96 133 1
0 207 208 205 97 134 133 1
0 205 206 207 133 96 97 1
0 203 208 193 131 134 130 1
0 208 207 193 134 97 130 1
0 193 202 200 92 91 89 2
0 193 200 192 92 89 90 2
0 204 209 210 135 136 137 2
0 204 210 203 135 137 138 2
0 205 211 209 103 104 136 2
0 205 209 204 103 136 135 2
0 192 200 212 90 89 139 2
0 192 212 206 90 139 140 2
0 208 213 211 107 108 104 2
0 208 211 205 107 104 103 2
0 206 212 214 140 139 141 2
0 206 214 207 140 141 142 2
0 203 210 213 138 137 108 2
0 203 213 208 138 108 107 2
0 207 214 202 142 141 91 2
0 207 202 193 142 91 92 2
0 215 216 217 143 144 145 1
0 215 218 216 143 114 144 1
0 218 215 219 114 143 115 1
0 215 187 219 143 81 115 1
0 189 220 219 82 116 115 1
0 219 187 189 115 81 82 1
0 216 220 217 144 116 145 1
0 220 189 217 116 82 145 1
0 217 221 222 146 147 148 2
0 217 222 215 146 148 149 2
0 218 223 224 121 150 123 2
0 218 224 216 121 123 151 2
0 219 225 223 125 126 150 2
0 219 223 218 125 150 121 2
0 215 222 196 149 148 87 2
0 215 196 187 149 87 88 2
0 220 226 225 127 128 126 2
0 220 225 219 127 126 125 2
0 187 196 195 88 87 86 2
0 187 195 189 88 86 85 2
0 216 224 226 151 123 128 2
0 216 226 220 151 128 127 2
0 189 195 221 85 86 147 2
0 189 221 217 85 147 146 2
0 227 228 229 152 0 82 1
0 227 230 228 152 0 0 1
0 230 227 231 0 152 0 1
0 227 232 231 152 153 0 1
0 233 234 231 154 0 0 1
0 231 232 233 0 153 154 1
0 228 234 229 0 0 82 1
0 234 233 229 0 154 82 1
0 229 235 236 85 86 155 2
0 229 236 227 85 155 156 2
0 230 237 238 57 66 64 2
0 230 238 228 57 64 61 2
0 231 239 237 58 67 66 2
0 231 237 230 58 66 57 2
0 227 236 240 156 155 89 2
0 227 240 232 156 89 90 2
0 234 241 239 63 65 67 2
0 234 239 231 63 67 58 2
0 232 240 242 90 89 91 2
0 232 242 233 90 91 92 2
0 228 238 241 61 64 65 2
0 228 241 234 61 65 63 2
0 233 242 235 92 91 86 2
0 233 235 229 92 86 85 2
0 232 243 233 153 157 154 1
0 232 244 243 153 158 157 1
0 244 232 245 158 153 159 1
0 232 246 245 153 160 159 1
0 247 248 245 161 162 159 1
0 245 246 247 159 160 161 1
0 243 248 233 157 162 154 1
0 248 247 233 162 161 154 1
0 233 242 240 92 91 89 2
0 233 240 232 92 89 90 2
0 244 249 250 99 100 101 2
0 244 250 243 99 101 102 2
0 245 251 249 163 164 100 2
0 245 249 244 163 100 99 2
0 232 240 252 90 89 165 2
0 232 252 246 90 165 166 2
0 248 253 251 167 168 164 2
0 248 251 245 167 164 163 2
0 246 252 254 166 165 169 2
0 246 254 247 166 169 170 2
0 243 250 253 102 101 168 2
0 243 253 248 102 168 167 2
0 247 254 242 170 169 91 2
0 247 242 233 170 91 92 2
0 255 256 257 171 144 145 1
0 255 258 256 171 172 144 1
0 258 255 259 172 171 173 1
0 255 227 259 171 152 173 1
0 229 260 259 82 116 173 1
0 259 227 229 173 152 82 1
0 256 260 257 144 116 145 1
0 260 229 257 116 82 145 1
0 257 261 262 117 118 174 2
0 257 262 255 117 174 175 2
0 258 263 264 121 150 123 2
0 258 264 256 121 123 151 2
0 259 265 263 176 177 150 2
0 259 263 258 176 150 121 2
0 255 262 236 175 174 155 2
0 255 236 227 175 155 156 2
0 260 266 265 178 179 177 2
0 260 265 259 178 177 176 2
0 227 236 235 156 155 86 2
0 227 235 229 156 86 85 2
0 256 264 266 151 123 179 2
0 256 266 260 151 179 178 2
0 229 235 261 85 86 118 2
0 229 261 257 85 118 117 2
0 267 268 269 0 0 0 1
0 269 270 267 0 0 0 1
0 268 271 269 0 0 0 1
0 271 268 272 0 0 0 1
0 273 271 274 0 0 0 1
0 271 272 274 0 0 0 1
0 270 274 267 0 0 0 1
0 270 273 274 0 0 0 1
0 275 276 277 56 57 58 2
0 275 277 278 56 58 59 2
0 279 280 276 60 61 57 2
0 279 276 275 60 57 56 2
0 281 282 280 62 63 61 2
0 281 280 279 62 61 60 2
0 278 277 282 59 58 63 2
0 278 282 281 59 63 62 2
0 267 283 284 61 64 65 2
0 267 284 268 61 65 63 2
0 269 275 278 66 56 59 2
0 269 278 270 66 59 67 2
0 271 279 275 64 60 56 2
0 271 275 269 64 56 66 2
0 268 284 285 63 65 67 2
0 268 285 272 63 67 58 2
0 273 281 279 65 62 60 2
0 273 279 271 65 60 64 2
0 272 285 286 58 67 66 2
0 272 286 274 58 66 57 2
0 274 286 283 57 66 64 2
0 274 283 267 57 64 61 2
0 270 278 281 67 59 62 2
0 270 281 273 67 62 65 2
0 287 288 289 0 0 0 1
0 289 290 287 0 0 0 1
0 288 291 289 0 0 0 1
0 291 288 292 0 0 0 1
0 293 291 294 0 0 0 1
0 291 292 294 0 0 0 1
0 290 294 287 0 0 0 1
0 290 293 294 0 0 0 1
0 295 296 297 56 57 58 2
0 295 297 298 56 58 59 2
0 299 300 296 60 61 57 2
0 299 296 295 60 57 56 2
0 301 302 300 62 63 61 2
0 301 300 299 62 61 60 2
0 298 297 302 59 58 63 2
0 298 302 301 59 63 62 2
0 287 303 304 61 64 65 2
0 287 304 288 61 65 63 2
0 289 295 298 66 56 59 2
0 289 298 290 66 59 67 2
0 291 299 295 64 60 56 2
0 291 295 289 64 56 66 2
0 288 304 305 63 65 67 2
0 288 305 292 63 67 58 2
0 293 301 299 65 62 60 2
0 293 299 291 65 60 64 2
0 292 305 306 58 67 66 2
0 292 306 294 58 66 57 2
0 294 306 303 57 66 64 2
0 294 303 287 57 64 61 2
0 290 298 301 67 59 62 2
0 290 301 293 67 62 65 2
0 307 308 309 180 0 181 1
0 307 310 308 180 0 0 1
0 310 307 311 0 180 0 1
0 307 312 311 180 182 0 1
0 313 314 311 183 0 0 1
0 311 312 313 0 182 183 1
0 308 314 309 0 0 181 1
0 314 313 309 0 183 181 1
0 309 315 316 184 86 185 2
0 309 316 307 184 185 88 2
0 310 317 318 57 66 64 2
0 310 318 308 57 64 61 2
0 311 319 317 58 67 66 2
0 311 317 310 58 66 57 2
0 307 316 320 88 185 89 2
0 307 320 312 88 89 90 2
0 314 321 319 63 65 67 2
0 314 319 311 63 67 58 2
0 312 320 322 90 89 91 2
0 312 322 313 90 91 92 2
0 308 318 321 61 64 65 2
0 308 321 314 61 65 63 2
0 313 322 315 92 91 86 2
0 313 315 309 92 86 184 2
0 312 323 313 182 186 183 1
0 312 324 323 182 187 186 1
0 324 312 325 187 182 188 1
0 312 326 325 182 189 188 1
0 327 328 325 190 191 188 1
0 325 326 327 188 189 190 1
0 323 328 313 186 191 183 1
0 328 327 313 191 190 183 1
0 313 322 320 92 91 89 2
0 313 320 312 92 89 90 2
0 324 329 330 99 100 101 2
0 324 330 323 99 101 102 2
0 325 331 329 192 193 100 2
0 325 329 324 192 100 99 2
0 312 320 332 90 89 194 2
0 312 332 326 90 194 195 2
0 328 333 331 196 197 193 2
0 328 331 325 196 193 192 2
0 326 332 334 195 194 198 2
0 326 334 327 195 198 199 2
0 323 330 333 102 101 197 2
0 323 333 328 102 197 196 2
0 327 334 322 199 198 91 2
0 327 322 313 199 91 92 2
0 335 336 337 200 201 202 1
0 335 338 336 200 203 201 1
0 338 335 339 203 200 204 1
0 335 307 339 200 180 204 1
0 309 340 339 181 205 204 1
0 339 307 309 204 180 181 1
0 336 340 337 201 205 202 1
0 340 309 337 205 181 202 1
0 337 341 342 117 118 119 2
0 337 342 335 117 119 120 2
0 338 343 344 206 207 208 2
0 338 344 336 206 208 209 2
0 339 345 343 176 177 207 2
0 339 343 338 176 207 206 2
0 335 342 316 120 119 185 2
0 335 316 307 120 185 88 2
0 340 346 345 178 179 177 2
0 340 345 339 178 177 176 2
0 307 316 315 88 185 86 2
0 307 315 309 88 86 184 2
0 336 344 346 209 208 179 2
0 336 346 340 209 179 178 2
0 309 315 341 184 86 118 2
0 309 341 337 184 118 117 2
0 347 348 349 210 210 210 1
0 350 351 347 210 210 210 1
0 351 350 352 210 210 210 1
0 353 351 354 210 210 210 1
0 351 352 354 210 210 210 1
0 348 354 349 210 210 210 1
0 348 353 354 210 210 210 1
0 355 356 357 71 70 69 2
0 355 357 358 71 69 72 2
0 359 360 356 74 73 70 2
0 359 356 355 74 70 71 2
0 361 362 360 76 75 73 2
0 361 360 359 76 73 74 2
0 358 357 362 72 69 75 2
0 358 362 361 72 75 76 2
0 349 363 364 74 77 76 2
0 347 355 358 78 71 72 2
0 347 358 348 78 72 79 2
0 351 359 355 77 74 71 2
0 351 355 347 77 71 78 2
0 350 364 365 0 76 79 2
0 350 365 352 0 79 69 2
0 353 361 359 80 76 74 2
0 353 359 351 80 74 77 2
0 352 365 366 69 79 78 2
0 352 366 354 69 78 70 2
0 354 366 363 70 78 77 2
0 354 363 349 70 77 74 2
0 348 358 361 79 72 76 2
0 348 361 353 79 76 80 2
0 367 368 369 210 210 210 1
0 369 370 367 210 210 210 1
0 368 371 369 210 210 210 1
0 371 368 372 210 210 210 1
0 373 371 374 210 210 210 1
0 371 372 374 210 210 210 1
0 370 374 367 210 210 210 1
0 370 373 374 210 210 210 1
0 375 376 377 71 70 69 2
0 375 377 378 71 69 72 2
0 379 380 376 74 73 70 2
0 379 376 375 74 70 71 2
0 381 382 380 76 75 73 2
0 381 380 379 76 73 74 2
0 378 377 382 72 69 75 2
0 378 382 381 72 75 76 2
0 367 383 384 73 77 80 2
0 367 384 368 73 80 75 2
0 369 375 378 78 71 72 2
0 369 378 370 78 72 79 2
0 371 379 375 77 74 71 2
0 371 375 369 77 71 78 2
0 368 384 385 75 80 79 2
0 368 385 372 75 79 69 2
0 373 381 379 80 76 74 2
0 373 379 371 80 74 77 2
0 372 385 386 69 79 78 2
0 372 386 374 69 78 70 2
0 374 386 383 70 78 77 2
0 374 383 367 70 77 73 2
0 370 378 381 79 72 76 2
0 370 381 373 79 76 80 2
0 387 388 389 210 210 210 1
0 389 390 387 210 210 210 1
0 388 391 389 210 210 210 1
0 391 388 392 210 210 210 1
0 393 391 394 210 210 210 1
0 391 392 394 210 210 210 1
0 390 394 387 210 210 210 1
0 390 393 394 210 210 210 1
0 395 396 397 71 70 69 2
0 395 397 398 71 69 72 2
0 399 400 396 74 73 70 2
0 399 396 395 74 70 71 2
0 401 402 400 76 75 73 2
0 401 400 399 76 73 74 2
0 398 397 402 72 69 75 2
0 398 402 401 72 75 76 2
0 387 403 404 73 77 80 2
0 387 404 388 73 80 75 2
0 389 395 398 78 71 72 2
0 389 398 390 78 72 79 2
0 391 399 395 77 74 71 2
0 391 395 389 77 71 78 2
0 388 404 405 75 80 79 2
0 388 405 392 75 79 69 2
0 393 401 399 80 76 74 2
0 393 399 391 80 74 77 2
0 392 405 406 69 79 78 2
0 392 406 394 69 78 70 2
0 394 406 403 70 78 77 2
0 394 403 387 70 77 73 2
0 390 398 401 79 72 76 2
0 390 401 393 79 76 80 2
0 407 408 409 211 211 212 1
0 407 410 408 211 213 211 1
0 411 412 413 214 214 215 1
0 411 414 412 214 216 214 1
0 408 415 416 217 218 219 2
0 408 416 409 217 219 220 2
0 409 416 417 220 219 221 2
0 409 417 407 220 221 65 2
0 407 417 418 65 221 61 2
0 407 418 410 65 61 222 2
0 410 418 415 222 61 218 2
0 410 415 408 222 218 217 2
0 412 419 420 223 224 225 2
0 412 420 413 223 225 226 2
0 413 420 421 226 225 227 2
0 413 421 411 226 227 65 2
0 411 421 422 65 227 228 2
0 411 422 414 65 228 229 2
0 414 422 419 229 228 224 2
0 414 419 412 229 224 223 2
"1_Blz_Top" 0 1
10
0 -18.000000 33.285717 -15.000000 0.000000 0.761030 -1
0 -10.000000 41.714283 1.928572 0.222222 0.978275 -1
0 -10.000000 41.714283 -15.000000 0.222222 0.978275 -1
0 -2.000000 42.714283 1.928572 0.444444 1.000000 -1
0 -2.000000 42.714283 -15.000000 0.444444 1.000000 -1
0 7.000000 41.714283 1.928572 0.694444 0.978275 -1
0 7.000000 41.714283 -15.000000 0.694444 0.978275 -1
0 18.000000 33.285717 1.928572 1.000000 0.761030 -1
0 18.000000 33.285717 -15.000000 1.000000 0.761030 -1
0 -18.000000 33.285717 1.928572 0.000000 0.761030 -1
8
-0.725306 0.688427 0.000000
-0.553538 0.832824 0.000000
-0.342172 0.939637 0.000000
-0.046162 0.998934 0.000000
0.032475 0.999473 0.000000
0.285646 0.958335 0.000000
0.457149 0.889390 0.000000
0.608215 0.793772 0.000000
8
0 0 1 2 0 1 2 3
0 2 1 3 2 1 3 3
0 2 3 4 2 3 4 3
0 4 3 5 4 3 5 3
0 4 5 6 4 5 6 3
0 6 5 7 6 5 7 3
0 6 7 8 6 7 7 3
0 0 9 1 0 0 1 3

Materials: 3
"Blz"
0.200000 0.200000 0.200000 1.000000
0.800000 0.800000 0.800000 1.000000
0.000000 0.000000 0.000000 1.000000
0.000000 0.000000 0.000000 1.000000
0.000000
1.000000
"..\Image\brick01.tga"
""
"Blz_Other"
0.200000 0.200000 0.200000 1.000000
0.800000 0.800000 0.800000 1.000000
0.000000 0.000000 0.000000 1.000000
0.000000 0.000000 0.000000 1.000000
0.000000
1.000000
"..\Image\Blz_Round_Gate_Windows.tga"
""
"Material01"
0.200000 0.200000 0.200000 1.000000
0.800000 0.800000 0.800000 1.000000
0.000000 0.000000 0.000000 1.000000
0.000000 0.000000 0.000000 1.000000
0.000000
1.000000
"..\Image\window.tga"
""

Bones: 0
GroupComments: 0
MaterialComments: 0
BoneComments: 0
ModelComment: 0
