// MilkShape 3D ASCII

Frames: 30
Frame: 1

Meshes: 4
"1_Blz" 0 0
22
0 -10.000000 40.714283 -1.696428 1.111111 4.782754 -1
0 -17.000000 33.285717 -1.696428 0.138889 3.805151 -1
0 -16.020527 33.557117 -1.713804 0.274927 3.834631 -1
0 17.000000 33.285717 -1.696428 4.861111 3.805151 -1
0 8.000000 40.714283 -1.696428 3.472222 4.782754 -1
0 16.008575 33.485691 -1.678900 4.723413 3.826872 -1
0 15.000000 -0.030884 -15.982483 4.583333 0.000002 -1
0 -15.000000 -0.030884 -15.982483 0.416667 0.000002 -1
0 -14.991150 32.557079 -16.017395 0.417896 3.726004 -1
0 15.053650 32.557079 -16.017395 4.590785 3.726004 -1
0 -14.999999 -0.030899 -1.678900 0.416667 0.000000 -1
0 -14.991121 32.557125 -1.713804 0.417900 3.726009 -1
0 15.053621 32.557125 -1.713804 4.590781 3.726009 -1
0 14.999999 -0.030899 -1.678900 4.583333 0.000000 -1
0 15.991122 33.485691 -16.017376 4.720989 3.826872 -1
0 8.000000 41.714283 -16.000000 3.472222 4.891377 -1
0 18.000000 33.285717 -16.000000 5.000000 3.805151 -1
0 -18.000000 33.285717 -16.000000 0.000000 3.805151 -1
0 -10.000000 41.714283 -16.000000 1.111111 4.891377 -1
0 -16.037983 33.557117 -15.982471 0.272502 3.834631 -1
0 -1.000000 42.714283 -16.000000 2.222222 5.000000 -1
0 -1.000000 41.714283 -1.696428 2.222222 4.891377 -1
22
0.012148 -0.012646 0.999846
0.023996 -0.022612 0.999456
0.005753 -0.006460 0.999963
0.023381 0.028327 0.999325
0.007367 0.009261 0.999930
0.011149 0.014776 0.999829
0.000000 -0.001071 -0.999999
-1.000000 0.000272 0.000001
-1.000000 0.000272 0.000002
-1.000000 0.000272 0.000000
0.999999 -0.001646 0.000001
0.999999 -0.001645 0.000000
0.999999 -0.001646 0.000002
0.000000 0.001071 0.999999
0.002201 0.003556 -0.999991
0.005035 0.007001 -0.999963
0.009807 0.011635 -0.999884
0.010283 -0.009760 -0.999900
0.003006 -0.003179 -0.999990
0.004595 -0.005550 -0.999974
0.000045 0.001965 -0.999998
0.000051 -0.002223 0.999998
18
0 0 1 2 0 1 2 1
0 3 4 5 3 4 5 1
0 6 7 8 6 6 6 1
0 8 9 6 6 6 6 1
0 10 11 8 7 8 7 2
0 7 10 8 9 7 7 2
0 12 13 6 10 11 10 2
0 9 12 6 12 10 10 2
0 11 10 13 13 13 13 1
0 11 13 12 13 13 13 1
0 14 15 16 14 15 16 1
0 17 18 19 17 18 19 1
0 18 14 19 18 14 19 1
0 14 18 20 14 18 20 1
0 14 20 15 14 20 15 1
0 4 2 5 4 2 5 1
0 4 21 2 4 21 2 1
0 21 0 2 21 0 2 1
"1_Blz_Windows" 0 2
68
0 2.681818 6.979408 -0.426158 0.000000 0.000000 -1
0 13.396099 6.979408 -0.426158 0.000000 0.000000 -1
0 2.681818 14.979409 -0.426158 0.000000 0.000000 -1
0 13.396099 14.979409 -0.426158 0.000000 0.000000 -1
0 -15.318733 22.145193 -6.583388 0.000000 0.000000 -1
0 -15.318733 18.975344 -11.906354 0.000000 0.000000 -1
0 -15.318733 18.975344 -6.583388 0.000000 0.000000 -1
0 -15.318733 22.145193 -11.906354 0.000000 0.000000 -1
0 -15.318733 29.985525 -6.701035 0.000000 0.000000 -1
0 -15.318733 26.815681 -12.024001 0.000000 0.000000 -1
0 -15.318733 26.815681 -6.701035 0.000000 0.000000 -1
0 -15.318733 29.985525 -12.024001 0.000000 0.000000 -1
0 -5.021763 30.428587 1.159548 0.000000 0.000000 -1
0 -8.593443 30.428587 1.159548 0.000000 0.000000 -1
0 -5.021763 26.143337 1.159548 0.000000 0.000000 -1
0 -8.593443 26.143337 1.159548 0.000000 0.000000 -1
0 -0.687628 30.428587 -0.419881 0.000000 0.000000 -1
0 -3.924666 30.428587 0.953628 0.000000 0.000000 -1
0 -0.687628 26.143337 -0.419881 0.000000 0.000000 -1
0 -3.924666 26.143337 0.953628 0.000000 0.000000 -1
0 -9.652020 30.424582 0.959493 0.000000 0.000000 -1
0 -12.889063 30.424582 -0.414016 0.000000 0.000000 -1
0 -9.652020 26.139324 0.959493 0.000000 0.000000 -1
0 -12.889063 26.139324 -0.414016 0.000000 0.000000 -1
0 -5.021763 22.647079 1.159548 0.000000 0.000000 -1
0 -8.593443 22.647079 1.159548 0.000000 0.000000 -1
0 -5.021763 18.361824 1.159548 0.000000 0.000000 -1
0 -8.593443 18.361824 1.159548 0.000000 0.000000 -1
0 -0.687628 22.647079 -0.419881 0.000000 0.000000 -1
0 -3.924666 22.647079 0.953628 0.000000 0.000000 -1
0 -0.687628 18.361824 -0.419881 0.000000 0.000000 -1
0 -3.924666 18.361824 0.953628 0.000000 0.000000 -1
0 -9.652020 22.643074 0.959493 0.000000 0.000000 -1
0 -12.889063 22.643074 -0.414016 0.000000 0.000000 -1
0 -9.652020 18.357811 0.959493 0.000000 0.000000 -1
0 -12.889063 18.357811 -0.414016 0.000000 0.000000 -1
0 5.774344 18.975344 -0.426158 0.000000 0.000000 -1
0 11.097296 18.975344 -0.426158 0.000000 0.000000 -1
0 5.774344 22.145193 -0.426158 0.000000 0.000000 -1
0 11.097296 22.145193 -0.426158 0.000000 0.000000 -1
0 5.891992 26.815681 -0.426158 0.000000 0.000000 -1
0 11.214943 26.815681 -0.426158 0.000000 0.000000 -1
0 5.891992 29.985525 -0.426158 0.000000 0.000000 -1
0 11.214943 29.985525 -0.426158 0.000000 0.000000 -1
0 1.171514 38.689083 1.159548 0.000000 0.000000 -1
0 -2.400165 38.689083 1.159548 0.000000 0.000000 -1
0 1.171514 34.403835 1.159548 0.000000 0.000000 -1
0 -2.400165 34.403835 1.159548 0.000000 0.000000 -1
0 5.505650 38.689083 -0.419881 0.000000 0.000000 -1
0 2.268611 38.689083 0.953628 0.000000 0.000000 -1
0 5.505650 34.403835 -0.419881 0.000000 0.000000 -1
0 2.268611 34.403835 0.953628 0.000000 0.000000 -1
0 -3.458742 38.685078 0.959493 0.000000 0.000000 -1
0 -6.695786 38.685078 -0.414016 0.000000 0.000000 -1
0 -3.458742 34.399822 0.959493 0.000000 0.000000 -1
0 -6.695786 34.399822 -0.414016 0.000000 0.000000 -1
0 15.318733 18.975344 -6.583388 0.000000 0.000000 -1
0 15.318733 18.975344 -11.906354 0.000000 0.000000 -1
0 15.318733 22.145193 -6.583388 0.000000 0.000000 -1
0 15.318733 22.145193 -11.906354 0.000000 0.000000 -1
0 15.318733 26.815681 -6.701035 0.000000 0.000000 -1
0 15.318733 26.815681 -12.024001 0.000000 0.000000 -1
0 15.318733 29.985525 -6.701035 0.000000 0.000000 -1
0 15.318733 29.985525 -12.024001 0.000000 0.000000 -1
0 -10.221918 3.875652 -0.496951 0.000000 0.000000 -1
0 -3.528082 3.875652 -0.496951 0.000000 0.000000 -1
0 -10.221918 12.904723 -0.496951 0.000000 0.000000 -1
0 -3.528082 12.904723 -0.496951 0.000000 0.000000 -1
8
0.000000 0.000000 1.000000
-1.000000 0.000000 0.000000
0.390603 0.000000 0.920559
-0.390602 0.000000 0.920559
0.390603 0.000000 0.920559
0.390603 0.000000 0.920559
-0.390602 0.000000 0.920560
1.000000 0.000000 0.000000
34
0 0 1 2 0 0 0 1
0 1 3 2 0 0 0 1
0 4 5 6 1 1 1 1
0 4 7 5 1 1 1 1
0 8 9 10 1 1 1 1
0 8 11 9 1 1 1 1
0 12 13 14 0 0 0 1
0 13 15 14 0 0 0 1
0 16 17 18 2 2 2 1
0 17 19 18 2 2 2 1
0 20 21 22 3 3 3 1
0 21 23 22 3 3 3 1
0 24 25 26 0 0 0 1
0 25 27 26 0 0 0 1
0 28 29 30 4 4 4 1
0 29 31 30 4 4 4 1
0 32 33 34 3 3 3 1
0 33 35 34 3 3 3 1
0 36 37 38 0 0 0 1
0 37 39 38 0 0 0 1
0 40 41 42 0 0 0 1
0 41 43 42 0 0 0 1
0 44 45 46 0 0 0 1
0 45 47 46 0 0 0 1
0 48 49 50 5 5 5 1
0 49 51 50 5 5 5 1
0 52 53 54 6 6 6 1
0 53 55 54 6 6 6 1
0 56 57 58 7 7 7 1
0 57 59 58 7 7 7 1
0 60 61 62 7 7 7 1
0 61 63 62 7 7 7 1
0 64 65 66 0 0 0 1
0 66 65 67 0 0 0 1
"1_Blz_Frame" 0 1
467
0 -16.037983 33.557117 -15.982471 0.054500 0.766926 -1
0 15.991122 33.485691 -16.017376 0.944198 0.765374 -1
0 15.991122 32.485699 -16.017376 0.944198 0.743650 -1
0 -15.008575 32.557125 -15.982471 0.083095 0.745202 -1
0 14.999999 -0.030899 -1.678900 0.916667 0.000000 -1
0 16.008575 32.485699 -1.678900 0.944683 0.743650 -1
0 16.000004 -0.030899 -1.678900 0.944445 0.000000 -1
0 15.053621 32.557125 -1.713804 0.918156 0.745202 -1
0 -14.999999 -0.030899 -1.678900 0.083333 0.000000 -1
0 -16.000004 -0.030899 -1.678900 0.055555 0.000000 -1
0 -16.008575 32.485699 -1.678900 0.055317 0.743650 -1
0 -14.991121 32.557125 -1.713804 0.083580 0.745202 -1
0 16.008575 33.485691 -1.678900 0.944683 0.765374 -1
0 -16.020527 33.557117 -1.713804 0.054985 0.766926 -1
0 15.991122 33.485691 -0.679052 0.944198 0.765374 -1
0 -16.037983 33.557117 -0.713956 0.054500 0.766926 -1
0 15.991122 32.485699 -0.679052 0.944198 0.743650 -1
0 -15.008575 32.557125 -0.713956 0.083095 0.745202 -1
0 -15.000001 -0.013443 -0.679052 0.083333 0.000379 -1
0 -16.000004 -0.013454 -0.679052 0.055555 0.000379 -1
0 15.000001 -0.013443 -0.679052 0.916667 0.000379 -1
0 15.071075 32.557125 -0.713956 0.918641 0.745202 -1
0 16.000004 -0.013454 -0.679052 0.944445 0.000379 -1
0 15.096055 33.482731 -16.020130 0.919335 0.765310 -1
0 14.955820 33.545231 -1.616400 0.915439 0.766668 -1
0 15.983687 32.488647 -16.003735 0.943991 0.743714 -1
0 15.096055 32.488647 -16.020130 0.919335 0.743714 -1
0 -15.983687 33.482731 -16.003735 0.056009 0.765310 -1
0 -14.955820 33.545231 -1.616400 0.084561 0.766668 -1
0 -15.096055 33.482731 -16.020130 0.080665 0.765310 -1
0 -15.983687 32.488647 -16.003735 0.056009 0.743714 -1
0 -15.096055 32.488647 -16.020130 0.080665 0.743714 -1
0 -17.000000 33.285717 -0.696428 0.027778 0.761030 -1
0 -17.000000 33.285717 -16.000000 0.027778 0.761030 -1
0 17.000000 33.285717 -16.000000 0.972222 0.761030 -1
0 17.000000 33.285717 -0.696428 0.972222 0.761030 -1
0 -10.000000 41.714283 -0.696428 0.222222 0.978275 -1
0 -18.000000 33.285717 -0.696428 0.000000 0.761030 -1
0 -10.000000 40.714283 -0.696428 0.222222 0.956551 -1
0 -1.000000 42.714283 -0.696428 0.444444 1.000000 -1
0 -1.000000 41.714283 -0.696428 0.444444 0.978275 -1
0 8.000000 41.714283 -0.696428 0.694444 0.978275 -1
0 8.000000 40.714283 -0.696428 0.694444 0.956551 -1
0 18.000000 33.285717 -0.696428 1.000000 0.761030 -1
0 -10.000000 41.714283 -15.000000 0.222222 0.978275 -1
0 -10.000000 41.714283 -16.000000 0.222222 0.978275 -1
0 -18.000000 33.285717 -16.000000 0.000000 0.761030 -1
0 -18.000000 33.285717 -15.000000 0.000000 0.761030 -1
0 -17.000000 33.285717 -15.000000 0.027778 0.761030 -1
0 -17.000000 33.285717 -1.696428 0.027778 0.761030 -1
0 -10.000000 40.714283 -1.696428 0.222222 0.956551 -1
0 -1.000000 42.714283 -15.000000 0.444444 1.000000 -1
0 -1.000000 42.714283 -16.000000 0.444444 1.000000 -1
0 -1.000000 41.714283 -1.696428 0.444444 0.978275 -1
0 8.000000 41.714283 -15.000000 0.694444 0.978275 -1
0 8.000000 41.714283 -16.000000 0.694444 0.978275 -1
0 8.000000 40.714283 -1.696428 0.694444 0.956551 -1
0 18.000000 33.285717 -15.000000 1.000000 0.761030 -1
0 18.000000 33.285717 -16.000000 1.000000 0.761030 -1
0 17.000000 33.285717 -1.696428 0.972222 0.761030 -1
0 17.000000 33.285717 -15.000000 0.972222 0.761030 -1
0 -18.000000 33.285717 -1.696428 0.000000 0.761030 -1
0 18.000000 33.285717 -1.696428 1.000000 0.761030 -1
0 2.681818 14.979409 0.087380 0.000000 0.000000 -1
0 13.396099 14.979409 0.087380 0.000000 0.000000 -1
0 14.396097 15.979409 0.087380 0.000000 0.000000 -1
0 1.681818 15.979409 0.087380 0.000000 0.000000 -1
0 14.396097 5.979408 0.087380 0.000000 0.000000 -1
0 13.396099 6.979408 0.087380 0.000000 0.000000 -1
0 1.681818 5.979408 0.087380 0.000000 0.000000 -1
0 2.681818 6.979408 0.087380 0.000000 0.000000 -1
0 14.396097 15.979409 -0.426158 0.000000 0.000000 -1
0 14.396097 15.979409 -0.912645 0.000000 0.000000 -1
0 1.681818 15.979409 -0.912645 0.000000 0.000000 -1
0 1.681818 15.979409 -0.426158 0.000000 0.000000 -1
0 14.396097 5.979408 -0.426158 0.000000 0.000000 -1
0 14.396097 5.979408 -0.912645 0.000000 0.000000 -1
0 1.681818 5.979408 -0.426158 0.000000 0.000000 -1
0 1.681818 5.979408 -0.912645 0.000000 0.000000 -1
0 2.681818 14.979409 -0.426158 0.000000 0.000000 -1
0 13.396099 14.979409 -0.426158 0.000000 0.000000 -1
0 13.396099 6.979408 -0.426158 0.000000 0.000000 -1
0 2.681818 6.979408 -0.426158 0.000000 0.000000 -1
0 -15.832272 22.541410 -12.666776 0.000000 0.000000 -1
0 -15.832272 22.145193 -11.906354 0.000000 0.000000 -1
0 -15.832272 22.145193 -6.583388 0.000000 0.000000 -1
0 -15.832272 22.541410 -5.822962 0.000000 0.000000 -1
0 -15.832272 18.579124 -12.666776 0.000000 0.000000 -1
0 -15.832272 18.975344 -11.906354 0.000000 0.000000 -1
0 -15.832272 18.975344 -6.583388 0.000000 0.000000 -1
0 -15.832272 18.579124 -5.822962 0.000000 0.000000 -1
0 -14.832250 22.541410 -5.822962 0.000000 0.000000 -1
0 -14.832250 22.541410 -12.666776 0.000000 0.000000 -1
0 -15.318733 22.541410 -12.666776 0.000000 0.000000 -1
0 -15.318733 22.541410 -5.822962 0.000000 0.000000 -1
0 -14.832250 18.579124 -12.666776 0.000000 0.000000 -1
0 -15.318733 18.579124 -12.666776 0.000000 0.000000 -1
0 -14.832250 18.579124 -5.822962 0.000000 0.000000 -1
0 -15.318733 18.579124 -5.822962 0.000000 0.000000 -1
0 -15.318733 22.145193 -11.906354 0.000000 0.000000 -1
0 -15.318733 22.145193 -6.583388 0.000000 0.000000 -1
0 -15.318733 18.975344 -11.906354 0.000000 0.000000 -1
0 -15.318733 18.975344 -6.583388 0.000000 0.000000 -1
0 -15.832272 30.381742 -12.784423 0.000000 0.000000 -1
0 -15.832272 29.985525 -12.024001 0.000000 0.000000 -1
0 -15.832272 29.985525 -6.701035 0.000000 0.000000 -1
0 -15.832272 30.381742 -5.940609 0.000000 0.000000 -1
0 -15.832272 26.419462 -12.784423 0.000000 0.000000 -1
0 -15.832272 26.815681 -12.024001 0.000000 0.000000 -1
0 -15.832272 26.815681 -6.701035 0.000000 0.000000 -1
0 -15.832272 26.419462 -5.940609 0.000000 0.000000 -1
0 -14.832250 30.381742 -5.940609 0.000000 0.000000 -1
0 -14.832250 30.381742 -12.784423 0.000000 0.000000 -1
0 -15.318733 30.381742 -12.784423 0.000000 0.000000 -1
0 -15.318733 30.381742 -5.940609 0.000000 0.000000 -1
0 -14.832250 26.419462 -12.784423 0.000000 0.000000 -1
0 -15.318733 26.419462 -12.784423 0.000000 0.000000 -1
0 -14.832250 26.419462 -5.940609 0.000000 0.000000 -1
0 -15.318733 26.419462 -5.940609 0.000000 0.000000 -1
0 -15.318733 29.985525 -12.024001 0.000000 0.000000 -1
0 -15.318733 29.985525 -6.701035 0.000000 0.000000 -1
0 -15.318733 26.815681 -12.024001 0.000000 0.000000 -1
0 -15.318733 26.815681 -6.701035 0.000000 0.000000 -1
0 -9.005564 25.841564 1.569804 0.000000 0.000000 -1
0 -8.593443 30.428587 1.569804 0.000000 0.000000 -1
0 -9.005564 30.670019 1.569804 0.000000 0.000000 -1
0 -8.593443 26.143337 1.569804 0.000000 0.000000 -1
0 -5.021763 26.143337 1.569804 0.000000 0.000000 -1
0 -4.609647 25.841564 1.569804 0.000000 0.000000 -1
0 -4.609647 30.670019 1.569804 0.000000 0.000000 -1
0 -5.021763 30.428587 1.569804 0.000000 0.000000 -1
0 -9.005564 30.670019 0.569804 0.000000 0.000000 -1
0 -9.005564 25.841564 0.569804 0.000000 0.000000 -1
0 -8.593443 26.143337 1.159548 0.000000 0.000000 -1
0 -8.593443 30.428587 1.159548 0.000000 0.000000 -1
0 -5.021763 26.143337 1.159548 0.000000 0.000000 -1
0 -4.609647 25.841564 0.569804 0.000000 0.000000 -1
0 -5.021763 30.428587 1.159548 0.000000 0.000000 -1
0 -4.609647 30.670019 0.569804 0.000000 0.000000 -1
0 -3.734124 30.428587 1.325446 0.000000 0.000000 -1
0 -3.734124 26.143337 1.325446 0.000000 0.000000 -1
0 -0.497084 26.143337 -0.048063 0.000000 0.000000 -1
0 -0.123579 25.841564 -0.206545 0.000000 0.000000 -1
0 -0.123579 30.670019 -0.206545 0.000000 0.000000 -1
0 -0.497084 30.428587 -0.048063 0.000000 0.000000 -1
0 -3.924666 26.143337 0.953628 0.000000 0.000000 -1
0 -3.924666 30.428587 0.953628 0.000000 0.000000 -1
0 -0.687628 26.143337 -0.419881 0.000000 0.000000 -1
0 -0.588026 25.841564 -1.112852 0.000000 0.000000 -1
0 -0.687628 30.428587 -0.419881 0.000000 0.000000 -1
0 -0.588026 30.670019 -1.112852 0.000000 0.000000 -1
0 -13.453108 25.837528 -0.200680 0.000000 0.000000 -1
0 -13.079600 30.424582 -0.042197 0.000000 0.000000 -1
0 -13.453108 30.665991 -0.200680 0.000000 0.000000 -1
0 -13.079600 26.139324 -0.042197 0.000000 0.000000 -1
0 -9.842564 26.139324 1.331311 0.000000 0.000000 -1
0 -9.842564 30.424582 1.331311 0.000000 0.000000 -1
0 -12.988661 30.665991 -1.106987 0.000000 0.000000 -1
0 -12.988661 25.837528 -1.106987 0.000000 0.000000 -1
0 -12.889063 26.139324 -0.414016 0.000000 0.000000 -1
0 -12.889063 30.424582 -0.414016 0.000000 0.000000 -1
0 -9.652020 26.139324 0.959493 0.000000 0.000000 -1
0 -9.652020 30.424582 0.959493 0.000000 0.000000 -1
0 -9.005564 18.060051 1.569804 0.000000 0.000000 -1
0 -8.593443 22.647079 1.569804 0.000000 0.000000 -1
0 -9.005564 22.888512 1.569804 0.000000 0.000000 -1
0 -8.593443 18.361824 1.569804 0.000000 0.000000 -1
0 -5.021763 18.361824 1.569804 0.000000 0.000000 -1
0 -4.609647 18.060051 1.569804 0.000000 0.000000 -1
0 -4.609647 22.888512 1.569804 0.000000 0.000000 -1
0 -5.021763 22.647079 1.569804 0.000000 0.000000 -1
0 -9.005564 22.888512 0.569804 0.000000 0.000000 -1
0 -9.005564 18.060051 0.569804 0.000000 0.000000 -1
0 -8.593443 18.361824 1.159548 0.000000 0.000000 -1
0 -8.593443 22.647079 1.159548 0.000000 0.000000 -1
0 -5.021763 18.361824 1.159548 0.000000 0.000000 -1
0 -4.609647 18.060051 0.569804 0.000000 0.000000 -1
0 -5.021763 22.647079 1.159548 0.000000 0.000000 -1
0 -4.609647 22.888512 0.569804 0.000000 0.000000 -1
0 -3.734125 22.647079 1.325446 0.000000 0.000000 -1
0 -3.734125 18.361824 1.325446 0.000000 0.000000 -1
0 -0.497084 18.361824 -0.048063 0.000000 0.000000 -1
0 -0.123579 18.060051 -0.206545 0.000000 0.000000 -1
0 -0.123579 22.888512 -0.206545 0.000000 0.000000 -1
0 -0.497084 22.647079 -0.048063 0.000000 0.000000 -1
0 -3.924666 18.361824 0.953628 0.000000 0.000000 -1
0 -3.924666 22.647079 0.953628 0.000000 0.000000 -1
0 -0.687628 18.361824 -0.419881 0.000000 0.000000 -1
0 -0.588026 18.060051 -1.112852 0.000000 0.000000 -1
0 -0.687628 22.647079 -0.419881 0.000000 0.000000 -1
0 -0.588026 22.888512 -1.112852 0.000000 0.000000 -1
0 -13.453108 18.056015 -0.200680 0.000000 0.000000 -1
0 -13.079600 22.643074 -0.042197 0.000000 0.000000 -1
0 -13.453108 22.884483 -0.200680 0.000000 0.000000 -1
0 -13.079600 18.357811 -0.042197 0.000000 0.000000 -1
0 -9.842564 18.357811 1.331311 0.000000 0.000000 -1
0 -9.842564 22.643074 1.331311 0.000000 0.000000 -1
0 -12.988661 22.884483 -1.106987 0.000000 0.000000 -1
0 -12.988661 18.056015 -1.106987 0.000000 0.000000 -1
0 -12.889063 18.357811 -0.414016 0.000000 0.000000 -1
0 -12.889063 22.643074 -0.414016 0.000000 0.000000 -1
0 -9.652020 18.357811 0.959493 0.000000 0.000000 -1
0 -9.652020 22.643074 0.959493 0.000000 0.000000 -1
0 5.774344 22.145193 0.087380 0.000000 0.000000 -1
0 11.097296 22.145193 0.087380 0.000000 0.000000 -1
0 11.857717 22.541410 0.087380 0.000000 0.000000 -1
0 5.013918 22.541410 0.087380 0.000000 0.000000 -1
0 11.857717 18.579124 0.087380 0.000000 0.000000 -1
0 11.097296 18.975344 0.087380 0.000000 0.000000 -1
0 5.013918 18.579124 0.087380 0.000000 0.000000 -1
0 5.774344 18.975344 0.087380 0.000000 0.000000 -1
0 11.857717 22.541410 -0.426158 0.000000 0.000000 -1
0 11.857717 22.541410 -0.912645 0.000000 0.000000 -1
0 5.013918 22.541410 -0.912645 0.000000 0.000000 -1
0 5.013918 22.541410 -0.426158 0.000000 0.000000 -1
0 11.857717 18.579124 -0.426158 0.000000 0.000000 -1
0 11.857717 18.579124 -0.912645 0.000000 0.000000 -1
0 5.013918 18.579124 -0.426158 0.000000 0.000000 -1
0 5.013918 18.579124 -0.912645 0.000000 0.000000 -1
0 5.774344 22.145193 -0.426158 0.000000 0.000000 -1
0 11.097296 22.145193 -0.426158 0.000000 0.000000 -1
0 11.097296 18.975344 -0.426158 0.000000 0.000000 -1
0 5.774344 18.975344 -0.426158 0.000000 0.000000 -1
0 5.891992 29.985525 0.087380 0.000000 0.000000 -1
0 11.214943 29.985525 0.087380 0.000000 0.000000 -1
0 11.975364 30.381742 0.087380 0.000000 0.000000 -1
0 5.131565 30.381742 0.087380 0.000000 0.000000 -1
0 11.975364 26.419462 0.087380 0.000000 0.000000 -1
0 11.214943 26.815681 0.087380 0.000000 0.000000 -1
0 5.131565 26.419462 0.087380 0.000000 0.000000 -1
0 5.891992 26.815681 0.087380 0.000000 0.000000 -1
0 11.975364 30.381742 -0.426158 0.000000 0.000000 -1
0 11.975364 30.381742 -0.912645 0.000000 0.000000 -1
0 5.131565 30.381742 -0.912645 0.000000 0.000000 -1
0 5.131565 30.381742 -0.426158 0.000000 0.000000 -1
0 11.975364 26.419462 -0.426158 0.000000 0.000000 -1
0 11.975364 26.419462 -0.912645 0.000000 0.000000 -1
0 5.131565 26.419462 -0.426158 0.000000 0.000000 -1
0 5.131565 26.419462 -0.912645 0.000000 0.000000 -1
0 5.891992 29.985525 -0.426158 0.000000 0.000000 -1
0 11.214943 29.985525 -0.426158 0.000000 0.000000 -1
0 11.214943 26.815681 -0.426158 0.000000 0.000000 -1
0 5.891992 26.815681 -0.426158 0.000000 0.000000 -1
0 -2.812285 34.102062 1.569804 0.000000 0.000000 -1
0 -2.400165 38.689083 1.569804 0.000000 0.000000 -1
0 -2.812285 38.930515 1.569804 0.000000 0.000000 -1
0 -2.400165 34.403835 1.569804 0.000000 0.000000 -1
0 1.171514 34.403835 1.569804 0.000000 0.000000 -1
0 1.583630 34.102062 1.569804 0.000000 0.000000 -1
0 1.583630 38.930515 1.569804 0.000000 0.000000 -1
0 1.171514 38.689083 1.569804 0.000000 0.000000 -1
0 -2.812285 38.930515 0.569804 0.000000 0.000000 -1
0 -2.812285 34.102062 0.569804 0.000000 0.000000 -1
0 -2.400165 34.403835 1.159548 0.000000 0.000000 -1
0 -2.400165 38.689083 1.159548 0.000000 0.000000 -1
0 1.171514 34.403835 1.159548 0.000000 0.000000 -1
0 1.583630 34.102062 0.569804 0.000000 0.000000 -1
0 1.171514 38.689083 1.159548 0.000000 0.000000 -1
0 1.583630 38.930515 0.569804 0.000000 0.000000 -1
0 2.459153 38.689083 1.325446 0.000000 0.000000 -1
0 2.459153 34.403835 1.325446 0.000000 0.000000 -1
0 5.696193 34.403835 -0.048063 0.000000 0.000000 -1
0 6.069699 34.102062 -0.206545 0.000000 0.000000 -1
0 6.069699 38.930515 -0.206545 0.000000 0.000000 -1
0 5.696193 38.689083 -0.048063 0.000000 0.000000 -1
0 2.268611 34.403835 0.953628 0.000000 0.000000 -1
0 2.268611 38.689083 0.953628 0.000000 0.000000 -1
0 5.505650 34.403835 -0.419881 0.000000 0.000000 -1
0 5.605251 34.102062 -1.112852 0.000000 0.000000 -1
0 5.505650 38.689083 -0.419881 0.000000 0.000000 -1
0 5.605251 38.930515 -1.112852 0.000000 0.000000 -1
0 -7.259831 34.098026 -0.200680 0.000000 0.000000 -1
0 -6.886322 38.685078 -0.042197 0.000000 0.000000 -1
0 -7.259831 38.926487 -0.200680 0.000000 0.000000 -1
0 -6.886322 34.399822 -0.042197 0.000000 0.000000 -1
0 -3.649286 34.399822 1.331311 0.000000 0.000000 -1
0 -3.649286 38.685078 1.331311 0.000000 0.000000 -1
0 -6.795384 38.926487 -1.106987 0.000000 0.000000 -1
0 -6.795384 34.098026 -1.106987 0.000000 0.000000 -1
0 -6.695786 34.399822 -0.414016 0.000000 0.000000 -1
0 -6.695786 38.685078 -0.414016 0.000000 0.000000 -1
0 -3.458742 34.399822 0.959493 0.000000 0.000000 -1
0 -3.458742 38.685078 0.959493 0.000000 0.000000 -1
0 15.832272 22.145193 -6.583388 0.000000 0.000000 -1
0 15.832272 22.145193 -11.906354 0.000000 0.000000 -1
0 15.832272 22.541410 -12.666776 0.000000 0.000000 -1
0 15.832272 22.541410 -5.822962 0.000000 0.000000 -1
0 15.832272 18.579124 -12.666776 0.000000 0.000000 -1
0 15.832272 18.975344 -11.906354 0.000000 0.000000 -1
0 15.832272 18.579124 -5.822962 0.000000 0.000000 -1
0 15.832272 18.975344 -6.583388 0.000000 0.000000 -1
0 15.318733 22.541410 -12.666776 0.000000 0.000000 -1
0 14.832250 22.541410 -12.666776 0.000000 0.000000 -1
0 14.832250 22.541410 -5.822962 0.000000 0.000000 -1
0 15.318733 22.541410 -5.822962 0.000000 0.000000 -1
0 15.318733 18.579124 -12.666776 0.000000 0.000000 -1
0 14.832250 18.579124 -12.666776 0.000000 0.000000 -1
0 15.318733 18.579124 -5.822962 0.000000 0.000000 -1
0 14.832250 18.579124 -5.822962 0.000000 0.000000 -1
0 15.318733 22.145193 -6.583388 0.000000 0.000000 -1
0 15.318733 22.145193 -11.906354 0.000000 0.000000 -1
0 15.318733 18.975344 -11.906354 0.000000 0.000000 -1
0 15.318733 18.975344 -6.583388 0.000000 0.000000 -1
0 15.832272 29.985525 -6.701035 0.000000 0.000000 -1
0 15.832272 29.985525 -12.024001 0.000000 0.000000 -1
0 15.832272 30.381742 -12.784423 0.000000 0.000000 -1
0 15.832272 30.381742 -5.940609 0.000000 0.000000 -1
0 15.832272 26.419462 -12.784423 0.000000 0.000000 -1
0 15.832272 26.815681 -12.024001 0.000000 0.000000 -1
0 15.832272 26.419462 -5.940609 0.000000 0.000000 -1
0 15.832272 26.815681 -6.701035 0.000000 0.000000 -1
0 15.318733 30.381742 -12.784423 0.000000 0.000000 -1
0 14.832250 30.381742 -12.784423 0.000000 0.000000 -1
0 14.832250 30.381742 -5.940609 0.000000 0.000000 -1
0 15.318733 30.381742 -5.940609 0.000000 0.000000 -1
0 15.318733 26.419462 -12.784423 0.000000 0.000000 -1
0 14.832250 26.419462 -12.784423 0.000000 0.000000 -1
0 15.318733 26.419462 -5.940609 0.000000 0.000000 -1
0 14.832250 26.419462 -5.940609 0.000000 0.000000 -1
0 15.318733 29.985525 -6.701035 0.000000 0.000000 -1
0 15.318733 29.985525 -12.024001 0.000000 0.000000 -1
0 15.318733 26.815681 -12.024001 0.000000 0.000000 -1
0 15.318733 26.815681 -6.701035 0.000000 0.000000 -1
0 -6.875000 16.313042 7.543126 0.000000 0.000000 -1
0 -8.548459 16.313042 7.543126 0.000000 0.000000 -1
0 -6.875000 15.475903 7.543126 0.000000 0.000000 -1
0 -8.548459 15.475903 7.543126 0.000000 0.000000 -1
0 -10.221918 14.962257 7.543126 0.000000 0.000000 -1
0 -10.221918 15.799391 7.543126 0.000000 0.000000 -1
0 -11.895378 14.638773 7.543126 0.000000 0.000000 -1
0 -11.895378 13.801645 7.543126 0.000000 0.000000 -1
0 -13.568836 12.964512 7.543126 0.000000 0.000000 -1
0 -13.568836 12.127379 7.543126 0.000000 0.000000 -1
0 -5.201541 16.313042 7.543126 0.000000 0.000000 -1
0 -5.201541 15.475903 7.543126 0.000000 0.000000 -1
0 -3.528082 15.799391 7.543126 0.000000 0.000000 -1
0 -3.528082 14.962257 7.543126 0.000000 0.000000 -1
0 -1.854623 14.638773 7.543126 0.000000 0.000000 -1
0 -1.854623 13.801645 7.543126 0.000000 0.000000 -1
0 -0.181164 12.964512 7.543126 0.000000 0.000000 -1
0 -0.181164 12.127379 7.543126 0.000000 0.000000 -1
0 -6.875000 16.313042 -0.901316 0.000000 0.000000 -1
0 -8.548459 16.313042 -0.901316 0.000000 0.000000 -1
0 -6.875000 15.475903 -0.901316 0.000000 0.000000 -1
0 -8.548459 15.475903 -0.901316 0.000000 0.000000 -1
0 -10.221918 14.962271 -0.901316 0.000000 0.000000 -1
0 -10.221918 15.799404 -0.901316 0.000000 0.000000 -1
0 -11.895378 14.638773 -0.901316 0.000000 0.000000 -1
0 -11.895378 13.801645 -0.901316 0.000000 0.000000 -1
0 -13.568836 12.964512 -0.901316 0.000000 0.000000 -1
0 -13.568836 12.127379 -0.901316 0.000000 0.000000 -1
0 -5.201541 16.313042 -0.901316 0.000000 0.000000 -1
0 -5.201541 15.475903 -0.901316 0.000000 0.000000 -1
0 -3.528082 14.962271 -0.901316 0.000000 0.000000 -1
0 -3.528082 15.799404 -0.901316 0.000000 0.000000 -1
0 -1.854623 14.638773 -0.901316 0.000000 0.000000 -1
0 -1.854623 13.801645 -0.901316 0.000000 0.000000 -1
0 -0.181164 12.964512 -0.901316 0.000000 0.000000 -1
0 -0.181164 12.127379 -0.901316 0.000000 0.000000 -1
0 -0.181164 5.430326 7.562134 0.000000 0.000000 -1
0 -1.017892 5.430326 7.562134 0.000000 0.000000 -1
0 -1.017892 2.918929 7.562134 0.000000 0.000000 -1
0 -0.181164 0.081797 10.687134 0.000000 0.000000 -1
0 -12.732109 2.918929 7.562134 0.000000 0.000000 -1
0 -13.568836 0.081797 10.687134 0.000000 0.000000 -1
0 -12.732109 5.430326 7.562134 0.000000 0.000000 -1
0 -13.568836 5.430326 7.562134 0.000000 0.000000 -1
0 -0.181164 5.430326 7.562109 0.000000 0.000000 -1
0 -0.181164 5.430326 -0.901316 0.000000 0.000000 -1
0 -1.017892 5.430326 -0.901316 0.000000 0.000000 -1
0 -1.017892 5.430326 7.562109 0.000000 0.000000 -1
0 -1.017892 2.918929 -0.901316 0.000000 0.000000 -1
0 -1.017892 2.918929 7.562109 0.000000 0.000000 -1
0 -0.181164 0.081797 10.687109 0.000000 0.000000 -1
0 -0.181164 2.081797 -0.901316 0.000000 0.000000 -1
0 -12.732109 2.918929 -0.901316 0.000000 0.000000 -1
0 -12.732109 2.918929 7.562109 0.000000 0.000000 -1
0 -13.568836 0.081797 10.687109 0.000000 0.000000 -1
0 -13.568836 2.081797 -0.901316 0.000000 0.000000 -1
0 -12.732109 5.430326 -0.901316 0.000000 0.000000 -1
0 -12.732109 5.430326 7.562109 0.000000 0.000000 -1
0 -13.568836 5.430326 -0.901316 0.000000 0.000000 -1
0 -13.568836 5.430326 7.562109 0.000000 0.000000 -1
0 -12.732109 5.430326 6.625000 0.000000 1.000000 -1
0 -12.732109 12.127379 6.625000 0.000000 0.000000 -1
0 -12.854645 5.430326 6.978554 0.125000 1.000000 -1
0 -12.854645 12.127379 6.978554 0.125000 0.000000 -1
0 -13.150471 12.127379 7.125000 0.250000 0.000000 -1
0 -13.150471 5.430326 7.125000 0.250000 1.000000 -1
0 -13.446298 5.430326 6.978554 0.375000 1.000000 -1
0 -13.446298 12.127379 6.978554 0.375000 0.000000 -1
0 -13.568836 12.127379 6.625000 0.500000 0.000000 -1
0 -13.568836 5.430326 6.625000 0.500000 1.000000 -1
0 -13.446298 5.430326 6.271446 0.625000 1.000000 -1
0 -13.446298 12.127379 6.271446 0.625000 0.000000 -1
0 -13.150471 12.127379 6.125000 0.750000 0.000000 -1
0 -13.150471 5.430326 6.125000 0.750000 1.000000 -1
0 -12.854645 5.430326 6.271446 0.875000 1.000000 -1
0 -12.854645 12.127379 6.271446 0.875000 0.000000 -1
0 -12.732109 12.127379 6.625000 1.000000 0.000000 -1
0 -12.732109 5.430326 6.625000 1.000000 1.000000 -1
0 -0.181164 5.430326 6.625000 0.000000 1.000000 -1
0 -0.181164 12.127379 6.625000 0.000000 0.000000 -1
0 -0.303699 5.430326 6.978554 0.125000 1.000000 -1
0 -0.303699 12.127379 6.978554 0.125000 0.000000 -1
0 -0.599529 12.127379 7.125000 0.250000 0.000000 -1
0 -0.599529 5.430326 7.125000 0.250000 1.000000 -1
0 -0.895357 5.430326 6.978554 0.375000 1.000000 -1
0 -0.895357 12.127379 6.978554 0.375000 0.000000 -1
0 -1.017892 12.127379 6.625000 0.500000 0.000000 -1
0 -1.017892 5.430326 6.625000 0.500000 1.000000 -1
0 -0.895357 5.430326 6.271446 0.625000 1.000000 -1
0 -0.895357 12.127379 6.271446 0.625000 0.000000 -1
0 -0.599529 12.127379 6.125000 0.750000 0.000000 -1
0 -0.599529 5.430326 6.125000 0.750000 1.000000 -1
0 -0.303699 5.430326 6.271446 0.875000 1.000000 -1
0 -0.303699 12.127379 6.271446 0.875000 0.000000 -1
0 -0.181164 12.127379 6.625000 1.000000 0.000000 -1
0 -0.181164 5.430326 6.625000 1.000000 1.000000 -1
0 -13.568836 12.127379 0.625000 0.000000 0.000000 -1
0 -13.568836 5.430326 0.625000 0.000000 1.000000 -1
0 -12.732109 12.127379 0.625000 1.000000 0.000000 -1
0 -12.732109 5.430326 0.625000 1.000000 1.000000 -1
0 -12.732109 12.127379 0.625000 0.000000 0.000000 -1
0 -12.732109 5.430326 0.625000 0.000000 1.000000 -1
0 -12.732109 12.127379 -0.375000 1.000000 0.000000 -1
0 -12.732109 5.430326 -0.375000 1.000000 1.000000 -1
0 -13.568836 12.127379 -0.375000 0.000000 0.000000 -1
0 -13.568836 5.430326 -0.375000 0.000000 1.000000 -1
0 -13.568836 12.127379 0.625000 1.000000 0.000000 -1
0 -13.568836 5.430326 0.625000 1.000000 1.000000 -1
0 -13.568836 12.127379 0.625000 0.000000 1.000000 -1
0 -12.732109 12.127379 0.625000 1.000000 1.000000 -1
0 -13.568836 5.430326 0.625000 0.000000 0.000000 -1
0 -12.732109 5.430326 0.625000 1.000000 0.000000 -1
0 -1.017892 12.127379 0.625000 0.000000 0.000000 -1
0 -1.017892 5.430326 0.625000 0.000000 1.000000 -1
0 -0.181164 12.127379 0.625000 1.000000 0.000000 -1
0 -0.181164 5.430326 0.625000 1.000000 1.000000 -1
0 -0.181164 12.127379 0.625000 0.000000 0.000000 -1
0 -0.181164 5.430326 0.625000 0.000000 1.000000 -1
0 -0.181164 12.127379 -0.375000 1.000000 0.000000 -1
0 -0.181164 5.430326 -0.375000 1.000000 1.000000 -1
0 -1.017892 12.127379 -0.375000 0.000000 0.000000 -1
0 -1.017892 5.430326 -0.375000 0.000000 1.000000 -1
0 -1.017892 12.127379 0.625000 1.000000 0.000000 -1
0 -1.017892 5.430326 0.625000 1.000000 1.000000 -1
0 -1.017892 12.127379 0.625000 0.000000 1.000000 -1
0 -0.181164 12.127379 0.625000 1.000000 1.000000 -1
0 -1.017892 5.430326 0.625000 0.000000 0.000000 -1
0 -0.181164 5.430326 0.625000 1.000000 0.000000 -1
0 -10.221918 12.904723 0.039634 0.000000 0.000000 -1
0 -3.528082 12.904723 0.039634 0.000000 0.000000 -1
0 -2.691352 13.741854 0.039634 0.000000 0.000000 -1
0 -11.058647 13.741854 0.039634 0.000000 0.000000 -1
0 -3.528082 3.875652 0.039634 0.000000 0.000000 -1
0 -2.691352 3.038519 0.039634 0.000000 0.000000 -1
0 -11.058647 3.038519 0.039634 0.000000 0.000000 -1
0 -10.221918 3.875652 0.039634 0.000000 0.000000 -1
0 -10.221918 12.904723 -0.496951 0.000000 0.000000 -1
0 -3.528082 12.904723 -0.496951 0.000000 0.000000 -1
0 -2.691352 13.741854 -0.960366 0.000000 0.000000 -1
0 -11.058647 13.741854 -0.960366 0.000000 0.000000 -1
0 -3.528082 3.875652 -0.496951 0.000000 0.000000 -1
0 -2.691352 3.038519 -0.960366 0.000000 0.000000 -1
0 -11.058647 3.038519 -0.960366 0.000000 0.000000 -1
0 -10.221918 3.875652 -0.496951 0.000000 0.000000 -1
246
-0.001109 -0.000581 -0.999999
0.515576 0.607184 -0.604573
-0.001129 -0.001162 -0.999999
-0.707096 0.001163 -0.707116
0.381832 -0.826120 -0.414403
0.707108 -0.000181 -0.707105
-0.721050 -0.692841 0.007695
0.434953 -0.000601 -0.900453
-0.707110 -0.000432 -0.707103
-0.395111 -0.413838 -0.820137
0.442502 -0.871124 -0.212920
0.897787 0.440418 0.003202
-0.800067 0.599886 -0.005395
0.274773 0.018312 0.961335
-0.168878 -0.297328 0.939722
-0.002413 -0.707324 0.706886
0.299416 -0.299818 0.905792
0.891279 0.000482 0.453455
-0.709993 0.000125 0.704209
-0.891283 0.002192 0.453443
-0.457545 0.001438 0.889185
0.697303 0.000381 0.716776
-0.003294 0.999985 -0.004371
0.026596 0.999644 -0.002221
0.692683 -0.721242 0.000632
-0.000088 -0.999989 0.004786
-0.616904 0.787022 -0.005132
0.005778 0.999972 -0.004757
-0.000080 0.999991 -0.004338
-0.692798 -0.721132 0.000138
0.000088 -0.999989 0.004786
0.121427 -0.430413 0.894427
0.231124 -0.972921 0.002728
-0.194432 -0.980916 0.000000
-0.137484 -0.693612 0.707107
0.000000 0.000000 1.000000
-0.549948 0.835199 0.000000
-0.333331 0.942810 0.000000
-0.967872 0.251443 0.000000
-0.483936 -0.875103 0.000000
0.000000 -1.000000 0.000000
0.727789 -0.685801 0.000000
0.552017 -0.833833 0.000000
0.334399 -0.942432 0.000000
-0.037012 0.999315 0.000000
0.037012 0.999315 0.000000
0.037012 -0.999315 0.000000
-0.037012 -0.999315 0.000000
0.299920 0.953964 0.000000
0.485015 0.874506 0.000000
-0.296775 -0.954948 0.000000
-0.478881 -0.877880 0.000000
0.925053 0.379838 0.000000
0.462526 -0.886605 0.000000
-0.636565 -0.771223 0.000000
0.000000 1.000000 0.000000
0.707107 0.707107 0.000000
0.894427 0.447214 0.000000
-0.447214 0.894427 0.000000
-0.707107 0.707107 0.000000
0.707107 -0.707107 0.000000
0.447214 -0.894427 0.000000
-0.707107 -0.707107 0.000000
-0.894427 -0.447214 0.000000
0.894427 -0.447214 0.000000
-0.447214 -0.894427 0.000000
0.447214 0.894427 0.000000
-0.894427 0.447214 0.000000
-1.000000 0.000000 0.000000
0.000000 0.894427 0.447214
0.000000 0.447214 -0.894427
0.000000 0.707107 -0.707107
0.000000 0.707107 0.707107
0.000000 -0.894427 -0.447214
0.000000 -0.707107 -0.707107
0.000000 -0.447214 0.894427
0.000000 -0.707107 0.707107
0.000000 -0.894427 0.447214
0.000000 -0.447214 -0.894427
0.000000 0.894427 -0.447214
0.000000 0.447214 0.894427
-0.106656 -0.047976 0.993138
-0.152540 0.057579 0.986619
0.216445 -0.067191 0.973980
0.169647 0.081880 0.982098
-0.316730 0.948516 -0.000122
0.315940 0.948779 0.000000
-0.315732 -0.948848 0.000135
0.316486 -0.948597 0.000000
-0.316228 -0.948683 0.000000
0.316228 -0.948683 0.000000
0.316228 0.948683 0.000000
-0.316228 0.948683 0.000000
0.303732 0.149010 0.941033
0.322642 -0.184301 0.928405
0.382999 -0.099760 0.918346
0.379361 -0.016301 0.925105
0.383115 0.013580 0.923601
0.377813 0.162345 0.911538
0.795993 0.447214 -0.407915
0.397997 0.894427 -0.203957
0.795993 -0.447214 -0.407915
0.397997 -0.894427 -0.203957
-0.397996 0.894427 0.203959
-0.795992 0.447214 0.407918
0.397997 -0.894427 -0.203958
0.795993 -0.447214 -0.407915
-0.795992 -0.447214 0.407918
-0.397996 -0.894427 0.203959
0.795993 0.447214 -0.407915
0.397997 0.894427 -0.203958
-0.384558 -0.071236 0.920348
-0.390603 -0.000000 0.920559
-0.381557 0.114296 0.917252
-0.390603 0.000000 0.920559
-0.326328 -0.071347 0.942560
-0.342658 0.114456 0.932462
-0.796060 0.447062 -0.407950
-0.398646 0.894115 -0.204059
-0.795919 -0.447381 -0.407877
-0.397357 -0.894739 -0.203838
0.795998 0.447214 0.407906
0.397999 0.894427 0.203953
0.795998 -0.447214 0.407906
0.397999 -0.894427 0.203953
-0.397996 0.894427 -0.203959
-0.795992 0.447214 -0.407917
-0.795992 -0.447214 -0.407917
-0.397996 -0.894427 -0.203959
0.216445 -0.067191 0.973980
0.169647 0.081880 0.982098
0.303733 0.149009 0.941033
0.322642 -0.184301 0.928405
0.382999 -0.099760 0.918346
0.377813 0.162344 0.911538
0.795994 0.447214 -0.407913
0.397997 0.894427 -0.203957
0.795994 -0.447214 -0.407913
0.397997 -0.894427 -0.203957
-0.397996 0.894427 0.203959
-0.795992 0.447214 0.407918
-0.795992 -0.447214 0.407918
-0.397996 -0.894427 0.203959
-0.796060 0.447062 -0.407950
-0.398646 0.894115 -0.204059
-0.795919 -0.447381 -0.407877
-0.397357 -0.894739 -0.203838
0.397999 0.894427 0.203953
0.397999 -0.894427 0.203953
-0.106656 -0.047976 0.993138
-0.152540 0.057579 0.986619
0.216445 -0.067191 0.973980
0.169647 0.081880 0.982098
-0.316730 0.948516 -0.000122
-0.315732 -0.948848 0.000135
0.303732 0.149010 0.941033
0.322642 -0.184301 0.928405
0.382998 -0.099760 0.918346
0.379361 -0.016301 0.925105
0.383115 0.013580 0.923601
0.377813 0.162344 0.911538
0.397997 0.894427 -0.203958
0.397997 -0.894427 -0.203958
-0.397996 0.894427 0.203959
-0.795992 0.447214 0.407917
0.397996 -0.894427 -0.203958
0.795993 -0.447214 -0.407916
-0.795992 -0.447214 0.407917
-0.397996 -0.894427 0.203959
0.795993 0.447214 -0.407916
0.397996 0.894427 -0.203958
-0.384558 -0.071236 0.920348
-0.390602 -0.000001 0.920560
-0.381557 0.114296 0.917252
-0.390602 0.000001 0.920560
-0.326328 -0.071347 0.942560
-0.342658 0.114456 0.932462
0.795999 0.447214 0.407904
0.397999 0.894427 0.203952
0.795999 -0.447214 0.407904
0.397999 -0.894427 0.203952
-0.397996 0.894427 -0.203959
-0.795991 0.447214 -0.407919
-0.795991 -0.447214 -0.407919
-0.397996 -0.894427 -0.203959
1.000000 0.000000 0.000000
-0.098778 0.995109 0.000000
-0.197559 0.980291 0.000001
0.098779 -0.995109 0.000000
0.197557 -0.980291 -0.000001
0.389691 -0.920946 -0.000001
0.482832 -0.875713 -0.000001
-0.389696 0.920944 0.000001
-0.482837 0.875710 0.000001
-0.617895 0.786260 0.000000
-0.663851 0.747865 0.000000
0.617894 -0.786261 -0.000000
0.663853 -0.747863 0.000000
-0.862940 0.505306 0.000000
-0.967557 0.252653 0.000000
0.281360 -0.959602 0.000000
-0.877377 -0.479801 0.000000
0.098781 0.995109 0.000000
0.197559 0.980291 0.000001
-0.098777 -0.995110 0.000000
-0.197557 -0.980291 -0.000001
-0.389693 -0.920945 -0.000001
-0.482834 -0.875712 -0.000001
0.389694 0.920944 0.000001
0.482835 0.875712 0.000001
0.617895 0.786260 0.000000
0.663852 0.747864 0.000000
-0.617895 -0.786261 -0.000000
-0.663851 -0.747865 0.000000
0.862940 0.505306 0.000000
0.967557 0.252653 0.000000
-0.281360 -0.959602 0.000000
0.877377 -0.479801 0.000000
-0.485695 0.161820 0.859019
-0.331207 0.404223 0.852588
-0.313101 0.659933 0.682976
0.243504 0.513241 0.822976
0.477695 0.583003 0.657202
0.485696 0.161820 0.859019
0.708254 -0.704815 -0.040151
0.447214 -0.881397 -0.152117
-0.708254 -0.701375 -0.080303
-0.894427 -0.440698 -0.076058
0.944861 0.000000 0.327473
0.750237 0.000000 0.661169
0.000001 0.000000 1.000000
-0.750235 0.000000 0.661172
-0.750235 0.000000 -0.661172
0.000001 0.000000 -1.000000
0.750237 0.000000 -0.661169
0.944861 0.000000 -0.327473
0.944861 0.000000 0.327471
0.750236 0.000000 0.661170
0.750236 0.000000 0.661170
-0.000001 0.000000 1.000000
-0.750237 0.000000 0.661169
-0.750237 0.000000 -0.661169
-0.000001 0.000000 -1.000000
0.750236 0.000000 -0.661170
0.750236 0.000000 -0.661170
0.944861 0.000000 -0.327471
687
0 0 1 2 0 1 0 1
0 0 2 3 0 0 2 1
0 4 5 6 3 4 5 1
0 4 7 5 3 6 4 1
0 5 7 4 4 6 3 1
0 8 9 10 7 8 9 1
0 11 8 10 10 7 9 1
0 12 13 14 11 12 13 1
0 13 15 14 12 14 13 1
0 16 14 15 15 13 14 1
0 17 16 15 16 15 14 1
0 16 11 5 15 10 4 1
0 16 17 11 15 16 10 1
0 8 11 18 7 10 17 1
0 11 17 18 10 16 17 1
0 19 18 17 18 17 16 1
0 15 19 17 14 18 16 1
0 19 13 9 18 12 8 1
0 19 15 13 18 14 12 1
0 20 7 4 19 6 3 1
0 20 21 7 19 20 6 1
0 21 20 22 20 19 21 1
0 21 22 14 20 21 13 1
0 6 12 22 5 11 21 1
0 12 14 22 11 13 21 1
0 23 24 1 22 23 1 1
0 24 12 1 23 11 1 1
0 25 1 12 24 1 11 1
0 5 25 12 4 24 11 1
0 25 7 26 24 6 25 1
0 25 5 7 24 4 6 1
0 27 28 29 26 27 28 1
0 27 13 28 26 12 27 1
0 13 27 30 12 26 29 1
0 13 30 10 12 29 9 1
0 31 11 30 30 10 29 1
0 11 10 30 10 9 29 1
0 15 32 33 14 31 32 1
0 33 27 15 32 26 14 1
0 14 1 34 13 1 33 1
0 34 35 14 33 34 13 1
0 36 37 32 35 35 31 1
0 32 38 36 31 35 35 1
0 39 36 38 35 35 35 1
0 39 38 40 35 35 35 1
0 40 41 39 35 35 35 1
0 41 40 42 35 35 35 1
0 42 43 41 35 35 35 1
0 43 42 35 35 35 34 1
0 44 45 46 36 37 38 2
0 44 46 47 36 38 39 2
0 47 46 33 39 38 40 2
0 47 33 48 39 40 40 2
0 32 49 50 41 41 42 2
0 32 50 38 41 42 43 2
0 51 52 45 44 45 37 2
0 51 45 44 44 37 36 2
0 38 50 53 43 42 46 2
0 38 53 40 43 46 47 2
0 54 55 52 48 49 45 2
0 54 52 51 48 45 44 2
0 40 53 56 47 46 50 2
0 40 56 42 47 50 51 2
0 57 58 55 52 53 49 2
0 57 55 54 52 49 48 2
0 42 56 59 51 50 54 2
0 42 59 35 51 54 54 2
0 60 34 58 40 40 53 2
0 60 58 57 40 53 52 2
0 46 61 49 55 55 55 3
0 46 49 33 55 55 55 3
0 48 32 37 40 40 40 3
0 48 37 47 40 40 40 3
0 34 59 62 55 55 55 3
0 34 62 58 55 55 55 3
0 57 43 35 40 40 40 3
0 57 35 60 40 40 40 3
0 63 64 65 35 35 35 1
0 65 66 63 35 35 35 1
0 64 67 65 35 35 35 1
0 67 64 68 35 35 35 1
0 69 67 70 35 35 35 1
0 67 68 70 35 35 35 1
0 66 70 63 35 35 35 1
0 66 69 70 35 35 35 1
0 71 72 73 56 57 58 2
0 71 73 74 56 58 59 2
0 75 76 72 60 61 57 2
0 75 72 71 60 57 56 2
0 77 78 76 62 63 61 2
0 77 76 75 62 61 60 2
0 74 73 78 59 58 63 2
0 74 78 77 59 63 62 2
0 63 79 80 61 64 65 2
0 63 80 64 61 65 63 2
0 65 71 74 66 56 59 2
0 65 74 66 66 59 67 2
0 67 75 71 64 60 56 2
0 67 71 65 64 56 66 2
0 64 80 81 63 65 67 2
0 64 81 68 63 67 58 2
0 69 77 75 65 62 60 2
0 69 75 67 65 60 64 2
0 68 81 82 58 67 66 2
0 68 82 70 58 66 57 2
0 70 82 79 57 66 64 2
0 70 79 63 57 64 61 2
0 66 74 77 67 59 62 2
0 66 77 69 67 62 65 2
0 83 84 85 68 68 68 1
0 85 86 83 68 68 68 1
0 83 87 84 68 68 68 1
0 88 84 87 68 68 68 1
0 89 87 90 68 68 68 1
0 89 88 87 68 68 68 1
0 85 89 86 68 68 68 1
0 89 90 86 68 68 68 1
0 91 92 93 69 70 71 2
0 94 91 93 72 69 71 2
0 92 95 96 70 73 74 2
0 93 92 96 71 70 74 2
0 95 97 98 73 75 76 2
0 96 95 98 74 73 76 2
0 97 91 94 75 69 72 2
0 98 97 94 76 75 72 2
0 99 100 85 77 78 73 2
0 84 99 85 75 77 73 2
0 94 93 83 72 71 79 2
0 86 94 83 80 72 79 2
0 93 96 87 71 74 78 2
0 83 93 87 79 71 78 2
0 101 99 84 80 77 75 2
0 88 101 84 69 80 75 2
0 96 98 90 74 76 77 2
0 87 96 90 78 74 77 2
0 102 101 88 79 80 69 2
0 89 102 88 70 79 69 2
0 100 102 89 78 79 70 2
0 85 100 89 73 78 70 2
0 98 94 86 76 72 80 2
0 90 98 86 77 76 80 2
0 103 104 105 68 68 68 1
0 105 106 103 68 68 68 1
0 103 107 104 68 68 68 1
0 108 104 107 68 68 68 1
0 109 107 110 68 68 68 1
0 109 108 107 68 68 68 1
0 105 109 106 68 68 68 1
0 109 110 106 68 68 68 1
0 111 112 113 69 70 71 2
0 114 111 113 72 69 71 2
0 112 115 116 70 73 74 2
0 113 112 116 71 70 74 2
0 115 117 118 73 75 76 2
0 116 115 118 74 73 76 2
0 117 111 114 75 69 72 2
0 118 117 114 76 75 72 2
0 119 120 105 77 78 73 2
0 104 119 105 75 77 73 2
0 114 113 103 72 71 79 2
0 106 114 103 80 72 79 2
0 113 116 107 71 74 78 2
0 103 113 107 79 71 78 2
0 121 119 104 80 77 75 2
0 108 121 104 69 80 75 2
0 116 118 110 74 76 77 2
0 107 116 110 78 74 77 2
0 122 121 108 79 80 69 2
0 109 122 108 70 79 69 2
0 120 122 109 78 79 70 2
0 105 120 109 73 78 70 2
0 118 114 106 76 72 80 2
0 110 118 106 77 76 80 2
0 123 124 125 81 35 82 1
0 123 126 124 81 35 35 1
0 126 123 127 35 81 35 1
0 123 128 127 81 83 35 1
0 129 130 127 84 35 35 1
0 127 128 129 35 83 84 1
0 124 130 125 35 35 82 1
0 130 129 125 35 84 82 1
0 125 131 132 85 86 87 2
0 125 132 123 85 87 88 2
0 126 133 134 57 66 64 2
0 126 134 124 57 64 61 2
0 127 135 133 58 67 66 2
0 127 133 126 58 66 57 2
0 123 132 136 88 87 89 2
0 123 136 128 88 89 90 2
0 130 137 135 63 65 67 2
0 130 135 127 63 67 58 2
0 128 136 138 90 89 91 2
0 128 138 129 90 91 92 2
0 124 134 137 61 64 65 2
0 124 137 130 61 65 63 2
0 129 138 131 92 91 86 2
0 129 131 125 92 86 85 2
0 128 139 129 83 93 84 1
0 128 140 139 83 94 93 1
0 140 128 141 94 83 95 1
0 128 142 141 83 96 95 1
0 143 144 141 97 98 95 1
0 141 142 143 95 96 97 1
0 139 144 129 93 98 84 1
0 144 143 129 98 97 84 1
0 129 138 136 92 91 89 2
0 129 136 128 92 89 90 2
0 140 145 146 99 100 101 2
0 140 146 139 99 101 102 2
0 141 147 145 103 104 100 2
0 141 145 140 103 100 99 2
0 128 136 148 90 89 105 2
0 128 148 142 90 105 106 2
0 144 149 147 107 108 104 2
0 144 147 141 107 104 103 2
0 142 148 150 106 105 109 2
0 142 150 143 106 109 110 2
0 139 146 149 102 101 108 2
0 139 149 144 102 108 107 2
0 143 150 138 110 109 91 2
0 143 138 129 110 91 92 2
0 151 152 153 111 112 113 1
0 151 154 152 111 114 112 1
0 154 151 155 114 111 115 1
0 151 123 155 111 81 115 1
0 125 156 155 82 116 115 1
0 155 123 125 115 81 82 1
0 152 156 153 112 116 113 1
0 156 125 153 116 82 113 1
0 153 157 158 117 118 119 2
0 153 158 151 117 119 120 2
0 154 159 160 121 122 123 2
0 154 160 152 121 123 124 2
0 155 161 159 125 126 122 2
0 155 159 154 125 122 121 2
0 151 158 132 120 119 87 2
0 151 132 123 120 87 88 2
0 156 162 161 127 128 126 2
0 156 161 155 127 126 125 2
0 123 132 131 88 87 86 2
0 123 131 125 88 86 85 2
0 152 160 162 124 123 128 2
0 152 162 156 124 128 127 2
0 125 131 157 85 86 118 2
0 125 157 153 85 118 117 2
0 163 164 165 81 35 82 1
0 163 166 164 81 35 35 1
0 166 163 167 35 81 35 1
0 163 168 167 81 129 35 1
0 169 170 167 130 35 35 1
0 167 168 169 35 129 130 1
0 164 170 165 35 35 82 1
0 170 169 165 35 130 82 1
0 165 171 172 85 86 87 2
0 165 172 163 85 87 88 2
0 166 173 174 57 66 64 2
0 166 174 164 57 64 61 2
0 167 175 173 58 67 66 2
0 167 173 166 58 66 57 2
0 163 172 176 88 87 89 2
0 163 176 168 88 89 90 2
0 170 177 175 63 65 67 2
0 170 175 167 63 67 58 2
0 168 176 178 90 89 91 2
0 168 178 169 90 91 92 2
0 164 174 177 61 64 65 2
0 164 177 170 61 65 63 2
0 169 178 171 92 91 86 2
0 169 171 165 92 86 85 2
0 168 179 169 129 131 130 1
0 168 180 179 129 132 131 1
0 180 168 181 132 129 133 1
0 168 182 181 129 96 133 1
0 183 184 181 97 134 133 1
0 181 182 183 133 96 97 1
0 179 184 169 131 134 130 1
0 184 183 169 134 97 130 1
0 169 178 176 92 91 89 2
0 169 176 168 92 89 90 2
0 180 185 186 135 136 137 2
0 180 186 179 135 137 138 2
0 181 187 185 139 140 136 2
0 181 185 180 139 136 135 2
0 168 176 188 90 89 105 2
0 168 188 182 90 105 106 2
0 184 189 187 141 142 140 2
0 184 187 181 141 140 139 2
0 182 188 190 106 105 109 2
0 182 190 183 106 109 110 2
0 179 186 189 138 137 142 2
0 179 189 184 138 142 141 2
0 183 190 178 110 109 91 2
0 183 178 169 110 91 92 2
0 191 192 193 111 112 113 1
0 191 194 192 111 114 112 1
0 194 191 195 114 111 115 1
0 191 163 195 111 81 115 1
0 165 196 195 82 116 115 1
0 195 163 165 115 81 82 1
0 192 196 193 112 116 113 1
0 196 165 193 116 82 113 1
0 193 197 198 143 144 145 2
0 193 198 191 143 145 146 2
0 194 199 200 121 147 123 2
0 194 200 192 121 123 148 2
0 195 201 199 125 126 147 2
0 195 199 194 125 147 121 2
0 191 198 172 146 145 87 2
0 191 172 163 146 87 88 2
0 196 202 201 127 128 126 2
0 196 201 195 127 126 125 2
0 163 172 171 88 87 86 2
0 163 171 165 88 86 85 2
0 192 200 202 148 123 128 2
0 192 202 196 148 128 127 2
0 165 171 197 85 86 144 2
0 165 197 193 85 144 143 2
0 203 204 205 35 35 35 1
0 205 206 203 35 35 35 1
0 204 207 205 35 35 35 1
0 207 204 208 35 35 35 1
0 209 207 210 35 35 35 1
0 207 208 210 35 35 35 1
0 206 210 203 35 35 35 1
0 206 209 210 35 35 35 1
0 211 212 213 56 57 58 2
0 211 213 214 56 58 59 2
0 215 216 212 60 61 57 2
0 215 212 211 60 57 56 2
0 217 218 216 62 63 61 2
0 217 216 215 62 61 60 2
0 214 213 218 59 58 63 2
0 214 218 217 59 63 62 2
0 203 219 220 61 64 65 2
0 203 220 204 61 65 63 2
0 205 211 214 66 56 59 2
0 205 214 206 66 59 67 2
0 207 215 211 64 60 56 2
0 207 211 205 64 56 66 2
0 204 220 221 63 65 67 2
0 204 221 208 63 67 58 2
0 209 217 215 65 62 60 2
0 209 215 207 65 60 64 2
0 208 221 222 58 67 66 2
0 208 222 210 58 66 57 2
0 210 222 219 57 66 64 2
0 210 219 203 57 64 61 2
0 206 214 217 67 59 62 2
0 206 217 209 67 62 65 2
0 223 224 225 35 35 35 1
0 225 226 223 35 35 35 1
0 224 227 225 35 35 35 1
0 227 224 228 35 35 35 1
0 229 227 230 35 35 35 1
0 227 228 230 35 35 35 1
0 226 230 223 35 35 35 1
0 226 229 230 35 35 35 1
0 231 232 233 56 57 58 2
0 231 233 234 56 58 59 2
0 235 236 232 60 61 57 2
0 235 232 231 60 57 56 2
0 237 238 236 62 63 61 2
0 237 236 235 62 61 60 2
0 234 233 238 59 58 63 2
0 234 238 237 59 63 62 2
0 223 239 240 61 64 65 2
0 223 240 224 61 65 63 2
0 225 231 234 66 56 59 2
0 225 234 226 66 59 67 2
0 227 235 231 64 60 56 2
0 227 231 225 64 56 66 2
0 224 240 241 63 65 67 2
0 224 241 228 63 67 58 2
0 229 237 235 65 62 60 2
0 229 235 227 65 60 64 2
0 228 241 242 58 67 66 2
0 228 242 230 58 66 57 2
0 230 242 239 57 66 64 2
0 230 239 223 57 64 61 2
0 226 234 237 67 59 62 2
0 226 237 229 67 62 65 2
0 243 244 245 149 35 150 1
0 243 246 244 149 35 35 1
0 246 243 247 35 149 35 1
0 243 248 247 149 151 35 1
0 249 250 247 152 35 35 1
0 247 248 249 35 151 152 1
0 244 250 245 35 35 150 1
0 250 249 245 35 152 150 1
0 245 251 252 153 86 154 2
0 245 252 243 153 154 88 2
0 246 253 254 57 66 64 2
0 246 254 244 57 64 61 2
0 247 255 253 58 67 66 2
0 247 253 246 58 66 57 2
0 243 252 256 88 154 89 2
0 243 256 248 88 89 90 2
0 250 257 255 63 65 67 2
0 250 255 247 63 67 58 2
0 248 256 258 90 89 91 2
0 248 258 249 90 91 92 2
0 244 254 257 61 64 65 2
0 244 257 250 61 65 63 2
0 249 258 251 92 91 86 2
0 249 251 245 92 86 153 2
0 248 259 249 151 155 152 1
0 248 260 259 151 156 155 1
0 260 248 261 156 151 157 1
0 248 262 261 151 158 157 1
0 263 264 261 159 160 157 1
0 261 262 263 157 158 159 1
0 259 264 249 155 160 152 1
0 264 263 249 160 159 152 1
0 249 258 256 92 91 89 2
0 249 256 248 92 89 90 2
0 260 265 266 99 161 101 2
0 260 266 259 99 101 162 2
0 261 267 265 163 164 161 2
0 261 265 260 163 161 99 2
0 248 256 268 90 89 165 2
0 248 268 262 90 165 166 2
0 264 269 267 167 168 164 2
0 264 267 261 167 164 163 2
0 262 268 270 166 165 169 2
0 262 270 263 166 169 170 2
0 259 266 269 162 101 168 2
0 259 269 264 162 168 167 2
0 263 270 258 170 169 91 2
0 263 258 249 170 91 92 2
0 271 272 273 171 172 173 1
0 271 274 272 171 174 172 1
0 274 271 275 174 171 175 1
0 271 243 275 171 149 175 1
0 245 276 275 150 176 175 1
0 275 243 245 175 149 150 1
0 272 276 273 172 176 173 1
0 276 245 273 176 150 173 1
0 273 277 278 117 118 119 2
0 273 278 271 117 119 120 2
0 274 279 280 177 178 179 2
0 274 280 272 177 179 180 2
0 275 281 279 181 182 178 2
0 275 279 274 181 178 177 2
0 271 278 252 120 119 154 2
0 271 252 243 120 154 88 2
0 276 282 281 183 184 182 2
0 276 281 275 183 182 181 2
0 243 252 251 88 154 86 2
0 243 251 245 88 86 153 2
0 272 280 282 180 179 184 2
0 272 282 276 180 184 183 2
0 245 251 277 153 86 118 2
0 245 277 273 153 118 117 2
0 283 284 285 185 185 185 1
0 285 286 283 185 185 185 1
0 284 287 285 185 185 185 1
0 287 284 288 185 185 185 1
0 289 287 290 185 185 185 1
0 287 288 290 185 185 185 1
0 286 290 283 185 185 185 1
0 286 289 290 185 185 185 1
0 291 292 293 71 70 69 2
0 291 293 294 71 69 72 2
0 295 296 292 74 73 70 2
0 295 292 291 74 70 71 2
0 297 298 296 76 75 73 2
0 297 296 295 76 73 74 2
0 294 293 298 72 69 75 2
0 294 298 297 72 75 76 2
0 283 299 300 73 78 77 2
0 283 300 284 73 77 75 2
0 285 291 294 79 71 72 2
0 285 294 286 79 72 80 2
0 287 295 291 78 74 71 2
0 287 291 285 78 71 79 2
0 284 300 301 75 77 80 2
0 284 301 288 75 80 69 2
0 289 297 295 77 76 74 2
0 289 295 287 77 74 78 2
0 288 301 302 69 80 79 2
0 288 302 290 69 79 70 2
0 290 302 299 70 79 78 2
0 290 299 283 70 78 73 2
0 286 294 297 80 72 76 2
0 286 297 289 80 76 77 2
0 303 304 305 185 185 185 1
0 305 306 303 185 185 185 1
0 304 307 305 185 185 185 1
0 307 304 308 185 185 185 1
0 309 307 310 185 185 185 1
0 307 308 310 185 185 185 1
0 306 310 303 185 185 185 1
0 306 309 310 185 185 185 1
0 311 312 313 71 70 69 2
0 311 313 314 71 69 72 2
0 315 316 312 74 73 70 2
0 315 312 311 74 70 71 2
0 317 318 316 76 75 73 2
0 317 316 315 76 73 74 2
0 314 313 318 72 69 75 2
0 314 318 317 72 75 76 2
0 303 319 320 73 78 77 2
0 303 320 304 73 77 75 2
0 305 311 314 79 71 72 2
0 305 314 306 79 72 80 2
0 307 315 311 78 74 71 2
0 307 311 305 78 71 79 2
0 304 320 321 75 77 80 2
0 304 321 308 75 80 69 2
0 309 317 315 77 76 74 2
0 309 315 307 77 74 78 2
0 308 321 322 69 80 79 2
0 308 322 310 69 79 70 2
0 310 322 319 70 79 78 2
0 310 319 303 70 78 73 2
0 306 314 317 80 72 76 2
0 306 317 309 80 76 77 2
0 323 324 325 35 35 35 1
0 326 325 324 35 35 35 1
0 327 326 328 35 35 35 1
0 324 328 326 35 35 35 1
0 327 328 329 35 35 35 1
0 329 330 327 35 35 35 1
0 330 329 331 35 35 35 1
0 332 330 331 35 35 35 1
0 325 333 323 35 35 35 1
0 333 325 334 35 35 35 1
0 335 334 336 35 35 35 1
0 334 335 333 35 35 35 1
0 337 335 336 35 35 35 1
0 336 338 337 35 35 35 1
0 339 337 338 35 35 35 1
0 339 338 340 35 35 35 1
0 323 341 342 92 91 186 2
0 323 342 324 92 186 187 2
0 325 343 341 90 89 91 2
0 325 341 323 90 91 92 2
0 326 344 343 188 189 89 2
0 326 343 325 188 89 90 2
0 327 345 344 190 191 189 2
0 327 344 326 190 189 188 2
0 324 342 346 187 186 192 2
0 324 346 328 187 192 193 2
0 328 346 347 193 192 194 2
0 328 347 329 193 194 195 2
0 330 348 345 196 197 191 2
0 330 345 327 196 191 190 2
0 329 347 349 195 194 198 2
0 329 349 331 195 198 199 2
0 332 350 348 200 201 197 2
0 332 348 330 200 197 196 2
0 331 349 350 199 198 201 2
0 331 350 332 199 201 200 2
0 333 351 341 202 203 91 2
0 333 341 323 202 91 92 2
0 323 341 343 92 91 89 2
0 323 343 325 92 89 90 2
0 325 343 352 90 89 204 2
0 325 352 334 90 204 205 2
0 334 352 353 205 204 206 2
0 334 353 336 205 206 207 2
0 335 354 351 208 209 203 2
0 335 351 333 208 203 202 2
0 337 355 354 210 211 209 2
0 337 354 335 210 209 208 2
0 336 353 356 207 206 212 2
0 336 356 338 207 212 213 2
0 339 357 355 214 215 211 2
0 339 355 337 214 211 210 2
0 338 356 358 213 212 216 2
0 338 358 340 213 216 217 2
0 340 358 357 217 216 215 2
0 340 357 339 217 215 214 2
0 359 360 361 218 35 219 1
0 359 361 362 218 219 220 1
0 362 361 363 220 219 221 1
0 362 363 364 220 221 222 1
0 363 365 366 221 35 223 1
0 366 364 363 223 222 221 1
0 367 368 369 56 57 58 2
0 367 369 370 56 58 59 2
0 370 369 371 59 58 67 2
0 370 371 372 59 67 59 2
0 373 374 368 224 225 57 2
0 373 368 367 224 57 56 2
0 372 371 375 59 67 66 2
0 372 375 376 59 66 56 2
0 377 378 374 226 227 225 2
0 377 374 373 226 225 224 2
0 376 375 379 56 66 57 2
0 376 379 380 56 57 56 2
0 380 379 381 56 57 58 2
0 380 381 382 56 58 59 2
0 382 381 378 59 58 227 2
0 382 378 377 59 227 226 2
0 359 367 370 66 56 59 2
0 359 370 360 66 59 67 2
0 360 370 372 67 59 59 2
0 360 372 361 67 59 58 2
0 362 373 367 64 224 56 2
0 362 367 359 64 56 66 2
0 361 372 376 58 59 56 2
0 361 376 363 58 56 57 2
0 364 377 373 65 226 224 2
0 364 373 362 65 224 64 2
0 363 376 380 57 56 56 2
0 363 380 365 57 56 66 2
0 365 380 382 66 56 59 2
0 365 382 366 66 59 67 2
0 366 382 377 67 59 226 2
0 366 377 364 67 226 65 2
0 383 384 385 228 228 229 1
0 384 386 385 228 229 229 1
0 385 386 387 229 229 230 1
0 385 387 388 229 230 230 1
0 388 387 389 230 230 231 1
0 387 390 389 230 231 231 1
0 389 390 391 231 231 68 1
0 389 391 392 231 68 68 1
0 392 391 393 68 68 232 1
0 391 394 393 68 232 232 1
0 393 394 395 232 232 233 1
0 393 395 396 232 233 233 1
0 396 395 397 233 233 234 1
0 395 398 397 233 234 234 1
0 397 398 399 234 234 235 1
0 397 399 400 234 235 235 1
0 401 402 403 236 236 237 1
0 402 404 403 236 238 237 1
0 403 404 405 237 238 239 1
0 403 405 406 237 239 239 1
0 406 405 407 239 239 240 1
0 405 408 407 239 240 240 1
0 407 408 409 240 240 68 1
0 407 409 410 240 68 68 1
0 410 409 411 68 68 241 1
0 409 412 411 68 241 241 1
0 411 412 413 241 241 242 1
0 411 413 414 241 242 242 1
0 414 413 415 242 242 243 1
0 413 416 415 242 244 243 1
0 415 416 417 243 244 245 1
0 415 417 418 243 245 245 1
0 419 420 421 35 35 35 1
0 420 422 421 35 35 35 1
0 423 424 425 185 185 185 2
0 424 426 425 185 185 185 2
0 427 428 429 68 68 68 2
0 428 430 429 68 68 68 2
0 427 431 425 55 55 55 3
0 431 432 425 55 55 55 3
0 433 428 434 40 40 40 3
0 428 426 434 40 40 40 3
0 435 436 437 35 35 35 1
0 436 438 437 35 35 35 1
0 439 440 441 185 185 185 2
0 440 442 441 185 185 185 2
0 443 444 445 68 68 68 2
0 444 446 445 68 68 68 2
0 443 447 441 55 55 55 3
0 447 448 441 55 55 55 3
0 449 444 450 40 40 40 3
0 444 442 450 40 40 40 3
0 451 452 453 35 35 35 1
0 453 454 451 35 35 35 1
0 453 452 455 35 35 35 1
0 455 456 453 35 35 35 1
0 457 456 455 35 35 35 1
0 455 458 457 35 35 35 1
0 457 458 451 35 35 35 1
0 454 457 451 35 35 35 1
0 451 459 460 61 64 65 2
0 451 460 452 61 65 63 2
0 453 461 462 66 57 58 2
0 453 462 454 66 58 67 2
0 452 460 463 63 65 67 2
0 452 463 455 63 67 58 2
0 456 464 461 64 61 57 2
0 456 461 453 64 57 66 2
0 457 465 464 65 63 61 2
0 457 464 456 65 61 64 2
0 455 463 466 58 67 66 2
0 455 466 458 58 66 57 2
0 458 466 459 57 66 64 2
0 458 459 451 57 64 61 2
0 454 462 465 67 58 63 2
0 454 465 457 67 63 65 2
"1_Blz_Top" 0 1
10
0 -18.000000 33.285717 -15.000000 0.000000 0.761030 -1
0 -10.000000 41.714283 -0.696428 0.222222 0.978275 -1
0 -10.000000 41.714283 -15.000000 0.222222 0.978275 -1
0 -1.000000 42.714283 -0.696428 0.444444 1.000000 -1
0 -1.000000 42.714283 -15.000000 0.444444 1.000000 -1
0 8.000000 41.714283 -0.696428 0.694444 0.978275 -1
0 8.000000 41.714283 -15.000000 0.694444 0.978275 -1
0 18.000000 33.285717 -0.696428 1.000000 0.761030 -1
0 18.000000 33.285717 -15.000000 1.000000 0.761030 -1
0 -18.000000 33.285717 -0.696428 0.000000 0.761030 -1
8
-0.725306 0.688427 0.000000
-0.549948 0.835199 0.000000
-0.333331 0.942810 0.000000
-0.037012 0.999315 0.000000
0.037012 0.999315 0.000000
0.299920 0.953964 0.000000
0.485015 0.874506 0.000000
0.644472 0.764628 0.000000
8
0 0 1 2 0 1 2 3
0 2 1 3 2 1 3 3
0 2 3 4 2 3 4 3
0 4 3 5 4 3 5 3
0 4 5 6 4 5 6 3
0 6 5 7 6 5 7 3
0 6 7 8 6 7 7 3
0 0 9 1 0 0 1 3

Materials: 3
"Blz"
0.200000 0.200000 0.200000 1.000000
0.800000 0.800000 0.800000 1.000000
0.000000 0.000000 0.000000 1.000000
0.000000 0.000000 0.000000 1.000000
0.000000
1.000000
"..\Image\brick01.tga"
""
"Blz_Other"
0.200000 0.200000 0.200000 1.000000
0.800000 0.800000 0.800000 1.000000
0.000000 0.000000 0.000000 1.000000
0.000000 0.000000 0.000000 1.000000
0.000000
1.000000
"..\Image\Blz_Round_Gate_Windows.tga"
""
"Material01"
0.200000 0.200000 0.200000 1.000000
0.800000 0.800000 0.800000 1.000000
0.000000 0.000000 0.000000 1.000000
0.000000 0.000000 0.000000 1.000000
0.000000
1.000000
"..\Image\window.tga"
""

Bones: 0
GroupComments: 0
MaterialComments: 0
BoneComments: 0
ModelComment: 0
