// MilkShape 3D ASCII

Frames: 30
Frame: 1

Meshes: 4
"Cylinder05" 0 0
51
0 -15.432092 -1.756139 -0.004405 0.990797 0.002742 -1
0 -15.486266 -1.476525 1.058530 0.990797 0.002742 -1
0 -15.836453 0.330948 -0.004405 0.990797 0.002742 -1
0 16.240818 4.419831 -0.004405 0.990797 0.002742 -1
0 15.836461 6.506920 -0.004405 0.990797 0.002742 -1
0 16.186665 4.699450 1.058530 0.990797 0.002742 -1
0 -15.432092 -1.756139 -0.004405 0.341807 0.002742 -1
0 -15.486266 -1.476525 1.058530 0.341807 0.029103 -1
0 16.186665 4.699450 1.058530 0.990797 0.029103 -1
0 -15.634269 -0.712601 1.836655 0.990797 0.002742 -1
0 16.038656 5.463377 1.836655 0.990797 0.002742 -1
0 16.038656 5.463377 1.836655 0.990797 0.055465 -1
0 -15.634269 -0.712601 1.836655 0.341807 0.055465 -1
0 -15.836453 0.330948 2.121468 0.990797 0.002742 -1
0 15.836461 6.506920 2.121468 0.990797 0.002742 -1
0 -15.836453 0.330948 2.121468 0.341807 0.081826 -1
0 15.836461 6.506920 2.121468 0.990797 0.081826 -1
0 -16.038656 1.374488 1.836655 0.990797 0.002742 -1
0 15.634271 7.550460 1.836655 0.990797 0.002742 -1
0 15.634271 7.550460 1.836655 0.990797 0.108188 -1
0 -16.038656 1.374488 1.836655 0.341807 0.108188 -1
0 -16.186653 2.138415 1.058530 0.990797 0.002742 -1
0 15.486273 8.314388 1.058530 0.990797 0.002742 -1
0 -16.186653 2.138415 1.058530 0.341807 0.134549 -1
0 15.486273 8.314388 1.058530 0.990797 0.134549 -1
0 -16.240814 2.418033 -0.004405 0.990797 0.002742 -1
0 15.432090 8.594003 -0.004405 0.990797 0.002742 -1
0 15.432090 8.594003 -0.004405 0.990797 0.160911 -1
0 -16.240814 2.418033 -0.004405 0.341807 0.160911 -1
0 -16.186653 2.138415 -1.067340 0.990797 0.002742 -1
0 15.486273 8.314388 -1.067340 0.990797 0.002742 -1
0 -16.186653 2.138415 -1.067340 0.341807 0.187272 -1
0 15.486273 8.314388 -1.067340 0.990797 0.187272 -1
0 -16.038656 1.374488 -1.845463 0.990797 0.002742 -1
0 15.634271 7.550460 -1.845463 0.990797 0.002742 -1
0 15.634271 7.550460 -1.845463 0.990797 0.213634 -1
0 -16.038656 1.374488 -1.845463 0.341807 0.213634 -1
0 -15.836453 0.330948 -2.130278 0.990797 0.002742 -1
0 15.836461 6.506920 -2.130278 0.990797 0.002742 -1
0 -15.836453 0.330948 -2.130278 0.341807 0.239995 -1
0 15.836461 6.506920 -2.130278 0.990797 0.239995 -1
0 -15.634269 -0.712601 -1.845463 0.990797 0.002742 -1
0 16.038656 5.463377 -1.845463 0.990797 0.002742 -1
0 16.038656 5.463377 -1.845463 0.990797 0.266357 -1
0 -15.634269 -0.712601 -1.845463 0.341807 0.266357 -1
0 -15.486266 -1.476525 -1.067340 0.990797 0.002742 -1
0 16.186665 4.699450 -1.067340 0.990797 0.002742 -1
0 -15.486266 -1.476525 -1.067340 0.341807 0.292719 -1
0 16.186665 4.699450 -1.067340 0.990797 0.292719 -1
0 16.240818 4.419831 -0.004405 0.990797 0.319080 -1
0 -15.432092 -1.756139 -0.004405 0.341807 0.319080 -1
51
-0.981744 -0.190208 -0.000000
-0.981744 -0.190207 0.000001
-0.981743 -0.190211 0.000000
0.981744 0.190205 -0.000000
0.981743 0.190212 -0.000000
0.981744 0.190209 -0.000012
0.184866 -0.948070 0.258821
0.184866 -0.948070 0.258821
0.165746 -0.850015 0.500002
0.165746 -0.850015 0.500003
-0.981744 -0.190208 0.000001
0.981742 0.190217 -0.000002
0.095693 -0.490754 0.866027
0.095693 -0.490755 0.866027
-0.981742 -0.190219 0.000000
0.981742 0.190219 0.000000
-0.000000 0.000001 1.000000
-0.000000 0.000000 1.000000
-0.981742 -0.190218 -0.000006
0.981743 0.190210 0.000004
-0.095693 0.490754 0.866027
-0.095693 0.490754 0.866027
-0.981744 -0.190207 -0.000012
0.981744 0.190208 0.000000
-0.165746 0.850015 0.500003
-0.165746 0.850015 0.500003
-0.981744 -0.190207 -0.000000
0.981743 0.190212 -0.000000
-0.191388 0.981515 0.000000
-0.191388 0.981515 0.000000
-0.981744 -0.190207 0.000012
0.981744 0.190208 -0.000000
-0.165746 0.850015 -0.500003
-0.165746 0.850015 -0.500004
-0.981742 -0.190218 0.000006
0.981743 0.190210 -0.000004
-0.095693 0.490755 -0.866027
-0.095693 0.490755 -0.866027
0.981742 0.190219 0.000000
-0.000000 0.000001 -1.000000
-0.000000 0.000000 -1.000000
-0.981744 -0.190208 -0.000001
0.981742 0.190217 0.000002
0.095693 -0.490754 -0.866027
0.095693 -0.490755 -0.866027
-0.981744 -0.190207 -0.000001
0.981744 0.190209 0.000012
0.165746 -0.850015 -0.500003
0.165746 -0.850015 -0.500003
0.184866 -0.948070 -0.258821
0.184866 -0.948070 -0.258820
48
0 0 1 2 0 1 2 2
0 3 4 5 3 4 5 2
0 6 3 7 6 7 8 1
0 3 8 7 7 9 8 1
0 1 9 2 1 10 2 2
0 5 4 10 5 4 11 2
0 7 8 11 8 9 12 1
0 7 11 12 8 12 13 1
0 9 13 2 10 14 2 2
0 10 4 14 11 4 15 2
0 12 11 15 13 12 16 1
0 11 16 15 12 17 16 1
0 13 17 2 14 18 2 2
0 14 4 18 15 4 19 2
0 15 16 19 16 17 20 1
0 15 19 20 16 20 21 1
0 17 21 2 18 22 2 2
0 18 4 22 19 4 23 2
0 20 19 23 21 20 24 1
0 19 24 23 20 25 24 1
0 21 25 2 22 26 2 2
0 22 4 26 23 4 27 2
0 23 24 27 24 25 28 1
0 23 27 28 24 28 29 1
0 25 29 2 26 30 2 2
0 26 4 30 27 4 31 2
0 28 27 31 29 28 32 1
0 27 32 31 28 33 32 1
0 29 33 2 30 34 2 2
0 30 4 34 31 4 35 2
0 31 32 35 32 33 36 1
0 31 35 36 32 36 37 1
0 33 37 2 34 14 2 2
0 34 4 38 35 4 38 2
0 36 35 39 37 36 39 1
0 35 40 39 36 40 39 1
0 37 41 2 14 41 2 2
0 38 4 42 38 4 42 2
0 39 40 43 39 40 43 1
0 39 43 44 39 43 44 1
0 41 45 2 41 45 2 2
0 42 4 46 42 4 46 2
0 44 43 47 44 43 47 1
0 43 48 47 43 48 47 1
0 45 0 2 45 0 2 2
0 46 4 3 46 4 3 2
0 47 48 49 47 48 49 1
0 47 49 50 47 49 50 1
"Duplicate01" 0 0
51
0 -16.170811 -2.517871 -9.157467 0.990797 0.002742 -1
0 -16.165665 -2.233103 -8.094536 0.990797 0.002742 -1
0 -16.132408 -0.392319 -9.157467 0.990797 0.002742 -1
0 16.094006 -3.062028 -9.157467 0.990797 0.002742 -1
0 16.132416 -0.936477 -9.157467 0.990797 0.002742 -1
0 16.099171 -2.777259 -8.094536 0.990797 0.002742 -1
0 -16.170811 -2.517871 -9.157467 0.341807 0.002742 -1
0 -16.165665 -2.233103 -8.094536 0.341807 0.029103 -1
0 16.099171 -2.777259 -8.094536 0.990797 0.029103 -1
0 -16.151608 -1.455099 -7.316412 0.990797 0.002742 -1
0 16.113220 -1.999254 -7.316412 0.990797 0.002742 -1
0 16.113220 -1.999254 -7.316412 0.990797 0.055465 -1
0 -16.151608 -1.455099 -7.316412 0.341807 0.055465 -1
0 -16.132408 -0.392319 -7.031597 0.990797 0.002742 -1
0 16.132416 -0.936477 -7.031597 0.990797 0.002742 -1
0 -16.132408 -0.392319 -7.031597 0.341807 0.081826 -1
0 16.132416 -0.936477 -7.031597 0.990797 0.081826 -1
0 -16.113220 0.670455 -7.316412 0.990797 0.002742 -1
0 16.151608 0.126296 -7.316412 0.990797 0.002742 -1
0 16.151608 0.126296 -7.316412 0.990797 0.108188 -1
0 -16.113220 0.670455 -7.316412 0.341807 0.108188 -1
0 -16.099163 1.448459 -8.094536 0.990797 0.002742 -1
0 16.165672 0.904303 -8.094536 0.990797 0.002742 -1
0 -16.099163 1.448459 -8.094536 0.341807 0.134549 -1
0 16.165672 0.904303 -8.094536 0.990797 0.134549 -1
0 -16.094002 1.733227 -9.157467 0.990797 0.002742 -1
0 16.170811 1.189073 -9.157467 0.990797 0.002742 -1
0 16.170811 1.189073 -9.157467 0.990797 0.160911 -1
0 -16.094002 1.733227 -9.157467 0.341807 0.160911 -1
0 -16.099163 1.448459 -10.220407 0.990797 0.002742 -1
0 16.165672 0.904303 -10.220407 0.990797 0.002742 -1
0 -16.099163 1.448459 -10.220407 0.341807 0.187272 -1
0 16.165672 0.904303 -10.220407 0.990797 0.187272 -1
0 -16.113220 0.670455 -10.998524 0.990797 0.002742 -1
0 16.151608 0.126296 -10.998524 0.990797 0.002742 -1
0 16.151608 0.126296 -10.998524 0.990797 0.213634 -1
0 -16.113220 0.670455 -10.998524 0.341807 0.213634 -1
0 -16.132408 -0.392319 -11.283339 0.990797 0.002742 -1
0 16.132416 -0.936477 -11.283339 0.990797 0.002742 -1
0 -16.132408 -0.392319 -11.283339 0.341807 0.239995 -1
0 16.132416 -0.936477 -11.283339 0.990797 0.239995 -1
0 -16.151608 -1.455099 -10.998524 0.990797 0.002742 -1
0 16.113220 -1.999254 -10.998524 0.990797 0.002742 -1
0 16.113220 -1.999254 -10.998524 0.990797 0.266357 -1
0 -16.151608 -1.455099 -10.998524 0.341807 0.266357 -1
0 -16.165665 -2.233103 -10.220407 0.990797 0.002742 -1
0 16.099171 -2.777259 -10.220407 0.990797 0.002742 -1
0 -16.165665 -2.233103 -10.220407 0.341807 0.292719 -1
0 16.099171 -2.777259 -10.220407 0.990797 0.292719 -1
0 16.094006 -3.062028 -9.157467 0.990797 0.319080 -1
0 -16.170811 -2.517871 -9.157467 0.341807 0.319080 -1
51
-0.999837 0.018064 0.000000
-0.999837 0.018064 0.000001
-0.999837 0.018061 0.000000
0.999837 -0.018068 -0.000000
0.999837 -0.018061 -0.000000
0.999837 -0.018062 -0.000008
-0.016288 -0.965788 0.258822
-0.016288 -0.965788 0.258822
-0.014604 -0.865900 0.500003
-0.014604 -0.865900 0.500003
-0.999837 0.018063 0.000001
0.999837 -0.018058 0.000001
-0.008431 -0.499926 0.866027
-0.008431 -0.499926 0.866027
-0.999837 0.018057 0.000000
0.999837 -0.018057 0.000000
0.000000 0.000001 1.000000
0.000000 0.000000 1.000000
-0.999837 0.018056 -0.000003
0.999837 -0.018062 0.000004
0.008431 0.499926 0.866027
0.008431 0.499927 0.866027
-0.999837 0.018063 -0.000010
0.999837 -0.018064 0.000001
0.014604 0.865900 0.500004
0.014604 0.865900 0.500005
-0.999837 0.018066 -0.000000
0.999837 -0.018061 -0.000000
0.016863 0.999858 0.000001
0.016863 0.999858 0.000001
-0.999837 0.018063 0.000010
0.999837 -0.018064 -0.000001
0.014604 0.865899 -0.500005
0.014604 0.865899 -0.500006
-0.999837 0.018056 0.000003
0.999837 -0.018062 -0.000004
0.008431 0.499924 -0.866028
0.008431 0.499925 -0.866028
0.999837 -0.018057 0.000000
0.000000 0.000001 -1.000000
0.000000 0.000000 -1.000000
-0.999837 0.018063 -0.000001
0.999837 -0.018058 -0.000001
-0.008431 -0.499924 -0.866028
-0.008431 -0.499924 -0.866028
-0.999837 0.018064 -0.000001
0.999837 -0.018062 0.000008
-0.014604 -0.865900 -0.500004
-0.014604 -0.865900 -0.500005
-0.016288 -0.965788 -0.258820
-0.016288 -0.965788 -0.258820
48
0 0 1 2 0 1 2 2
0 3 4 5 3 4 5 2
0 6 3 7 6 7 8 1
0 3 8 7 7 9 8 1
0 1 9 2 1 10 2 2
0 5 4 10 5 4 11 2
0 7 8 11 8 9 12 1
0 7 11 12 8 12 13 1
0 9 13 2 10 14 2 2
0 10 4 14 11 4 15 2
0 12 11 15 13 12 16 1
0 11 16 15 12 17 16 1
0 13 17 2 14 18 2 2
0 14 4 18 15 4 19 2
0 15 16 19 16 17 20 1
0 15 19 20 16 20 21 1
0 17 21 2 18 22 2 2
0 18 4 22 19 4 23 2
0 20 19 23 21 20 24 1
0 19 24 23 20 25 24 1
0 21 25 2 22 26 2 2
0 22 4 26 23 4 27 2
0 23 24 27 24 25 28 1
0 23 27 28 24 28 29 1
0 25 29 2 26 30 2 2
0 26 4 30 27 4 31 2
0 28 27 31 29 28 32 1
0 27 32 31 28 33 32 1
0 29 33 2 30 34 2 2
0 30 4 34 31 4 35 2
0 31 32 35 32 33 36 1
0 31 35 36 32 36 37 1
0 33 37 2 34 14 2 2
0 34 4 38 35 4 38 2
0 36 35 39 37 36 39 1
0 35 40 39 36 40 39 1
0 37 41 2 14 41 2 2
0 38 4 42 38 4 42 2
0 39 40 43 39 40 43 1
0 39 43 44 39 43 44 1
0 41 45 2 41 45 2 2
0 42 4 46 42 4 46 2
0 44 43 47 44 43 47 1
0 43 48 47 43 48 47 1
0 45 0 2 45 0 2 2
0 46 4 3 46 4 3 2
0 47 48 49 47 48 49 1
0 47 49 50 47 49 50 1
"Duplicate02" 1 0
51
1 14.737875 9.375607 -5.131456 0.990797 0.002742 -1
1 14.796925 9.096979 -4.068522 0.990797 0.002742 -1
1 15.178603 7.295892 -5.131456 0.990797 0.002742 -1
1 -16.822422 2.647807 -5.131456 0.990797 0.002742 -1
1 -16.381695 0.568091 -5.131456 0.990797 0.002742 -1
1 -16.763391 2.369174 -4.068522 0.990797 0.002742 -1
1 14.737875 9.375607 -5.131456 0.341807 0.002742 -1
1 14.796925 9.096979 -4.068522 0.341807 0.029103 -1
1 -16.763391 2.369174 -4.068522 0.990797 0.029103 -1
1 14.958239 8.335754 -3.290400 0.990797 0.002742 -1
1 -16.602072 1.607948 -3.290400 0.990797 0.002742 -1
1 -16.602072 1.607948 -3.290400 0.990797 0.055465 -1
1 14.958239 8.335754 -3.290400 0.341807 0.055465 -1
1 15.178603 7.295892 -3.005585 0.990797 0.002742 -1
1 -16.381695 0.568091 -3.005585 0.990797 0.002742 -1
1 15.178603 7.295892 -3.005585 0.341807 0.081826 -1
1 -16.381695 0.568091 -3.005585 0.990797 0.081826 -1
1 15.398993 6.256040 -3.290400 0.990797 0.002742 -1
1 -16.161325 -0.471763 -3.290400 0.990797 0.002742 -1
1 -16.161325 -0.471763 -3.290400 0.990797 0.108188 -1
1 15.398993 6.256040 -3.290400 0.341807 0.108188 -1
1 15.560297 5.494813 -4.068522 0.990797 0.002742 -1
1 -16.000021 -1.232994 -4.068522 0.990797 0.002742 -1
1 15.560297 5.494813 -4.068522 0.341807 0.134549 -1
1 -16.000021 -1.232994 -4.068522 0.990797 0.134549 -1
1 15.619326 5.216184 -5.131456 0.990797 0.002742 -1
1 -15.940960 -1.511617 -5.131456 0.990797 0.002742 -1
1 -15.940960 -1.511617 -5.131456 0.990797 0.160911 -1
1 15.619326 5.216184 -5.131456 0.341807 0.160911 -1
1 15.560297 5.494813 -6.194394 0.990797 0.002742 -1
1 -16.000021 -1.232994 -6.194394 0.990797 0.002742 -1
1 15.560297 5.494813 -6.194394 0.341807 0.187272 -1
1 -16.000021 -1.232994 -6.194394 0.990797 0.187272 -1
1 15.398993 6.256040 -6.972513 0.990797 0.002742 -1
1 -16.161325 -0.471763 -6.972513 0.990797 0.002742 -1
1 -16.161325 -0.471763 -6.972513 0.990797 0.213634 -1
1 15.398993 6.256040 -6.972513 0.341807 0.213634 -1
1 15.178603 7.295892 -7.257328 0.990797 0.002742 -1
1 -16.381695 0.568091 -7.257328 0.990797 0.002742 -1
1 15.178603 7.295892 -7.257328 0.341807 0.239995 -1
1 -16.381695 0.568091 -7.257328 0.990797 0.239995 -1
1 14.958239 8.335754 -6.972513 0.990797 0.002742 -1
1 -16.602072 1.607948 -6.972513 0.990797 0.002742 -1
1 -16.602072 1.607948 -6.972513 0.990797 0.266357 -1
1 14.958239 8.335754 -6.972513 0.341807 0.266357 -1
1 14.796925 9.096979 -6.194394 0.990797 0.002742 -1
1 -16.763391 2.369174 -6.194394 0.990797 0.002742 -1
1 14.796925 9.096979 -6.194394 0.341807 0.292719 -1
1 -16.763391 2.369174 -6.194394 0.990797 0.292719 -1
1 -16.822422 2.647807 -5.131456 0.990797 0.319080 -1
1 14.737875 9.375607 -5.131456 0.341807 0.319080 -1
50
0.978275 0.207314 -0.000000
0.978275 0.207312 -0.000001
0.978274 0.207317 -0.000000
-0.978275 -0.207313 -0.000000
-0.978274 -0.207317 -0.000000
-0.978274 -0.207316 -0.000009
-0.201384 0.944699 0.258822
-0.201384 0.944699 0.258823
-0.180556 0.846992 0.500004
-0.180556 0.846992 0.500004
0.978275 0.207312 0.000001
-0.978273 -0.207323 -0.000002
-0.104244 0.489009 0.866027
-0.104244 0.489009 0.866027
0.978272 0.207325 0.000000
-0.978273 -0.207322 0.000000
0.000000 -0.000001 1.000000
0.000000 -0.000001 1.000000
0.978272 0.207325 -0.000007
-0.978275 -0.207312 0.000004
0.104244 -0.489010 0.866027
0.104244 -0.489010 0.866027
0.978275 0.207312 -0.000015
-0.978275 -0.207311 -0.000003
0.180556 -0.846993 0.500003
0.180556 -0.846992 0.500003
0.978275 0.207312 -0.000000
-0.978274 -0.207317 -0.000000
0.208488 -0.978025 0.000000
0.208488 -0.978025 0.000000
0.978275 0.207312 0.000015
-0.978275 -0.207311 0.000003
0.180556 -0.846992 -0.500003
0.180556 -0.846992 -0.500004
0.978272 0.207325 0.000007
-0.978275 -0.207312 -0.000004
0.104243 -0.489009 -0.866028
0.104243 -0.489009 -0.866027
0.000000 -0.000001 -1.000000
0.000000 -0.000001 -1.000000
0.978275 0.207312 -0.000001
-0.978273 -0.207323 0.000002
-0.104243 0.489008 -0.866028
-0.104243 0.489008 -0.866028
0.978275 0.207312 0.000001
-0.978274 -0.207317 0.000009
-0.180556 0.846992 -0.500004
-0.180556 0.846992 -0.500005
-0.201384 0.944699 -0.258822
-0.201384 0.944699 -0.258821
48
1 0 1 2 0 1 2 2
1 3 4 5 3 4 5 2
1 6 3 7 6 7 8 1
1 3 8 7 7 9 8 1
1 1 9 2 1 10 2 2
1 5 4 10 5 4 11 2
1 7 8 11 8 9 12 1
1 7 11 12 8 12 13 1
1 9 13 2 10 14 2 2
1 10 4 14 11 4 15 2
1 12 11 15 13 12 16 1
1 11 16 15 12 17 16 1
1 13 17 2 14 18 2 2
1 14 4 18 15 4 19 2
1 15 16 19 16 17 20 1
1 15 19 20 16 20 21 1
1 17 21 2 18 22 2 2
1 18 4 22 19 4 23 2
1 20 19 23 21 20 24 1
1 19 24 23 20 25 24 1
1 21 25 2 22 26 2 2
1 22 4 26 23 4 27 2
1 23 24 27 24 25 28 1
1 23 27 28 24 28 29 1
1 25 29 2 26 30 2 2
1 26 4 30 27 4 31 2
1 28 27 31 29 28 32 1
1 27 32 31 28 33 32 1
1 29 33 2 30 34 2 2
1 30 4 34 31 4 35 2
1 31 32 35 32 33 36 1
1 31 35 36 32 36 37 1
1 33 37 2 34 14 2 2
1 34 4 38 35 4 15 2
1 36 35 39 37 36 38 1
1 35 40 39 36 39 38 1
1 37 41 2 14 40 2 2
1 38 4 42 15 4 41 2
1 39 40 43 38 39 42 1
1 39 43 44 38 42 43 1
1 41 45 2 40 44 2 2
1 42 4 46 41 4 45 2
1 44 43 47 43 42 46 1
1 43 48 47 42 47 46 1
1 45 0 2 44 0 2 2
1 46 4 3 45 4 3 2
1 47 48 49 46 47 48 1
1 47 49 50 46 48 49 1
"Sphere02" 0 0
61
0 9.333335 -3.645903 -3.000000 0.340067 0.553170 -1
0 14.213669 -3.175985 -3.000000 0.340067 0.515125 -1
0 12.784252 -3.175985 -1.109904 0.378893 0.515125 -1
0 9.333335 3.369117 -3.000000 0.340067 0.324897 -1
0 12.784252 2.899201 -1.109904 0.378893 0.362942 -1
0 14.213669 2.899201 -3.000000 0.340067 0.362942 -1
0 9.333335 -3.645903 -3.000000 0.378893 0.553170 -1
0 9.333335 -3.175985 -0.327000 0.417719 0.515125 -1
0 9.333335 3.369117 -3.000000 0.378893 0.324897 -1
0 9.333335 2.899201 -0.327000 0.417719 0.362942 -1
0 9.333335 -3.645903 -3.000000 0.417719 0.553170 -1
0 5.882418 -3.175985 -1.109904 0.456545 0.515125 -1
0 9.333335 3.369117 -3.000000 0.417719 0.324897 -1
0 5.882418 2.899201 -1.109904 0.456545 0.362942 -1
0 9.333335 -3.645903 -3.000000 0.456545 0.553170 -1
0 4.453001 -3.175985 -3.000000 0.495370 0.515125 -1
0 9.333335 3.369117 -3.000000 0.456545 0.324897 -1
0 4.453001 2.899201 -3.000000 0.495370 0.362942 -1
0 9.333335 -3.645903 -3.000000 0.495370 0.553170 -1
0 5.882418 -3.175985 -4.890096 0.534196 0.515125 -1
0 9.333335 3.369117 -3.000000 0.495370 0.324897 -1
0 5.882418 2.899201 -4.890096 0.534196 0.362942 -1
0 9.333335 -3.645903 -3.000000 0.534196 0.553170 -1
0 9.333335 -3.175985 -5.672999 0.573022 0.515125 -1
0 9.333335 3.369117 -3.000000 0.534196 0.324897 -1
0 9.333335 2.899201 -5.673000 0.573022 0.362942 -1
0 9.333335 -3.645903 -3.000000 0.573022 0.553170 -1
0 12.784252 -3.175985 -4.890096 0.611848 0.515125 -1
0 9.333335 3.369117 -3.000000 0.573022 0.324897 -1
0 12.784252 2.899201 -4.890096 0.611848 0.362942 -1
0 9.333335 -3.645903 -3.000000 0.611848 0.553170 -1
0 14.213669 -3.175985 -3.000000 0.650673 0.515125 -1
0 9.333335 3.369117 -3.000000 0.611848 0.324897 -1
0 14.213669 2.899201 -3.000000 0.650673 0.362942 -1
0 17.786322 -1.892148 -3.000000 0.340067 0.477079 -1
0 15.477165 -1.892148 1.190410 0.378893 0.477079 -1
0 9.333335 -1.892148 1.629771 0.417719 0.477079 -1
0 3.356171 -1.892148 0.273743 0.456545 0.477079 -1
0 0.880349 -1.892148 -3.000000 0.495370 0.477079 -1
0 2.606171 -1.892148 -7.440409 0.534196 0.477079 -1
0 9.333335 -1.892148 -7.629771 0.573022 0.477079 -1
0 15.310499 -1.892148 -6.273743 0.611848 0.477079 -1
0 17.786322 -1.892148 -3.000000 0.650673 0.477079 -1
0 19.094002 -0.138393 -3.000000 0.340067 0.439033 -1
0 16.401834 -0.138393 1.696859 0.378893 0.439033 -1
0 9.333335 -0.138393 2.345999 0.417719 0.439033 -1
0 2.431501 -0.138393 0.780192 0.456545 0.439033 -1
0 -0.427333 -0.138393 -3.000000 0.495370 0.439033 -1
0 1.681501 -0.138393 -7.946859 0.534196 0.439033 -1
0 9.333335 -0.138393 -8.345999 0.573022 0.439033 -1
0 16.235168 -0.138393 -6.780192 0.611848 0.439033 -1
0 19.094002 -0.138393 -3.000000 0.650673 0.439033 -1
0 17.786322 1.615362 -3.000000 0.340067 0.400988 -1
0 15.477165 1.615362 1.190410 0.378893 0.400988 -1
0 9.333335 1.615362 1.629771 0.417719 0.400988 -1
0 3.356172 1.615362 0.273742 0.456545 0.400988 -1
0 0.880349 1.615362 -3.000000 0.495370 0.400988 -1
0 2.606172 1.615362 -7.440409 0.534196 0.400988 -1
0 9.333335 1.615362 -7.629771 0.573022 0.400988 -1
0 15.310499 1.615362 -6.273743 0.611848 0.400988 -1
0 17.786322 1.615362 -3.000000 0.650673 0.400988 -1
61
0.095594 -0.992792 0.072294
0.235124 -0.959541 0.154911
0.126029 -0.968278 0.215764
0.095594 0.992792 0.072294
0.126029 0.968278 0.215764
0.235124 0.959541 0.154911
0.039251 -0.984137 0.173013
-0.019834 -0.913875 0.405511
0.039251 0.984137 0.173012
-0.019834 0.913875 0.405511
-0.039251 -0.984137 0.173013
-0.150074 -0.952303 0.265700
-0.039251 0.984137 0.173012
-0.150074 0.952303 0.265700
-0.095594 -0.992792 0.072294
-0.241295 -0.969929 0.031840
-0.095594 0.992792 0.072294
-0.241296 0.969929 0.031840
-0.095594 -0.992792 -0.072294
-0.114126 -0.973523 -0.198059
-0.095594 0.992792 -0.072294
-0.114126 0.973523 -0.198059
-0.039251 -0.984137 -0.173013
0.025407 -0.916727 -0.398706
-0.039251 0.984137 -0.173012
0.025407 0.916727 -0.398707
0.039251 -0.984137 -0.173013
0.150074 -0.952303 -0.265700
0.039251 0.984137 -0.173012
0.150074 0.952303 -0.265700
0.095594 -0.992792 -0.072294
0.252863 -0.948415 -0.191232
0.095594 0.992792 -0.072294
0.252863 0.948415 -0.191232
0.558046 -0.770727 0.307515
0.332043 -0.753923 0.566875
-0.058953 -0.635521 0.769830
-0.364051 -0.711342 0.601216
-0.582960 -0.807123 0.093332
-0.329985 -0.777411 -0.535482
0.075619 -0.634733 -0.769023
0.364051 -0.711342 -0.601216
0.531170 -0.745983 -0.401706
0.871688 0.000000 0.490061
0.518236 -0.000000 0.855238
-0.070031 0.000000 0.997545
-0.530337 0.000000 0.847787
-0.990653 0.000000 0.136409
-0.545614 0.000000 -0.838037
0.090518 0.000000 -0.995895
0.530337 0.000000 -0.847787
0.797594 0.000000 -0.603194
0.558046 0.770727 0.307515
0.332043 0.753923 0.566875
-0.058953 0.635521 0.769830
-0.364051 0.711341 0.601216
-0.582960 0.807123 0.093332
-0.329985 0.777411 -0.535482
0.075619 0.634732 -0.769023
0.364051 0.711341 -0.601216
0.531170 0.745983 -0.401706
80
0 0 1 2 0 1 2 1
0 3 4 5 3 4 5 1
0 6 2 7 6 2 7 1
0 8 9 4 8 9 4 1
0 10 7 11 10 7 11 1
0 12 13 9 12 13 9 1
0 14 11 15 14 11 15 1
0 16 17 13 16 17 13 1
0 18 15 19 18 15 19 1
0 20 21 17 20 21 17 1
0 22 19 23 22 19 23 1
0 24 25 21 24 25 21 1
0 26 23 27 26 23 27 1
0 28 29 25 28 29 25 1
0 30 27 31 30 27 31 1
0 32 33 29 32 33 29 1
0 1 34 35 1 34 35 1
0 1 35 2 1 35 2 1
0 2 35 7 2 35 7 1
0 35 36 7 35 36 7 1
0 7 36 37 7 36 37 1
0 7 37 11 7 37 11 1
0 11 37 15 11 37 15 1
0 37 38 15 37 38 15 1
0 15 38 39 15 38 39 1
0 15 39 19 15 39 19 1
0 19 39 23 19 39 23 1
0 39 40 23 39 40 23 1
0 23 40 41 23 40 41 1
0 23 41 27 23 41 27 1
0 27 41 31 27 41 31 1
0 41 42 31 41 42 31 1
0 34 43 35 34 43 35 1
0 43 44 35 43 44 35 1
0 35 44 45 35 44 45 1
0 35 45 36 35 45 36 1
0 36 45 37 36 45 37 1
0 45 46 37 45 46 37 1
0 37 46 47 37 46 47 1
0 37 47 38 37 47 38 1
0 38 47 39 38 47 39 1
0 47 48 39 47 48 39 1
0 39 48 49 39 48 49 1
0 39 49 40 39 49 40 1
0 40 49 41 40 49 41 1
0 49 50 41 49 50 41 1
0 41 50 51 41 50 51 1
0 41 51 42 41 51 42 1
0 43 52 53 43 52 53 1
0 43 53 44 43 53 44 1
0 44 53 45 44 53 45 1
0 53 54 45 53 54 45 1
0 45 54 55 45 54 55 1
0 45 55 46 45 55 46 1
0 46 55 47 46 55 47 1
0 55 56 47 55 56 47 1
0 47 56 57 47 56 57 1
0 47 57 48 47 57 48 1
0 48 57 49 48 57 49 1
0 57 58 49 57 58 49 1
0 49 58 59 49 58 59 1
0 49 59 50 49 59 50 1
0 50 59 51 50 59 51 1
0 59 60 51 59 60 51 1
0 52 5 53 52 5 53 1
0 5 4 53 5 4 53 1
0 53 4 9 53 4 9 1
0 53 9 54 53 9 54 1
0 54 9 55 54 9 55 1
0 9 13 55 9 13 55 1
0 55 13 17 55 13 17 1
0 55 17 56 55 17 56 1
0 56 17 57 56 17 57 1
0 17 21 57 17 21 57 1
0 57 21 25 57 21 25 1
0 57 25 58 57 25 58 1
0 58 25 59 58 25 59 1
0 25 29 59 25 29 59 1
0 59 29 33 59 29 33 1
0 59 33 60 59 33 60 1

Materials: 1
"Material01"
0.200000 0.200000 0.200000 1.000000
0.800000 0.800000 0.800000 1.000000
0.000000 0.000000 0.000000 1.000000
0.000000 0.000000 0.000000 1.000000
0.000000
1.000000
"..\Image\House1.tga"
""

Bones: 0
GroupComments: 0
MaterialComments: 0
BoneComments: 0
ModelComment: 0
