// MilkShape 3D ASCII

Frames: 30
Frame: 1

Meshes: 1
"Regroup01" 1 0
78
1 15.000000 10.333334 -2.668518 0.332144 0.760273 -1
1 15.000000 10.333334 -3.710205 0.332144 0.721987 -1
1 11.250000 10.416669 -6.210205 0.291633 0.630104 -1
1 11.250000 10.416669 -5.168518 0.291633 0.668389 -1
1 7.500000 7.083334 -7.876831 0.251121 0.568850 -1
1 7.500000 7.083334 -6.835205 0.251121 0.607133 -1
1 3.750000 7.166667 -8.876831 0.210610 0.532096 -1
1 3.750000 7.166667 -7.835205 0.210610 0.570379 -1
1 0.000000 7.000000 -9.543518 0.170098 0.507593 -1
1 0.000000 7.000000 -8.501831 0.170098 0.545879 -1
1 -3.750000 7.000000 -8.876831 0.129587 0.532096 -1
1 -3.750000 7.000000 -7.835205 0.129587 0.570379 -1
1 -7.500000 7.000000 -7.876831 0.089075 0.568850 -1
1 -7.500000 7.000000 -6.835205 0.089075 0.607133 -1
1 -11.250000 10.416668 -6.210205 0.048564 0.630104 -1
1 -11.250000 10.416668 -5.168518 0.048564 0.668389 -1
1 -15.000000 10.333334 -3.710205 0.008053 0.721987 -1
1 -15.000000 10.333334 -2.668518 0.008053 0.760273 -1
1 15.000000 10.333334 -4.751831 0.332144 0.683704 -1
1 11.250000 10.416669 -7.251831 0.291633 0.591820 -1
1 7.500000 7.083334 -8.918518 0.251121 0.530564 -1
1 3.750000 7.166667 -9.918518 0.210610 0.493811 -1
1 0.000000 7.000000 -10.585205 0.170098 0.469308 -1
1 -3.750000 7.000000 -9.918518 0.129587 0.493811 -1
1 -7.500000 7.000000 -8.918518 0.089075 0.530564 -1
1 -11.250000 10.416668 -7.251831 0.048564 0.591820 -1
1 -15.000000 10.333334 -4.751831 0.008053 0.683704 -1
1 15.000000 10.333334 -2.668518 0.187836 0.470970 -1
1 15.000000 0.000000 -2.668513 0.187836 0.756094 -1
1 15.000000 0.000000 -3.710180 0.225943 0.756094 -1
1 15.000000 10.333334 -3.710205 0.225944 0.470970 -1
1 11.250000 10.416669 -5.168518 0.291306 0.466035 -1
1 11.250000 0.000000 -5.168513 0.291306 0.759095 -1
1 15.000000 0.000000 -2.668513 0.332150 0.759095 -1
1 15.000000 10.333334 -2.668518 0.332150 0.468380 -1
1 7.500000 7.083334 -6.835205 0.250463 0.559815 -1
1 7.500000 0.000000 -6.835179 0.250463 0.759095 -1
1 3.750000 7.166667 -7.835205 0.209619 0.557470 -1
1 3.750000 0.000000 -7.835179 0.209619 0.759095 -1
1 0.000000 7.000000 -8.501831 0.168775 0.562159 -1
1 0.000000 0.000000 -8.501846 0.168775 0.759095 -1
1 -3.750000 7.000000 -7.835205 0.127931 0.562159 -1
1 -3.750000 0.000000 -7.835179 0.127931 0.759095 -1
1 -7.500000 7.000000 -6.835205 0.087088 0.562159 -1
1 -7.500000 0.000000 -6.835179 0.087088 0.759095 -1
1 -11.250000 10.416668 -5.168518 0.046244 0.466036 -1
1 -11.250000 0.000000 -5.168513 0.046244 0.759095 -1
1 -15.000000 10.333334 -3.710205 0.132993 0.468398 -1
1 -15.000000 0.000000 -3.710180 0.132994 0.753523 -1
1 -15.000000 0.000000 -2.668513 0.171101 0.753523 -1
1 -15.000000 10.333334 -2.668518 0.171101 0.468398 -1
1 -15.000000 10.333334 -2.668518 0.005400 0.468380 -1
1 -15.000000 0.000000 -2.668513 0.005400 0.759095 -1
1 15.000000 10.333334 -4.751831 0.006091 0.468295 -1
1 15.000000 0.000000 -4.751846 0.006091 0.759010 -1
1 11.250000 0.000000 -7.251846 0.046935 0.759010 -1
1 11.250000 10.416669 -7.251831 0.046935 0.465951 -1
1 15.000000 0.000000 -4.751846 0.264050 0.756094 -1
1 15.000000 10.333334 -4.751831 0.264050 0.470970 -1
1 7.500000 0.000000 -8.918512 0.087779 0.759010 -1
1 7.500000 7.083334 -8.918518 0.087779 0.559730 -1
1 3.750000 0.000000 -9.918512 0.128623 0.759010 -1
1 3.750000 7.166667 -9.918518 0.128623 0.557385 -1
1 0.000000 0.000000 -10.585178 0.169466 0.759010 -1
1 0.000000 7.000000 -10.585205 0.169466 0.562074 -1
1 -3.750000 0.000000 -9.918512 0.210310 0.759010 -1
1 -3.750000 7.000000 -9.918518 0.210310 0.562074 -1
1 -7.500000 0.000000 -8.918512 0.251154 0.759010 -1
1 -7.500000 7.000000 -8.918518 0.251154 0.562074 -1
1 -11.250000 0.000000 -7.251846 0.291997 0.759010 -1
1 -11.250000 10.416668 -7.251831 0.291997 0.465951 -1
1 -15.000000 0.000000 -4.751846 0.332841 0.759010 -1
1 -15.000000 10.333334 -4.751831 0.332841 0.468295 -1
1 -15.000000 10.333334 -4.751831 0.094887 0.468398 -1
1 -15.000000 0.000000 -4.751846 0.094886 0.753523 -1
1 -2.000000 0.000000 -13.912573 0.000000 0.000000 -1
1 -1.928571 0.000000 -13.055429 0.000000 0.000000 -1
1 -1.071429 0.000000 -13.126859 0.000000 0.000000 -1
54
0.022217 0.999753 0.000000
0.022217 0.999753 0.000000
-0.344975 0.938612 0.000000
-0.344975 0.938612 0.000000
-0.011098 0.999938 0.000000
-0.011098 0.999938 0.000000
-0.022206 0.999753 0.000000
-0.022206 0.999753 0.000000
0.000000 1.000000 0.000000
0.361112 0.932522 0.000000
0.361112 0.932522 0.000000
0.350730 0.936477 0.000000
0.350730 0.936477 0.000000
-0.022217 0.999753 0.000000
-0.011098 0.999938 0.000000
1.000000 0.000000 0.000000
-0.506803 0.000000 0.862062
-0.457123 0.000001 0.889403
-0.554700 0.000000 0.832050
-0.554700 0.000000 0.832050
-0.357635 0.000002 0.933862
-0.308004 0.000003 0.951385
-0.230300 0.000004 0.973120
-0.202735 0.000002 0.979234
-0.059155 -0.000000 0.998249
0.059152 -0.000000 0.998249
0.202734 0.000002 0.979234
0.230303 0.000004 0.973119
0.308007 0.000003 0.951384
0.357635 0.000002 0.933861
0.457124 0.000001 0.889403
0.506801 0.000000 0.862063
-1.000000 0.000000 0.000000
0.554700 0.000000 0.832050
0.554700 0.000000 0.832050
0.554700 0.000001 -0.832050
0.554700 0.000001 -0.832050
0.506801 0.000001 -0.862063
0.457123 0.000001 -0.889403
0.357635 -0.000000 -0.933862
0.308006 -0.000001 -0.951384
0.230303 -0.000001 -0.973119
0.202740 -0.000002 -0.979233
0.059157 -0.000003 -0.998249
-0.059155 -0.000003 -0.998249
-0.202740 -0.000002 -0.979233
-0.230305 -0.000001 -0.973119
-0.308004 -0.000001 -0.951385
-0.357634 -0.000000 -0.933862
-0.457123 0.000001 -0.889404
-0.506802 0.000001 -0.862062
-0.554700 0.000001 -0.832050
-0.554700 0.000001 -0.832050
0.000000 1.000000 0.000000
73
1 0 1 2 0 1 2 1
1 0 2 3 0 2 2 1
1 2 4 5 2 3 3 1
1 2 5 3 2 3 2 1
1 5 4 6 3 3 4 1
1 5 6 7 3 4 5 1
1 6 8 9 4 6 7 1
1 6 9 7 4 7 5 1
1 9 8 10 7 6 8 1
1 9 10 11 7 8 8 1
1 10 12 13 8 9 10 1
1 10 13 11 8 10 8 1
1 13 12 14 10 9 11 1
1 13 14 15 10 11 12 1
1 14 16 17 11 13 13 1
1 14 17 15 11 13 12 1
1 18 19 2 1 2 2 1
1 18 2 1 1 2 1 1
1 2 19 20 2 2 3 1
1 2 20 4 2 3 3 1
1 20 21 6 3 14 4 1
1 20 6 4 3 4 3 1
1 6 21 22 4 14 6 1
1 6 22 8 4 6 6 1
1 22 23 10 6 8 8 1
1 22 10 8 6 8 6 1
1 10 23 24 8 8 10 1
1 10 24 12 8 10 9 1
1 24 25 14 10 11 11 1
1 24 14 12 10 11 9 1
1 14 25 26 11 11 13 1
1 14 26 16 11 13 13 1
1 27 28 29 15 15 15 2
1 27 29 30 15 15 15 2
1 31 32 33 16 17 18 2
1 31 33 34 16 18 19 2
1 35 36 32 20 21 17 2
1 35 32 31 20 17 16 2
1 37 38 36 22 23 21 2
1 37 36 35 22 21 20 2
1 39 40 38 24 25 23 2
1 39 38 37 24 23 22 2
1 41 42 40 26 27 25 2
1 41 40 39 26 25 24 2
1 43 44 42 28 29 27 2
1 43 42 41 28 27 26 2
1 45 46 44 30 31 29 2
1 45 44 43 30 29 28 2
1 47 48 49 32 32 32 2
1 47 49 50 32 32 32 2
1 51 52 46 33 34 31 2
1 51 46 45 33 31 30 2
1 53 54 55 35 36 37 2
1 53 55 56 35 37 38 2
1 30 29 57 15 15 15 2
1 30 57 58 15 15 15 2
1 56 55 59 38 37 39 2
1 56 59 60 38 39 40 2
1 60 59 61 40 39 41 2
1 60 61 62 40 41 42 2
1 62 61 63 42 41 43 2
1 62 63 64 42 43 44 2
1 64 63 65 44 43 45 2
1 64 65 66 44 45 46 2
1 66 65 67 46 45 47 2
1 66 67 68 46 47 48 2
1 68 67 69 48 47 49 2
1 68 69 70 48 49 50 2
1 70 69 71 50 49 51 2
1 70 71 72 50 51 52 2
1 73 74 48 32 32 32 2
1 73 48 47 32 32 32 2
1 75 76 77 53 53 53 1

Materials: 1
"Material01"
0.200000 0.200000 0.200000 1.000000
0.800000 0.800000 0.800000 1.000000
0.000000 0.000000 0.000000 1.000000
0.000000 0.000000 0.000000 1.000000
0.000000
1.000000
"..\Image\House1.tga"
""

Bones: 0
GroupComments: 0
MaterialComments: 0
BoneComments: 0
ModelComment: 0
