// MilkShape 3D ASCII

Frames: 30
Frame: 1

Meshes: 1
"Regroup00" 1 0
204
1 -15.432092 -1.756139 -0.004405 0.990797 0.002742 -1
1 -15.486266 -1.476525 1.058530 0.990797 0.002742 -1
1 -15.836453 0.330948 -0.004405 0.990797 0.002742 -1
1 16.240818 4.419831 -0.004405 0.990797 0.002742 -1
1 15.836461 6.506920 -0.004405 0.990797 0.002742 -1
1 16.186665 4.699450 1.058530 0.990797 0.002742 -1
1 -15.432092 -1.756139 -0.004405 0.341807 0.002742 -1
1 -15.486266 -1.476525 1.058530 0.341807 0.029103 -1
1 16.186665 4.699450 1.058530 0.990797 0.029103 -1
1 -15.634269 -0.712601 1.836655 0.990797 0.002742 -1
1 16.038656 5.463377 1.836655 0.990797 0.002742 -1
1 16.038656 5.463377 1.836655 0.990797 0.055465 -1
1 -15.634269 -0.712601 1.836655 0.341807 0.055465 -1
1 -15.836453 0.330948 2.121468 0.990797 0.002742 -1
1 15.836461 6.506920 2.121468 0.990797 0.002742 -1
1 -15.836453 0.330948 2.121468 0.341807 0.081826 -1
1 15.836461 6.506920 2.121468 0.990797 0.081826 -1
1 -16.038656 1.374488 1.836655 0.990797 0.002742 -1
1 15.634271 7.550460 1.836655 0.990797 0.002742 -1
1 15.634271 7.550460 1.836655 0.990797 0.108188 -1
1 -16.038656 1.374488 1.836655 0.341807 0.108188 -1
1 -16.186653 2.138415 1.058530 0.990797 0.002742 -1
1 15.486273 8.314388 1.058530 0.990797 0.002742 -1
1 -16.186653 2.138415 1.058530 0.341807 0.134549 -1
1 15.486273 8.314388 1.058530 0.990797 0.134549 -1
1 -16.240814 2.418033 -0.004405 0.990797 0.002742 -1
1 15.432090 8.594003 -0.004405 0.990797 0.002742 -1
1 15.432090 8.594003 -0.004405 0.990797 0.160911 -1
1 -16.240814 2.418033 -0.004405 0.341807 0.160911 -1
1 -16.186653 2.138415 -1.067340 0.990797 0.002742 -1
1 15.486273 8.314388 -1.067340 0.990797 0.002742 -1
1 -16.186653 2.138415 -1.067340 0.341807 0.187272 -1
1 15.486273 8.314388 -1.067340 0.990797 0.187272 -1
1 -16.038656 1.374488 -1.845463 0.990797 0.002742 -1
1 15.634271 7.550460 -1.845463 0.990797 0.002742 -1
1 15.634271 7.550460 -1.845463 0.990797 0.213634 -1
1 -16.038656 1.374488 -1.845463 0.341807 0.213634 -1
1 -15.836453 0.330948 -2.130278 0.990797 0.002742 -1
1 15.836461 6.506920 -2.130278 0.990797 0.002742 -1
1 -15.836453 0.330948 -2.130278 0.341807 0.239995 -1
1 15.836461 6.506920 -2.130278 0.990797 0.239995 -1
1 -15.634269 -0.712601 -1.845463 0.990797 0.002742 -1
1 16.038656 5.463377 -1.845463 0.990797 0.002742 -1
1 16.038656 5.463377 -1.845463 0.990797 0.266357 -1
1 -15.634269 -0.712601 -1.845463 0.341807 0.266357 -1
1 -15.486266 -1.476525 -1.067340 0.990797 0.002742 -1
1 16.186665 4.699450 -1.067340 0.990797 0.002742 -1
1 -15.486266 -1.476525 -1.067340 0.341807 0.292719 -1
1 16.186665 4.699450 -1.067340 0.990797 0.292719 -1
1 16.240818 4.419831 -0.004405 0.990797 0.319080 -1
1 -15.432092 -1.756139 -0.004405 0.341807 0.319080 -1
1 -16.170811 -2.517871 -9.157467 0.990797 0.002742 -1
1 -16.165665 -2.233103 -8.094536 0.990797 0.002742 -1
1 -16.132408 -0.392319 -9.157467 0.990797 0.002742 -1
1 16.094006 -3.062028 -9.157467 0.990797 0.002742 -1
1 16.132416 -0.936477 -9.157467 0.990797 0.002742 -1
1 16.099171 -2.777259 -8.094536 0.990797 0.002742 -1
1 -16.170811 -2.517871 -9.157467 0.341807 0.002742 -1
1 -16.165665 -2.233103 -8.094536 0.341807 0.029103 -1
1 16.099171 -2.777259 -8.094536 0.990797 0.029103 -1
1 -16.151608 -1.455099 -7.316412 0.990797 0.002742 -1
1 16.113220 -1.999254 -7.316412 0.990797 0.002742 -1
1 16.113220 -1.999254 -7.316412 0.990797 0.055465 -1
1 -16.151608 -1.455099 -7.316412 0.341807 0.055465 -1
1 -16.132408 -0.392319 -7.031597 0.990797 0.002742 -1
1 16.132416 -0.936477 -7.031597 0.990797 0.002742 -1
1 -16.132408 -0.392319 -7.031597 0.341807 0.081826 -1
1 16.132416 -0.936477 -7.031597 0.990797 0.081826 -1
1 -16.113220 0.670455 -7.316412 0.990797 0.002742 -1
1 16.151608 0.126296 -7.316412 0.990797 0.002742 -1
1 16.151608 0.126296 -7.316412 0.990797 0.108188 -1
1 -16.113220 0.670455 -7.316412 0.341807 0.108188 -1
1 -16.099163 1.448459 -8.094536 0.990797 0.002742 -1
1 16.165672 0.904303 -8.094536 0.990797 0.002742 -1
1 -16.099163 1.448459 -8.094536 0.341807 0.134549 -1
1 16.165672 0.904303 -8.094536 0.990797 0.134549 -1
1 -16.094002 1.733227 -9.157467 0.990797 0.002742 -1
1 16.170811 1.189073 -9.157467 0.990797 0.002742 -1
1 16.170811 1.189073 -9.157467 0.990797 0.160911 -1
1 -16.094002 1.733227 -9.157467 0.341807 0.160911 -1
1 -16.099163 1.448459 -10.220407 0.990797 0.002742 -1
1 16.165672 0.904303 -10.220407 0.990797 0.002742 -1
1 -16.099163 1.448459 -10.220407 0.341807 0.187272 -1
1 16.165672 0.904303 -10.220407 0.990797 0.187272 -1
1 -16.113220 0.670455 -10.998524 0.990797 0.002742 -1
1 16.151608 0.126296 -10.998524 0.990797 0.002742 -1
1 16.151608 0.126296 -10.998524 0.990797 0.213634 -1
1 -16.113220 0.670455 -10.998524 0.341807 0.213634 -1
1 -16.132408 -0.392319 -11.283339 0.990797 0.002742 -1
1 16.132416 -0.936477 -11.283339 0.990797 0.002742 -1
1 -16.132408 -0.392319 -11.283339 0.341807 0.239995 -1
1 16.132416 -0.936477 -11.283339 0.990797 0.239995 -1
1 -16.151608 -1.455099 -10.998524 0.990797 0.002742 -1
1 16.113220 -1.999254 -10.998524 0.990797 0.002742 -1
1 16.113220 -1.999254 -10.998524 0.990797 0.266357 -1
1 -16.151608 -1.455099 -10.998524 0.341807 0.266357 -1
1 -16.165665 -2.233103 -10.220407 0.990797 0.002742 -1
1 16.099171 -2.777259 -10.220407 0.990797 0.002742 -1
1 -16.165665 -2.233103 -10.220407 0.341807 0.292719 -1
1 16.099171 -2.777259 -10.220407 0.990797 0.292719 -1
1 16.094006 -3.062028 -9.157467 0.990797 0.319080 -1
1 -16.170811 -2.517871 -9.157467 0.341807 0.319080 -1
1 14.737875 9.375607 -5.131456 0.990797 0.002742 -1
1 14.796925 9.096979 -4.068522 0.990797 0.002742 -1
1 15.178603 7.295892 -5.131456 0.990797 0.002742 -1
1 -16.822422 2.647807 -5.131456 0.990797 0.002742 -1
1 -16.381695 0.568091 -5.131456 0.990797 0.002742 -1
1 -16.763391 2.369174 -4.068522 0.990797 0.002742 -1
1 14.737875 9.375607 -5.131456 0.341807 0.002742 -1
1 14.796925 9.096979 -4.068522 0.341807 0.029103 -1
1 -16.763391 2.369174 -4.068522 0.990797 0.029103 -1
1 14.958239 8.335754 -3.290400 0.990797 0.002742 -1
1 -16.602072 1.607948 -3.290400 0.990797 0.002742 -1
1 -16.602072 1.607948 -3.290400 0.990797 0.055465 -1
1 14.958239 8.335754 -3.290400 0.341807 0.055465 -1
1 15.178603 7.295892 -3.005585 0.990797 0.002742 -1
1 -16.381695 0.568091 -3.005585 0.990797 0.002742 -1
1 15.178603 7.295892 -3.005585 0.341807 0.081826 -1
1 -16.381695 0.568091 -3.005585 0.990797 0.081826 -1
1 15.398993 6.256040 -3.290400 0.990797 0.002742 -1
1 -16.161325 -0.471763 -3.290400 0.990797 0.002742 -1
1 -16.161325 -0.471763 -3.290400 0.990797 0.108188 -1
1 15.398993 6.256040 -3.290400 0.341807 0.108188 -1
1 15.560297 5.494813 -4.068522 0.990797 0.002742 -1
1 -16.000021 -1.232994 -4.068522 0.990797 0.002742 -1
1 15.560297 5.494813 -4.068522 0.341807 0.134549 -1
1 -16.000021 -1.232994 -4.068522 0.990797 0.134549 -1
1 15.619326 5.216184 -5.131456 0.990797 0.002742 -1
1 -15.940960 -1.511617 -5.131456 0.990797 0.002742 -1
1 -15.940960 -1.511617 -5.131456 0.990797 0.160911 -1
1 15.619326 5.216184 -5.131456 0.341807 0.160911 -1
1 15.560297 5.494813 -6.194394 0.990797 0.002742 -1
1 -16.000021 -1.232994 -6.194394 0.990797 0.002742 -1
1 15.560297 5.494813 -6.194394 0.341807 0.187272 -1
1 -16.000021 -1.232994 -6.194394 0.990797 0.187272 -1
1 15.398993 6.256040 -6.972513 0.990797 0.002742 -1
1 -16.161325 -0.471763 -6.972513 0.990797 0.002742 -1
1 -16.161325 -0.471763 -6.972513 0.990797 0.213634 -1
1 15.398993 6.256040 -6.972513 0.341807 0.213634 -1
1 15.178603 7.295892 -7.257328 0.990797 0.002742 -1
1 -16.381695 0.568091 -7.257328 0.990797 0.002742 -1
1 15.178603 7.295892 -7.257328 0.341807 0.239995 -1
1 -16.381695 0.568091 -7.257328 0.990797 0.239995 -1
1 14.958239 8.335754 -6.972513 0.990797 0.002742 -1
1 -16.602072 1.607948 -6.972513 0.990797 0.002742 -1
1 -16.602072 1.607948 -6.972513 0.990797 0.266357 -1
1 14.958239 8.335754 -6.972513 0.341807 0.266357 -1
1 14.796925 9.096979 -6.194394 0.990797 0.002742 -1
1 -16.763391 2.369174 -6.194394 0.990797 0.002742 -1
1 14.796925 9.096979 -6.194394 0.341807 0.292719 -1
1 -16.763391 2.369174 -6.194394 0.990797 0.292719 -1
1 -16.822422 2.647807 -5.131456 0.990797 0.319080 -1
1 14.737875 9.375607 -5.131456 0.341807 0.319080 -1
1 13.633023 5.662359 -10.678029 0.990797 0.002742 -1
1 14.532862 6.004012 -10.144645 0.990797 0.002742 -1
1 14.935131 3.982309 -10.663714 0.990797 0.002742 -1
1 7.825680 1.815708 1.350165 0.990797 0.002742 -1
1 9.127790 0.135660 1.364482 0.990797 0.002742 -1
1 8.725514 2.157357 1.883554 0.990797 0.002742 -1
1 13.633023 5.662359 -10.678029 0.341807 0.002742 -1
1 14.532862 6.004012 -10.144645 0.341807 0.029103 -1
1 8.725514 2.157357 1.883554 0.990797 0.029103 -1
1 15.540487 5.803953 -9.750340 0.990797 0.002742 -1
1 9.733138 1.957294 2.277856 0.990797 0.002742 -1
1 9.733138 1.957294 2.277856 0.990797 0.055465 -1
1 15.540487 5.803953 -9.750340 0.341807 0.055465 -1
1 16.385916 5.115779 -9.600774 0.990797 0.002742 -1
1 10.578566 1.269127 2.427419 0.990797 0.002742 -1
1 16.385916 5.115779 -9.600774 0.341807 0.081826 -1
1 10.578566 1.269127 2.427419 0.990797 0.081826 -1
1 16.842604 4.123899 -9.736035 0.990797 0.002742 -1
1 11.035254 0.277250 2.292166 0.990797 0.002742 -1
1 11.035254 0.277250 2.292166 0.990797 0.108188 -1
1 16.842604 4.123899 -9.736035 0.341807 0.108188 -1
1 16.788179 3.094083 -10.119853 0.990797 0.002742 -1
1 10.980837 -0.752569 1.908345 0.990797 0.002742 -1
1 16.788179 3.094083 -10.119853 0.341807 0.134549 -1
1 10.980837 -0.752569 1.908345 0.990797 0.134549 -1
1 16.237240 2.302268 -10.649398 0.990797 0.002742 -1
1 10.429895 -1.544387 1.378795 0.990797 0.002742 -1
1 10.429895 -1.544387 1.378795 0.990797 0.160911 -1
1 16.237240 2.302268 -10.649398 0.341807 0.160911 -1
1 15.337404 1.960615 -11.182788 0.990797 0.002742 -1
1 9.530060 -1.886039 0.845410 0.990797 0.002742 -1
1 15.337404 1.960615 -11.182788 0.341807 0.187272 -1
1 9.530060 -1.886039 0.845410 0.990797 0.187272 -1
1 14.329788 2.160675 -11.577090 0.990797 0.002742 -1
1 8.522438 -1.685976 0.451108 0.990797 0.002742 -1
1 8.522438 -1.685976 0.451108 0.990797 0.213634 -1
1 14.329788 2.160675 -11.577090 0.341807 0.213634 -1
1 13.484362 2.848841 -11.726645 0.990797 0.002742 -1
1 7.677016 -0.997811 0.301548 0.990797 0.002742 -1
1 13.484362 2.848841 -11.726645 0.341807 0.239995 -1
1 7.677016 -0.997811 0.301548 0.990797 0.239995 -1
1 13.027668 3.840726 -11.591397 0.990797 0.002742 -1
1 7.220326 -0.005929 0.436800 0.990797 0.002742 -1
1 7.220326 -0.005929 0.436800 0.990797 0.266357 -1
1 13.027668 3.840726 -11.591397 0.341807 0.266357 -1
1 13.082085 4.870540 -11.207580 0.990797 0.002742 -1
1 7.274741 1.023886 0.820618 0.990797 0.002742 -1
1 13.082085 4.870540 -11.207580 0.341807 0.292719 -1
1 7.274741 1.023886 0.820618 0.990797 0.292719 -1
1 7.825680 1.815708 1.350165 0.990797 0.319080 -1
1 13.633023 5.662359 -10.678029 0.341807 0.319080 -1
204
-0.981744 -0.190208 -0.000000
-0.981744 -0.190207 0.000001
-0.981743 -0.190211 0.000000
0.981744 0.190205 -0.000000
0.981743 0.190212 -0.000000
0.981744 0.190209 -0.000012
0.184866 -0.948070 0.258821
0.184866 -0.948070 0.258821
0.165746 -0.850015 0.500002
0.165746 -0.850015 0.500003
-0.981744 -0.190208 0.000001
0.981742 0.190217 -0.000002
0.095693 -0.490754 0.866027
0.095693 -0.490755 0.866027
-0.981742 -0.190219 0.000000
0.981742 0.190219 0.000000
-0.000000 0.000001 1.000000
-0.000000 0.000000 1.000000
-0.981742 -0.190218 -0.000006
0.981743 0.190210 0.000004
-0.095693 0.490754 0.866027
-0.095693 0.490754 0.866027
-0.981744 -0.190207 -0.000012
0.981744 0.190208 0.000000
-0.165746 0.850015 0.500003
-0.165746 0.850015 0.500003
-0.981744 -0.190207 -0.000000
0.981743 0.190212 -0.000000
-0.191388 0.981515 0.000000
-0.191388 0.981515 0.000000
-0.981744 -0.190207 0.000012
0.981744 0.190208 -0.000000
-0.165746 0.850015 -0.500003
-0.165746 0.850015 -0.500004
-0.981742 -0.190218 0.000006
0.981743 0.190210 -0.000004
-0.095693 0.490755 -0.866027
-0.095693 0.490755 -0.866027
0.981742 0.190219 0.000000
-0.000000 0.000001 -1.000000
-0.000000 0.000000 -1.000000
-0.981744 -0.190208 -0.000001
0.981742 0.190217 0.000002
0.095693 -0.490754 -0.866027
0.095693 -0.490755 -0.866027
-0.981744 -0.190207 -0.000001
0.981744 0.190209 0.000012
0.165746 -0.850015 -0.500003
0.165746 -0.850015 -0.500003
0.184866 -0.948070 -0.258821
0.184866 -0.948070 -0.258820
-0.999837 0.018064 0.000000
-0.999837 0.018064 0.000001
-0.999837 0.018061 0.000000
0.999837 -0.018068 -0.000000
0.999837 -0.018061 -0.000000
0.999837 -0.018062 -0.000008
-0.016288 -0.965788 0.258822
-0.016288 -0.965788 0.258822
-0.014604 -0.865900 0.500003
-0.014604 -0.865900 0.500003
-0.999837 0.018063 0.000001
0.999837 -0.018058 0.000001
-0.008431 -0.499926 0.866027
-0.008431 -0.499926 0.866027
-0.999837 0.018057 0.000000
0.999837 -0.018057 0.000000
0.000000 0.000001 1.000000
0.000000 0.000000 1.000000
-0.999837 0.018056 -0.000003
0.999837 -0.018062 0.000004
0.008431 0.499926 0.866027
0.008431 0.499927 0.866027
-0.999837 0.018063 -0.000010
0.999837 -0.018064 0.000001
0.014604 0.865900 0.500004
0.014604 0.865900 0.500005
-0.999837 0.018066 -0.000000
0.999837 -0.018061 -0.000000
0.016863 0.999858 0.000001
0.016863 0.999858 0.000001
-0.999837 0.018063 0.000010
0.999837 -0.018064 -0.000001
0.014604 0.865899 -0.500005
0.014604 0.865899 -0.500006
-0.999837 0.018056 0.000003
0.999837 -0.018062 -0.000004
0.008431 0.499924 -0.866028
0.008431 0.499925 -0.866028
0.999837 -0.018057 0.000000
0.000000 0.000001 -1.000000
0.000000 0.000000 -1.000000
-0.999837 0.018063 -0.000001
0.999837 -0.018058 -0.000001
-0.008431 -0.499924 -0.866028
-0.008431 -0.499924 -0.866028
-0.999837 0.018064 -0.000001
0.999837 -0.018062 0.000008
-0.014604 -0.865900 -0.500004
-0.014604 -0.865900 -0.500005
-0.016288 -0.965788 -0.258820
-0.016288 -0.965788 -0.258820
0.978275 0.207314 -0.000000
0.978275 0.207312 -0.000001
0.978274 0.207317 -0.000000
-0.978275 -0.207313 -0.000000
-0.978274 -0.207317 -0.000000
-0.978274 -0.207316 -0.000009
-0.201384 0.944699 0.258822
-0.201384 0.944699 0.258823
-0.180556 0.846992 0.500004
-0.180556 0.846992 0.500004
0.978275 0.207312 0.000001
-0.978273 -0.207323 -0.000002
-0.104244 0.489009 0.866027
-0.104244 0.489009 0.866027
0.978272 0.207325 0.000000
-0.978273 -0.207322 0.000000
0.000000 -0.000001 1.000000
0.000000 -0.000001 1.000000
0.978272 0.207325 -0.000007
-0.978275 -0.207312 0.000004
0.104244 -0.489010 0.866027
0.104244 -0.489010 0.866027
0.978275 0.207312 -0.000015
-0.978275 -0.207311 -0.000003
0.180556 -0.846993 0.500003
0.180556 -0.846992 0.500003
0.978275 0.207312 -0.000000
-0.978274 -0.207317 -0.000000
0.208488 -0.978025 0.000000
0.208488 -0.978025 0.000000
0.978275 0.207312 0.000015
-0.978275 -0.207311 0.000003
0.180556 -0.846992 -0.500003
0.180556 -0.846992 -0.500004
0.978272 0.207325 0.000007
-0.978275 -0.207312 -0.000004
0.104243 -0.489009 -0.866028
0.104243 -0.489009 -0.866027
0.000000 -0.000001 -1.000000
0.000000 -0.000001 -1.000000
0.978275 0.207312 -0.000001
-0.978273 -0.207323 0.000002
-0.104243 0.489008 -0.866028
-0.104243 0.489008 -0.866028
0.978275 0.207312 0.000001
-0.978274 -0.207317 0.000009
-0.180556 0.846992 -0.500004
-0.180556 0.846992 -0.500005
-0.201384 0.944699 -0.258822
-0.201384 0.944699 -0.258821
0.398780 0.301693 -0.866000
0.398781 0.301692 -0.866000
0.398780 0.301694 -0.866000
-0.398782 -0.301693 0.865999
-0.398780 -0.301694 0.865999
-0.398783 -0.301695 0.865998
-0.402825 0.910166 0.096585
-0.402825 0.910167 0.096586
-0.178398 0.958926 0.220535
-0.178397 0.958926 0.220535
0.398782 0.301692 -0.865999
-0.398781 -0.301696 0.865999
0.290927 0.861573 0.415997
0.290926 0.861573 0.415997
0.398778 0.301697 -0.865999
-0.398779 -0.301697 0.865999
0.682438 0.533178 0.500001
0.682437 0.533179 0.500000
0.398776 0.301695 -0.866001
-0.398779 -0.301695 0.866000
0.890932 0.061794 0.449914
0.890932 0.061791 0.449913
0.398778 0.301690 -0.866002
-0.398780 -0.301693 0.866000
0.860562 -0.425962 0.279265
0.860563 -0.425961 0.279265
0.398781 0.301694 -0.865999
-0.398780 -0.301693 0.866000
0.599764 -0.799458 0.033904
0.599765 -0.799458 0.033904
0.398784 0.301696 -0.865997
-0.398782 -0.301694 0.865999
0.178398 -0.958926 -0.220535
0.178397 -0.958926 -0.220535
0.398780 0.301698 -0.865998
-0.398781 -0.301695 0.865999
-0.290928 -0.861573 -0.415997
-0.290927 -0.861573 -0.415997
0.398777 0.301697 -0.866000
-0.398778 -0.301696 0.866000
-0.682437 -0.533179 -0.500000
-0.682437 -0.533179 -0.500000
0.398780 0.301692 -0.866000
-0.398779 -0.301694 0.866000
-0.890931 -0.061798 -0.449914
-0.890931 -0.061798 -0.449914
0.398781 0.301692 -0.866000
-0.398779 -0.301692 0.866001
-0.860563 0.425959 -0.279266
-0.860564 0.425958 -0.279267
-0.755879 0.634330 -0.162086
-0.755879 0.634331 -0.162086
192
1 0 1 2 0 1 2 2
1 3 4 5 3 4 5 2
1 6 3 7 6 7 8 1
1 3 8 7 7 9 8 1
1 1 9 2 1 10 2 2
1 5 4 10 5 4 11 2
1 7 8 11 8 9 12 1
1 7 11 12 8 12 13 1
1 9 13 2 10 14 2 2
1 10 4 14 11 4 15 2
1 12 11 15 13 12 16 1
1 11 16 15 12 17 16 1
1 13 17 2 14 18 2 2
1 14 4 18 15 4 19 2
1 15 16 19 16 17 20 1
1 15 19 20 16 20 21 1
1 17 21 2 18 22 2 2
1 18 4 22 19 4 23 2
1 20 19 23 21 20 24 1
1 19 24 23 20 25 24 1
1 21 25 2 22 26 2 2
1 22 4 26 23 4 27 2
1 23 24 27 24 25 28 1
1 23 27 28 24 28 29 1
1 25 29 2 26 30 2 2
1 26 4 30 27 4 31 2
1 28 27 31 29 28 32 1
1 27 32 31 28 33 32 1
1 29 33 2 30 34 2 2
1 30 4 34 31 4 35 2
1 31 32 35 32 33 36 1
1 31 35 36 32 36 37 1
1 33 37 2 34 14 2 2
1 34 4 38 35 4 38 2
1 36 35 39 37 36 39 1
1 35 40 39 36 40 39 1
1 37 41 2 14 41 2 2
1 38 4 42 38 4 42 2
1 39 40 43 39 40 43 1
1 39 43 44 39 43 44 1
1 41 45 2 41 45 2 2
1 42 4 46 42 4 46 2
1 44 43 47 44 43 47 1
1 43 48 47 43 48 47 1
1 45 0 2 45 0 2 2
1 46 4 3 46 4 3 2
1 47 48 49 47 48 49 1
1 47 49 50 47 49 50 1
1 51 52 53 51 52 53 2
1 54 55 56 54 55 56 2
1 57 54 58 57 58 59 1
1 54 59 58 58 60 59 1
1 52 60 53 52 61 53 2
1 56 55 61 56 55 62 2
1 58 59 62 59 60 63 1
1 58 62 63 59 63 64 1
1 60 64 53 61 65 53 2
1 61 55 65 62 55 66 2
1 63 62 66 64 63 67 1
1 62 67 66 63 68 67 1
1 64 68 53 65 69 53 2
1 65 55 69 66 55 70 2
1 66 67 70 67 68 71 1
1 66 70 71 67 71 72 1
1 68 72 53 69 73 53 2
1 69 55 73 70 55 74 2
1 71 70 74 72 71 75 1
1 70 75 74 71 76 75 1
1 72 76 53 73 77 53 2
1 73 55 77 74 55 78 2
1 74 75 78 75 76 79 1
1 74 78 79 75 79 80 1
1 76 80 53 77 81 53 2
1 77 55 81 78 55 82 2
1 79 78 82 80 79 83 1
1 78 83 82 79 84 83 1
1 80 84 53 81 85 53 2
1 81 55 85 82 55 86 2
1 82 83 86 83 84 87 1
1 82 86 87 83 87 88 1
1 84 88 53 85 65 53 2
1 85 55 89 86 55 89 2
1 87 86 90 88 87 90 1
1 86 91 90 87 91 90 1
1 88 92 53 65 92 53 2
1 89 55 93 89 55 93 2
1 90 91 94 90 91 94 1
1 90 94 95 90 94 95 1
1 92 96 53 92 96 53 2
1 93 55 97 93 55 97 2
1 95 94 98 95 94 98 1
1 94 99 98 94 99 98 1
1 96 51 53 96 51 53 2
1 97 55 54 97 55 54 2
1 98 99 100 98 99 100 1
1 98 100 101 98 100 101 1
1 102 103 104 102 103 104 2
1 105 106 107 105 106 107 2
1 108 105 109 108 109 110 1
1 105 110 109 109 111 110 1
1 103 111 104 103 112 104 2
1 107 106 112 107 106 113 2
1 109 110 113 110 111 114 1
1 109 113 114 110 114 115 1
1 111 115 104 112 116 104 2
1 112 106 116 113 106 117 2
1 114 113 117 115 114 118 1
1 113 118 117 114 119 118 1
1 115 119 104 116 120 104 2
1 116 106 120 117 106 121 2
1 117 118 121 118 119 122 1
1 117 121 122 118 122 123 1
1 119 123 104 120 124 104 2
1 120 106 124 121 106 125 2
1 122 121 125 123 122 126 1
1 121 126 125 122 127 126 1
1 123 127 104 124 128 104 2
1 124 106 128 125 106 129 2
1 125 126 129 126 127 130 1
1 125 129 130 126 130 131 1
1 127 131 104 128 132 104 2
1 128 106 132 129 106 133 2
1 130 129 133 131 130 134 1
1 129 134 133 130 135 134 1
1 131 135 104 132 136 104 2
1 132 106 136 133 106 137 2
1 133 134 137 134 135 138 1
1 133 137 138 134 138 139 1
1 135 139 104 136 116 104 2
1 136 106 140 137 106 117 2
1 138 137 141 139 138 140 1
1 137 142 141 138 141 140 1
1 139 143 104 116 142 104 2
1 140 106 144 117 106 143 2
1 141 142 145 140 141 144 1
1 141 145 146 140 144 145 1
1 143 147 104 142 146 104 2
1 144 106 148 143 106 147 2
1 146 145 149 145 144 148 1
1 145 150 149 144 149 148 1
1 147 102 104 146 102 104 2
1 148 106 105 147 106 105 2
1 149 150 151 148 149 150 1
1 149 151 152 148 150 151 1
1 153 154 155 152 153 154 2
1 156 157 158 155 156 157 2
1 159 156 160 158 159 160 1
1 156 161 160 159 161 160 1
1 154 162 155 153 162 154 2
1 158 157 163 157 156 163 2
1 160 161 164 160 161 164 1
1 160 164 165 160 164 165 1
1 162 166 155 162 166 154 2
1 163 157 167 163 156 167 2
1 165 164 168 165 164 168 1
1 164 169 168 164 169 168 1
1 166 170 155 166 170 154 2
1 167 157 171 167 156 171 2
1 168 169 172 168 169 172 1
1 168 172 173 168 172 173 1
1 170 174 155 170 174 154 2
1 171 157 175 171 156 175 2
1 173 172 176 173 172 176 1
1 172 177 176 172 177 176 1
1 174 178 155 174 178 154 2
1 175 157 179 175 156 179 2
1 176 177 180 176 177 180 1
1 176 180 181 176 180 181 1
1 178 182 155 178 182 154 2
1 179 157 183 179 156 183 2
1 181 180 184 181 180 184 1
1 180 185 184 180 185 184 1
1 182 186 155 182 186 154 2
1 183 157 187 183 156 187 2
1 184 185 188 184 185 188 1
1 184 188 189 184 188 189 1
1 186 190 155 186 190 154 2
1 187 157 191 187 156 191 2
1 189 188 192 189 188 192 1
1 188 193 192 188 193 192 1
1 190 194 155 190 194 154 2
1 191 157 195 191 156 195 2
1 192 193 196 192 193 196 1
1 192 196 197 192 196 197 1
1 194 198 155 194 198 154 2
1 195 157 199 195 156 199 2
1 197 196 200 197 196 200 1
1 196 201 200 196 201 200 1
1 198 153 155 198 152 154 2
1 199 157 156 199 156 155 2
1 200 201 202 200 201 202 1
1 200 202 203 200 202 203 1

Materials: 1
"Material01"
0.200000 0.200000 0.200000 1.000000
0.800000 0.800000 0.800000 1.000000
0.000000 0.000000 0.000000 1.000000
0.000000 0.000000 0.000000 1.000000
0.000000
1.000000
"..\Image\House1.tga"
""

Bones: 0
GroupComments: 0
MaterialComments: 0
BoneComments: 0
ModelComment: 0
