// MilkShape 3D ASCII

Frames: 30
Frame: 1

Meshes: 2
"Planal" 1 1
4
1 19.083334 15.750000 8.748154 0.000000 0.000000 -1
1 19.083334 10.833334 -7.835178 0.000000 1.000000 -1
1 -19.416668 10.833334 -7.835178 1.000000 1.000000 -1
1 -19.416668 15.750000 8.748154 1.000000 0.000000 -1
1
0.000000 0.958749 -0.284252
2
1 0 1 2 0 0 0 1
1 0 2 3 0 0 0 1
"Stick" 1 0
80
1 -17.872112 14.833313 8.217901 0.197923 0.149877 -1
1 -17.872112 14.833313 7.278386 0.197923 0.149877 -1
1 -18.794552 14.833313 7.278386 0.226193 0.149877 -1
1 -18.794552 14.833313 8.217901 0.226193 0.149877 -1
1 18.557304 10.583313 -6.505911 0.143403 0.149877 -1
1 18.557304 10.583313 -7.366846 0.143403 0.149877 -1
1 17.711739 10.583313 -7.366846 0.173379 0.149877 -1
1 17.711739 10.583313 -6.505911 0.173379 0.149877 -1
1 18.368574 14.833313 8.234977 0.127925 0.149877 -1
1 18.368574 14.833313 7.261305 0.127925 0.149877 -1
1 17.429056 14.833313 7.261305 0.157901 0.149877 -1
1 17.429056 14.833313 8.234977 0.157901 0.149877 -1
1 -17.881426 10.583313 -6.465832 0.183264 0.149877 -1
1 -17.881426 10.583313 -7.371164 0.183264 0.149877 -1
1 -18.820944 10.583313 -7.371164 0.212058 0.149877 -1
1 -18.820944 10.583313 -6.465832 0.212058 0.149877 -1
1 -17.872112 14.833332 8.217901 0.197923 0.149877 -1
1 -17.872118 0.000000 8.217912 0.197923 0.462739 -1
1 -17.872118 0.000000 7.278399 0.197923 0.462739 -1
1 -17.872112 14.833332 7.278386 0.197923 0.149877 -1
1 -18.794546 0.000000 7.278399 0.226193 0.462739 -1
1 -18.794552 14.833332 7.278386 0.226193 0.149877 -1
1 -18.794546 0.000000 8.217912 0.226193 0.462739 -1
1 -18.794552 14.833332 8.217901 0.226193 0.149877 -1
1 -18.794552 14.833332 8.217901 0.007591 0.151037 -1
1 -18.794546 0.000000 8.217912 0.007592 0.461581 -1
1 -17.872118 0.000000 8.217912 0.036971 0.461581 -1
1 -17.872112 14.833332 8.217901 0.036971 0.151037 -1
1 18.557304 10.583333 -6.505911 0.143403 0.149877 -1
1 18.557304 0.000000 -6.505902 0.143403 0.462739 -1
1 18.557304 0.000000 -7.366836 0.143403 0.462739 -1
1 18.557304 10.583333 -7.366846 0.143403 0.149877 -1
1 17.711742 0.000000 -7.366836 0.173379 0.462739 -1
1 17.711739 10.583333 -7.366846 0.173379 0.149877 -1
1 17.711742 0.000000 -6.505902 0.173379 0.462739 -1
1 17.711739 10.583333 -6.505911 0.173379 0.149877 -1
1 17.711739 10.583333 -6.505911 0.068097 0.152195 -1
1 17.711742 0.000000 -6.505902 0.068098 0.463898 -1
1 18.557304 0.000000 -6.505902 0.098628 0.463898 -1
1 18.557304 10.583333 -6.505911 0.098628 0.152195 -1
1 18.368574 14.833332 8.234977 0.127925 0.149877 -1
1 18.368568 0.000000 8.234990 0.127925 0.462739 -1
1 18.368568 0.000000 7.261315 0.127925 0.462739 -1
1 18.368574 14.833332 7.261305 0.127925 0.149877 -1
1 17.429056 0.000000 7.261315 0.157901 0.462739 -1
1 17.429056 14.833332 7.261305 0.157901 0.149877 -1
1 17.429056 0.000000 8.234990 0.157901 0.462739 -1
1 17.429056 14.833332 8.234977 0.157901 0.149877 -1
1 17.429056 14.833332 8.234977 0.083863 0.152195 -1
1 17.429056 0.000000 8.234990 0.083863 0.463898 -1
1 18.368568 0.000000 8.234990 0.114393 0.463898 -1
1 18.368574 14.833332 8.234977 0.114394 0.152195 -1
1 -17.881426 10.583333 -6.465832 0.183264 0.149877 -1
1 -17.881432 0.000000 -6.465826 0.183264 0.462739 -1
1 -17.881432 0.000000 -7.371176 0.183264 0.462739 -1
1 -17.881426 10.583333 -7.371164 0.183264 0.149877 -1
1 -18.820944 0.000000 -7.371176 0.212058 0.462739 -1
1 -18.820944 10.583333 -7.371164 0.212058 0.149877 -1
1 -18.820944 0.000000 -6.465826 0.212058 0.462739 -1
1 -18.820944 10.583333 -6.465832 0.212058 0.149877 -1
1 -18.820944 10.583333 -6.465832 0.022281 0.151037 -1
1 -18.820944 0.000000 -6.465826 0.022281 0.461581 -1
1 -17.881432 0.000000 -6.465826 0.052204 0.461581 -1
1 -17.881426 10.583333 -6.465832 0.052204 0.151037 -1
1 -17.872112 14.833313 7.278386 0.036971 0.151037 -1
1 -17.872112 14.833332 7.278386 0.036971 0.151037 -1
1 -18.794552 14.833332 7.278386 0.007591 0.151037 -1
1 -18.794552 14.833313 7.278386 0.007591 0.151037 -1
1 18.557304 10.583313 -7.366846 0.098628 0.152196 -1
1 18.557304 10.583333 -7.366846 0.098628 0.152195 -1
1 17.711739 10.583333 -7.366846 0.068097 0.152195 -1
1 17.711739 10.583313 -7.366846 0.068097 0.152196 -1
1 18.368574 14.833313 7.261305 0.114394 0.152196 -1
1 18.368574 14.833332 7.261305 0.114394 0.152195 -1
1 17.429056 14.833332 7.261305 0.083863 0.152195 -1
1 17.429056 14.833313 7.261305 0.083863 0.152196 -1
1 -17.881426 10.583313 -7.371164 0.052204 0.151037 -1
1 -17.881426 10.583333 -7.371164 0.052204 0.151037 -1
1 -18.820944 10.583333 -7.371164 0.022281 0.151037 -1
1 -18.820944 10.583313 -7.371164 0.022281 0.151037 -1
34
0.000000 1.000000 0.000000
0.447214 -0.000000 -0.894427
1.000000 -0.000000 0.000000
0.894427 -0.000001 -0.447214
-0.447214 -0.000001 -0.894427
-0.707107 -0.000001 -0.707107
-1.000000 -0.000000 0.000000
0.707107 -0.000000 -0.707107
0.000000 0.000001 1.000000
0.447214 0.000000 -0.894427
1.000000 0.000000 0.000000
0.894427 -0.000000 -0.447214
-0.447214 -0.000001 -0.894427
-0.447214 -0.000001 -0.894427
-0.707107 -0.000001 -0.707107
-1.000000 -0.000000 0.000000
0.707107 -0.000000 -0.707107
0.000000 0.000001 1.000000
0.894427 -0.000001 -0.447214
-0.447214 -0.000001 -0.894427
-0.447214 -0.000001 -0.894427
-0.707107 -0.000000 -0.707107
-1.000000 0.000000 0.000000
0.707107 0.000000 -0.707107
0.000000 0.000001 1.000000
0.447214 -0.000000 -0.894427
1.000000 -0.000001 0.000000
0.894427 0.000000 -0.447214
-0.447214 0.000001 -0.894427
-0.447214 0.000001 -0.894427
-0.707107 0.000001 -0.707107
0.000000 0.000001 1.000000
-0.894427 0.000000 -0.447214
0.000000 0.000000 1.000000
72
1 0 1 2 0 0 0 1
1 0 2 3 0 0 0 1
1 4 5 6 0 0 0 1
1 4 6 7 0 0 0 1
1 8 9 10 0 0 0 1
1 8 10 11 0 0 0 1
1 12 13 14 0 0 0 1
1 12 14 15 0 0 0 1
1 16 17 18 1 2 3 2
1 16 18 19 1 3 4 2
1 19 18 20 4 3 4 2
1 19 20 21 4 4 5 2
1 21 20 22 5 4 6 2
1 21 22 23 5 6 7 2
1 24 25 26 8 8 8 2
1 24 26 27 8 8 8 2
1 28 29 30 9 10 11 2
1 28 30 31 9 11 12 2
1 31 30 32 12 11 13 2
1 31 32 33 12 13 14 2
1 33 32 34 14 13 15 2
1 33 34 35 14 15 16 2
1 36 37 38 17 17 17 2
1 36 38 39 17 17 17 2
1 40 41 42 1 2 18 2
1 40 42 43 1 18 19 2
1 43 42 44 19 18 20 2
1 43 44 45 19 20 21 2
1 45 44 46 21 20 22 2
1 45 46 47 21 22 23 2
1 48 49 50 24 24 24 2
1 48 50 51 24 24 24 2
1 52 53 54 25 26 27 2
1 52 54 55 25 27 28 2
1 55 54 56 28 27 29 2
1 55 56 57 28 29 30 2
1 57 56 58 30 29 22 2
1 57 58 59 30 22 23 2
1 60 61 62 31 31 31 2
1 60 62 63 31 31 31 2
1 0 16 19 32 1 4 2
1 0 19 1 32 4 22 2
1 64 65 66 33 33 33 2
1 64 66 67 33 33 33 2
1 2 21 23 10 5 7 2
1 2 23 3 10 7 9 2
1 3 23 16 9 7 1 2
1 3 16 0 9 1 32 2
1 4 28 31 32 9 12 2
1 4 31 5 32 12 22 2
1 68 69 70 33 33 33 2
1 68 70 71 33 33 33 2
1 6 33 35 10 14 16 2
1 6 35 7 10 16 9 2
1 7 35 28 9 16 9 2
1 7 28 4 9 9 32 2
1 8 40 43 32 1 19 2
1 8 43 9 32 19 22 2
1 72 73 74 33 33 33 2
1 72 74 75 33 33 33 2
1 10 45 47 10 21 23 2
1 10 47 11 10 23 9 2
1 11 47 40 9 23 1 2
1 11 40 8 9 1 32 2
1 12 52 55 32 25 28 2
1 12 55 13 32 28 22 2
1 76 77 78 33 33 33 2
1 76 78 79 33 33 33 2
1 14 57 59 10 30 23 2
1 14 59 15 10 23 9 2
1 15 59 52 9 23 25 2
1 15 52 12 9 25 32 2

Materials: 2
"Material01"
0.200000 0.200000 0.200000 1.000000
0.800000 0.800000 0.800000 1.000000
0.000000 0.000000 0.000000 1.000000
0.000000 0.000000 0.000000 1.000000
0.000000
1.000000
"..\Image\House1.tga"
""
"Cover"
0.200000 0.200000 0.200000 1.000000
0.800000 0.800000 0.800000 1.000000
0.000000 0.000000 0.000000 1.000000
0.000000 0.000000 0.000000 1.000000
0.000000
1.000000
"..\Image\Cover.tga"
""

Bones: 0
GroupComments: 0
MaterialComments: 0
BoneComments: 0
ModelComment: 0
