// MilkShape 3D ASCII

Frames: 30
Frame: 1

Meshes: 1
"Regroup01" 0 0
111
0 -10.853887 12.737161 -5.805420 0.183264 0.149877 -1
0 -10.853887 12.737161 -7.698242 0.183264 0.149877 -1
0 -15.000000 12.737161 -7.698242 0.212058 0.149877 -1
0 -15.000000 12.737161 -5.805420 0.212058 0.149877 -1
0 -10.853887 12.737180 -5.805420 0.183264 0.149877 -1
0 -10.853896 0.000000 -5.805407 0.183264 0.462739 -1
0 -10.853896 0.000000 -7.698265 0.183264 0.462739 -1
0 -10.853887 12.737180 -7.698242 0.183264 0.149877 -1
0 -15.000000 0.000000 -7.698265 0.212058 0.462739 -1
0 -15.000000 12.737180 -7.698242 0.212058 0.149877 -1
0 -15.000000 0.000000 -5.805407 0.212058 0.462739 -1
0 -15.000000 12.737180 -5.805420 0.212058 0.149877 -1
0 -15.000000 12.737180 -5.805420 0.022281 0.151037 -1
0 -15.000000 0.000000 -5.805407 0.022281 0.461581 -1
0 -10.853896 0.000000 -5.805407 0.052204 0.461581 -1
0 -10.853887 12.737180 -5.805420 0.052204 0.151037 -1
0 -10.853887 12.737161 -7.698242 0.052204 0.151037 -1
0 -10.853887 12.737180 -7.698242 0.052204 0.151037 -1
0 -15.000000 12.737180 -7.698242 0.022281 0.151037 -1
0 -15.000000 12.737161 -7.698242 0.022281 0.151037 -1
0 2.055200 4.282031 -5.805420 0.183264 0.149877 -1
0 2.055200 4.282031 -7.698242 0.183264 0.149877 -1
0 -2.090912 4.282031 -7.698242 0.212058 0.149877 -1
0 -2.090912 4.282031 -5.805420 0.212058 0.149877 -1
0 2.055200 4.282051 -5.805420 0.183264 0.149877 -1
0 2.055191 0.000000 -5.805407 0.183264 0.462739 -1
0 2.055191 0.000000 -7.698265 0.183264 0.462739 -1
0 2.055200 4.282051 -7.698242 0.183264 0.149877 -1
0 -2.090912 0.000000 -7.698265 0.212058 0.462739 -1
0 -2.090912 4.282051 -7.698242 0.212058 0.149877 -1
0 -2.090912 0.000000 -5.805407 0.212058 0.462739 -1
0 -2.090912 4.282051 -5.805420 0.212058 0.149877 -1
0 -2.090912 4.282051 -5.805420 0.022281 0.151037 -1
0 -2.090912 0.000000 -5.805407 0.022281 0.461581 -1
0 2.055191 0.000000 -5.805407 0.052204 0.461581 -1
0 2.055200 4.282051 -5.805420 0.052204 0.151037 -1
0 2.055200 4.282031 -7.698242 0.052204 0.151037 -1
0 2.055200 4.282051 -7.698242 0.052204 0.151037 -1
0 -2.090912 4.282051 -7.698242 0.022281 0.151037 -1
0 -2.090912 4.282031 -7.698242 0.022281 0.151037 -1
0 15.055201 12.737161 -5.805420 0.183264 0.149877 -1
0 15.055201 12.737161 -7.698242 0.183264 0.149877 -1
0 10.909088 12.737161 -7.698242 0.212058 0.149877 -1
0 10.909088 12.737161 -5.805420 0.212058 0.149877 -1
0 15.055201 12.737180 -5.805420 0.183264 0.149877 -1
0 15.055191 0.000000 -5.805407 0.183264 0.462739 -1
0 15.055191 0.000000 -7.698265 0.183264 0.462739 -1
0 15.055201 12.737180 -7.698242 0.183264 0.149877 -1
0 10.909088 0.000000 -7.698265 0.212058 0.462739 -1
0 10.909088 12.737180 -7.698242 0.212058 0.149877 -1
0 10.909088 0.000000 -5.805407 0.212058 0.462739 -1
0 10.909088 12.737180 -5.805420 0.212058 0.149877 -1
0 10.909088 12.737180 -5.805420 0.022281 0.151037 -1
0 10.909088 0.000000 -5.805407 0.022281 0.461581 -1
0 15.055191 0.000000 -5.805407 0.052204 0.461581 -1
0 15.055201 12.737180 -5.805420 0.052204 0.151037 -1
0 15.055201 12.737161 -7.698242 0.052204 0.151037 -1
0 15.055201 12.737180 -7.698242 0.052204 0.151037 -1
0 10.909088 12.737180 -7.698242 0.022281 0.151037 -1
0 10.909088 12.737161 -7.698242 0.022281 0.151037 -1
0 -15.083333 3.877061 -1.939104 0.007096 0.150836 -1
0 -15.083333 -0.026785 -1.939104 0.007096 0.460222 -1
0 15.000000 3.877061 -1.939104 0.332854 0.150836 -1
0 15.000000 -0.026785 -1.939104 0.332854 0.460222 -1
0 15.000000 3.877061 -1.939104 0.006687 0.151910 -1
0 15.000000 -0.026785 -1.939104 0.006687 0.457820 -1
0 13.950001 3.877061 -5.541666 0.331603 0.151910 -1
0 13.950001 -0.026785 -5.541666 0.331603 0.457820 -1
0 13.950001 3.877061 -5.541666 0.007062 0.153067 -1
0 13.950001 -0.026785 -5.541666 0.007062 0.460136 -1
0 -14.083333 3.877061 -5.541666 0.331978 0.153067 -1
0 -14.083333 -0.026785 -5.541666 0.331978 0.460136 -1
0 -14.083333 3.877061 -5.541666 0.004153 0.149674 -1
0 -14.083333 -0.026785 -5.541666 0.004153 0.461378 -1
0 -15.083333 3.877061 -1.939104 0.332435 0.149674 -1
0 -15.083333 -0.026785 -1.939104 0.332435 0.461378 -1
0 -14.083333 3.877061 -5.541666 0.016903 0.153155 -1
0 -15.083333 3.877061 -1.939104 0.006047 0.461382 -1
0 13.950001 3.877061 -5.541666 0.321247 0.153155 -1
0 15.000000 3.877061 -1.939104 0.332646 0.461382 -1
0 -15.083333 -0.026785 -1.939104 0.006892 0.153067 -1
0 -14.083333 -0.026785 -5.541666 0.017693 0.460136 -1
0 15.000000 -0.026785 -1.939104 0.331808 0.153067 -1
0 13.950001 -0.026785 -5.541666 0.320468 0.460136 -1
0 -15.083333 12.646303 -1.939104 0.007096 0.150836 -1
0 -15.083333 8.742451 -1.939104 0.007096 0.460222 -1
0 15.000000 12.646303 -1.939104 0.332854 0.150836 -1
0 15.000000 8.742451 -1.939104 0.332854 0.460222 -1
0 15.000000 12.646303 -1.939104 0.006687 0.151910 -1
0 15.000000 8.742451 -1.939104 0.006687 0.457820 -1
0 13.950001 12.646303 -5.541666 0.331603 0.151910 -1
0 13.950001 8.742451 -5.541666 0.331603 0.457820 -1
0 13.950001 12.646303 -5.541666 0.007062 0.153067 -1
0 13.950001 8.742451 -5.541666 0.007062 0.460136 -1
0 -14.083333 12.646303 -5.541666 0.331978 0.153067 -1
0 -14.083333 8.742451 -5.541666 0.331978 0.460136 -1
0 -14.083333 12.646303 -5.541666 0.004153 0.149674 -1
0 -14.083333 8.742451 -5.541666 0.004153 0.461378 -1
0 -15.083333 12.646303 -1.939104 0.332435 0.149674 -1
0 -15.083333 8.742451 -1.939104 0.332435 0.461378 -1
0 -14.083333 12.646303 -5.541666 0.016903 0.153155 -1
0 -15.083333 12.646303 -1.939104 0.006047 0.461382 -1
0 13.950001 12.646303 -5.541666 0.321247 0.153155 -1
0 15.000000 12.646303 -1.939104 0.332646 0.461382 -1
0 -15.083333 8.742451 -1.939104 0.006892 0.153067 -1
0 -14.083333 8.742451 -5.541666 0.017693 0.460136 -1
0 15.000000 8.742451 -1.939104 0.331808 0.153067 -1
0 13.950001 8.742451 -5.541666 0.320468 0.460136 -1
1 -0.000000 0.011447 -13.128779 0.000000 0.000000 -1
1 -0.000000 -0.019803 -12.160029 0.000000 0.000000 -1
1 1.062857 0.000000 -13.126376 0.000000 0.000000 -1
30
0.000000 1.000000 0.000000
0.447214 -0.000001 -0.894427
1.000000 -0.000001 0.000000
0.894427 0.000000 -0.447214
-0.447214 0.000001 -0.894427
-0.447214 0.000002 -0.894427
-0.707107 0.000001 -0.707107
-1.000000 0.000000 0.000000
0.707107 0.000000 -0.707107
0.000000 0.000001 1.000000
0.000000 0.000001 1.000000
-0.894427 0.000000 -0.447214
0.000000 0.000000 1.000000
1.000000 0.000000 0.000000
0.447214 0.000000 -0.894427
0.447214 -0.000002 -0.894427
1.000000 -0.000002 0.000000
0.894427 0.000000 -0.447214
-0.447214 0.000004 -0.894427
-0.447214 0.000005 -0.894427
-0.707107 0.000004 -0.707107
0.000000 0.000003 1.000000
0.000000 0.000003 1.000000
0.960054 0.000000 -0.279816
0.000000 0.000000 -1.000000
-0.963567 0.000000 -0.267467
0.000000 -1.000000 0.000000
0.960054 0.000000 -0.279816
-0.963567 0.000000 -0.267467
0.010691 0.999423 0.032239
79
0 0 1 2 0 0 0 1
0 0 2 3 0 0 0 1
0 4 5 6 1 2 3 2
0 4 6 7 1 3 4 2
0 7 6 8 4 3 5 2
0 7 8 9 4 5 6 2
0 9 8 10 6 5 7 2
0 9 10 11 6 7 8 2
0 12 13 14 9 9 9 2
0 12 14 15 9 9 10 2
0 0 4 7 11 1 4 2
0 0 7 1 11 4 7 2
0 16 17 18 12 12 12 2
0 16 18 19 12 12 12 2
0 2 9 11 13 6 8 2
0 2 11 3 13 8 14 2
0 3 11 4 14 8 1 2
0 3 4 0 14 1 11 2
0 20 21 22 0 0 0 1
0 20 22 23 0 0 0 1
0 24 25 26 15 16 17 2
0 24 26 27 15 17 18 2
0 27 26 28 18 17 19 2
0 27 28 29 18 19 20 2
0 29 28 30 20 19 7 2
0 29 30 31 20 7 8 2
0 32 33 34 21 21 21 2
0 32 34 35 21 21 22 2
0 20 24 27 11 15 18 2
0 20 27 21 11 18 7 2
0 36 37 38 12 12 12 2
0 36 38 39 12 12 12 2
0 22 29 31 13 20 8 2
0 22 31 23 13 8 14 2
0 23 31 24 14 8 15 2
0 23 24 20 14 15 11 2
0 40 41 42 0 0 0 1
0 40 42 43 0 0 0 1
0 44 45 46 1 2 3 2
0 44 46 47 1 3 4 2
0 47 46 48 4 3 5 2
0 47 48 49 4 5 6 2
0 49 48 50 6 5 7 2
0 49 50 51 6 7 8 2
0 52 53 54 9 9 9 2
0 52 54 55 9 9 9 2
0 40 44 47 11 1 4 2
0 40 47 41 11 4 7 2
0 56 57 58 12 12 12 2
0 56 58 59 12 12 12 2
0 42 49 51 13 6 8 2
0 42 51 43 13 8 14 2
0 43 51 44 14 8 1 2
0 43 44 40 14 1 11 2
0 60 61 62 12 12 12 1
0 61 63 62 12 12 12 1
0 64 65 66 23 23 23 2
0 65 67 66 23 23 23 2
0 68 69 70 24 24 24 1
0 69 71 70 24 24 24 1
0 72 73 74 25 25 25 2
0 73 75 74 25 25 25 2
0 76 77 78 0 0 0 3
0 77 79 78 0 0 0 3
0 80 81 82 26 26 26 3
0 81 83 82 26 26 26 3
0 84 85 86 12 12 12 1
0 85 87 86 12 12 12 1
0 88 89 90 27 27 27 2
0 89 91 90 27 27 27 2
0 92 93 94 24 24 24 1
0 93 95 94 24 24 24 1
0 96 97 98 28 28 28 2
0 97 99 98 28 28 28 2
0 100 101 102 0 0 0 3
0 101 103 102 0 0 0 3
0 104 105 106 26 26 26 3
0 105 107 106 26 26 26 3
0 108 109 110 29 29 29 1

Materials: 1
"Material01"
0.200000 0.200000 0.200000 1.000000
0.800000 0.800000 0.800000 1.000000
0.000000 0.000000 0.000000 1.000000
0.000000 0.000000 0.000000 1.000000
0.000000
1.000000
"..\Image\House1.tga"
""

Bones: 0
GroupComments: 0
MaterialComments: 0
BoneComments: 0
ModelComment: 0
