// MilkShape 3D ASCII

Frames: 30
Frame: 1

Meshes: 1
"Plane01" 1 0
4
1 25.444443 1.222222 3.775931 0.000000 0.000000 -1
1 15.999998 1.222222 -2.668513 0.000000 1.000000 -1
1 -14.333336 1.222222 -2.668513 1.000000 1.000000 -1
1 -4.888889 1.222222 3.775931 1.000000 0.000000 -1
1
0.000000 1.000000 0.000000
2
1 0 1 2 0 0 0 1
1 0 2 3 0 0 0 1

Materials: 1
"Material01"
0.200000 0.200000 0.200000 1.000000
0.800000 0.800000 0.800000 1.000000
0.000000 0.000000 0.000000 1.000000
0.000000 0.000000 0.000000 1.000000
0.000000
1.000000
"..\Image\shadow.png"
""

Bones: 0
GroupComments: 0
MaterialComments: 0
BoneComments: 0
ModelComment: 0
