// MilkShape 3D ASCII

Frames: 30
Frame: 1

Meshes: 1
"Stick" 0 0
40
0 18.557304 10.583313 -6.505911 0.143403 0.149877 -1
0 18.557304 10.583313 -7.366846 0.143403 0.149877 -1
0 17.711739 10.583313 -7.366846 0.173379 0.149877 -1
0 17.711739 10.583313 -6.505911 0.173379 0.149877 -1
0 18.368574 14.833313 8.234977 0.127925 0.149877 -1
0 18.368574 14.833313 7.261305 0.127925 0.149877 -1
0 17.429056 14.833313 7.261305 0.157901 0.149877 -1
0 17.429056 14.833313 8.234977 0.157901 0.149877 -1
0 18.557304 10.583333 -6.505911 0.143403 0.149877 -1
0 18.557304 0.000000 -6.505902 0.143403 0.462739 -1
0 18.557304 0.000000 -7.366836 0.143403 0.462739 -1
0 18.557304 10.583333 -7.366846 0.143403 0.149877 -1
0 17.711742 0.000000 -7.366836 0.173379 0.462739 -1
0 17.711739 10.583333 -7.366846 0.173379 0.149877 -1
0 17.711742 0.000000 -6.505902 0.173379 0.462739 -1
0 17.711739 10.583333 -6.505911 0.173379 0.149877 -1
0 17.711739 10.583333 -6.505911 0.068097 0.152195 -1
0 17.711742 0.000000 -6.505902 0.068098 0.463898 -1
0 18.557304 0.000000 -6.505902 0.098628 0.463898 -1
0 18.557304 10.583333 -6.505911 0.098628 0.152195 -1
0 18.368574 14.833332 8.234977 0.127925 0.149877 -1
0 18.368568 0.000000 8.234990 0.127925 0.462739 -1
0 18.368568 0.000000 7.261315 0.127925 0.462739 -1
0 18.368574 14.833332 7.261305 0.127925 0.149877 -1
0 17.429056 0.000000 7.261315 0.157901 0.462739 -1
0 17.429056 14.833332 7.261305 0.157901 0.149877 -1
0 17.429056 0.000000 8.234990 0.157901 0.462739 -1
0 17.429056 14.833332 8.234977 0.157901 0.149877 -1
0 17.429056 14.833332 8.234977 0.083863 0.152195 -1
0 17.429056 0.000000 8.234990 0.083863 0.463898 -1
0 18.368568 0.000000 8.234990 0.114393 0.463898 -1
0 18.368574 14.833332 8.234977 0.114394 0.152195 -1
0 18.557304 10.583313 -7.366846 0.098628 0.152196 -1
0 18.557304 10.583333 -7.366846 0.098628 0.152195 -1
0 17.711739 10.583333 -7.366846 0.068097 0.152195 -1
0 17.711739 10.583313 -7.366846 0.068097 0.152196 -1
0 18.368574 14.833313 7.261305 0.114394 0.152196 -1
0 18.368574 14.833332 7.261305 0.114394 0.152195 -1
0 17.429056 14.833332 7.261305 0.083863 0.152195 -1
0 17.429056 14.833313 7.261305 0.083863 0.152196 -1
21
0.000000 1.000000 0.000000
0.447214 0.000000 -0.894427
1.000000 0.000000 0.000000
0.894427 -0.000000 -0.447214
-0.447214 -0.000001 -0.894427
-0.447214 -0.000001 -0.894427
-0.707107 -0.000001 -0.707107
-1.000000 -0.000000 0.000000
0.707107 -0.000000 -0.707107
0.000000 0.000001 1.000000
0.447214 -0.000000 -0.894427
1.000000 -0.000000 0.000000
0.894427 -0.000001 -0.447214
-0.447214 -0.000001 -0.894427
-0.447214 -0.000001 -0.894427
-0.707107 -0.000000 -0.707107
-1.000000 0.000000 0.000000
0.707107 0.000000 -0.707107
0.000000 0.000001 1.000000
-0.894427 0.000000 -0.447214
0.000000 0.000000 1.000000
36
0 0 1 2 0 0 0 1
0 0 2 3 0 0 0 1
0 4 5 6 0 0 0 1
0 4 6 7 0 0 0 1
0 8 9 10 1 2 3 2
0 8 10 11 1 3 4 2
0 11 10 12 4 3 5 2
0 11 12 13 4 5 6 2
0 13 12 14 6 5 7 2
0 13 14 15 6 7 8 2
0 16 17 18 9 9 9 2
0 16 18 19 9 9 9 2
0 20 21 22 10 11 12 2
0 20 22 23 10 12 13 2
0 23 22 24 13 12 14 2
0 23 24 25 13 14 15 2
0 25 24 26 15 14 16 2
0 25 26 27 15 16 17 2
0 28 29 30 18 18 18 2
0 28 30 31 18 18 18 2
0 0 8 11 19 1 4 2
0 0 11 1 19 4 16 2
0 32 33 34 20 20 20 2
0 32 34 35 20 20 20 2
0 2 13 15 2 6 8 2
0 2 15 3 2 8 1 2
0 3 15 8 1 8 1 2
0 3 8 0 1 1 19 2
0 4 20 23 19 10 13 2
0 4 23 5 19 13 16 2
0 36 37 38 20 20 20 2
0 36 38 39 20 20 20 2
0 6 25 27 2 15 17 2
0 6 27 7 2 17 1 2
0 7 27 20 1 17 10 2
0 7 20 4 1 10 19 2

Materials: 1
"Material01"
0.200000 0.200000 0.200000 1.000000
0.800000 0.800000 0.800000 1.000000
0.000000 0.000000 0.000000 1.000000
0.000000 0.000000 0.000000 1.000000
0.000000
1.000000
"..\Image\House1.tga"
""

Bones: 0
GroupComments: 0
MaterialComments: 0
BoneComments: 0
ModelComment: 0
