// MilkShape 3D ASCII

Frames: 30
Frame: 1

Meshes: 1
"Planal" 0 0
4
0 19.083334 15.750000 8.748154 0.000000 0.000000 -1
0 19.083334 10.833334 -7.835178 0.000000 1.000000 -1
0 -19.416668 10.833334 -7.835178 1.000000 1.000000 -1
0 -19.416668 15.750000 8.748154 1.000000 0.000000 -1
1
0.000000 0.958749 -0.284252
2
0 0 1 2 0 0 0 1
0 0 2 3 0 0 0 1

Materials: 1
"Cover"
0.200000 0.200000 0.200000 1.000000
0.800000 0.800000 0.800000 1.000000
0.000000 0.000000 0.000000 1.000000
0.000000 0.000000 0.000000 1.000000
0.000000
1.000000
"..\Image\Cover.tga"
""

Bones: 0
GroupComments: 0
MaterialComments: 0
BoneComments: 0
ModelComment: 0
