// MilkShape 3D ASCII

Frames: 30
Frame: 1

Meshes: 2
"Box02" 0 0
24
0 -15.083333 10.056548 -2.708335 0.007096 0.150836 -1
0 -15.083333 -0.026785 -2.708335 0.007096 0.460222 -1
0 15.000000 10.056548 -2.708335 0.332854 0.150836 -1
0 15.000000 -0.026785 -2.708335 0.332854 0.460222 -1
0 15.000000 10.056548 -2.708335 0.006687 0.151910 -1
0 15.000000 -0.026785 -2.708335 0.006687 0.457820 -1
0 13.950001 10.056548 -16.041666 0.331603 0.151910 -1
0 13.950001 -0.026785 -16.041666 0.331603 0.457820 -1
0 13.950001 10.056548 -16.041666 0.007062 0.153067 -1
0 13.950001 -0.026785 -16.041666 0.007062 0.460136 -1
0 -14.083333 10.056548 -16.041666 0.331978 0.153067 -1
0 -14.083333 -0.026785 -16.041666 0.331978 0.460136 -1
0 -14.083333 10.056548 -16.041666 0.004153 0.149674 -1
0 -14.083333 -0.026785 -16.041666 0.004153 0.461378 -1
0 -15.083333 10.056548 -2.708335 0.332435 0.149674 -1
0 -15.083333 -0.026785 -2.708335 0.332435 0.461378 -1
0 -14.083333 10.056548 -16.041666 0.016903 0.153155 -1
0 -15.083333 10.056548 -2.708335 0.006047 0.461382 -1
0 13.950001 10.056548 -16.041666 0.321247 0.153155 -1
0 15.000000 10.056548 -2.708335 0.332646 0.461382 -1
0 -15.083333 -0.026785 -2.708335 0.006892 0.153067 -1
0 -14.083333 -0.026785 -16.041666 0.017693 0.460136 -1
0 15.000000 -0.026785 -2.708335 0.331808 0.153067 -1
0 13.950001 -0.026785 -16.041666 0.320468 0.460136 -1
6
0.000000 0.000000 1.000000
0.996914 0.000000 -0.078507
0.000000 0.000000 -1.000000
-0.997199 0.000000 -0.074790
0.000000 1.000000 0.000000
0.000000 -1.000000 0.000000
12
1 0 1 2 0 0 0 1
1 1 3 2 0 0 0 1
1 4 5 6 1 1 1 2
1 5 7 6 1 1 1 2
1 8 9 10 2 2 2 1
1 9 11 10 2 2 2 1
1 12 13 14 3 3 3 2
1 13 15 14 3 3 3 2
1 16 17 18 4 4 4 3
1 17 19 18 4 4 4 3
1 20 21 22 5 5 5 3
1 21 23 22 5 5 5 3
"Regroup01" 0 0
80
0 -14.035706 10.583313 -1.019714 0.197923 0.149877 -1
0 -14.035706 10.583313 -2.984009 0.197923 0.149877 -1
0 -15.964294 10.583313 -2.984009 0.226193 0.149877 -1
0 -15.964294 10.583313 -1.019714 0.226193 0.149877 -1
0 14.950001 10.583313 -15.019714 0.143403 0.149877 -1
0 14.950001 10.583313 -17.019714 0.143403 0.149877 -1
0 12.985706 10.583313 -17.019714 0.173379 0.149877 -1
0 12.985706 10.583313 -15.019714 0.173379 0.149877 -1
0 15.964294 10.583313 -0.984009 0.127925 0.149877 -1
0 15.964294 10.583313 -3.019714 0.127925 0.149877 -1
0 14.000000 10.583313 -3.019714 0.157901 0.149877 -1
0 14.000000 10.583313 -0.984009 0.157901 0.149877 -1
0 -13.035706 10.583313 -15.055420 0.183264 0.149877 -1
0 -13.035706 10.583313 -16.948242 0.183264 0.149877 -1
0 -15.000000 10.583313 -16.948242 0.212058 0.149877 -1
0 -15.000000 10.583313 -15.055420 0.212058 0.149877 -1
0 -14.035706 10.583333 -1.019714 0.197923 0.149877 -1
0 -14.035714 0.000000 -1.019692 0.197923 0.462739 -1
0 -14.035714 0.000000 -2.983979 0.197923 0.462739 -1
0 -14.035706 10.583333 -2.984009 0.197923 0.149877 -1
0 -15.964286 0.000000 -2.983979 0.226193 0.462739 -1
0 -15.964294 10.583333 -2.984009 0.226193 0.149877 -1
0 -15.964286 0.000000 -1.019692 0.226193 0.462739 -1
0 -15.964294 10.583333 -1.019714 0.226193 0.149877 -1
0 -15.964294 10.583333 -1.019714 0.007591 0.151037 -1
0 -15.964286 0.000000 -1.019692 0.007592 0.461581 -1
0 -14.035714 0.000000 -1.019692 0.036971 0.461581 -1
0 -14.035706 10.583333 -1.019714 0.036971 0.151037 -1
0 14.950001 10.583333 -15.019714 0.143403 0.149877 -1
0 14.950001 0.000000 -15.019693 0.143403 0.462739 -1
0 14.950001 0.000000 -17.019693 0.143403 0.462739 -1
0 14.950001 10.583333 -17.019714 0.143403 0.149877 -1
0 12.985715 0.000000 -17.019693 0.173379 0.462739 -1
0 12.985706 10.583333 -17.019714 0.173379 0.149877 -1
0 12.985715 0.000000 -15.019693 0.173379 0.462739 -1
0 12.985706 10.583333 -15.019714 0.173379 0.149877 -1
0 12.985706 10.583333 -15.019714 0.068097 0.152195 -1
0 12.985715 0.000000 -15.019693 0.068098 0.463898 -1
0 14.950001 0.000000 -15.019693 0.098628 0.463898 -1
0 14.950001 10.583333 -15.019714 0.098628 0.152195 -1
0 15.964294 10.583333 -0.984009 0.127925 0.149877 -1
0 15.964286 0.000000 -0.983978 0.127925 0.462739 -1
0 15.964286 0.000000 -3.019693 0.127925 0.462739 -1
0 15.964294 10.583333 -3.019714 0.127925 0.149877 -1
0 14.000000 0.000000 -3.019693 0.157901 0.462739 -1
0 14.000000 10.583333 -3.019714 0.157901 0.149877 -1
0 14.000000 0.000000 -0.983978 0.157901 0.462739 -1
0 14.000000 10.583333 -0.984009 0.157901 0.149877 -1
0 14.000000 10.583333 -0.984009 0.083863 0.152195 -1
0 14.000000 0.000000 -0.983978 0.083863 0.463898 -1
0 15.964286 0.000000 -0.983978 0.114393 0.463898 -1
0 15.964294 10.583333 -0.984009 0.114394 0.152195 -1
0 -13.035706 10.583333 -15.055420 0.183264 0.149877 -1
0 -13.035714 0.000000 -15.055407 0.183264 0.462739 -1
0 -13.035714 0.000000 -16.948265 0.183264 0.462739 -1
0 -13.035706 10.583333 -16.948242 0.183264 0.149877 -1
0 -15.000000 0.000000 -16.948265 0.212058 0.462739 -1
0 -15.000000 10.583333 -16.948242 0.212058 0.149877 -1
0 -15.000000 0.000000 -15.055407 0.212058 0.462739 -1
0 -15.000000 10.583333 -15.055420 0.212058 0.149877 -1
0 -15.000000 10.583333 -15.055420 0.022281 0.151037 -1
0 -15.000000 0.000000 -15.055407 0.022281 0.461581 -1
0 -13.035714 0.000000 -15.055407 0.052204 0.461581 -1
0 -13.035706 10.583333 -15.055420 0.052204 0.151037 -1
0 -14.035706 10.583313 -2.984009 0.036971 0.151037 -1
0 -14.035706 10.583333 -2.984009 0.036971 0.151037 -1
0 -15.964294 10.583333 -2.984009 0.007591 0.151037 -1
0 -15.964294 10.583313 -2.984009 0.007591 0.151037 -1
0 14.950001 10.583313 -17.019714 0.098628 0.152196 -1
0 14.950001 10.583333 -17.019714 0.098628 0.152195 -1
0 12.985706 10.583333 -17.019714 0.068097 0.152195 -1
0 12.985706 10.583313 -17.019714 0.068097 0.152196 -1
0 15.964294 10.583313 -3.019714 0.114394 0.152196 -1
0 15.964294 10.583333 -3.019714 0.114394 0.152195 -1
0 14.000000 10.583333 -3.019714 0.083863 0.152195 -1
0 14.000000 10.583313 -3.019714 0.083863 0.152196 -1
0 -13.035706 10.583313 -16.948242 0.052204 0.151037 -1
0 -13.035706 10.583333 -16.948242 0.052204 0.151037 -1
0 -15.000000 10.583333 -16.948242 0.022281 0.151037 -1
0 -15.000000 10.583313 -16.948242 0.022281 0.151037 -1
33
0.000000 1.000000 0.000000
0.447214 -0.000001 -0.894427
1.000000 -0.000001 0.000000
0.894427 -0.000002 -0.447214
-0.447214 -0.000003 -0.894427
-0.707107 -0.000003 -0.707107
-1.000000 -0.000001 0.000000
0.707107 -0.000001 -0.707107
0.000000 0.000002 1.000000
0.000000 0.000002 1.000000
0.447214 0.000000 -0.894427
1.000000 0.000000 0.000000
0.894427 -0.000001 -0.447214
-0.447214 -0.000002 -0.894427
-0.447214 -0.000002 -0.894427
-0.707107 -0.000003 -0.707107
-1.000000 -0.000001 0.000000
0.000000 0.000002 1.000000
0.894427 -0.000002 -0.447214
-0.447214 -0.000002 -0.894427
-0.447214 -0.000002 -0.894427
-0.707107 -0.000001 -0.707107
-1.000000 0.000000 0.000000
0.707107 0.000000 -0.707107
0.000000 0.000003 1.000000
0.000000 0.000003 1.000000
0.894427 0.000000 -0.447214
-0.447214 0.000002 -0.894427
-0.447214 0.000002 -0.894427
-0.707107 0.000002 -0.707107
0.000000 0.000001 1.000000
-0.894427 0.000000 -0.447214
0.000000 0.000000 1.000000
72
1 0 1 2 0 0 0 1
1 0 2 3 0 0 0 1
1 4 5 6 0 0 0 1
1 4 6 7 0 0 0 1
1 8 9 10 0 0 0 1
1 8 10 11 0 0 0 1
1 12 13 14 0 0 0 1
1 12 14 15 0 0 0 1
1 16 17 18 1 2 3 2
1 16 18 19 1 3 4 2
1 19 18 20 4 3 4 2
1 19 20 21 4 4 5 2
1 21 20 22 5 4 6 2
1 21 22 23 5 6 7 2
1 24 25 26 8 8 8 2
1 24 26 27 8 8 9 2
1 28 29 30 10 11 12 2
1 28 30 31 10 12 13 2
1 31 30 32 13 12 14 2
1 31 32 33 13 14 15 2
1 33 32 34 15 14 16 2
1 33 34 35 15 16 7 2
1 36 37 38 17 17 17 2
1 36 38 39 17 17 17 2
1 40 41 42 1 2 18 2
1 40 42 43 1 18 19 2
1 43 42 44 19 18 20 2
1 43 44 45 19 20 21 2
1 45 44 46 21 20 22 2
1 45 46 47 21 22 23 2
1 48 49 50 24 25 24 2
1 48 50 51 24 24 24 2
1 52 53 54 1 2 26 2
1 52 54 55 1 26 27 2
1 55 54 56 27 26 28 2
1 55 56 57 27 28 29 2
1 57 56 58 29 28 22 2
1 57 58 59 29 22 23 2
1 60 61 62 30 30 30 2
1 60 62 63 30 30 30 2
1 0 16 19 31 1 4 2
1 0 19 1 31 4 22 2
1 64 65 66 32 32 32 2
1 64 66 67 32 32 32 2
1 2 21 23 11 5 7 2
1 2 23 3 11 7 10 2
1 3 23 16 10 7 1 2
1 3 16 0 10 1 31 2
1 4 28 31 31 10 13 2
1 4 31 5 31 13 22 2
1 68 69 70 32 32 32 2
1 68 70 71 32 32 32 2
1 6 33 35 11 15 7 2
1 6 35 7 11 7 10 2
1 7 35 28 10 7 10 2
1 7 28 4 10 10 31 2
1 8 40 43 31 1 19 2
1 8 43 9 31 19 22 2
1 72 73 74 32 32 32 2
1 72 74 75 32 32 32 2
1 10 45 47 11 21 23 2
1 10 47 11 11 23 10 2
1 11 47 40 10 23 1 2
1 11 40 8 10 1 31 2
1 12 52 55 31 1 27 2
1 12 55 13 31 27 22 2
1 76 77 78 32 32 32 2
1 76 78 79 32 32 32 2
1 14 57 59 11 29 23 2
1 14 59 15 11 23 10 2
1 15 59 52 10 23 1 2
1 15 52 12 10 1 31 2

Materials: 1
"Material01"
0.200000 0.200000 0.200000 1.000000
0.800000 0.800000 0.800000 1.000000
0.000000 0.000000 0.000000 1.000000
0.000000 0.000000 0.000000 1.000000
0.000000
1.000000
"..\Image\House1.tga"
""

Bones: 0
GroupComments: 0
MaterialComments: 0
BoneComments: 0
ModelComment: 0
