// MilkShape 3D ASCII

Frames: 30
Frame: 1

Meshes: 1
"Stick" 0 0
40
0 -17.872112 14.833313 8.217901 0.197923 0.149877 -1
0 -17.872112 14.833313 7.278386 0.197923 0.149877 -1
0 -18.794552 14.833313 7.278386 0.226193 0.149877 -1
0 -18.794552 14.833313 8.217901 0.226193 0.149877 -1
0 -17.881426 10.583313 -6.465832 0.183264 0.149877 -1
0 -17.881426 10.583313 -7.371164 0.183264 0.149877 -1
0 -18.820944 10.583313 -7.371164 0.212058 0.149877 -1
0 -18.820944 10.583313 -6.465832 0.212058 0.149877 -1
0 -17.872112 14.833332 8.217901 0.197923 0.149877 -1
0 -17.872118 0.000000 8.217912 0.197923 0.462739 -1
0 -17.872118 0.000000 7.278399 0.197923 0.462739 -1
0 -17.872112 14.833332 7.278386 0.197923 0.149877 -1
0 -18.794546 0.000000 7.278399 0.226193 0.462739 -1
0 -18.794552 14.833332 7.278386 0.226193 0.149877 -1
0 -18.794546 0.000000 8.217912 0.226193 0.462739 -1
0 -18.794552 14.833332 8.217901 0.226193 0.149877 -1
0 -18.794552 14.833332 8.217901 0.007591 0.151037 -1
0 -18.794546 0.000000 8.217912 0.007592 0.461581 -1
0 -17.872118 0.000000 8.217912 0.036971 0.461581 -1
0 -17.872112 14.833332 8.217901 0.036971 0.151037 -1
0 -17.881426 10.583333 -6.465832 0.183264 0.149877 -1
0 -17.881432 0.000000 -6.465826 0.183264 0.462739 -1
0 -17.881432 0.000000 -7.371176 0.183264 0.462739 -1
0 -17.881426 10.583333 -7.371164 0.183264 0.149877 -1
0 -18.820944 0.000000 -7.371176 0.212058 0.462739 -1
0 -18.820944 10.583333 -7.371164 0.212058 0.149877 -1
0 -18.820944 0.000000 -6.465826 0.212058 0.462739 -1
0 -18.820944 10.583333 -6.465832 0.212058 0.149877 -1
0 -18.820944 10.583333 -6.465832 0.022281 0.151037 -1
0 -18.820944 0.000000 -6.465826 0.022281 0.461581 -1
0 -17.881432 0.000000 -6.465826 0.052204 0.461581 -1
0 -17.881426 10.583333 -6.465832 0.052204 0.151037 -1
0 -17.872112 14.833313 7.278386 0.036971 0.151037 -1
0 -17.872112 14.833332 7.278386 0.036971 0.151037 -1
0 -18.794552 14.833332 7.278386 0.007591 0.151037 -1
0 -18.794552 14.833313 7.278386 0.007591 0.151037 -1
0 -17.881426 10.583313 -7.371164 0.052204 0.151037 -1
0 -17.881426 10.583333 -7.371164 0.052204 0.151037 -1
0 -18.820944 10.583333 -7.371164 0.022281 0.151037 -1
0 -18.820944 10.583313 -7.371164 0.022281 0.151037 -1
22
0.000000 1.000000 0.000000
0.447214 -0.000000 -0.894427
1.000000 -0.000000 0.000000
0.894427 -0.000001 -0.447214
-0.447214 -0.000001 -0.894427
-0.707107 -0.000001 -0.707107
-1.000000 -0.000000 0.000000
0.707107 -0.000000 -0.707107
0.000000 0.000001 1.000000
0.447214 -0.000000 -0.894427
1.000000 -0.000001 0.000000
0.894427 0.000000 -0.447214
-0.447214 0.000001 -0.894427
-0.447214 0.000001 -0.894427
-0.707107 0.000001 -0.707107
-1.000000 0.000000 0.000000
0.707107 0.000000 -0.707107
0.000000 0.000001 1.000000
-0.894427 0.000000 -0.447214
0.000000 0.000000 1.000000
1.000000 0.000000 0.000000
0.447214 0.000000 -0.894427
36
0 0 1 2 0 0 0 1
0 0 2 3 0 0 0 1
0 4 5 6 0 0 0 1
0 4 6 7 0 0 0 1
0 8 9 10 1 2 3 2
0 8 10 11 1 3 4 2
0 11 10 12 4 3 4 2
0 11 12 13 4 4 5 2
0 13 12 14 5 4 6 2
0 13 14 15 5 6 7 2
0 16 17 18 8 8 8 2
0 16 18 19 8 8 8 2
0 20 21 22 9 10 11 2
0 20 22 23 9 11 12 2
0 23 22 24 12 11 13 2
0 23 24 25 12 13 14 2
0 25 24 26 14 13 15 2
0 25 26 27 14 15 16 2
0 28 29 30 17 17 17 2
0 28 30 31 17 17 17 2
0 0 8 11 18 1 4 2
0 0 11 1 18 4 15 2
0 32 33 34 19 19 19 2
0 32 34 35 19 19 19 2
0 2 13 15 20 5 7 2
0 2 15 3 20 7 21 2
0 3 15 8 21 7 1 2
0 3 8 0 21 1 18 2
0 4 20 23 18 9 12 2
0 4 23 5 18 12 15 2
0 36 37 38 19 19 19 2
0 36 38 39 19 19 19 2
0 6 25 27 20 14 16 2
0 6 27 7 20 16 21 2
0 7 27 20 21 16 9 2
0 7 20 4 21 9 18 2

Materials: 1
"Material01"
0.200000 0.200000 0.200000 1.000000
0.800000 0.800000 0.800000 1.000000
0.000000 0.000000 0.000000 1.000000
0.000000 0.000000 0.000000 1.000000
0.000000
1.000000
"..\Image\House1.tga"
""

Bones: 0
GroupComments: 0
MaterialComments: 0
BoneComments: 0
ModelComment: 0
