// MilkShape 3D ASCII

Frames: 30
Frame: 1

Meshes: 1
"Regroup01" 1 0
798
1 -9.323243 0.000000 -7.760725 0.140355 0.840839 -1
1 -10.364641 0.000000 -5.246568 0.120792 0.787426 -1
1 -12.878798 0.000000 -7.760725 0.073565 0.840839 -1
1 -9.323243 1.700855 -7.760725 0.139996 0.840346 -1
1 -12.878798 1.700855 -7.760725 0.073207 0.840346 -1
1 -10.364641 1.700855 -5.246568 0.120434 0.893759 -1
1 -9.323243 0.000000 -7.760725 0.197933 0.998558 -1
1 -9.323243 1.700855 -7.760725 0.197933 0.765210 -1
1 -10.364641 0.000000 -5.246568 0.154366 0.998558 -1
1 -10.364641 1.700855 -5.246568 0.154366 0.765210 -1
1 -12.878798 0.000000 -4.205169 0.073565 0.765302 -1
1 -12.878798 1.700855 -4.205169 0.073207 0.915883 -1
1 -10.364641 0.000000 -5.246568 0.241648 0.998659 -1
1 -10.364641 1.700855 -5.246568 0.241648 0.765311 -1
1 -12.878798 1.700855 -4.205169 0.198081 0.765311 -1
1 -12.878798 0.000000 -4.205169 0.198081 0.998659 -1
1 -15.392956 0.000000 -5.246568 0.026338 0.787426 -1
1 -15.392956 1.700855 -5.246568 0.025979 0.893759 -1
1 -15.392956 0.000000 -5.246568 0.154514 0.998659 -1
1 -15.392956 1.700855 -5.246568 0.154514 0.765311 -1
1 -16.434353 0.000000 -7.760725 0.006776 0.840839 -1
1 -16.434353 1.700855 -7.760725 0.006417 0.840346 -1
1 -15.392956 0.000000 -5.246568 0.241169 0.998659 -1
1 -15.392956 1.700855 -5.246568 0.241169 0.765311 -1
1 -16.434353 1.700855 -7.760725 0.197602 0.765311 -1
1 -16.434353 0.000000 -7.760725 0.197602 0.998659 -1
1 -15.392956 0.000000 -10.274883 0.026338 0.894252 -1
1 -15.392956 1.700855 -10.274883 0.025979 0.786933 -1
1 -15.392956 0.000000 -10.274883 0.154035 0.998659 -1
1 -15.392956 1.700855 -10.274883 0.154035 0.765311 -1
1 -12.878798 0.000000 -11.316282 0.073565 0.916376 -1
1 -12.878798 1.700855 -11.316282 0.073207 0.764808 -1
1 -15.392956 0.000000 -10.274883 0.241648 0.998557 -1
1 -15.392956 1.700855 -10.274883 0.241648 0.765210 -1
1 -12.878798 1.700855 -11.316282 0.198081 0.765210 -1
1 -12.878798 0.000000 -11.316282 0.198081 0.998557 -1
1 -10.364641 0.000000 -10.274883 0.120792 0.894252 -1
1 -10.364641 1.700855 -10.274883 0.120434 0.786933 -1
1 -10.364641 0.000000 -10.274883 0.154514 0.998557 -1
1 -10.364641 1.700855 -10.274883 0.154514 0.765210 -1
1 -10.364641 0.000000 -10.274883 0.241500 0.998558 -1
1 -10.364641 1.700855 -10.274883 0.241500 0.765210 -1
1 -0.810423 0.000000 -7.760725 0.140355 0.840839 -1
1 -1.851821 0.000000 -5.246568 0.120792 0.787426 -1
1 -4.365978 0.000000 -7.760725 0.073565 0.840839 -1
1 -0.810423 1.700855 -7.760725 0.139996 0.840346 -1
1 -4.365978 1.700855 -7.760725 0.073207 0.840346 -1
1 -1.851821 1.700855 -5.246568 0.120434 0.893759 -1
1 -0.810423 0.000000 -7.760725 0.197933 0.998558 -1
1 -0.810423 1.700855 -7.760725 0.197933 0.765210 -1
1 -1.851821 0.000000 -5.246568 0.154366 0.998558 -1
1 -1.851821 1.700855 -5.246568 0.154366 0.765210 -1
1 -4.365978 0.000000 -4.205169 0.073565 0.765302 -1
1 -4.365978 1.700855 -4.205169 0.073207 0.915883 -1
1 -1.851821 0.000000 -5.246568 0.241648 0.998659 -1
1 -1.851821 1.700855 -5.246568 0.241648 0.765311 -1
1 -4.365978 1.700855 -4.205169 0.198081 0.765311 -1
1 -4.365978 0.000000 -4.205169 0.198081 0.998659 -1
1 -6.880138 0.000000 -5.246568 0.026338 0.787426 -1
1 -6.880138 1.700855 -5.246568 0.025979 0.893759 -1
1 -6.880138 0.000000 -5.246568 0.154514 0.998659 -1
1 -6.880138 1.700855 -5.246568 0.154514 0.765311 -1
1 -7.921536 0.000000 -7.760725 0.006776 0.840839 -1
1 -7.921536 1.700855 -7.760725 0.006417 0.840346 -1
1 -6.880138 0.000000 -5.246568 0.241169 0.998659 -1
1 -6.880138 1.700855 -5.246568 0.241169 0.765311 -1
1 -7.921536 1.700855 -7.760725 0.197602 0.765311 -1
1 -7.921536 0.000000 -7.760725 0.197602 0.998659 -1
1 -6.880138 0.000000 -10.274883 0.026338 0.894252 -1
1 -6.880138 1.700855 -10.274883 0.025979 0.786933 -1
1 -6.880138 0.000000 -10.274883 0.154035 0.998659 -1
1 -6.880138 1.700855 -10.274883 0.154035 0.765311 -1
1 -4.365978 0.000000 -11.316282 0.073565 0.916376 -1
1 -4.365978 1.700855 -11.316282 0.073207 0.764808 -1
1 -6.880138 0.000000 -10.274883 0.241648 0.998557 -1
1 -6.880138 1.700855 -10.274883 0.241648 0.765210 -1
1 -4.365978 1.700855 -11.316282 0.198081 0.765210 -1
1 -4.365978 0.000000 -11.316282 0.198081 0.998557 -1
1 -1.851821 0.000000 -10.274883 0.120792 0.894252 -1
1 -1.851821 1.700855 -10.274883 0.120434 0.786933 -1
1 -1.851821 0.000000 -10.274883 0.154514 0.998557 -1
1 -1.851821 1.700855 -10.274883 0.154514 0.765210 -1
1 -1.851821 0.000000 -10.274883 0.241500 0.998558 -1
1 -1.851821 1.700855 -10.274883 0.241500 0.765210 -1
1 7.752077 0.000000 -7.760725 0.140355 0.840839 -1
1 6.710679 0.000000 -5.246568 0.120792 0.787426 -1
1 4.196522 0.000000 -7.760725 0.073565 0.840839 -1
1 7.752077 1.700855 -7.760725 0.139996 0.840346 -1
1 4.196522 1.700855 -7.760725 0.073207 0.840346 -1
1 6.710679 1.700855 -5.246568 0.120434 0.893759 -1
1 7.752077 0.000000 -7.760725 0.197933 0.998558 -1
1 7.752077 1.700855 -7.760725 0.197933 0.765210 -1
1 6.710679 0.000000 -5.246568 0.154366 0.998558 -1
1 6.710679 1.700855 -5.246568 0.154366 0.765210 -1
1 4.196522 0.000000 -4.205169 0.073565 0.765302 -1
1 4.196522 1.700855 -4.205169 0.073207 0.915883 -1
1 6.710679 0.000000 -5.246568 0.241648 0.998659 -1
1 6.710679 1.700855 -5.246568 0.241648 0.765311 -1
1 4.196522 1.700855 -4.205169 0.198081 0.765311 -1
1 4.196522 0.000000 -4.205169 0.198081 0.998659 -1
1 1.682362 0.000000 -5.246568 0.026338 0.787426 -1
1 1.682362 1.700855 -5.246568 0.025979 0.893759 -1
1 1.682362 0.000000 -5.246568 0.154514 0.998659 -1
1 1.682362 1.700855 -5.246568 0.154514 0.765311 -1
1 0.640964 0.000000 -7.760725 0.006776 0.840839 -1
1 0.640964 1.700855 -7.760725 0.006417 0.840346 -1
1 1.682362 0.000000 -5.246568 0.241169 0.998659 -1
1 1.682362 1.700855 -5.246568 0.241169 0.765311 -1
1 0.640964 1.700855 -7.760725 0.197602 0.765311 -1
1 0.640964 0.000000 -7.760725 0.197602 0.998659 -1
1 1.682362 0.000000 -10.274883 0.026338 0.894252 -1
1 1.682362 1.700855 -10.274883 0.025979 0.786933 -1
1 1.682362 0.000000 -10.274883 0.154035 0.998659 -1
1 1.682362 1.700855 -10.274883 0.154035 0.765311 -1
1 4.196522 0.000000 -11.316282 0.073565 0.916376 -1
1 4.196522 1.700855 -11.316282 0.073207 0.764808 -1
1 1.682362 0.000000 -10.274883 0.241648 0.998557 -1
1 1.682362 1.700855 -10.274883 0.241648 0.765210 -1
1 4.196522 1.700855 -11.316282 0.198081 0.765210 -1
1 4.196522 0.000000 -11.316282 0.198081 0.998557 -1
1 6.710679 0.000000 -10.274883 0.120792 0.894252 -1
1 6.710679 1.700855 -10.274883 0.120434 0.786933 -1
1 6.710679 0.000000 -10.274883 0.154514 0.998557 -1
1 6.710679 1.700855 -10.274883 0.154514 0.765210 -1
1 6.710679 0.000000 -10.274883 0.241500 0.998558 -1
1 6.710679 1.700855 -10.274883 0.241500 0.765210 -1
1 15.970827 0.000000 -7.760725 0.140355 0.840839 -1
1 14.929429 0.000000 -5.246568 0.120792 0.787426 -1
1 12.415272 0.000000 -7.760725 0.073565 0.840839 -1
1 15.970827 1.700855 -7.760725 0.139996 0.840346 -1
1 12.415272 1.700855 -7.760725 0.073207 0.840346 -1
1 14.929429 1.700855 -5.246568 0.120434 0.893759 -1
1 15.970827 0.000000 -7.760725 0.197933 0.998558 -1
1 15.970827 1.700855 -7.760725 0.197933 0.765210 -1
1 14.929429 0.000000 -5.246568 0.154366 0.998558 -1
1 14.929429 1.700855 -5.246568 0.154366 0.765210 -1
1 12.415272 0.000000 -4.205169 0.073565 0.765302 -1
1 12.415272 1.700855 -4.205169 0.073207 0.915883 -1
1 14.929429 0.000000 -5.246568 0.241648 0.998659 -1
1 14.929429 1.700855 -5.246568 0.241648 0.765311 -1
1 12.415272 1.700855 -4.205169 0.198081 0.765311 -1
1 12.415272 0.000000 -4.205169 0.198081 0.998659 -1
1 9.901112 0.000000 -5.246568 0.026338 0.787426 -1
1 9.901112 1.700855 -5.246568 0.025979 0.893759 -1
1 9.901112 0.000000 -5.246568 0.154514 0.998659 -1
1 9.901112 1.700855 -5.246568 0.154514 0.765311 -1
1 8.859714 0.000000 -7.760725 0.006776 0.840839 -1
1 8.859714 1.700855 -7.760725 0.006417 0.840346 -1
1 9.901112 0.000000 -5.246568 0.241169 0.998659 -1
1 9.901112 1.700855 -5.246568 0.241169 0.765311 -1
1 8.859714 1.700855 -7.760725 0.197602 0.765311 -1
1 8.859714 0.000000 -7.760725 0.197602 0.998659 -1
1 9.901112 0.000000 -10.274883 0.026338 0.894252 -1
1 9.901112 1.700855 -10.274883 0.025979 0.786933 -1
1 9.901112 0.000000 -10.274883 0.154035 0.998659 -1
1 9.901112 1.700855 -10.274883 0.154035 0.765311 -1
1 12.415272 0.000000 -11.316282 0.073565 0.916376 -1
1 12.415272 1.700855 -11.316282 0.073207 0.764808 -1
1 9.901112 0.000000 -10.274883 0.241648 0.998557 -1
1 9.901112 1.700855 -10.274883 0.241648 0.765210 -1
1 12.415272 1.700855 -11.316282 0.198081 0.765210 -1
1 12.415272 0.000000 -11.316282 0.198081 0.998557 -1
1 14.929429 0.000000 -10.274883 0.120792 0.894252 -1
1 14.929429 1.700855 -10.274883 0.120434 0.786933 -1
1 14.929429 0.000000 -10.274883 0.154514 0.998557 -1
1 14.929429 1.700855 -10.274883 0.154514 0.765210 -1
1 14.929429 0.000000 -10.274883 0.241500 0.998558 -1
1 14.929429 1.700855 -10.274883 0.241500 0.765210 -1
1 -4.610423 0.000000 -0.210725 0.140355 0.840839 -1
1 -5.651821 0.000000 2.303432 0.120792 0.787426 -1
1 -8.165978 0.000000 -0.210725 0.073565 0.840839 -1
1 -4.610423 1.700855 -0.210725 0.139996 0.840346 -1
1 -8.165978 1.700855 -0.210725 0.073207 0.840346 -1
1 -5.651821 1.700855 2.303432 0.120434 0.893759 -1
1 -4.610423 0.000000 -0.210725 0.197933 0.998558 -1
1 -4.610423 1.700855 -0.210725 0.197933 0.765210 -1
1 -5.651821 0.000000 2.303432 0.154366 0.998558 -1
1 -5.651821 1.700855 2.303432 0.154366 0.765210 -1
1 -8.165978 0.000000 3.344831 0.073565 0.765302 -1
1 -8.165978 1.700855 3.344831 0.073207 0.915883 -1
1 -5.651821 0.000000 2.303432 0.241648 0.998659 -1
1 -5.651821 1.700855 2.303432 0.241648 0.765311 -1
1 -8.165978 1.700855 3.344831 0.198081 0.765311 -1
1 -8.165978 0.000000 3.344831 0.198081 0.998659 -1
1 -10.680140 0.000000 2.303432 0.026338 0.787426 -1
1 -10.680140 1.700855 2.303432 0.025979 0.893759 -1
1 -10.680140 0.000000 2.303432 0.154514 0.998659 -1
1 -10.680140 1.700855 2.303432 0.154514 0.765311 -1
1 -11.721538 0.000000 -0.210725 0.006776 0.840839 -1
1 -11.721538 1.700855 -0.210725 0.006417 0.840346 -1
1 -10.680140 0.000000 2.303432 0.241169 0.998659 -1
1 -10.680140 1.700855 2.303432 0.241169 0.765311 -1
1 -11.721538 1.700855 -0.210725 0.197602 0.765311 -1
1 -11.721538 0.000000 -0.210725 0.197602 0.998659 -1
1 -10.680140 0.000000 -2.724884 0.026338 0.894252 -1
1 -10.680140 1.700855 -2.724884 0.025979 0.786933 -1
1 -10.680140 0.000000 -2.724884 0.154035 0.998659 -1
1 -10.680140 1.700855 -2.724884 0.154035 0.765311 -1
1 -8.165978 0.000000 -3.766283 0.073565 0.916376 -1
1 -8.165978 1.700855 -3.766283 0.073207 0.764808 -1
1 -10.680140 0.000000 -2.724884 0.241648 0.998557 -1
1 -10.680140 1.700855 -2.724884 0.241648 0.765210 -1
1 -8.165978 1.700855 -3.766283 0.198081 0.765210 -1
1 -8.165978 0.000000 -3.766283 0.198081 0.998557 -1
1 -5.651821 0.000000 -2.724884 0.120792 0.894252 -1
1 -5.651821 1.700855 -2.724884 0.120434 0.786933 -1
1 -5.651821 0.000000 -2.724884 0.154514 0.998557 -1
1 -5.651821 1.700855 -2.724884 0.154514 0.765210 -1
1 -5.651821 0.000000 -2.724884 0.241500 0.998558 -1
1 -5.651821 1.700855 -2.724884 0.241500 0.765210 -1
1 3.752078 0.000000 -1.215271 0.140355 0.840839 -1
1 2.710680 0.000000 1.298887 0.120792 0.787426 -1
1 0.196522 0.000000 -1.215271 0.073565 0.840839 -1
1 3.752078 1.700855 -1.215271 0.139996 0.840346 -1
1 0.196522 1.700855 -1.215271 0.073207 0.840346 -1
1 2.710680 1.700855 1.298887 0.120434 0.893759 -1
1 3.752078 0.000000 -1.215271 0.197933 0.998558 -1
1 3.752078 1.700855 -1.215271 0.197933 0.765210 -1
1 2.710680 0.000000 1.298887 0.154366 0.998558 -1
1 2.710680 1.700855 1.298887 0.154366 0.765210 -1
1 0.196522 0.000000 2.340286 0.073565 0.765302 -1
1 0.196522 1.700855 2.340286 0.073207 0.915883 -1
1 2.710680 0.000000 1.298887 0.241648 0.998659 -1
1 2.710680 1.700855 1.298887 0.241648 0.765311 -1
1 0.196522 1.700855 2.340286 0.198081 0.765311 -1
1 0.196522 0.000000 2.340286 0.198081 0.998659 -1
1 -2.317638 0.000000 1.298887 0.026338 0.787426 -1
1 -2.317638 1.700855 1.298887 0.025979 0.893759 -1
1 -2.317638 0.000000 1.298887 0.154514 0.998659 -1
1 -2.317638 1.700855 1.298887 0.154514 0.765311 -1
1 -3.359036 0.000000 -1.215271 0.006776 0.840839 -1
1 -3.359036 1.700855 -1.215271 0.006417 0.840346 -1
1 -2.317638 0.000000 1.298887 0.241169 0.998659 -1
1 -2.317638 1.700855 1.298887 0.241169 0.765311 -1
1 -3.359036 1.700855 -1.215271 0.197602 0.765311 -1
1 -3.359036 0.000000 -1.215271 0.197602 0.998659 -1
1 -2.317638 0.000000 -3.729429 0.026338 0.894252 -1
1 -2.317638 1.700855 -3.729429 0.025979 0.786933 -1
1 -2.317638 0.000000 -3.729429 0.154035 0.998659 -1
1 -2.317638 1.700855 -3.729429 0.154035 0.765311 -1
1 0.196522 0.000000 -4.770828 0.073565 0.916376 -1
1 0.196522 1.700855 -4.770828 0.073207 0.764808 -1
1 -2.317638 0.000000 -3.729429 0.241648 0.998557 -1
1 -2.317638 1.700855 -3.729429 0.241648 0.765210 -1
1 0.196522 1.700855 -4.770828 0.198081 0.765210 -1
1 0.196522 0.000000 -4.770828 0.198081 0.998557 -1
1 2.710680 0.000000 -3.729429 0.120792 0.894252 -1
1 2.710680 1.700855 -3.729429 0.120434 0.786933 -1
1 2.710680 0.000000 -3.729429 0.154514 0.998557 -1
1 2.710680 1.700855 -3.729429 0.154514 0.765210 -1
1 2.710680 0.000000 -3.729429 0.241500 0.998558 -1
1 2.710680 1.700855 -3.729429 0.241500 0.765210 -1
1 13.031433 0.000000 -0.336482 0.140355 0.840839 -1
1 11.990035 0.000000 2.177675 0.120792 0.787426 -1
1 9.475878 0.000000 -0.336482 0.073565 0.840839 -1
1 13.031433 1.700855 -0.336482 0.139996 0.840346 -1
1 9.475878 1.700855 -0.336482 0.073207 0.840346 -1
1 11.990035 1.700855 2.177675 0.120434 0.893759 -1
1 13.031433 0.000000 -0.336482 0.197933 0.998558 -1
1 13.031433 1.700855 -0.336482 0.197933 0.765210 -1
1 11.990035 0.000000 2.177675 0.154366 0.998558 -1
1 11.990035 1.700855 2.177675 0.154366 0.765210 -1
1 9.475878 0.000000 3.219074 0.073565 0.765302 -1
1 9.475878 1.700855 3.219074 0.073207 0.915883 -1
1 11.990035 0.000000 2.177675 0.241648 0.998659 -1
1 11.990035 1.700855 2.177675 0.241648 0.765311 -1
1 9.475878 1.700855 3.219074 0.198081 0.765311 -1
1 9.475878 0.000000 3.219074 0.198081 0.998659 -1
1 6.961718 0.000000 2.177675 0.026338 0.787426 -1
1 6.961718 1.700855 2.177675 0.025979 0.893759 -1
1 6.961718 0.000000 2.177675 0.154514 0.998659 -1
1 6.961718 1.700855 2.177675 0.154514 0.765311 -1
1 5.920320 0.000000 -0.336482 0.006776 0.840839 -1
1 5.920320 1.700855 -0.336482 0.006417 0.840346 -1
1 6.961718 0.000000 2.177675 0.241169 0.998659 -1
1 6.961718 1.700855 2.177675 0.241169 0.765311 -1
1 5.920320 1.700855 -0.336482 0.197602 0.765311 -1
1 5.920320 0.000000 -0.336482 0.197602 0.998659 -1
1 6.961718 0.000000 -2.850641 0.026338 0.894252 -1
1 6.961718 1.700855 -2.850641 0.025979 0.786933 -1
1 6.961718 0.000000 -2.850641 0.154035 0.998659 -1
1 6.961718 1.700855 -2.850641 0.154035 0.765311 -1
1 9.475878 0.000000 -3.892040 0.073565 0.916376 -1
1 9.475878 1.700855 -3.892040 0.073207 0.764808 -1
1 6.961718 0.000000 -2.850641 0.241648 0.998557 -1
1 6.961718 1.700855 -2.850641 0.241648 0.765210 -1
1 9.475878 1.700855 -3.892040 0.198081 0.765210 -1
1 9.475878 0.000000 -3.892040 0.198081 0.998557 -1
1 11.990035 0.000000 -2.850641 0.120792 0.894252 -1
1 11.990035 1.700855 -2.850641 0.120434 0.786933 -1
1 11.990035 0.000000 -2.850641 0.154514 0.998557 -1
1 11.990035 1.700855 -2.850641 0.154514 0.765210 -1
1 11.990035 0.000000 -2.850641 0.241500 0.998558 -1
1 11.990035 1.700855 -2.850641 0.241500 0.765210 -1
1 -9.202978 1.718750 -0.881938 0.140355 0.840839 -1
1 -10.244376 1.718750 1.632220 0.120792 0.787426 -1
1 -12.758533 1.718750 -0.881938 0.073565 0.840839 -1
1 -9.202978 3.419605 -0.881938 0.139996 0.840346 -1
1 -12.758533 3.419605 -0.881938 0.073207 0.840346 -1
1 -10.244376 3.419605 1.632220 0.120434 0.893759 -1
1 -9.202978 1.718750 -0.881938 0.197933 0.998558 -1
1 -9.202978 3.419605 -0.881938 0.197933 0.765210 -1
1 -10.244376 1.718750 1.632220 0.154366 0.998558 -1
1 -10.244376 3.419605 1.632220 0.154366 0.765210 -1
1 -12.758533 1.718750 2.673619 0.073565 0.765302 -1
1 -12.758533 3.419605 2.673619 0.073207 0.915883 -1
1 -10.244376 1.718750 1.632220 0.241648 0.998659 -1
1 -10.244376 3.419605 1.632220 0.241648 0.765311 -1
1 -12.758533 3.419605 2.673619 0.198081 0.765311 -1
1 -12.758533 1.718750 2.673619 0.198081 0.998659 -1
1 -15.272691 1.718750 1.632220 0.026338 0.787426 -1
1 -15.272691 3.419605 1.632220 0.025979 0.893759 -1
1 -15.272691 1.718750 1.632220 0.154514 0.998659 -1
1 -15.272691 3.419605 1.632220 0.154514 0.765311 -1
1 -16.314091 1.718750 -0.881938 0.006776 0.840839 -1
1 -16.314091 3.419605 -0.881938 0.006417 0.840346 -1
1 -15.272691 1.718750 1.632220 0.241169 0.998659 -1
1 -15.272691 3.419605 1.632220 0.241169 0.765311 -1
1 -16.314091 3.419605 -0.881938 0.197602 0.765311 -1
1 -16.314091 1.718750 -0.881938 0.197602 0.998659 -1
1 -15.272691 1.718750 -3.396099 0.026338 0.894252 -1
1 -15.272691 3.419605 -3.396099 0.025979 0.786933 -1
1 -15.272691 1.718750 -3.396099 0.154035 0.998659 -1
1 -15.272691 3.419605 -3.396099 0.154035 0.765311 -1
1 -12.758533 1.718750 -4.437498 0.073565 0.916376 -1
1 -12.758533 3.419605 -4.437498 0.073207 0.764808 -1
1 -15.272691 1.718750 -3.396099 0.241648 0.998557 -1
1 -15.272691 3.419605 -3.396099 0.241648 0.765210 -1
1 -12.758533 3.419605 -4.437498 0.198081 0.765210 -1
1 -12.758533 1.718750 -4.437498 0.198081 0.998557 -1
1 -10.244376 1.718750 -3.396099 0.120792 0.894252 -1
1 -10.244376 3.419605 -3.396099 0.120434 0.786933 -1
1 -10.244376 1.718750 -3.396099 0.154514 0.998557 -1
1 -10.244376 3.419605 -3.396099 0.154514 0.765210 -1
1 -10.244376 1.718750 -3.396099 0.241500 0.998558 -1
1 -10.244376 3.419605 -3.396099 0.241500 0.765210 -1
1 -0.690158 1.718750 -0.881938 0.140355 0.840839 -1
1 -1.731556 1.718750 1.632220 0.120792 0.787426 -1
1 -4.245713 1.718750 -0.881938 0.073565 0.840839 -1
1 -0.690158 3.419605 -0.881938 0.139996 0.840346 -1
1 -4.245713 3.419605 -0.881938 0.073207 0.840346 -1
1 -1.731556 3.419605 1.632220 0.120434 0.893759 -1
1 -0.690158 1.718750 -0.881938 0.197933 0.998558 -1
1 -0.690158 3.419605 -0.881938 0.197933 0.765210 -1
1 -1.731556 1.718750 1.632220 0.154366 0.998558 -1
1 -1.731556 3.419605 1.632220 0.154366 0.765210 -1
1 -4.245713 1.718750 2.673619 0.073565 0.765302 -1
1 -4.245713 3.419605 2.673619 0.073207 0.915883 -1
1 -1.731556 1.718750 1.632220 0.241648 0.998659 -1
1 -1.731556 3.419605 1.632220 0.241648 0.765311 -1
1 -4.245713 3.419605 2.673619 0.198081 0.765311 -1
1 -4.245713 1.718750 2.673619 0.198081 0.998659 -1
1 -6.759872 1.718750 1.632220 0.026338 0.787426 -1
1 -6.759872 3.419605 1.632220 0.025979 0.893759 -1
1 -6.759872 1.718750 1.632220 0.154514 0.998659 -1
1 -6.759872 3.419605 1.632220 0.154514 0.765311 -1
1 -7.801271 1.718750 -0.881938 0.006776 0.840839 -1
1 -7.801271 3.419605 -0.881938 0.006417 0.840346 -1
1 -6.759872 1.718750 1.632220 0.241169 0.998659 -1
1 -6.759872 3.419605 1.632220 0.241169 0.765311 -1
1 -7.801271 3.419605 -0.881938 0.197602 0.765311 -1
1 -7.801271 1.718750 -0.881938 0.197602 0.998659 -1
1 -6.759872 1.718750 -3.396099 0.026338 0.894252 -1
1 -6.759872 3.419605 -3.396099 0.025979 0.786933 -1
1 -6.759872 1.718750 -3.396099 0.154035 0.998659 -1
1 -6.759872 3.419605 -3.396099 0.154035 0.765311 -1
1 -4.245713 1.718750 -4.437498 0.073565 0.916376 -1
1 -4.245713 3.419605 -4.437498 0.073207 0.764808 -1
1 -6.759872 1.718750 -3.396099 0.241648 0.998557 -1
1 -6.759872 3.419605 -3.396099 0.241648 0.765210 -1
1 -4.245713 3.419605 -4.437498 0.198081 0.765210 -1
1 -4.245713 1.718750 -4.437498 0.198081 0.998557 -1
1 -1.731556 1.718750 -3.396099 0.120792 0.894252 -1
1 -1.731556 3.419605 -3.396099 0.120434 0.786933 -1
1 -1.731556 1.718750 -3.396099 0.154514 0.998557 -1
1 -1.731556 3.419605 -3.396099 0.154514 0.765210 -1
1 -1.731556 1.718750 -3.396099 0.241500 0.998558 -1
1 -1.731556 3.419605 -3.396099 0.241500 0.765210 -1
1 7.872342 1.718750 -0.881938 0.140355 0.840839 -1
1 6.830944 1.718750 1.632220 0.120792 0.787426 -1
1 4.316787 1.718750 -0.881938 0.073565 0.840839 -1
1 7.872342 3.419605 -0.881938 0.139996 0.840346 -1
1 4.316787 3.419605 -0.881938 0.073207 0.840346 -1
1 6.830944 3.419605 1.632220 0.120434 0.893759 -1
1 7.872342 1.718750 -0.881938 0.197933 0.998558 -1
1 7.872342 3.419605 -0.881938 0.197933 0.765210 -1
1 6.830944 1.718750 1.632220 0.154366 0.998558 -1
1 6.830944 3.419605 1.632220 0.154366 0.765210 -1
1 4.316787 1.718750 2.673619 0.073565 0.765302 -1
1 4.316787 3.419605 2.673619 0.073207 0.915883 -1
1 6.830944 1.718750 1.632220 0.241648 0.998659 -1
1 6.830944 3.419605 1.632220 0.241648 0.765311 -1
1 4.316787 3.419605 2.673619 0.198081 0.765311 -1
1 4.316787 1.718750 2.673619 0.198081 0.998659 -1
1 1.802627 1.718750 1.632220 0.026338 0.787426 -1
1 1.802627 3.419605 1.632220 0.025979 0.893759 -1
1 1.802627 1.718750 1.632220 0.154514 0.998659 -1
1 1.802627 3.419605 1.632220 0.154514 0.765311 -1
1 0.761229 1.718750 -0.881938 0.006776 0.840839 -1
1 0.761229 3.419605 -0.881938 0.006417 0.840346 -1
1 1.802627 1.718750 1.632220 0.241169 0.998659 -1
1 1.802627 3.419605 1.632220 0.241169 0.765311 -1
1 0.761229 3.419605 -0.881938 0.197602 0.765311 -1
1 0.761229 1.718750 -0.881938 0.197602 0.998659 -1
1 1.802627 1.718750 -3.396099 0.026338 0.894252 -1
1 1.802627 3.419605 -3.396099 0.025979 0.786933 -1
1 1.802627 1.718750 -3.396099 0.154035 0.998659 -1
1 1.802627 3.419605 -3.396099 0.154035 0.765311 -1
1 4.316787 1.718750 -4.437498 0.073565 0.916376 -1
1 4.316787 3.419605 -4.437498 0.073207 0.764808 -1
1 1.802627 1.718750 -3.396099 0.241648 0.998557 -1
1 1.802627 3.419605 -3.396099 0.241648 0.765210 -1
1 4.316787 3.419605 -4.437498 0.198081 0.765210 -1
1 4.316787 1.718750 -4.437498 0.198081 0.998557 -1
1 6.830944 1.718750 -3.396099 0.120792 0.894252 -1
1 6.830944 3.419605 -3.396099 0.120434 0.786933 -1
1 6.830944 1.718750 -3.396099 0.154514 0.998557 -1
1 6.830944 3.419605 -3.396099 0.154514 0.765210 -1
1 6.830944 1.718750 -3.396099 0.241500 0.998558 -1
1 6.830944 3.419605 -3.396099 0.241500 0.765210 -1
1 16.091087 1.718750 -0.881938 0.140355 0.840839 -1
1 15.049694 1.718750 1.632220 0.120792 0.787426 -1
1 12.535537 1.718750 -0.881938 0.073565 0.840839 -1
1 16.091087 3.419605 -0.881938 0.139996 0.840346 -1
1 12.535537 3.419605 -0.881938 0.073207 0.840346 -1
1 15.049694 3.419605 1.632220 0.120434 0.893759 -1
1 16.091087 1.718750 -0.881938 0.197933 0.998558 -1
1 16.091087 3.419605 -0.881938 0.197933 0.765210 -1
1 15.049694 1.718750 1.632220 0.154366 0.998558 -1
1 15.049694 3.419605 1.632220 0.154366 0.765210 -1
1 12.535537 1.718750 2.673619 0.073565 0.765302 -1
1 12.535537 3.419605 2.673619 0.073207 0.915883 -1
1 15.049694 1.718750 1.632220 0.241648 0.998659 -1
1 15.049694 3.419605 1.632220 0.241648 0.765311 -1
1 12.535537 3.419605 2.673619 0.198081 0.765311 -1
1 12.535537 1.718750 2.673619 0.198081 0.998659 -1
1 10.021377 1.718750 1.632220 0.026338 0.787426 -1
1 10.021377 3.419605 1.632220 0.025979 0.893759 -1
1 10.021377 1.718750 1.632220 0.154514 0.998659 -1
1 10.021377 3.419605 1.632220 0.154514 0.765311 -1
1 8.979979 1.718750 -0.881938 0.006776 0.840839 -1
1 8.979979 3.419605 -0.881938 0.006417 0.840346 -1
1 10.021377 1.718750 1.632220 0.241169 0.998659 -1
1 10.021377 3.419605 1.632220 0.241169 0.765311 -1
1 8.979979 3.419605 -0.881938 0.197602 0.765311 -1
1 8.979979 1.718750 -0.881938 0.197602 0.998659 -1
1 10.021377 1.718750 -3.396099 0.026338 0.894252 -1
1 10.021377 3.419605 -3.396099 0.025979 0.786933 -1
1 10.021377 1.718750 -3.396099 0.154035 0.998659 -1
1 10.021377 3.419605 -3.396099 0.154035 0.765311 -1
1 12.535537 1.718750 -4.437498 0.073565 0.916376 -1
1 12.535537 3.419605 -4.437498 0.073207 0.764808 -1
1 10.021377 1.718750 -3.396099 0.241648 0.998557 -1
1 10.021377 3.419605 -3.396099 0.241648 0.765210 -1
1 12.535537 3.419605 -4.437498 0.198081 0.765210 -1
1 12.535537 1.718750 -4.437498 0.198081 0.998557 -1
1 15.049694 1.718750 -3.396099 0.120792 0.894252 -1
1 15.049694 3.419605 -3.396099 0.120434 0.786933 -1
1 15.049694 1.718750 -3.396099 0.154514 0.998557 -1
1 15.049694 3.419605 -3.396099 0.154514 0.765210 -1
1 15.049694 1.718750 -3.396099 0.241500 0.998558 -1
1 15.049694 3.419605 -3.396099 0.241500 0.765210 -1
1 -4.034666 1.656250 -6.150119 0.140355 0.840839 -1
1 -5.076064 1.656250 -3.635962 0.120792 0.787426 -1
1 -7.590221 1.656250 -6.150119 0.073565 0.840839 -1
1 -4.034666 3.357105 -6.150119 0.139996 0.840346 -1
1 -7.590221 3.357105 -6.150119 0.073207 0.840346 -1
1 -5.076064 3.357105 -3.635962 0.120434 0.893759 -1
1 -4.034666 1.656250 -6.150119 0.197933 0.998558 -1
1 -4.034666 3.357105 -6.150119 0.197933 0.765210 -1
1 -5.076064 1.656250 -3.635962 0.154366 0.998558 -1
1 -5.076064 3.357105 -3.635962 0.154366 0.765210 -1
1 -7.590221 1.656250 -2.594563 0.073565 0.765302 -1
1 -7.590221 3.357105 -2.594563 0.073207 0.915883 -1
1 -5.076064 1.656250 -3.635962 0.241648 0.998659 -1
1 -5.076064 3.357105 -3.635962 0.241648 0.765311 -1
1 -7.590221 3.357105 -2.594563 0.198081 0.765311 -1
1 -7.590221 1.656250 -2.594563 0.198081 0.998659 -1
1 -10.104383 1.656250 -3.635962 0.026338 0.787426 -1
1 -10.104383 3.357105 -3.635962 0.025979 0.893759 -1
1 -10.104383 1.656250 -3.635962 0.154514 0.998659 -1
1 -10.104383 3.357105 -3.635962 0.154514 0.765311 -1
1 -11.145781 1.656250 -6.150119 0.006776 0.840839 -1
1 -11.145781 3.357105 -6.150119 0.006417 0.840346 -1
1 -10.104383 1.656250 -3.635962 0.241169 0.998659 -1
1 -10.104383 3.357105 -3.635962 0.241169 0.765311 -1
1 -11.145781 3.357105 -6.150119 0.197602 0.765311 -1
1 -11.145781 1.656250 -6.150119 0.197602 0.998659 -1
1 -10.104383 1.656250 -8.664278 0.026338 0.894252 -1
1 -10.104383 3.357105 -8.664278 0.025979 0.786933 -1
1 -10.104383 1.656250 -8.664278 0.154035 0.998659 -1
1 -10.104383 3.357105 -8.664278 0.154035 0.765311 -1
1 -7.590221 1.656250 -9.705677 0.073565 0.916376 -1
1 -7.590221 3.357105 -9.705677 0.073207 0.764808 -1
1 -10.104383 1.656250 -8.664278 0.241648 0.998557 -1
1 -10.104383 3.357105 -8.664278 0.241648 0.765210 -1
1 -7.590221 3.357105 -9.705677 0.198081 0.765210 -1
1 -7.590221 1.656250 -9.705677 0.198081 0.998557 -1
1 -5.076064 1.656250 -8.664278 0.120792 0.894252 -1
1 -5.076064 3.357105 -8.664278 0.120434 0.786933 -1
1 -5.076064 1.656250 -8.664278 0.154514 0.998557 -1
1 -5.076064 3.357105 -8.664278 0.154514 0.765210 -1
1 -5.076064 1.656250 -8.664278 0.241500 0.998558 -1
1 -5.076064 3.357105 -8.664278 0.241500 0.765210 -1
1 4.327835 1.656250 -7.154665 0.140355 0.840839 -1
1 3.286437 1.656250 -4.640508 0.120792 0.787426 -1
1 0.772279 1.656250 -7.154665 0.073565 0.840839 -1
1 4.327835 3.357105 -7.154665 0.139996 0.840346 -1
1 0.772279 3.357105 -7.154665 0.073207 0.840346 -1
1 3.286437 3.357105 -4.640508 0.120434 0.893759 -1
1 4.327835 1.656250 -7.154665 0.197933 0.998558 -1
1 4.327835 3.357105 -7.154665 0.197933 0.765210 -1
1 3.286437 1.656250 -4.640508 0.154366 0.998558 -1
1 3.286437 3.357105 -4.640508 0.154366 0.765210 -1
1 0.772279 1.656250 -3.599109 0.073565 0.765302 -1
1 0.772279 3.357105 -3.599109 0.073207 0.915883 -1
1 3.286437 1.656250 -4.640508 0.241648 0.998659 -1
1 3.286437 3.357105 -4.640508 0.241648 0.765311 -1
1 0.772279 3.357105 -3.599109 0.198081 0.765311 -1
1 0.772279 1.656250 -3.599109 0.198081 0.998659 -1
1 -1.741881 1.656250 -4.640508 0.026338 0.787426 -1
1 -1.741881 3.357105 -4.640508 0.025979 0.893759 -1
1 -1.741881 1.656250 -4.640508 0.154514 0.998659 -1
1 -1.741881 3.357105 -4.640508 0.154514 0.765311 -1
1 -2.783279 1.656250 -7.154665 0.006776 0.840839 -1
1 -2.783279 3.357105 -7.154665 0.006417 0.840346 -1
1 -1.741881 1.656250 -4.640508 0.241169 0.998659 -1
1 -1.741881 3.357105 -4.640508 0.241169 0.765311 -1
1 -2.783279 3.357105 -7.154665 0.197602 0.765311 -1
1 -2.783279 1.656250 -7.154665 0.197602 0.998659 -1
1 -1.741881 1.656250 -9.668823 0.026338 0.894252 -1
1 -1.741881 3.357105 -9.668823 0.025979 0.786933 -1
1 -1.741881 1.656250 -9.668823 0.154035 0.998659 -1
1 -1.741881 3.357105 -9.668823 0.154035 0.765311 -1
1 0.772279 1.656250 -10.710224 0.073565 0.916376 -1
1 0.772279 3.357105 -10.710224 0.073207 0.764808 -1
1 -1.741881 1.656250 -9.668823 0.241648 0.998557 -1
1 -1.741881 3.357105 -9.668823 0.241648 0.765210 -1
1 0.772279 3.357105 -10.710224 0.198081 0.765210 -1
1 0.772279 1.656250 -10.710224 0.198081 0.998557 -1
1 3.286437 1.656250 -9.668823 0.120792 0.894252 -1
1 3.286437 3.357105 -9.668823 0.120434 0.786933 -1
1 3.286437 1.656250 -9.668823 0.154514 0.998557 -1
1 3.286437 3.357105 -9.668823 0.154514 0.765210 -1
1 3.286437 1.656250 -9.668823 0.241500 0.998558 -1
1 3.286437 3.357105 -9.668823 0.241500 0.765210 -1
1 13.607190 1.656250 -6.275877 0.140355 0.840839 -1
1 12.565792 1.656250 -3.761719 0.120792 0.787426 -1
1 10.051635 1.656250 -6.275877 0.073565 0.840839 -1
1 13.607190 3.357105 -6.275877 0.139996 0.840346 -1
1 10.051635 3.357105 -6.275877 0.073207 0.840346 -1
1 12.565792 3.357105 -3.761719 0.120434 0.893759 -1
1 13.607190 1.656250 -6.275877 0.197933 0.998558 -1
1 13.607190 3.357105 -6.275877 0.197933 0.765210 -1
1 12.565792 1.656250 -3.761719 0.154366 0.998558 -1
1 12.565792 3.357105 -3.761719 0.154366 0.765210 -1
1 10.051635 1.656250 -2.720321 0.073565 0.765302 -1
1 10.051635 3.357105 -2.720321 0.073207 0.915883 -1
1 12.565792 1.656250 -3.761719 0.241648 0.998659 -1
1 12.565792 3.357105 -3.761719 0.241648 0.765311 -1
1 10.051635 3.357105 -2.720321 0.198081 0.765311 -1
1 10.051635 1.656250 -2.720321 0.198081 0.998659 -1
1 7.537475 1.656250 -3.761719 0.026338 0.787426 -1
1 7.537475 3.357105 -3.761719 0.025979 0.893759 -1
1 7.537475 1.656250 -3.761719 0.154514 0.998659 -1
1 7.537475 3.357105 -3.761719 0.154514 0.765311 -1
1 6.496077 1.656250 -6.275877 0.006776 0.840839 -1
1 6.496077 3.357105 -6.275877 0.006417 0.840346 -1
1 7.537475 1.656250 -3.761719 0.241169 0.998659 -1
1 7.537475 3.357105 -3.761719 0.241169 0.765311 -1
1 6.496077 3.357105 -6.275877 0.197602 0.765311 -1
1 6.496077 1.656250 -6.275877 0.197602 0.998659 -1
1 7.537475 1.656250 -8.790035 0.026338 0.894252 -1
1 7.537475 3.357105 -8.790035 0.025979 0.786933 -1
1 7.537475 1.656250 -8.790035 0.154035 0.998659 -1
1 7.537475 3.357105 -8.790035 0.154035 0.765311 -1
1 10.051635 1.656250 -9.831434 0.073565 0.916376 -1
1 10.051635 3.357105 -9.831434 0.073207 0.764808 -1
1 7.537475 1.656250 -8.790035 0.241648 0.998557 -1
1 7.537475 3.357105 -8.790035 0.241648 0.765210 -1
1 10.051635 3.357105 -9.831434 0.198081 0.765210 -1
1 10.051635 1.656250 -9.831434 0.198081 0.998557 -1
1 12.565792 1.656250 -8.790035 0.120792 0.894252 -1
1 12.565792 3.357105 -8.790035 0.120434 0.786933 -1
1 12.565792 1.656250 -8.790035 0.154514 0.998557 -1
1 12.565792 3.357105 -8.790035 0.154514 0.765210 -1
1 12.565792 1.656250 -8.790035 0.241500 0.998558 -1
1 12.565792 3.357105 -8.790035 0.241500 0.765210 -1
1 -5.573491 3.531250 -3.574362 0.140355 0.840839 -1
1 -6.614889 3.531250 -1.060204 0.120792 0.787426 -1
1 -9.129047 3.531250 -3.574362 0.073565 0.840839 -1
1 -5.573491 5.232105 -3.574362 0.139996 0.840346 -1
1 -9.129047 5.232105 -3.574362 0.073207 0.840346 -1
1 -6.614889 5.232105 -1.060204 0.120434 0.893759 -1
1 -5.573491 3.531250 -3.574362 0.197933 0.998558 -1
1 -5.573491 5.232105 -3.574362 0.197933 0.765210 -1
1 -6.614889 3.531250 -1.060204 0.154366 0.998558 -1
1 -6.614889 5.232105 -1.060204 0.154366 0.765210 -1
1 -9.129047 3.531250 -0.018806 0.073565 0.765302 -1
1 -9.129047 5.232105 -0.018806 0.073207 0.915883 -1
1 -6.614889 3.531250 -1.060204 0.241648 0.998659 -1
1 -6.614889 5.232105 -1.060204 0.241648 0.765311 -1
1 -9.129047 5.232105 -0.018806 0.198081 0.765311 -1
1 -9.129047 3.531250 -0.018806 0.198081 0.998659 -1
1 -11.643209 3.531250 -1.060204 0.026338 0.787426 -1
1 -11.643209 5.232105 -1.060204 0.025979 0.893759 -1
1 -11.643209 3.531250 -1.060204 0.154514 0.998659 -1
1 -11.643209 5.232105 -1.060204 0.154514 0.765311 -1
1 -12.684607 3.531250 -3.574362 0.006776 0.840839 -1
1 -12.684607 5.232105 -3.574362 0.006417 0.840346 -1
1 -11.643209 3.531250 -1.060204 0.241169 0.998659 -1
1 -11.643209 5.232105 -1.060204 0.241169 0.765311 -1
1 -12.684607 5.232105 -3.574362 0.197602 0.765311 -1
1 -12.684607 3.531250 -3.574362 0.197602 0.998659 -1
1 -11.643209 3.531250 -6.088522 0.026338 0.894252 -1
1 -11.643209 5.232105 -6.088522 0.025979 0.786933 -1
1 -11.643209 3.531250 -6.088522 0.154035 0.998659 -1
1 -11.643209 5.232105 -6.088522 0.154035 0.765311 -1
1 -9.129047 3.531250 -7.129920 0.073565 0.916376 -1
1 -9.129047 5.232105 -7.129920 0.073207 0.764808 -1
1 -11.643209 3.531250 -6.088522 0.241648 0.998557 -1
1 -11.643209 5.232105 -6.088522 0.241648 0.765210 -1
1 -9.129047 5.232105 -7.129920 0.198081 0.765210 -1
1 -9.129047 3.531250 -7.129920 0.198081 0.998557 -1
1 -6.614889 3.531250 -6.088522 0.120792 0.894252 -1
1 -6.614889 5.232105 -6.088522 0.120434 0.786933 -1
1 -6.614889 3.531250 -6.088522 0.154514 0.998557 -1
1 -6.614889 5.232105 -6.088522 0.154514 0.765210 -1
1 -6.614889 3.531250 -6.088522 0.241500 0.998558 -1
1 -6.614889 5.232105 -6.088522 0.241500 0.765210 -1
1 2.789010 3.531250 -4.578908 0.140355 0.840839 -1
1 1.747611 3.531250 -2.064750 0.120792 0.787426 -1
1 -0.766546 3.531250 -4.578908 0.073565 0.840839 -1
1 2.789010 5.232105 -4.578908 0.139996 0.840346 -1
1 -0.766546 5.232105 -4.578908 0.073207 0.840346 -1
1 1.747611 5.232105 -2.064750 0.120434 0.893759 -1
1 2.789010 3.531250 -4.578908 0.197933 0.998558 -1
1 2.789010 5.232105 -4.578908 0.197933 0.765210 -1
1 1.747611 3.531250 -2.064750 0.154366 0.998558 -1
1 1.747611 5.232105 -2.064750 0.154366 0.765210 -1
1 -0.766546 3.531250 -1.023351 0.073565 0.765302 -1
1 -0.766546 5.232105 -1.023351 0.073207 0.915883 -1
1 1.747611 3.531250 -2.064750 0.241648 0.998659 -1
1 1.747611 5.232105 -2.064750 0.241648 0.765311 -1
1 -0.766546 5.232105 -1.023351 0.198081 0.765311 -1
1 -0.766546 3.531250 -1.023351 0.198081 0.998659 -1
1 -3.280706 3.531250 -2.064750 0.026338 0.787426 -1
1 -3.280706 5.232105 -2.064750 0.025979 0.893759 -1
1 -3.280706 3.531250 -2.064750 0.154514 0.998659 -1
1 -3.280706 5.232105 -2.064750 0.154514 0.765311 -1
1 -4.322104 3.531250 -4.578908 0.006776 0.840839 -1
1 -4.322104 5.232105 -4.578908 0.006417 0.840346 -1
1 -3.280706 3.531250 -2.064750 0.241169 0.998659 -1
1 -3.280706 5.232105 -2.064750 0.241169 0.765311 -1
1 -4.322104 5.232105 -4.578908 0.197602 0.765311 -1
1 -4.322104 3.531250 -4.578908 0.197602 0.998659 -1
1 -3.280706 3.531250 -7.093067 0.026338 0.894252 -1
1 -3.280706 5.232105 -7.093067 0.025979 0.786933 -1
1 -3.280706 3.531250 -7.093067 0.154035 0.998659 -1
1 -3.280706 5.232105 -7.093067 0.154035 0.765311 -1
1 -0.766546 3.531250 -8.134467 0.073565 0.916376 -1
1 -0.766546 5.232105 -8.134467 0.073207 0.764808 -1
1 -3.280706 3.531250 -7.093067 0.241648 0.998557 -1
1 -3.280706 5.232105 -7.093067 0.241648 0.765210 -1
1 -0.766546 5.232105 -8.134467 0.198081 0.765210 -1
1 -0.766546 3.531250 -8.134467 0.198081 0.998557 -1
1 1.747611 3.531250 -7.093067 0.120792 0.894252 -1
1 1.747611 5.232105 -7.093067 0.120434 0.786933 -1
1 1.747611 3.531250 -7.093067 0.154514 0.998557 -1
1 1.747611 5.232105 -7.093067 0.154514 0.765210 -1
1 1.747611 3.531250 -7.093067 0.241500 0.998558 -1
1 1.747611 5.232105 -7.093067 0.241500 0.765210 -1
1 12.068365 3.531250 -3.700120 0.140355 0.840839 -1
1 11.026966 3.531250 -1.185961 0.120792 0.787426 -1
1 8.512810 3.531250 -3.700120 0.073565 0.840839 -1
1 12.068365 5.232105 -3.700120 0.139996 0.840346 -1
1 8.512810 5.232105 -3.700120 0.073207 0.840346 -1
1 11.026966 5.232105 -1.185961 0.120434 0.893759 -1
1 12.068365 3.531250 -3.700120 0.197933 0.998558 -1
1 12.068365 5.232105 -3.700120 0.197933 0.765210 -1
1 11.026966 3.531250 -1.185961 0.154366 0.998558 -1
1 11.026966 5.232105 -1.185961 0.154366 0.765210 -1
1 8.512810 3.531250 -0.144563 0.073565 0.765302 -1
1 8.512810 5.232105 -0.144563 0.073207 0.915883 -1
1 11.026966 3.531250 -1.185961 0.241648 0.998659 -1
1 11.026966 5.232105 -1.185961 0.241648 0.765311 -1
1 8.512810 5.232105 -0.144563 0.198081 0.765311 -1
1 8.512810 3.531250 -0.144563 0.198081 0.998659 -1
1 5.998649 3.531250 -1.185961 0.026338 0.787426 -1
1 5.998649 5.232105 -1.185961 0.025979 0.893759 -1
1 5.998649 3.531250 -1.185961 0.154514 0.998659 -1
1 5.998649 5.232105 -1.185961 0.154514 0.765311 -1
1 4.957251 3.531250 -3.700120 0.006776 0.840839 -1
1 4.957251 5.232105 -3.700120 0.006417 0.840346 -1
1 5.998649 3.531250 -1.185961 0.241169 0.998659 -1
1 5.998649 5.232105 -1.185961 0.241169 0.765311 -1
1 4.957251 5.232105 -3.700120 0.197602 0.765311 -1
1 4.957251 3.531250 -3.700120 0.197602 0.998659 -1
1 5.998649 3.531250 -6.214279 0.026338 0.894252 -1
1 5.998649 5.232105 -6.214279 0.025979 0.786933 -1
1 5.998649 3.531250 -6.214279 0.154035 0.998659 -1
1 5.998649 5.232105 -6.214279 0.154035 0.765311 -1
1 8.512810 3.531250 -7.255677 0.073565 0.916376 -1
1 8.512810 5.232105 -7.255677 0.073207 0.764808 -1
1 5.998649 3.531250 -6.214279 0.241648 0.998557 -1
1 5.998649 5.232105 -6.214279 0.241648 0.765210 -1
1 8.512810 5.232105 -7.255677 0.198081 0.765210 -1
1 8.512810 3.531250 -7.255677 0.198081 0.998557 -1
1 11.026966 3.531250 -6.214279 0.120792 0.894252 -1
1 11.026966 5.232105 -6.214279 0.120434 0.786933 -1
1 11.026966 3.531250 -6.214279 0.154514 0.998557 -1
1 11.026966 5.232105 -6.214279 0.154514 0.765210 -1
1 11.026966 3.531250 -6.214279 0.241500 0.998558 -1
1 11.026966 5.232105 -6.214279 0.241500 0.765210 -1
1 -1.545466 5.444444 -3.038503 0.140355 0.840839 -1
1 -2.586866 5.444444 -0.524346 0.120792 0.787426 -1
1 -5.101027 5.444444 -3.038503 0.073565 0.840839 -1
1 -1.545466 7.145299 -3.038503 0.139996 0.840346 -1
1 -5.101027 7.145299 -3.038503 0.073207 0.840346 -1
1 -2.586866 7.145299 -0.524346 0.120434 0.893759 -1
1 -1.545466 5.444444 -3.038503 0.197933 0.998558 -1
1 -1.545466 7.145299 -3.038503 0.197933 0.765210 -1
1 -2.586866 5.444444 -0.524346 0.154366 0.998558 -1
1 -2.586866 7.145299 -0.524346 0.154366 0.765210 -1
1 -5.101027 5.444444 0.517053 0.073565 0.765302 -1
1 -5.101027 7.145299 0.517053 0.073207 0.915883 -1
1 -2.586866 5.444444 -0.524346 0.241648 0.998659 -1
1 -2.586866 7.145299 -0.524346 0.241648 0.765311 -1
1 -5.101027 7.145299 0.517053 0.198081 0.765311 -1
1 -5.101027 5.444444 0.517053 0.198081 0.998659 -1
1 -7.615191 5.444444 -0.524346 0.026338 0.787426 -1
1 -7.615191 7.145299 -0.524346 0.025979 0.893759 -1
1 -7.615191 5.444444 -0.524346 0.154514 0.998659 -1
1 -7.615191 7.145299 -0.524346 0.154514 0.765311 -1
1 -8.656590 5.444444 -3.038503 0.006776 0.840839 -1
1 -8.656590 7.145299 -3.038503 0.006417 0.840346 -1
1 -7.615191 5.444444 -0.524346 0.241169 0.998659 -1
1 -7.615191 7.145299 -0.524346 0.241169 0.765311 -1
1 -8.656590 7.145299 -3.038503 0.197602 0.765311 -1
1 -8.656590 5.444444 -3.038503 0.197602 0.998659 -1
1 -7.615191 5.444444 -5.552662 0.026338 0.894252 -1
1 -7.615191 7.145299 -5.552662 0.025979 0.786933 -1
1 -7.615191 5.444444 -5.552662 0.154035 0.998659 -1
1 -7.615191 7.145299 -5.552662 0.154035 0.765311 -1
1 -5.101027 5.444444 -6.594062 0.073565 0.916376 -1
1 -5.101027 7.145299 -6.594062 0.073207 0.764808 -1
1 -7.615191 5.444444 -5.552662 0.241648 0.998557 -1
1 -7.615191 7.145299 -5.552662 0.241648 0.765210 -1
1 -5.101027 7.145299 -6.594062 0.198081 0.765210 -1
1 -5.101027 5.444444 -6.594062 0.198081 0.998557 -1
1 -2.586866 5.444444 -5.552662 0.120792 0.894252 -1
1 -2.586866 7.145299 -5.552662 0.120434 0.786933 -1
1 -2.586866 5.444444 -5.552662 0.154514 0.998557 -1
1 -2.586866 7.145299 -5.552662 0.154514 0.765210 -1
1 -2.586866 5.444444 -5.552662 0.241500 0.998558 -1
1 -2.586866 7.145299 -5.552662 0.241500 0.765210 -1
1 3.654835 4.841099 -3.038503 0.140355 0.840839 -1
1 2.689265 5.231214 -0.524346 0.120792 0.787426 -1
1 0.358176 6.173036 -3.038503 0.073565 0.840839 -1
1 4.291987 6.418104 -3.038503 0.139996 0.840346 -1
1 0.995327 7.750041 -3.038503 0.073207 0.840346 -1
1 3.326417 6.808218 -0.524346 0.120434 0.893759 -1
1 3.654835 4.841099 -3.038503 0.197933 0.998558 -1
1 4.291987 6.418104 -3.038503 0.197933 0.765210 -1
1 2.689265 5.231214 -0.524346 0.154366 0.998558 -1
1 3.326417 6.808218 -0.524346 0.154366 0.765210 -1
1 0.358176 6.173036 0.517053 0.073565 0.765302 -1
1 0.995327 7.750041 0.517053 0.073207 0.915883 -1
1 2.689265 5.231214 -0.524346 0.241648 0.998659 -1
1 3.326417 6.808218 -0.524346 0.241648 0.765311 -1
1 0.995327 7.750041 0.517053 0.198081 0.765311 -1
1 0.358176 6.173036 0.517053 0.198081 0.998659 -1
1 -1.972916 7.114859 -0.524346 0.026338 0.787426 -1
1 -1.335765 8.691860 -0.524346 0.025979 0.893759 -1
1 -1.972916 7.114859 -0.524346 0.154514 0.998659 -1
1 -1.335765 8.691860 -0.524346 0.154514 0.765311 -1
1 -2.938485 7.504973 -3.038503 0.006776 0.840839 -1
1 -2.301335 9.081976 -3.038503 0.006417 0.840346 -1
1 -1.972916 7.114859 -0.524346 0.241169 0.998659 -1
1 -1.335765 8.691860 -0.524346 0.241169 0.765311 -1
1 -2.301335 9.081976 -3.038503 0.197602 0.765311 -1
1 -2.938485 7.504973 -3.038503 0.197602 0.998659 -1
1 -1.972916 7.114859 -5.552662 0.026338 0.894252 -1
1 -1.335765 8.691860 -5.552662 0.025979 0.786933 -1
1 -1.972916 7.114859 -5.552662 0.154035 0.998659 -1
1 -1.335765 8.691860 -5.552662 0.154035 0.765311 -1
1 0.358176 6.173036 -6.594062 0.073565 0.916376 -1
1 0.995327 7.750041 -6.594062 0.073207 0.764808 -1
1 -1.972916 7.114859 -5.552662 0.241648 0.998557 -1
1 -1.335765 8.691860 -5.552662 0.241648 0.765210 -1
1 0.995327 7.750041 -6.594062 0.198081 0.765210 -1
1 0.358176 6.173036 -6.594062 0.198081 0.998557 -1
1 2.689265 5.231214 -5.552662 0.120792 0.894252 -1
1 3.326417 6.808218 -5.552662 0.120434 0.786933 -1
1 2.689265 5.231214 -5.552662 0.154514 0.998557 -1
1 3.326417 6.808218 -5.552662 0.154514 0.765210 -1
1 2.689265 5.231214 -5.552662 0.241500 0.998558 -1
1 3.326417 6.808218 -5.552662 0.241500 0.765210 -1
176
0.000000 -1.000000 0.000000
0.000000 1.000000 0.000000
1.000000 0.000000 0.000000
0.923880 0.000000 0.382683
0.382684 0.000000 0.923879
0.000000 0.000000 1.000000
-0.382684 0.000000 0.923879
-0.923880 0.000000 0.382683
-1.000000 0.000000 0.000000
-0.923880 0.000000 -0.382683
-0.382684 0.000000 -0.923879
0.000000 0.000000 -1.000000
0.382684 0.000000 -0.923879
0.923880 0.000000 -0.382683
0.000000 0.000000 1.000000
-0.382683 0.000000 0.923880
-0.923879 0.000000 0.382684
-1.000000 0.000000 0.000000
-0.923880 0.000000 -0.382683
-0.382683 0.000000 -0.923880
0.000000 0.000000 -1.000000
0.000000 0.000000 -1.000000
0.000000 0.000000 1.000000
-0.382683 0.000000 0.923880
-0.923880 0.000000 0.382683
-0.923880 0.000000 -0.382683
-0.382683 0.000000 -0.923880
0.000000 0.000000 -1.000000
0.000000 0.000000 -1.000000
1.000000 0.000000 0.000000
0.382684 0.000000 0.923880
0.000000 0.000000 1.000000
-0.382683 0.000000 0.923880
-1.000000 0.000000 0.000000
-1.000000 0.000000 0.000000
-0.923880 0.000000 -0.382683
-0.382683 0.000000 -0.923880
0.000000 0.000000 -1.000000
0.382684 0.000000 -0.923879
0.923880 0.000000 -0.382683
1.000000 0.000000 0.000000
0.923879 0.000000 0.382684
0.382684 0.000000 0.923879
0.000000 0.000000 1.000000
-0.382683 0.000000 0.923880
-0.382683 0.000000 -0.923880
0.000000 0.000000 -1.000000
0.923880 0.000000 -0.382683
-1.000000 0.000000 0.000000
-0.923880 0.000000 -0.382683
1.000000 0.000000 0.000000
0.923880 0.000000 0.382683
-0.923879 0.000000 0.382684
-1.000000 0.000000 0.000000
-0.923879 0.000000 -0.382684
-0.382684 0.000000 -0.923879
0.382684 0.000000 -0.923879
0.923880 0.000000 -0.382683
0.382684 0.000000 0.923880
0.000000 0.000000 1.000000
0.000000 0.000000 1.000000
-0.923879 0.000000 0.382684
-1.000000 0.000000 0.000000
-0.923880 0.000000 -0.382683
-0.382684 0.000000 -0.923879
0.000000 0.000000 -1.000000
0.000000 0.000000 -1.000000
0.382684 0.000000 -0.923879
-0.382683 0.000000 0.923880
-0.923880 0.000000 0.382683
-1.000000 0.000000 0.000000
-0.923880 0.000000 -0.382683
-0.382684 0.000000 -0.923879
0.000000 0.000000 -1.000000
1.000000 0.000000 0.000000
0.923880 0.000000 0.382682
-0.923880 0.000000 0.382683
-1.000000 0.000000 0.000000
-0.923880 0.000000 -0.382683
-0.382684 0.000000 -0.923880
0.000000 0.000000 -1.000000
0.000000 0.000000 -1.000000
0.923880 0.000000 -0.382681
1.000000 0.000000 0.000000
0.923879 0.000000 0.382684
0.382684 0.000000 0.923879
-0.382683 0.000000 0.923880
-0.923879 0.000000 0.382684
-1.000000 0.000000 0.000000
-0.923880 0.000000 -0.382683
-0.382684 0.000000 -0.923879
0.000000 0.000000 -1.000000
0.382684 0.000000 -0.923879
0.923880 0.000000 -0.382683
1.000000 0.000000 0.000000
0.923880 0.000000 0.382683
0.382683 0.000000 0.923880
0.000000 0.000000 1.000000
-0.923880 0.000000 0.382683
-1.000000 0.000000 0.000000
-0.923880 0.000000 -0.382683
-0.382683 0.000000 -0.923880
0.000000 0.000000 -1.000000
0.382683 0.000000 -0.923880
0.923880 0.000000 -0.382683
0.923880 0.000000 0.382683
0.382684 0.000000 0.923879
-0.382683 0.000000 0.923880
-0.923880 0.000000 0.382683
0.000000 0.000000 -1.000000
0.382684 0.000000 -0.923879
0.923880 0.000000 -0.382683
0.923879 0.000000 0.382684
0.382684 0.000000 0.923879
0.000000 0.000000 1.000000
-0.382683 0.000000 0.923880
-0.923880 0.000000 0.382683
-1.000000 0.000000 0.000000
-0.382683 0.000000 -0.923880
0.000000 0.000000 -1.000000
0.382684 0.000000 -0.923880
0.923880 0.000000 -0.382683
1.000000 0.000000 0.000000
0.923879 0.000000 0.382684
0.382683 0.000000 0.923880
0.000000 0.000000 1.000000
-0.382683 0.000000 0.923880
-0.923879 0.000000 0.382684
-1.000000 0.000000 0.000000
-1.000000 0.000000 0.000000
-0.923880 0.000000 -0.382684
-0.382683 0.000000 -0.923880
0.000000 0.000000 -1.000000
0.923879 0.000000 -0.382684
-0.374607 -0.927184 -0.000000
-0.374607 -0.927184 -0.000000
-0.374607 -0.927184 0.000000
0.374607 0.927184 0.000000
0.374606 0.927184 0.000000
0.374607 0.927184 0.000000
0.927184 -0.374607 0.000000
0.927184 -0.374607 0.000000
0.856606 -0.346092 0.382684
0.856606 -0.346092 0.382684
-0.374607 -0.927184 0.000000
0.374606 0.927184 0.000000
0.354818 -0.143356 0.923880
0.354817 -0.143356 0.923880
0.000000 -0.000000 1.000000
0.000000 -0.000000 1.000000
-0.374607 -0.927184 0.000000
0.374606 0.927184 0.000000
-0.354817 0.143356 0.923880
-0.354817 0.143356 0.923880
-0.374607 -0.927184 0.000000
0.374606 0.927184 0.000000
-0.856606 0.346092 0.382684
-0.856606 0.346092 0.382684
-0.927184 0.374607 0.000000
-0.927184 0.374607 0.000000
-0.374607 -0.927184 -0.000000
0.374606 0.927184 -0.000000
-0.856606 0.346092 -0.382684
-0.856606 0.346092 -0.382684
-0.374607 -0.927184 0.000000
0.374606 0.927184 0.000000
-0.354818 0.143356 -0.923880
-0.354818 0.143356 -0.923880
0.000000 -0.000000 -1.000000
0.000000 -0.000000 -1.000000
-0.374607 -0.927184 0.000000
0.374607 0.927184 -0.000000
0.354818 -0.143356 -0.923880
0.354818 -0.143356 -0.923880
0.856606 -0.346092 -0.382684
0.856606 -0.346092 -0.382684
608
1 0 1 2 0 0 0 2
1 3 4 5 1 1 1 2
1 6 7 8 2 2 3 1
1 7 9 8 2 3 3 1
1 1 10 2 0 0 0 2
1 5 4 11 1 1 1 2
1 12 13 14 4 4 5 1
1 12 14 15 4 5 5 1
1 10 16 2 0 0 0 2
1 11 4 17 1 1 1 2
1 15 14 18 5 5 6 1
1 14 19 18 5 6 6 1
1 16 20 2 0 0 0 2
1 17 4 21 1 1 1 2
1 22 23 24 7 7 8 1
1 22 24 25 7 8 8 1
1 20 26 2 0 0 0 2
1 21 4 27 1 1 1 2
1 25 24 28 8 8 9 1
1 24 29 28 8 9 9 1
1 26 30 2 0 0 0 2
1 27 4 31 1 1 1 2
1 32 33 34 10 10 11 1
1 32 34 35 10 11 11 1
1 30 36 2 0 0 0 2
1 31 4 37 1 1 1 2
1 35 34 38 11 11 12 1
1 34 39 38 11 12 12 1
1 36 0 2 0 0 0 2
1 37 4 3 1 1 1 2
1 40 41 7 13 13 2 1
1 40 7 6 13 2 2 1
1 42 43 44 0 0 0 2
1 45 46 47 1 1 1 2
1 48 49 50 2 2 3 1
1 49 51 50 2 3 3 1
1 43 52 44 0 0 0 2
1 47 46 53 1 1 1 2
1 54 55 56 4 4 14 1
1 54 56 57 4 14 14 1
1 52 58 44 0 0 0 2
1 53 46 59 1 1 1 2
1 57 56 60 14 14 15 1
1 56 61 60 14 15 15 1
1 58 62 44 0 0 0 2
1 59 46 63 1 1 1 2
1 64 65 66 16 16 17 1
1 64 66 67 16 17 17 1
1 62 68 44 0 0 0 2
1 63 46 69 1 1 1 2
1 67 66 70 17 17 18 1
1 66 71 70 17 18 18 1
1 68 72 44 0 0 0 2
1 69 46 73 1 1 1 2
1 74 75 76 19 19 20 1
1 74 76 77 19 20 21 1
1 72 78 44 0 0 0 2
1 73 46 79 1 1 1 2
1 77 76 80 21 20 12 1
1 76 81 80 20 12 12 1
1 78 42 44 0 0 0 2
1 79 46 45 1 1 1 2
1 82 83 49 13 13 2 1
1 82 49 48 13 2 2 1
1 84 85 86 0 0 0 2
1 87 88 89 1 1 1 2
1 90 91 92 2 2 3 1
1 91 93 92 2 3 3 1
1 85 94 86 0 0 0 2
1 89 88 95 1 1 1 2
1 96 97 98 4 4 14 1
1 96 98 99 4 14 14 1
1 94 100 86 0 0 0 2
1 95 88 101 1 1 1 2
1 99 98 102 14 14 15 1
1 98 103 102 14 15 15 1
1 100 104 86 0 0 0 2
1 101 88 105 1 1 1 2
1 106 107 108 16 16 17 1
1 106 108 109 16 17 17 1
1 104 110 86 0 0 0 2
1 105 88 111 1 1 1 2
1 109 108 112 17 17 18 1
1 108 113 112 17 18 18 1
1 110 114 86 0 0 0 2
1 111 88 115 1 1 1 2
1 116 117 118 19 19 20 1
1 116 118 119 19 20 21 1
1 114 120 86 0 0 0 2
1 115 88 121 1 1 1 2
1 119 118 122 21 20 12 1
1 118 123 122 20 12 12 1
1 120 84 86 0 0 0 2
1 121 88 87 1 1 1 2
1 124 125 91 13 13 2 1
1 124 91 90 13 2 2 1
1 126 127 128 0 0 0 2
1 129 130 131 1 1 1 2
1 132 133 134 2 2 3 1
1 133 135 134 2 3 3 1
1 127 136 128 0 0 0 2
1 131 130 137 1 1 1 2
1 138 139 140 4 4 22 1
1 138 140 141 4 22 22 1
1 136 142 128 0 0 0 2
1 137 130 143 1 1 1 2
1 141 140 144 22 22 23 1
1 140 145 144 22 23 23 1
1 142 146 128 0 0 0 2
1 143 130 147 1 1 1 2
1 148 149 150 24 24 8 1
1 148 150 151 24 8 8 1
1 146 152 128 0 0 0 2
1 147 130 153 1 1 1 2
1 151 150 154 8 8 25 1
1 150 155 154 8 25 25 1
1 152 156 128 0 0 0 2
1 153 130 157 1 1 1 2
1 158 159 160 26 26 27 1
1 158 160 161 26 27 28 1
1 156 162 128 0 0 0 2
1 157 130 163 1 1 1 2
1 161 160 164 28 27 12 1
1 160 165 164 27 12 12 1
1 162 126 128 0 0 0 2
1 163 130 129 1 1 1 2
1 166 167 133 13 13 2 1
1 166 133 132 13 2 2 1
1 168 169 170 0 0 0 2
1 171 172 173 1 1 1 2
1 174 175 176 29 29 3 1
1 175 177 176 29 3 3 1
1 169 178 170 0 0 0 2
1 173 172 179 1 1 1 2
1 180 181 182 30 30 31 1
1 180 182 183 30 31 31 1
1 178 184 170 0 0 0 2
1 179 172 185 1 1 1 2
1 183 182 186 31 31 32 1
1 182 187 186 31 32 32 1
1 184 188 170 0 0 0 2
1 185 172 189 1 1 1 2
1 190 191 192 7 7 33 1
1 190 192 193 7 33 34 1
1 188 194 170 0 0 0 2
1 189 172 195 1 1 1 2
1 193 192 196 34 33 35 1
1 192 197 196 33 35 35 1
1 194 198 170 0 0 0 2
1 195 172 199 1 1 1 2
1 200 201 202 36 36 37 1
1 200 202 203 36 37 37 1
1 198 204 170 0 0 0 2
1 199 172 205 1 1 1 2
1 203 202 206 37 37 38 1
1 202 207 206 37 38 38 1
1 204 168 170 0 0 0 2
1 205 172 171 1 1 1 2
1 208 209 175 39 39 29 1
1 208 175 174 39 29 29 1
1 210 211 212 0 0 0 2
1 213 214 215 1 1 1 2
1 216 217 218 40 40 41 1
1 217 219 218 40 41 41 1
1 211 220 212 0 0 0 2
1 215 214 221 1 1 1 2
1 222 223 224 42 42 43 1
1 222 224 225 42 43 43 1
1 220 226 212 0 0 0 2
1 221 214 227 1 1 1 2
1 225 224 228 43 43 44 1
1 224 229 228 43 44 44 1
1 226 230 212 0 0 0 2
1 227 214 231 1 1 1 2
1 232 233 234 24 24 8 1
1 232 234 235 24 8 8 1
1 230 236 212 0 0 0 2
1 231 214 237 1 1 1 2
1 235 234 238 8 8 25 1
1 234 239 238 8 25 25 1
1 236 240 212 0 0 0 2
1 237 214 241 1 1 1 2
1 242 243 244 45 45 46 1
1 242 244 245 45 46 46 1
1 240 246 212 0 0 0 2
1 241 214 247 1 1 1 2
1 245 244 248 46 46 12 1
1 244 249 248 46 12 12 1
1 246 210 212 0 0 0 2
1 247 214 213 1 1 1 2
1 250 251 217 47 47 40 1
1 250 217 216 47 40 40 1
1 252 253 254 0 0 0 2
1 255 256 257 1 1 1 2
1 258 259 260 29 29 3 1
1 259 261 260 29 3 3 1
1 253 262 254 0 0 0 2
1 257 256 263 1 1 1 2
1 264 265 266 4 4 22 1
1 264 266 267 4 22 22 1
1 262 268 254 0 0 0 2
1 263 256 269 1 1 1 2
1 267 266 270 22 22 23 1
1 266 271 270 22 23 23 1
1 268 272 254 0 0 0 2
1 269 256 273 1 1 1 2
1 274 275 276 24 24 48 1
1 274 276 277 24 48 48 1
1 272 278 254 0 0 0 2
1 273 256 279 1 1 1 2
1 277 276 280 48 48 49 1
1 276 281 280 48 49 49 1
1 278 282 254 0 0 0 2
1 279 256 283 1 1 1 2
1 284 285 286 26 26 27 1
1 284 286 287 26 27 28 1
1 282 288 254 0 0 0 2
1 283 256 289 1 1 1 2
1 287 286 290 28 27 12 1
1 286 291 290 27 12 12 1
1 288 252 254 0 0 0 2
1 289 256 255 1 1 1 2
1 292 293 259 39 39 29 1
1 292 259 258 39 29 29 1
1 294 295 296 0 0 0 2
1 297 298 299 1 1 1 2
1 300 301 302 50 50 51 1
1 301 303 302 50 51 51 1
1 295 304 296 0 0 0 2
1 299 298 305 1 1 1 2
1 306 307 308 4 4 5 1
1 306 308 309 4 5 5 1
1 304 310 296 0 0 0 2
1 305 298 311 1 1 1 2
1 309 308 312 5 5 6 1
1 308 313 312 5 6 6 1
1 310 314 296 0 0 0 2
1 311 298 315 1 1 1 2
1 316 317 318 52 52 53 1
1 316 318 319 52 53 53 1
1 314 320 296 0 0 0 2
1 315 298 321 1 1 1 2
1 319 318 322 53 53 54 1
1 318 323 322 53 54 54 1
1 320 324 296 0 0 0 2
1 321 298 325 1 1 1 2
1 326 327 328 55 55 11 1
1 326 328 329 55 11 11 1
1 324 330 296 0 0 0 2
1 325 298 331 1 1 1 2
1 329 328 332 11 11 56 1
1 328 333 332 11 56 56 1
1 330 294 296 0 0 0 2
1 331 298 297 1 1 1 2
1 334 335 301 57 57 50 1
1 334 301 300 57 50 50 1
1 336 337 338 0 0 0 2
1 339 340 341 1 1 1 2
1 342 343 344 50 50 51 1
1 343 345 344 50 51 51 1
1 337 346 338 0 0 0 2
1 341 340 347 1 1 1 2
1 348 349 350 58 58 59 1
1 348 350 351 58 59 60 1
1 346 352 338 0 0 0 2
1 347 340 353 1 1 1 2
1 351 350 354 60 59 44 1
1 350 355 354 59 44 44 1
1 352 356 338 0 0 0 2
1 353 340 357 1 1 1 2
1 358 359 360 61 61 62 1
1 358 360 361 61 62 62 1
1 356 362 338 0 0 0 2
1 357 340 363 1 1 1 2
1 361 360 364 62 62 63 1
1 360 365 364 62 63 63 1
1 362 366 338 0 0 0 2
1 363 340 367 1 1 1 2
1 368 369 370 64 64 65 1
1 368 370 371 64 65 66 1
1 366 372 338 0 0 0 2
1 367 340 373 1 1 1 2
1 371 370 374 66 65 67 1
1 370 375 374 65 67 67 1
1 372 336 338 0 0 0 2
1 373 340 339 1 1 1 2
1 376 377 343 57 57 50 1
1 376 343 342 57 50 50 1
1 378 379 380 0 0 0 2
1 381 382 383 1 1 1 2
1 384 385 386 50 50 51 1
1 385 387 386 50 51 51 1
1 379 388 380 0 0 0 2
1 383 382 389 1 1 1 2
1 390 391 392 4 4 43 1
1 390 392 393 4 43 43 1
1 388 394 380 0 0 0 2
1 389 382 395 1 1 1 2
1 393 392 396 43 43 68 1
1 392 397 396 43 68 68 1
1 394 398 380 0 0 0 2
1 395 382 399 1 1 1 2
1 400 401 402 69 69 70 1
1 400 402 403 69 70 70 1
1 398 404 380 0 0 0 2
1 399 382 405 1 1 1 2
1 403 402 406 70 70 71 1
1 402 407 406 70 71 71 1
1 404 408 380 0 0 0 2
1 405 382 409 1 1 1 2
1 410 411 412 72 72 73 1
1 410 412 413 72 73 73 1
1 408 414 380 0 0 0 2
1 409 382 415 1 1 1 2
1 413 412 416 73 73 56 1
1 412 417 416 73 56 56 1
1 414 378 380 0 0 0 2
1 415 382 381 1 1 1 2
1 418 419 385 57 57 50 1
1 418 385 384 57 50 50 1
1 420 421 422 0 0 0 2
1 423 424 425 1 1 1 2
1 426 427 428 74 74 75 1
1 427 429 428 74 75 75 1
1 421 430 422 0 0 0 2
1 425 424 431 1 1 1 2
1 432 433 434 4 4 22 1
1 432 434 435 4 22 22 1
1 430 436 422 0 0 0 2
1 431 424 437 1 1 1 2
1 435 434 438 22 22 23 1
1 434 439 438 22 23 23 1
1 436 440 422 0 0 0 2
1 437 424 441 1 1 1 2
1 442 443 444 76 76 77 1
1 442 444 445 76 77 77 1
1 440 446 422 0 0 0 2
1 441 424 447 1 1 1 2
1 445 444 448 77 77 78 1
1 444 449 448 77 78 78 1
1 446 450 422 0 0 0 2
1 447 424 451 1 1 1 2
1 452 453 454 79 79 80 1
1 452 454 455 79 80 81 1
1 450 456 422 0 0 0 2
1 451 424 457 1 1 1 2
1 455 454 458 81 80 56 1
1 454 459 458 80 56 56 1
1 456 420 422 0 0 0 2
1 457 424 423 1 1 1 2
1 460 461 427 82 82 74 1
1 460 427 426 82 74 74 1
1 462 463 464 0 0 0 2
1 465 466 467 1 1 1 2
1 468 469 470 29 29 3 1
1 469 471 470 29 3 3 1
1 463 472 464 0 0 0 2
1 467 466 473 1 1 1 2
1 474 475 476 30 30 31 1
1 474 476 477 30 31 31 1
1 472 478 464 0 0 0 2
1 473 466 479 1 1 1 2
1 477 476 480 31 31 32 1
1 476 481 480 31 32 32 1
1 478 482 464 0 0 0 2
1 479 466 483 1 1 1 2
1 484 485 486 7 7 33 1
1 484 486 487 7 33 34 1
1 482 488 464 0 0 0 2
1 483 466 489 1 1 1 2
1 487 486 490 34 33 35 1
1 486 491 490 33 35 35 1
1 488 492 464 0 0 0 2
1 489 466 493 1 1 1 2
1 494 495 496 36 36 37 1
1 494 496 497 36 37 37 1
1 492 498 464 0 0 0 2
1 493 466 499 1 1 1 2
1 497 496 500 37 37 38 1
1 496 501 500 37 38 38 1
1 498 462 464 0 0 0 2
1 499 466 465 1 1 1 2
1 502 503 469 39 39 29 1
1 502 469 468 39 29 29 1
1 504 505 506 0 0 0 2
1 507 508 509 1 1 1 2
1 510 511 512 83 83 84 1
1 511 513 512 83 84 84 1
1 505 514 506 0 0 0 2
1 509 508 515 1 1 1 2
1 516 517 518 85 85 14 1
1 516 518 519 85 14 14 1
1 514 520 506 0 0 0 2
1 515 508 521 1 1 1 2
1 519 518 522 14 14 86 1
1 518 523 522 14 86 86 1
1 520 524 506 0 0 0 2
1 521 508 525 1 1 1 2
1 526 527 528 87 87 88 1
1 526 528 529 87 88 88 1
1 524 530 506 0 0 0 2
1 525 508 531 1 1 1 2
1 529 528 532 88 88 89 1
1 528 533 532 88 89 89 1
1 530 534 506 0 0 0 2
1 531 508 535 1 1 1 2
1 536 537 538 90 90 91 1
1 536 538 539 90 91 91 1
1 534 540 506 0 0 0 2
1 535 508 541 1 1 1 2
1 539 538 542 91 91 92 1
1 538 543 542 91 92 92 1
1 540 504 506 0 0 0 2
1 541 508 507 1 1 1 2
1 544 545 511 93 93 83 1
1 544 511 510 93 83 83 1
1 546 547 548 0 0 0 2
1 549 550 551 1 1 1 2
1 552 553 554 29 29 3 1
1 553 555 554 29 3 3 1
1 547 556 548 0 0 0 2
1 551 550 557 1 1 1 2
1 558 559 560 4 4 22 1
1 558 560 561 4 22 22 1
1 556 562 548 0 0 0 2
1 557 550 563 1 1 1 2
1 561 560 564 22 22 23 1
1 560 565 564 22 23 23 1
1 562 566 548 0 0 0 2
1 563 550 567 1 1 1 2
1 568 569 570 24 24 48 1
1 568 570 571 24 48 48 1
1 566 572 548 0 0 0 2
1 567 550 573 1 1 1 2
1 571 570 574 48 48 49 1
1 570 575 574 48 49 49 1
1 572 576 548 0 0 0 2
1 573 550 577 1 1 1 2
1 578 579 580 26 26 27 1
1 578 580 581 26 27 28 1
1 576 582 548 0 0 0 2
1 577 550 583 1 1 1 2
1 581 580 584 28 27 12 1
1 580 585 584 27 12 12 1
1 582 546 548 0 0 0 2
1 583 550 549 1 1 1 2
1 586 587 553 39 39 29 1
1 586 553 552 39 29 29 1
1 588 589 590 0 0 0 2
1 591 592 593 1 1 1 2
1 594 595 596 94 94 95 1
1 595 597 596 94 95 95 1
1 589 598 590 0 0 0 2
1 593 592 599 1 1 1 2
1 600 601 602 96 96 97 1
1 600 602 603 96 97 97 1
1 598 604 590 0 0 0 2
1 599 592 605 1 1 1 2
1 603 602 606 97 97 32 1
1 602 607 606 97 32 32 1
1 604 608 590 0 0 0 2
1 605 592 609 1 1 1 2
1 610 611 612 98 98 99 1
1 610 612 613 98 99 99 1
1 608 614 590 0 0 0 2
1 609 592 615 1 1 1 2
1 613 612 616 99 99 100 1
1 612 617 616 99 100 100 1
1 614 618 590 0 0 0 2
1 615 592 619 1 1 1 2
1 620 621 622 101 101 102 1
1 620 622 623 101 102 102 1
1 618 624 590 0 0 0 2
1 619 592 625 1 1 1 2
1 623 622 626 102 102 103 1
1 622 627 626 102 103 103 1
1 624 588 590 0 0 0 2
1 625 592 591 1 1 1 2
1 628 629 595 104 104 94 1
1 628 595 594 104 94 94 1
1 630 631 632 0 0 0 2
1 633 634 635 1 1 1 2
1 636 637 638 40 2 105 1
1 637 639 638 2 105 105 1
1 631 640 632 0 0 0 2
1 635 634 641 1 1 1 2
1 642 643 644 106 106 14 1
1 642 644 645 106 14 14 1
1 640 646 632 0 0 0 2
1 641 634 647 1 1 1 2
1 645 644 648 14 14 107 1
1 644 649 648 14 107 107 1
1 646 650 632 0 0 0 2
1 647 634 651 1 1 1 2
1 652 653 654 108 108 8 1
1 652 654 655 108 8 8 1
1 650 656 632 0 0 0 2
1 651 634 657 1 1 1 2
1 655 654 658 8 8 25 1
1 654 659 658 8 25 25 1
1 656 660 632 0 0 0 2
1 657 634 661 1 1 1 2
1 662 663 664 10 10 91 1
1 662 664 665 10 91 109 1
1 660 666 632 0 0 0 2
1 661 634 667 1 1 1 2
1 665 664 668 109 91 110 1
1 664 669 668 91 110 110 1
1 666 630 632 0 0 0 2
1 667 634 633 1 1 1 2
1 670 671 637 111 111 2 1
1 670 637 636 111 2 40 1
1 672 673 674 0 0 0 2
1 675 676 677 1 1 1 2
1 678 679 680 40 40 112 1
1 679 681 680 40 112 112 1
1 673 682 674 0 0 0 2
1 677 676 683 1 1 1 2
1 684 685 686 113 113 114 1
1 684 686 687 113 114 114 1
1 682 688 674 0 0 0 2
1 683 676 689 1 1 1 2
1 687 686 690 114 114 115 1
1 686 691 690 114 115 115 1
1 688 692 674 0 0 0 2
1 689 676 693 1 1 1 2
1 694 695 696 116 116 117 1
1 694 696 697 116 117 117 1
1 692 698 674 0 0 0 2
1 693 676 699 1 1 1 2
1 697 696 700 117 117 71 1
1 696 701 700 117 71 71 1
1 698 702 674 0 0 0 2
1 699 676 703 1 1 1 2
1 704 705 706 118 118 119 1
1 704 706 707 118 119 119 1
1 702 708 674 0 0 0 2
1 703 676 709 1 1 1 2
1 707 706 710 119 119 120 1
1 706 711 710 119 120 120 1
1 708 672 674 0 0 0 2
1 709 676 675 1 1 1 2
1 712 713 679 121 121 40 1
1 712 679 678 121 40 40 1
1 714 715 716 0 0 0 2
1 717 718 719 1 1 1 2
1 720 721 722 122 122 123 1
1 721 723 722 122 123 123 1
1 715 724 716 0 0 0 2
1 719 718 725 1 1 1 2
1 726 727 728 124 124 125 1
1 726 728 729 124 125 125 1
1 724 730 716 0 0 0 2
1 725 718 731 1 1 1 2
1 729 728 732 125 125 126 1
1 728 733 732 125 126 126 1
1 730 734 716 0 0 0 2
1 731 718 735 1 1 1 2
1 736 737 738 127 127 128 1
1 736 738 739 127 128 129 1
1 734 740 716 0 0 0 2
1 735 718 741 1 1 1 2
1 739 738 742 129 128 130 1
1 738 743 742 128 130 130 1
1 740 744 716 0 0 0 2
1 741 718 745 1 1 1 2
1 746 747 748 131 131 132 1
1 746 748 749 131 132 132 1
1 744 750 716 0 0 0 2
1 745 718 751 1 1 1 2
1 749 748 752 132 132 120 1
1 748 753 752 132 120 120 1
1 750 714 716 0 0 0 2
1 751 718 717 1 1 1 2
1 754 755 721 133 133 122 1
1 754 721 720 133 122 122 1
1 756 757 758 134 135 136 2
1 759 760 761 137 138 139 2
1 762 763 764 140 141 142 1
1 763 765 764 141 143 142 1
1 757 766 758 135 144 136 2
1 761 760 767 139 138 145 2
1 768 769 770 146 147 148 1
1 768 770 771 146 148 149 1
1 766 772 758 144 150 136 2
1 767 760 773 145 138 151 2
1 771 770 774 149 148 152 1
1 770 775 774 148 153 152 1
1 772 776 758 150 154 136 2
1 773 760 777 151 138 155 2
1 778 779 780 156 157 158 1
1 778 780 781 156 158 159 1
1 776 782 758 154 160 136 2
1 777 760 783 155 138 161 2
1 781 780 784 159 158 162 1
1 780 785 784 158 163 162 1
1 782 786 758 160 164 136 2
1 783 760 787 161 138 165 2
1 788 789 790 166 167 168 1
1 788 790 791 166 168 169 1
1 786 792 758 164 170 136 2
1 787 760 793 165 138 171 2
1 791 790 794 169 168 172 1
1 790 795 794 168 173 172 1
1 792 756 758 170 134 136 2
1 793 760 759 171 138 137 2
1 796 797 763 174 175 141 1
1 796 763 762 174 141 140 1

Materials: 1
"Material01"
0.200000 0.200000 0.200000 1.000000
0.800000 0.800000 0.800000 1.000000
0.000000 0.000000 0.000000 1.000000
0.000000 0.000000 0.000000 1.000000
0.000000
1.000000
"..\Image\House1.tga"
""

Bones: 0
GroupComments: 0
MaterialComments: 0
BoneComments: 0
ModelComment: 0
