// MilkShape 3D ASCII

Frames: 30
Frame: 1

Meshes: 1
"Cylinder02" 0 0
96
1 15.153223 6.000000 0.000000 0.996558 0.491594 -1
1 7.576612 6.000000 0.000000 -0.004448 0.491594 -1
1 15.153223 5.598076 1.500000 0.996558 0.740785 -1
1 7.576612 5.598076 1.500000 -0.004448 0.740785 -1
1 7.576612 6.000000 0.000000 0.996558 0.496074 -1
1 0.000000 6.000000 0.000000 -0.004447 0.496074 -1
1 0.000000 5.598076 1.500000 -0.004447 0.745265 -1
1 7.576612 5.598076 1.500000 0.996558 0.745265 -1
1 0.000000 6.000000 0.000000 0.996559 0.489354 -1
1 -7.576613 6.000000 0.000000 -0.004446 0.489354 -1
1 0.000000 5.598076 1.500000 0.996559 0.738545 -1
1 -7.576613 5.598076 1.500000 -0.004446 0.738545 -1
1 -7.576613 6.000000 0.000000 0.996559 0.491594 -1
1 -15.153223 6.000000 0.000000 -0.004447 0.491594 -1
1 -15.153223 5.598075 1.500000 -0.004447 0.740785 -1
1 -7.576613 5.598076 1.500000 0.996559 0.740785 -1
1 7.576612 4.500000 2.598076 -0.004448 0.923206 -1
1 15.153223 4.500000 2.598076 0.996558 0.923206 -1
1 7.576612 4.500000 2.598076 0.996558 0.927685 -1
1 0.000000 4.500000 2.598076 -0.004447 0.927685 -1
1 -7.576613 4.500000 2.598076 -0.004446 0.920966 -1
1 0.000000 4.500000 2.598076 0.996559 0.920966 -1
1 -7.576613 4.500000 2.598076 0.996559 0.923206 -1
1 -15.153223 4.500000 2.598076 -0.004447 0.923206 -1
1 15.153223 3.000000 3.000000 0.996558 0.989976 -1
1 7.576612 3.000000 3.000000 -0.004448 0.989976 -1
1 0.000000 3.000000 3.000000 -0.004447 0.994456 -1
1 7.576612 3.000000 3.000000 0.996558 0.994456 -1
1 0.000000 3.000000 3.000000 0.996559 0.987736 -1
1 -7.576613 3.000000 3.000000 -0.004446 0.987736 -1
1 -15.153223 3.000000 3.000000 -0.004447 0.989976 -1
1 -7.576613 3.000000 3.000000 0.996559 0.989976 -1
1 7.576612 1.500000 2.598076 -0.004448 0.923206 -1
1 15.153223 1.500000 2.598076 0.996558 0.923206 -1
1 7.576612 1.500000 2.598076 0.996558 0.927685 -1
1 0.000000 1.500000 2.598076 -0.004447 0.927685 -1
1 -7.576613 1.500000 2.598076 -0.004446 0.920966 -1
1 0.000000 1.500000 2.598076 0.996559 0.920966 -1
1 -7.576613 1.500000 2.598076 0.996559 0.923206 -1
1 -15.153223 1.500000 2.598076 -0.004447 0.923206 -1
1 15.153223 0.401925 1.500000 0.996558 0.740785 -1
1 7.576612 0.401924 1.500000 -0.004448 0.740785 -1
1 0.000000 0.401924 1.500000 -0.004447 0.745265 -1
1 7.576612 0.401924 1.500000 0.996558 0.745265 -1
1 0.000000 0.401924 1.500000 0.996559 0.738545 -1
1 -7.576613 0.401924 1.500000 -0.004446 0.738545 -1
1 -15.153223 0.401924 1.500000 -0.004447 0.740785 -1
1 -7.576613 0.401924 1.500000 0.996559 0.740785 -1
1 7.576612 0.000000 0.000000 -0.004448 0.491594 -1
1 15.153223 0.000000 0.000000 0.996558 0.491594 -1
1 7.576612 0.000000 0.000000 0.996558 0.496074 -1
1 0.000000 0.000000 0.000000 -0.004447 0.496074 -1
1 -7.576613 0.000000 0.000000 -0.004446 0.489354 -1
1 0.000000 0.000000 0.000000 0.996559 0.489354 -1
1 -7.576613 0.000000 0.000000 0.996559 0.491594 -1
1 -15.153223 -0.000000 0.000000 -0.004447 0.491594 -1
1 15.153223 0.401925 -1.500000 0.996558 0.242403 -1
1 7.576612 0.401924 -1.500000 -0.004448 0.242403 -1
1 0.000000 0.401924 -1.500000 -0.004447 0.246882 -1
1 7.576612 0.401924 -1.500000 0.996558 0.246882 -1
1 0.000000 0.401924 -1.500000 0.996559 0.240163 -1
1 -7.576613 0.401924 -1.500000 -0.004446 0.240163 -1
1 -15.153223 0.401924 -1.500000 -0.004447 0.242403 -1
1 -7.576613 0.401924 -1.500000 0.996559 0.242403 -1
1 7.576612 1.500000 -2.598076 -0.004448 0.059982 -1
1 15.153223 1.500000 -2.598076 0.996558 0.059982 -1
1 7.576612 1.500000 -2.598076 0.996558 0.064462 -1
1 0.000000 1.500000 -2.598076 -0.004447 0.064462 -1
1 -7.576613 1.500000 -2.598076 -0.004446 0.057742 -1
1 0.000000 1.500000 -2.598076 0.996559 0.057742 -1
1 -7.576613 1.500000 -2.598076 0.996559 0.059982 -1
1 -15.153223 1.500000 -2.598076 -0.004447 0.059982 -1
1 15.153223 3.000000 -3.000000 0.996558 -0.006788 -1
1 7.576612 3.000000 -3.000000 -0.004448 -0.006788 -1
1 0.000000 3.000000 -3.000000 -0.004447 -0.002308 -1
1 7.576612 3.000000 -3.000000 0.996558 -0.002308 -1
1 0.000000 3.000000 -3.000000 0.996559 -0.009028 -1
1 -7.576613 3.000000 -3.000000 -0.004446 -0.009028 -1
1 -15.153223 3.000000 -3.000000 -0.004447 -0.006788 -1
1 -7.576613 3.000000 -3.000000 0.996559 -0.006788 -1
1 7.576612 4.500000 -2.598076 -0.004448 0.059982 -1
1 15.153223 4.500000 -2.598076 0.996558 0.059982 -1
1 7.576612 4.500000 -2.598076 0.996558 0.064462 -1
1 0.000000 4.500000 -2.598076 -0.004447 0.064462 -1
1 -7.576613 4.500000 -2.598076 -0.004446 0.057742 -1
1 0.000000 4.500000 -2.598076 0.996559 0.057742 -1
1 -7.576613 4.500000 -2.598076 0.996559 0.059982 -1
1 -15.153223 4.500000 -2.598076 -0.004447 0.059982 -1
1 15.153223 5.598076 -1.500000 0.996558 0.242403 -1
1 7.576612 5.598076 -1.500000 -0.004448 0.242403 -1
1 0.000000 5.598076 -1.500000 -0.004447 0.246882 -1
1 7.576612 5.598076 -1.500000 0.996558 0.246882 -1
1 0.000000 5.598076 -1.500000 0.996559 0.240163 -1
1 -7.576613 5.598076 -1.500000 -0.004446 0.240163 -1
1 -15.153223 5.598075 -1.500000 -0.004447 0.242403 -1
1 -7.576613 5.598076 -1.500000 0.996559 0.242403 -1
70
0.000000 1.000000 0.000000
-0.000000 1.000000 0.000000
-0.000000 0.866025 0.500000
-0.000000 0.866025 0.500000
0.000000 0.866025 0.500000
-0.000000 1.000000 0.000000
-0.000000 0.866025 0.500000
-0.000000 0.866025 0.500000
-0.000000 0.500000 0.866025
0.000000 0.500000 0.866025
0.000000 0.500000 0.866025
-0.000000 0.500000 0.866025
-0.000000 -0.000000 1.000000
0.000000 -0.000000 1.000000
0.000000 -0.000000 1.000000
0.000000 -0.000000 1.000000
0.000000 0.000000 1.000000
0.000000 0.000000 1.000000
-0.000000 0.000000 1.000000
-0.000000 0.000000 1.000000
0.000000 -0.500000 0.866025
0.000000 -0.500000 0.866025
0.000000 -0.500000 0.866025
0.000000 -0.500000 0.866025
0.000000 -0.500000 0.866025
0.000000 -0.500000 0.866025
0.000000 -0.500000 0.866025
0.000000 -0.866025 0.500000
0.000000 -0.866025 0.500000
0.000000 -0.866025 0.500000
0.000000 -0.866025 0.500000
0.000000 -0.866025 0.500000
0.000000 -0.866025 0.500000
0.000000 -1.000000 0.000000
0.000000 -1.000000 0.000000
0.000000 -1.000000 0.000000
0.000000 -1.000000 -0.000000
0.000000 -1.000000 0.000000
0.000000 -0.866025 -0.500000
0.000000 -0.866025 -0.500000
0.000000 -0.866025 -0.500000
0.000000 -0.866025 -0.500000
0.000000 -0.866025 -0.500000
0.000000 -0.500000 -0.866025
0.000000 -0.500000 -0.866025
0.000000 -0.500000 -0.866025
0.000000 -0.500000 -0.866025
0.000000 -0.500000 -0.866025
0.000000 -0.500000 -0.866025
0.000000 -0.500000 -0.866025
-0.000000 -0.000000 -1.000000
0.000000 -0.000000 -1.000000
0.000000 -0.000000 -1.000000
0.000000 -0.000000 -1.000000
0.000000 0.000000 -1.000000
0.000000 0.000000 -1.000000
-0.000000 0.000000 -1.000000
-0.000000 0.000000 -1.000000
-0.000000 0.500000 -0.866025
-0.000000 0.500000 -0.866025
0.000000 0.500000 -0.866025
0.000000 0.500000 -0.866025
0.000000 0.500000 -0.866025
-0.000000 0.500000 -0.866025
-0.000000 0.500000 -0.866025
-0.000000 0.866025 -0.500000
-0.000000 0.866025 -0.500000
0.000000 0.866025 -0.500000
-0.000000 0.866025 -0.500000
-0.000000 0.866025 -0.500000
96
0 0 1 2 0 1 2 1
0 1 3 2 1 3 2 1
0 4 5 6 0 0 4 1
0 4 6 7 0 4 4 1
0 8 9 10 0 0 4 1
0 9 11 10 0 4 4 1
0 12 13 14 5 5 6 1
0 12 14 15 5 6 7 1
0 2 3 16 2 3 8 1
0 2 16 17 2 8 8 1
0 7 6 18 4 4 9 1
0 6 19 18 4 9 9 1
0 10 11 20 4 4 9 1
0 10 20 21 4 9 10 1
0 15 14 22 7 6 11 1
0 14 23 22 6 11 11 1
0 17 16 24 8 8 12 1
0 16 25 24 8 13 12 1
0 18 19 26 9 9 14 1
0 18 26 27 9 14 15 1
0 21 20 28 10 9 16 1
0 20 29 28 9 17 16 1
0 22 23 30 11 11 18 1
0 22 30 31 11 18 19 1
0 24 25 32 12 13 20 1
0 24 32 33 12 20 21 1
0 27 26 34 15 14 22 1
0 26 35 34 14 21 22 1
0 28 29 36 16 17 23 1
0 28 36 37 16 23 24 1
0 31 30 38 19 18 25 1
0 30 39 38 18 26 25 1
0 33 32 40 21 20 27 1
0 32 41 40 20 28 27 1
0 34 35 42 22 21 27 1
0 34 42 43 22 27 28 1
0 37 36 44 24 23 29 1
0 36 45 44 23 30 29 1
0 38 39 46 25 26 31 1
0 38 46 47 25 31 32 1
0 40 41 48 27 28 33 1
0 40 48 49 27 33 33 1
0 43 42 50 28 27 33 1
0 42 51 50 27 33 33 1
0 44 45 52 29 30 34 1
0 44 52 53 29 34 35 1
0 47 46 54 32 31 36 1
0 46 55 54 31 37 36 1
0 49 48 56 33 33 38 1
0 48 57 56 33 38 38 1
0 50 51 58 33 33 38 1
0 50 58 59 33 38 38 1
0 53 52 60 35 34 39 1
0 52 61 60 34 40 39 1
0 54 55 62 36 37 41 1
0 54 62 63 36 41 42 1
0 56 57 64 38 38 43 1
0 56 64 65 38 43 44 1
0 59 58 66 38 38 45 1
0 58 67 66 38 44 45 1
0 60 61 68 39 40 46 1
0 60 68 69 39 46 47 1
0 63 62 70 42 41 48 1
0 62 71 70 41 49 48 1
0 65 64 72 44 43 50 1
0 64 73 72 43 51 50 1
0 66 67 74 45 44 52 1
0 66 74 75 45 52 53 1
0 69 68 76 47 46 54 1
0 68 77 76 46 55 54 1
0 70 71 78 48 49 56 1
0 70 78 79 48 56 57 1
0 72 73 80 50 51 58 1
0 72 80 81 50 58 59 1
0 75 74 82 53 52 60 1
0 74 83 82 52 61 60 1
0 76 77 84 54 55 62 1
0 76 84 85 54 62 62 1
0 79 78 86 57 56 63 1
0 78 87 86 56 64 63 1
0 81 80 88 59 58 65 1
0 80 89 88 58 66 65 1
0 82 83 90 60 61 67 1
0 82 90 91 60 67 67 1
0 85 84 92 62 62 67 1
0 84 93 92 62 67 67 1
0 86 87 94 63 64 68 1
0 86 94 95 63 68 69 1
0 88 89 1 65 66 1 1
0 88 1 0 65 1 0 1
0 91 90 4 67 67 0 1
0 90 5 4 67 0 0 1
0 92 93 9 67 67 0 1
0 92 9 8 67 0 0 1
0 95 94 12 69 68 5 1
0 94 13 12 68 5 5 1

Materials: 1
"Material01"
0.200000 0.200000 0.200000 1.000000
0.800000 0.800000 0.800000 1.000000
0.000000 0.000000 0.000000 1.000000
0.000000 0.000000 0.000000 1.000000
0.000000
1.000000
"..\Image\WireFence.tga"
""

Bones: 0
GroupComments: 0
MaterialComments: 0
BoneComments: 0
ModelComment: 0
