// MilkShape 3D ASCII

Frames: 40
Frame: 1

Meshes: 1
"Cylinder06" 0 -1
13
1 1.000000 0.000000 0.000000 0.000000 0.000000 -1
1 0.000000 0.000000 0.000000 0.000000 0.000000 -1
1 0.866025 0.000000 0.500000 0.000000 0.000000 -1
1 0.500000 0.000000 0.866025 0.000000 0.000000 -1
1 0.000000 0.000000 1.000000 0.000000 0.000000 -1
1 -0.500000 0.000000 0.866025 0.000000 0.000000 -1
1 -0.866025 0.000000 0.500000 0.000000 0.000000 -1
1 -1.000000 0.000000 0.000000 0.000000 0.000000 -1
1 -0.866025 0.000000 -0.500000 0.000000 0.000000 -1
1 -0.500000 0.000000 -0.866025 0.000000 0.000000 -1
1 0.000000 0.000000 -1.000000 0.000000 0.000000 -1
1 0.500000 0.000000 -0.866025 0.000000 0.000000 -1
1 0.866025 0.000000 -0.500000 0.000000 0.000000 -1
1
0.000000 1.000000 0.000000
12
0 0 1 2 0 0 0 2
0 2 1 3 0 0 0 2
0 3 1 4 0 0 0 2
0 4 1 5 0 0 0 2
0 5 1 6 0 0 0 2
0 6 1 7 0 0 0 2
0 7 1 8 0 0 0 2
0 8 1 9 0 0 0 2
0 9 1 10 0 0 0 2
0 10 1 11 0 0 0 2
0 11 1 12 0 0 0 2
0 12 1 0 0 0 0 2

Materials: 0

Bones: 0
GroupComments: 0
MaterialComments: 0
BoneComments: 0
ModelComment: 0
