// MilkShape 3D ASCII

Frames: 30
Frame: 1

Meshes: 1
"1_Blz" 1 0
187
1 -14.999999 -0.030899 -2.732471 0.334907 0.465711 -1
1 -15.096055 19.202930 -16.020130 0.002416 0.150207 -1
1 -15.000000 -0.083918 -15.989920 0.003172 0.466581 -1
1 15.053621 19.271406 -2.767376 0.004281 0.149269 -1
1 14.999999 -0.030899 -2.732471 0.003410 0.464449 -1
1 15.142855 -0.021418 -15.989920 0.334305 0.464294 -1
1 15.096055 19.202930 -16.020130 0.335059 0.150387 -1
1 -14.991121 19.271406 -2.767376 0.334034 0.149083 -1
1 -14.991121 19.271406 -2.767376 0.005568 0.152272 -1
1 -14.999999 -0.030899 -2.732471 0.005471 0.465134 -1
1 14.999999 -0.030899 -2.732471 0.334008 0.465134 -1
1 15.053621 19.271406 -2.767376 0.334596 0.152272 -1
1 -14.955820 20.259514 -2.669971 0.012281 0.253900 -1
1 14.955820 20.259514 -2.669971 0.306052 0.253900 -1
1 -13.324640 22.202930 -5.767376 0.028301 0.151930 -1
1 13.340435 22.202930 -5.732471 0.290187 0.153079 -1
1 13.340435 22.202930 -5.732471 0.070718 0.157902 -1
1 14.955820 20.259514 -2.669971 0.003828 0.191328 -1
1 15.096055 20.197014 -16.020130 0.295418 0.192403 -1
1 13.480670 22.202930 -16.020130 0.295418 0.157902 -1
1 -13.324640 22.202930 -5.767376 0.239836 0.154235 -1
1 -13.479417 22.202930 -16.020130 0.015898 0.154235 -1
1 -15.096055 20.197014 -16.020130 0.015898 0.188736 -1
1 -14.955820 20.259514 -2.669971 0.307488 0.187661 -1
1 16.008575 20.199972 -2.732471 0.328972 0.155435 -1
1 -16.020527 20.271399 -2.767376 0.007052 0.154371 -1
1 15.991122 20.199972 -1.732624 0.328796 0.155435 -1
1 -16.037983 20.271399 -1.767528 0.006877 0.154371 -1
1 15.991122 19.199980 -1.732624 0.328796 0.170331 -1
1 -15.008575 19.271406 -1.767528 0.017223 0.169267 -1
1 15.991122 19.199980 -1.732624 0.005491 0.169293 -1
1 -14.991121 19.271406 -2.767376 0.319328 0.168220 -1
1 16.008575 19.199980 -2.732471 0.005314 0.169293 -1
1 -15.008575 19.271406 -1.767528 0.319505 0.168220 -1
1 13.340435 23.197014 -5.732471 0.015557 0.158756 -1
1 -13.324640 23.197014 -7.613532 0.319045 0.158756 -1
1 14.447284 23.197014 -4.732624 0.002960 0.158756 -1
1 -14.431819 23.197014 -4.767528 0.331646 0.158756 -1
1 14.400557 22.202930 -4.732624 0.330676 0.450733 -1
1 14.447284 23.197014 -4.732624 0.331208 0.150631 -1
1 -14.431819 23.197014 -4.767528 0.002521 0.150631 -1
1 -14.363525 22.202930 -4.767528 0.003299 0.450733 -1
1 14.400557 22.202930 -4.732624 0.003492 0.458858 -1
1 -13.324640 22.202930 -5.767376 0.319045 0.458858 -1
1 13.340435 22.202930 -5.732471 0.015557 0.458858 -1
1 -14.363525 22.202930 -4.767528 0.330869 0.458858 -1
1 -14.999999 -0.030899 -2.732471 0.017309 0.456804 -1
1 -14.991121 19.271406 -2.767376 0.017398 0.169267 -1
1 -15.000001 -0.013443 -1.732624 0.017309 0.456544 -1
1 -16.000004 -0.013454 -1.732624 0.007258 0.456544 -1
1 -16.000004 -0.030899 -2.732471 0.007258 0.456804 -1
1 -16.000004 -0.013454 -1.732624 0.329548 0.457699 -1
1 -16.037983 20.271399 -1.767528 0.329932 0.153210 -1
1 -16.020527 20.271399 -2.767376 0.329756 0.153210 -1
1 15.000001 -0.013443 -1.732624 0.015531 0.457699 -1
1 15.053621 19.271406 -2.767376 0.014988 0.168220 -1
1 14.999999 -0.030899 -2.732471 0.015531 0.457961 -1
1 15.000001 -0.013443 -1.732624 0.318834 0.456544 -1
1 15.071075 19.271406 -1.767528 0.319549 0.169267 -1
1 15.053621 19.271406 -2.767376 0.319373 0.169267 -1
1 16.000004 -0.013454 -1.732624 0.328885 0.456544 -1
1 16.037983 20.271399 -1.767528 0.329267 0.154371 -1
1 16.000004 -0.030899 -2.732471 0.328885 0.456804 -1
1 16.008575 20.199972 -2.732471 0.005314 0.154282 -1
1 16.037983 20.271399 -1.767528 0.005017 0.153210 -1
1 16.000004 -0.013454 -1.732624 0.005401 0.457699 -1
1 13.480670 23.197014 -17.866293 0.013961 0.158756 -1
1 14.368302 23.197014 -16.003735 0.003859 0.158756 -1
1 14.368302 22.202930 -16.003735 0.003859 0.458858 -1
1 13.480670 22.202930 -16.020130 0.013961 0.458858 -1
1 -14.367048 23.197014 -16.003735 0.330909 0.158756 -1
1 -13.479417 23.197014 -17.866293 0.320806 0.158756 -1
1 -14.367048 22.202930 -16.003735 0.330909 0.458858 -1
1 -14.367048 22.202930 -16.003735 0.003259 0.450733 -1
1 -13.479417 22.202930 -16.020130 0.320806 0.458858 -1
1 15.096055 20.197014 -16.020130 0.014558 0.154326 -1
1 14.955820 20.259514 -2.669971 0.015978 0.153388 -1
1 15.983687 20.197014 -16.003735 0.005567 0.154326 -1
1 15.983687 19.202930 -16.003735 0.005567 0.169248 -1
1 15.983687 19.202930 -16.003735 0.328721 0.170287 -1
1 15.096055 19.202930 -16.020130 0.319800 0.170287 -1
1 -15.983687 20.197014 -16.003735 0.329382 0.154326 -1
1 -14.955820 20.259514 -2.669971 0.318971 0.153388 -1
1 -15.096055 20.197014 -16.020130 0.320391 0.154326 -1
1 -15.983687 19.202930 -16.003735 0.329382 0.169248 -1
1 -16.008575 19.199980 -2.732471 0.329635 0.169293 -1
1 -15.096055 19.202930 -16.020130 0.016344 0.170287 -1
1 -15.983687 19.202930 -16.003735 0.007422 0.170287 -1
1 -6.795793 11.461548 -1.458807 0.004370 0.144233 -1
1 -3.281441 12.008789 -1.458807 0.236411 0.137958 -1
1 -6.307086 11.974609 -1.458807 0.008130 0.137987 -1
1 -2.691108 11.468994 -1.458807 0.240978 0.143974 -1
1 -3.281441 12.008789 -1.458807 0.237252 0.137958 -1
1 -3.260079 15.021606 -1.458807 0.234275 0.010066 -1
1 -3.260079 15.021606 -1.458807 0.233433 0.008907 -1
1 -2.682135 15.532104 -1.458807 0.241496 0.002751 -1
1 -6.829240 15.562134 -1.458807 0.002441 0.001707 -1
1 -6.277179 15.004517 -1.458807 0.008170 0.008342 -1
1 -6.307086 11.974609 -1.458807 0.010655 0.137987 -1
1 -6.277179 15.004517 -1.458807 0.007328 0.007183 -1
1 -6.307086 11.974609 -1.458807 0.009813 0.140305 -1
1 -3.281441 12.008789 -1.574177 0.010299 0.135564 -1
1 -3.281441 12.008770 -1.881869 0.010299 0.135565 -1
1 -6.307094 11.974583 -1.881869 0.236441 0.137941 -1
1 -6.307086 11.974609 -1.574177 0.236441 0.137940 -1
1 -6.795793 11.461548 -1.574177 0.004370 0.144233 -1
1 -6.795770 11.461529 -2.266484 0.004371 0.144233 -1
1 -2.691115 11.469036 -2.266484 0.240978 0.143972 -1
1 -6.795793 11.461548 -1.574177 0.238716 0.143461 -1
1 -2.691115 11.469036 -2.266484 0.000441 0.143195 -1
1 -2.691108 11.468994 -1.574177 0.000441 0.143196 -1
1 -3.260079 15.021606 -1.574177 0.009059 0.009753 -1
1 -3.260072 15.021587 -1.881869 0.009058 0.009754 -1
1 -2.682105 15.532097 -2.266484 -0.000082 -0.001471 -1
1 -2.691108 11.468994 -1.574177 0.240978 0.143974 -1
1 -2.682105 15.532097 -2.266484 0.241497 0.002751 -1
1 -2.682135 15.532104 -1.574177 0.241496 0.002751 -1
1 -2.682135 15.532104 -1.574177 -0.000080 -0.001471 -1
1 -6.829263 15.562134 -2.266484 0.240659 -0.002540 -1
1 -6.829240 15.562134 -1.574177 0.240657 -0.002540 -1
1 -6.277179 15.004517 -1.574177 0.007328 0.007183 -1
1 -6.277179 15.004494 -1.881869 0.007328 0.007184 -1
1 -3.260072 15.021587 -1.881869 0.233434 0.008908 -1
1 -3.260079 15.021606 -1.574177 0.233433 0.008907 -1
1 -6.277179 15.004494 -1.881869 0.236388 0.011521 -1
1 -6.307086 11.974609 -1.574177 0.008971 0.137987 -1
1 -6.829240 15.562134 -1.574177 0.002441 0.001707 -1
1 -6.829263 15.562134 -2.266484 0.002440 0.001707 -1
1 -6.795770 11.461529 -2.266484 0.238714 0.143462 -1
1 -3.281441 12.008789 -1.458807 0.010299 0.135564 -1
1 -6.307086 11.974609 -1.458807 0.236441 0.137940 -1
1 -6.795793 11.461548 -1.458807 0.238716 0.143461 -1
1 -2.691108 11.468994 -1.458807 0.000441 0.143196 -1
1 -3.260079 15.021606 -1.458807 0.009059 0.009753 -1
1 -2.682135 15.532104 -1.458807 -0.000080 -0.001471 -1
1 -6.829240 15.562134 -1.458807 0.240657 -0.002540 -1
1 -6.277179 15.004517 -1.458807 0.236388 0.011520 -1
1 -6.277179 15.004517 -1.574177 0.236388 0.011520 -1
1 -6.307094 11.974583 -1.881869 0.008971 0.137988 -1
1 -3.281441 12.008770 -1.881869 0.237252 0.137959 -1
1 4.263043 11.370640 -1.458807 0.003284 0.141634 -1
1 7.777381 11.917881 -1.458807 0.235325 0.137831 -1
1 4.751751 11.883701 -1.458807 0.010411 0.136692 -1
1 8.367714 11.378086 -1.458807 0.239893 0.141377 -1
1 7.798743 14.930698 -1.458807 0.234873 0.010790 -1
1 8.376686 15.441193 -1.458807 0.240410 0.001302 -1
1 4.229596 15.471222 -1.458807 0.001356 0.000267 -1
1 4.781659 14.913609 -1.458807 0.009610 0.009062 -1
1 7.777381 11.917881 -1.574177 0.008619 0.136243 -1
1 7.777381 11.917862 -1.881869 0.008619 0.136243 -1
1 4.751744 11.883675 -1.881869 0.235603 0.136283 -1
1 4.751751 11.883701 -1.574177 0.235603 0.136282 -1
1 4.263043 11.370640 -1.574177 0.003284 0.141634 -1
1 4.263066 11.370621 -2.266484 0.003285 0.141634 -1
1 8.367704 11.378128 -2.266484 0.239892 0.141375 -1
1 4.263043 11.370640 -1.574177 0.238720 0.141513 -1
1 8.367704 11.378128 -2.266484 0.000445 0.141251 -1
1 8.367714 11.378086 -1.574177 0.000444 0.141252 -1
1 7.798743 14.930698 -1.574177 0.008221 0.007499 -1
1 7.798751 14.930679 -1.881869 0.008220 0.007499 -1
1 8.376713 15.441193 -2.266484 -0.000078 -0.001119 -1
1 8.367714 11.378086 -1.574177 0.239893 0.141377 -1
1 8.376713 15.441193 -2.266484 0.240412 0.001302 -1
1 8.376686 15.441193 -1.574177 0.240410 0.001302 -1
1 4.229569 15.471222 -2.266484 0.001354 0.000267 -1
1 8.376686 15.441193 -1.574177 -0.000076 -0.001119 -1
1 4.229569 15.471222 -2.266484 0.240663 -0.002171 -1
1 4.229596 15.471222 -1.574177 0.240661 -0.002171 -1
1 4.781659 14.913609 -1.574177 0.009610 0.009062 -1
1 4.781659 14.913586 -1.881869 0.009610 0.009063 -1
1 7.798751 14.930679 -1.881869 0.234873 0.010791 -1
1 7.798743 14.930698 -1.574177 0.234873 0.010790 -1
1 4.781659 14.913586 -1.881869 0.235550 0.011575 -1
1 4.751751 11.883701 -1.574177 0.010411 0.136692 -1
1 4.229596 15.471222 -1.574177 0.001356 0.000267 -1
1 4.263066 11.370621 -2.266484 0.238718 0.141514 -1
1 7.777381 11.917881 -1.458807 0.008619 0.136243 -1
1 4.751751 11.883701 -1.458807 0.235603 0.136282 -1
1 4.263043 11.370640 -1.458807 0.238720 0.141513 -1
1 8.367714 11.378086 -1.458807 0.000444 0.141252 -1
1 7.798743 14.930698 -1.458807 0.008221 0.007499 -1
1 8.376686 15.441193 -1.458807 -0.000076 -0.001119 -1
1 4.229596 15.471222 -1.458807 0.240661 -0.002171 -1
1 4.781659 14.913609 -1.458807 0.235550 0.011574 -1
1 4.781659 14.913609 -1.574177 0.235550 0.011574 -1
1 4.751744 11.883675 -1.881869 0.010411 0.136693 -1
1 7.777381 11.917862 -1.881869 0.235325 0.137832 -1
134
-0.999990 -0.002253 0.003968
-0.999988 -0.004980 0.000020
0.999976 -0.000159 0.006981
0.999938 -0.002758 0.010773
0.999992 0.002439 0.003189
-0.999969 0.000474 0.007915
0.000000 0.001808 0.999998
0.000000 0.847070 0.531481
-0.000351 0.845625 0.533777
-0.000702 0.844173 0.536070
0.772004 0.635569 0.007820
0.765109 0.643881 0.005023
0.778803 0.627178 0.010616
-0.770362 0.637552 0.008364
-0.778556 0.627465 0.011753
-0.762029 0.647524 0.004973
0.708044 0.706168 0.000033
-0.445797 0.895134 0.000043
0.001507 0.894412 0.447242
0.000533 0.316384 0.948631
-0.001109 -0.000581 0.999999
0.314692 0.000896 0.949193
-0.002304 -0.999997 -0.000040
0.021819 -0.999762 -0.000057
0.419552 -0.907731 -0.000908
-0.002304 -0.999997 -0.000040
0.000000 1.000000 0.000000
0.560542 0.828122 -0.002767
-0.447206 0.894427 -0.002578
-0.001211 -0.000013 0.999999
-0.001209 0.000057 0.999999
-0.446973 -0.030645 0.894022
-0.705763 -0.048486 0.706787
0.311520 -0.950239 -0.000891
0.000000 -1.000000 0.000000
1.000000 -0.000460 0.000010
0.894382 -0.447190 0.010120
0.891278 0.000814 0.453456
-0.446611 0.001129 0.894727
-0.999999 -0.001011 0.000018
-0.999846 -0.001902 -0.017456
-0.949523 0.313573 -0.008803
-0.999996 0.002778 -0.000047
-0.733946 -0.679208 -0.000088
-0.700902 0.003874 0.713248
-0.444687 0.003219 0.895680
-0.708313 -0.705716 0.016023
0.446574 0.001391 0.894745
-0.001783 0.001724 0.999997
1.000000 -0.000424 0.000007
0.950679 0.309993 -0.010701
0.999538 -0.001924 -0.030319
0.447203 0.894427 -0.003134
0.698649 -0.715456 -0.003448
-0.447206 -0.894427 -0.002578
-0.997648 -0.068538 0.000313
0.000086 0.999989 -0.004681
0.028279 0.999597 -0.002506
0.467388 0.884047 -0.003046
0.887969 -0.459899 -0.001767
-0.000095 -0.999987 0.005167
-0.443062 0.896472 -0.005850
0.005793 0.999970 -0.005134
-0.000086 0.999989 -0.004681
-0.886234 -0.463234 -0.002182
-0.677786 -0.735258 -0.001435
0.000095 -0.999987 0.005166
0.000000 0.000000 1.000000
-0.708592 0.705618 -0.000035
-0.892914 0.450228 -0.000038
0.440836 0.897588 -0.000078
0.550681 0.834716 -0.000031
0.001829 -0.999998 0.000028
-0.703564 -0.710632 0.000043
-0.828594 -0.559849 -0.000026
0.706964 -0.707249 -0.000050
0.555177 -0.831732 -0.000020
-0.833811 -0.552051 -0.000007
-0.999975 0.007093 -0.000023
0.710444 0.703754 -0.000014
0.999998 -0.002208 0.000043
0.559426 0.828880 -0.000003
0.007242 0.999974 -0.000005
-0.552598 0.833448 -0.000009
0.449474 -0.893293 0.000061
0.705619 -0.708592 0.000053
0.005665 -0.999984 0.000068
0.005664 -0.999984 0.000062
0.999951 -0.009873 -0.000025
0.999951 -0.009870 0.000001
-0.999967 -0.008168 0.000034
-0.999967 -0.008156 -0.000033
-0.453979 0.891012 0.000000
0.896958 0.442116 0.000000
-0.444450 -0.895804 0.000000
0.893799 -0.448467 0.000000
-0.896457 -0.443131 0.000000
0.452779 0.891623 0.000000
-0.896699 0.442641 0.000000
0.449474 -0.893293 0.000000
0.891395 -0.453227 0.000000
-0.708593 0.705618 -0.000035
-0.892914 0.450228 -0.000040
0.440836 0.897588 -0.000077
0.550681 0.834716 -0.000031
0.001829 -0.999998 0.000028
-0.703563 -0.710633 0.000047
-0.828594 -0.559849 -0.000026
0.706964 -0.707249 -0.000053
0.555177 -0.831732 -0.000021
-0.833811 -0.552051 -0.000008
-0.999975 0.007093 -0.000027
0.999998 -0.002217 -0.000014
0.999998 -0.002208 0.000039
0.710440 0.703758 0.000027
-0.707435 0.706779 0.000028
0.710440 0.703758 -0.000000
0.007241 0.999974 -0.000000
-0.552598 0.833448 -0.000009
0.449474 -0.893293 0.000061
0.705619 -0.708592 0.000053
0.005665 -0.999984 0.000068
0.005664 -0.999984 0.000062
0.999951 -0.009873 -0.000022
0.999951 -0.009871 0.000001
-0.999967 -0.008168 0.000039
-0.999967 -0.008156 -0.000033
-0.453979 0.891012 0.000000
0.896958 0.442116 0.000000
0.893799 -0.448467 0.000000
-0.896457 -0.443131 0.000000
0.452778 0.891623 0.000000
0.449474 -0.893293 0.000000
0.891395 -0.453227 0.000000
146
1 0 1 2 0 0 1 1
1 3 4 5 2 3 2 1
1 5 6 3 2 4 2 1
1 1 0 7 0 0 5 1
1 8 9 10 6 6 6 1
1 10 11 8 6 6 6 1
1 12 13 14 7 8 8 1
1 13 15 14 8 9 8 1
1 16 17 18 10 11 10 1
1 18 19 16 10 12 10 1
1 20 21 22 13 14 13 1
1 22 23 20 13 15 13 1
1 24 25 26 16 17 18 1
1 25 27 26 17 19 18 1
1 28 26 27 20 18 19 1
1 29 28 27 21 20 19 1
1 30 31 32 22 23 24 1
1 30 33 31 22 25 23 1
1 34 35 36 26 26 27 1
1 35 37 36 26 28 27 1
1 38 39 40 29 30 31 1
1 41 38 40 32 29 31 1
1 42 43 44 33 34 34 1
1 42 45 43 33 34 34 1
1 46 47 48 35 36 37 1
1 47 29 48 36 21 37 1
1 49 48 29 38 37 21 1
1 27 49 29 19 38 21 1
1 49 25 50 38 17 39 1
1 51 52 53 40 40 41 1
1 54 55 56 42 43 42 1
1 57 58 59 44 45 46 1
1 58 57 60 45 44 47 1
1 58 60 61 45 47 48 1
1 62 24 60 49 16 47 1
1 63 64 65 50 51 51 1
1 66 34 67 26 26 52 1
1 34 36 67 26 27 52 1
1 68 67 36 53 52 27 1
1 42 68 36 33 53 27 1
1 68 44 69 53 34 34 1
1 68 42 44 53 33 34 1
1 70 35 71 28 26 26 1
1 70 37 35 28 28 26 1
1 37 70 72 28 28 54 1
1 40 73 41 31 55 32 1
1 74 43 72 34 34 54 1
1 43 45 72 34 34 54 1
1 75 76 77 56 57 58 1
1 76 63 77 57 50 58 1
1 78 77 63 59 58 50 1
1 32 78 63 24 59 50 1
1 79 59 80 60 46 60 1
1 78 32 55 59 24 43 1
1 81 82 83 61 62 63 1
1 81 53 82 61 41 62 1
1 53 81 84 41 61 64 1
1 53 84 85 41 64 65 1
1 86 47 87 66 36 66 1
1 31 85 84 23 65 64 1
1 88 89 90 67 67 67 1
1 88 91 92 67 67 67 1
1 91 93 92 67 67 67 1
1 94 91 95 67 67 67 1
1 94 95 96 67 67 67 1
1 96 97 94 67 67 67 1
1 98 99 96 67 67 67 1
1 96 88 100 67 67 67 1
1 101 102 103 68 69 70 2
1 101 103 104 68 70 71 2
1 105 106 107 72 73 72 2
1 108 109 110 74 75 76 2
1 111 112 102 77 78 69 2
1 111 102 101 77 69 68 2
1 110 109 113 76 75 79 2
1 114 115 116 80 80 80 2
1 117 113 118 81 79 82 2
1 117 118 119 81 82 83 2
1 120 121 122 84 85 86 2
1 120 122 123 84 86 87 2
1 104 103 124 71 70 88 2
1 125 121 120 89 85 84 2
1 126 127 106 90 90 73 2
1 119 128 108 83 91 74 2
1 129 101 104 92 68 71 2
1 129 104 130 92 71 93 2
1 131 108 110 94 74 76 2
1 131 110 132 94 76 95 2
1 133 111 101 96 77 68 2
1 133 101 129 96 68 92 2
1 132 110 117 95 76 81 2
1 132 117 134 95 81 97 2
1 134 117 119 97 81 83 2
1 134 119 135 97 83 98 2
1 136 137 111 99 100 77 2
1 136 111 133 99 77 96 2
1 130 104 137 93 71 100 2
1 130 137 136 93 100 99 2
1 135 119 108 98 83 74 2
1 135 108 131 98 74 94 2
1 138 122 121 67 67 67 1
1 138 139 122 67 67 67 1
1 140 141 142 67 67 67 1
1 140 143 141 67 67 67 1
1 143 144 141 67 67 67 1
1 144 143 145 67 67 67 1
1 144 145 146 67 67 67 1
1 146 147 144 67 67 67 1
1 142 147 146 67 67 67 1
1 146 140 142 67 67 67 1
1 148 149 150 101 102 103 2
1 148 150 151 101 103 104 2
1 152 153 154 105 106 105 2
1 155 156 157 107 108 109 2
1 158 159 149 110 111 102 2
1 158 149 148 110 102 101 2
1 157 156 160 109 108 112 2
1 161 162 163 113 114 114 2
1 163 162 164 114 114 115 2
1 165 166 167 116 117 118 2
1 168 169 170 119 120 121 2
1 168 170 171 119 121 122 2
1 151 150 172 104 103 123 2
1 173 169 168 124 120 119 2
1 174 164 153 125 115 106 2
1 167 175 155 118 126 107 2
1 176 148 151 127 101 104 2
1 176 151 177 127 104 128 2
1 178 155 157 94 107 109 2
1 178 157 179 94 109 129 2
1 180 158 148 130 110 101 2
1 180 148 176 130 101 127 2
1 179 157 165 129 109 116 2
1 179 165 181 129 116 131 2
1 181 165 167 131 116 118 2
1 181 167 182 131 118 98 2
1 183 184 158 132 133 110 2
1 183 158 180 132 110 130 2
1 177 151 184 128 104 133 2
1 177 184 183 128 133 132 2
1 182 167 155 98 118 107 2
1 182 155 178 98 107 94 2
1 185 170 169 67 67 67 1
1 185 186 170 67 67 67 1
1 66 35 34 26 26 26 1
1 35 66 71 26 26 26 1

Materials: 1
"Blz"
0.200000 0.200000 0.200000 1.000000
0.800000 0.800000 0.800000 1.000000
0.000000 0.000000 0.000000 1.000000
0.000000 0.000000 0.000000 1.000000
0.000000
1.000000
"..\Image\House1.tga"
""

Bones: 0
GroupComments: 0
MaterialComments: 0
BoneComments: 0
ModelComment: 0
