// MilkShape 3D ASCII

Frames: 30
Frame: 1

Meshes: 4
"1_Blz" 0 0
34
0 -6.000000 30.000000 2.000000 0.937500 3.000000 -1
0 -6.000000 0.000000 2.000000 0.937500 0.000000 -1
0 -6.000000 0.000000 4.000000 0.937500 0.000000 -1
0 -6.000000 30.000000 4.000000 0.937500 3.000000 -1
0 6.000000 0.000000 4.000000 2.062500 0.000000 -1
0 6.000000 30.000000 4.000000 2.062500 3.000000 -1
0 6.000000 0.000000 2.000000 2.062500 0.000000 -1
0 6.000000 30.000000 2.000000 2.062500 3.000000 -1
0 -13.000000 30.000000 0.000000 0.281250 3.000000 -1
0 -13.000000 0.000000 0.000000 0.281250 0.000000 -1
0 -13.000000 0.000000 2.000000 0.281250 0.000000 -1
0 -13.000000 30.000000 2.000000 0.281250 3.000000 -1
0 13.000000 0.000000 2.000000 2.718750 0.000000 -1
0 13.000000 30.000000 2.000000 2.718750 3.000000 -1
0 13.000000 0.000000 0.000000 2.718750 0.000000 -1
0 13.000000 30.000000 0.000000 2.718750 3.000000 -1
0 16.000000 0.000000 0.000000 3.000000 0.000000 -1
0 16.000000 30.000000 0.000000 3.000000 3.000000 -1
0 16.000000 0.000000 -13.000000 3.000000 0.000000 -1
0 16.000000 30.000000 -13.000000 3.000000 3.000000 -1
0 13.000000 0.000000 -13.000000 2.718750 0.000000 -1
0 13.000000 30.000000 -13.000000 2.718750 3.000000 -1
0 -16.000000 30.000000 -13.000000 0.000000 3.000000 -1
0 -16.000000 0.000000 -13.000000 0.000000 0.000000 -1
0 -16.000000 0.000000 0.000000 0.000000 0.000000 -1
0 -16.000000 30.000000 0.000000 0.000000 3.000000 -1
0 -13.000000 30.000000 -13.000000 0.281250 3.000000 -1
0 -13.000000 0.000000 -13.000000 0.281250 0.000000 -1
0 -13.000000 30.000000 -16.000000 0.281250 3.000000 -1
0 -13.000000 0.000000 -16.000000 0.281250 0.000000 -1
0 13.000000 0.000000 -16.000000 2.718750 0.000000 -1
0 13.000000 30.000000 -16.000000 2.718750 3.000000 -1
0 -6.000000 30.000000 0.000000 0.937500 3.000000 -1
0 6.000000 30.000000 0.000000 2.062500 3.000000 -1
9
-0.894427 0.000000 0.447214
-0.447214 0.000000 0.894427
0.447214 0.000000 0.894427
0.894427 0.000000 0.447214
0.894427 0.000000 -0.447214
0.447214 0.000000 -0.894427
-0.894427 0.000000 -0.447214
-0.447214 0.000000 -0.894427
0.000000 1.000000 0.000000
38
0 0 1 2 0 1 0 2
0 0 2 3 0 0 1 2
0 3 2 4 1 0 2 2
0 3 4 5 1 2 3 2
0 5 4 6 3 2 3 2
0 5 6 7 3 3 2 2
0 8 9 10 0 1 0 2
0 8 10 11 0 0 1 2
0 11 10 1 1 0 1 2
0 11 1 0 1 1 0 2
0 7 6 12 2 3 2 2
0 7 12 13 2 2 3 2
0 13 12 14 3 2 3 2
0 13 14 15 3 3 2 2
0 15 14 16 2 3 2 2
0 15 16 17 2 2 3 2
0 17 16 18 3 2 4 2
0 17 18 19 3 4 5 2
0 19 18 20 5 4 5 2
0 19 20 21 5 5 4 2
0 22 23 24 6 7 0 2
0 22 24 25 6 0 1 2
0 25 24 9 1 0 1 2
0 25 9 8 1 1 0 2
0 26 27 23 7 6 7 2
0 26 23 22 7 7 6 2
0 28 29 27 6 7 6 2
0 28 27 26 6 6 7 2
0 21 20 30 4 5 4 2
0 21 30 31 4 4 5 2
0 31 30 29 5 4 7 2
0 31 29 28 5 7 6 2
0 32 8 0 8 8 8 1
0 0 8 11 8 8 8 1
0 13 15 33 8 8 8 1
0 7 13 33 8 8 8 1
0 31 28 26 8 8 8 1
0 31 26 21 8 8 8 1
"1_Blz_Windows" 0 2
24
0 -2.165087 2.342041 4.168371 0.008798 0.992839 -1
0 2.165088 2.342041 4.168371 0.989315 0.992839 -1
0 -2.165087 10.508739 4.168371 0.008798 0.007448 -1
0 2.165088 10.508739 4.168371 0.989315 0.007448 -1
0 -1.611665 22.390507 4.211382 0.010858 0.982716 -1
0 1.278330 22.390507 4.211382 0.991745 0.982716 -1
0 -1.611665 27.569813 4.211382 0.010858 0.023580 -1
0 1.278330 27.569813 4.211382 0.991745 0.023580 -1
0 7.971668 22.334951 2.211382 0.014442 0.993004 -1
0 10.861663 22.334951 2.211382 0.995330 0.993004 -1
0 7.971668 27.514257 2.211382 0.014442 0.033868 -1
0 10.861663 27.514257 2.211382 0.995330 0.033868 -1
0 -11.028332 22.612730 2.211382 0.005899 0.964086 -1
0 -8.138337 22.612730 2.211382 0.986787 0.964086 -1
0 -11.028332 27.792036 2.211382 0.005899 0.004951 -1
0 -8.138337 27.792036 2.211382 0.986787 0.004951 -1
0 7.971668 10.279396 2.211382 0.005528 0.978833 -1
0 10.861663 10.279396 2.211382 0.986416 0.978833 -1
0 7.971668 15.458702 2.211382 0.005528 0.019697 -1
0 10.861663 15.458702 2.211382 0.986416 0.019697 -1
0 -11.028332 10.279396 2.211382 0.010356 0.967571 -1
0 -8.138337 10.279396 2.211382 0.991244 0.967571 -1
0 -11.028332 15.458702 2.211382 0.010356 0.008436 -1
0 -8.138337 15.458702 2.211382 0.991244 0.008436 -1
1
0.000000 0.000000 1.000000
12
0 0 1 2 0 0 0 1
0 2 1 3 0 0 0 1
0 4 5 6 0 0 0 1
0 6 5 7 0 0 0 1
0 8 9 10 0 0 0 1
0 10 9 11 0 0 0 1
0 12 13 14 0 0 0 1
0 14 13 15 0 0 0 1
0 16 17 18 0 0 0 1
0 18 17 19 0 0 0 1
0 20 21 22 0 0 0 1
0 22 21 23 0 0 0 1
"1_Blz_Frame" 1 1
710
1 -0.000000 15.059511 5.977674 0.169489 0.490453 -1
1 -1.082544 15.059511 5.977674 0.159080 0.490453 -1
1 -0.000000 13.941783 5.977674 0.169489 0.507955 -1
1 -1.082544 13.941783 5.977674 0.159080 0.507955 -1
1 -2.165087 13.255952 5.977674 0.148671 0.518694 -1
1 -2.165087 14.373683 5.977674 0.148671 0.501192 -1
1 -3.247631 12.824042 5.977674 0.138262 0.525457 -1
1 -3.247631 11.706308 5.977674 0.138262 0.542959 -1
1 -4.330175 10.588572 5.977674 0.127853 0.560462 -1
1 -4.330175 9.470835 5.977674 0.127853 0.577964 -1
1 1.082543 15.059511 5.977674 0.179898 0.490453 -1
1 1.082543 13.941783 5.977674 0.179898 0.507955 -1
1 2.165088 14.373683 5.977674 0.190307 0.501192 -1
1 2.165088 13.255952 5.977674 0.190307 0.518694 -1
1 3.247631 12.824042 5.977674 0.200716 0.525457 -1
1 3.247631 11.706308 5.977674 0.200716 0.542959 -1
1 4.330175 10.588572 5.977674 0.211125 0.560462 -1
1 4.330175 9.470835 5.977674 0.211125 0.577964 -1
1 -0.000000 15.059511 5.977674 0.064830 0.612228 -1
1 -0.000000 15.059511 3.764007 0.064830 0.481958 -1
1 -1.082544 15.059511 3.764007 0.054421 0.481958 -1
1 -1.082544 15.059511 5.977674 0.054421 0.612228 -1
1 -0.000000 13.941783 5.977674 0.098682 0.529964 -1
1 -0.000000 13.941783 3.764007 0.183859 0.529964 -1
1 -0.000000 15.059511 3.764007 0.183859 0.512462 -1
1 -0.000000 15.059511 5.977674 0.098682 0.512462 -1
1 -1.082544 13.941783 5.977674 0.158457 0.336398 -1
1 -1.082544 13.941783 3.764007 0.158457 0.466668 -1
1 -0.000000 13.941783 3.764007 0.168866 0.466668 -1
1 -0.000000 13.941783 5.977674 0.168866 0.336398 -1
1 -2.165087 13.255952 5.977674 0.148048 0.336398 -1
1 -2.165087 13.255963 3.764007 0.148048 0.466668 -1
1 -2.165087 14.373706 3.764007 0.044012 0.481958 -1
1 -2.165087 14.373683 5.977674 0.044012 0.612228 -1
1 -2.165087 14.373683 5.977674 0.320270 0.245880 -1
1 -2.165087 14.373706 3.764007 0.235094 0.245880 -1
1 -3.247631 12.824042 3.764007 0.235094 0.270145 -1
1 -3.247631 12.824042 5.977674 0.320270 0.270145 -1
1 -3.247631 11.706308 5.977674 0.098682 0.564969 -1
1 -3.247631 11.706308 3.764007 0.183859 0.564969 -1
1 -2.165087 13.255963 3.764007 0.183859 0.540703 -1
1 -2.165087 13.255952 5.977674 0.098682 0.540703 -1
1 -4.330175 10.588572 3.764007 0.235094 0.305150 -1
1 -4.330175 10.588572 5.977674 0.320270 0.305150 -1
1 -4.330175 9.470835 5.977674 0.098682 0.599973 -1
1 -4.330175 9.470835 3.764007 0.183859 0.599973 -1
1 -4.330175 9.470835 3.764007 0.235094 0.322652 -1
1 -4.330175 9.470835 5.977674 0.320270 0.322652 -1
1 1.082543 15.059511 5.977674 0.075239 0.612228 -1
1 1.082543 15.059511 3.764007 0.075239 0.481958 -1
1 -0.000000 15.059511 5.977674 0.320270 0.235141 -1
1 -0.000000 15.059511 3.764007 0.235094 0.235141 -1
1 -0.000000 13.941783 3.764007 0.235094 0.252643 -1
1 -0.000000 13.941783 5.977674 0.320270 0.252643 -1
1 1.082543 13.941783 3.764007 0.179275 0.466668 -1
1 1.082543 13.941783 5.977674 0.179275 0.336398 -1
1 2.165088 13.255963 3.764007 0.189684 0.466668 -1
1 2.165088 13.255952 5.977674 0.189684 0.336398 -1
1 2.165088 14.373683 5.977674 0.085648 0.612228 -1
1 2.165088 14.373706 3.764007 0.085648 0.481958 -1
1 3.247631 12.824042 5.977674 0.098682 0.547466 -1
1 3.247631 12.824042 3.764007 0.183859 0.547466 -1
1 2.165088 14.373706 3.764007 0.183859 0.523201 -1
1 2.165088 14.373683 5.977674 0.098682 0.523201 -1
1 2.165088 13.255952 5.977674 0.320270 0.263382 -1
1 2.165088 13.255963 3.764007 0.235094 0.263382 -1
1 3.247631 11.706308 3.764007 0.235094 0.287648 -1
1 3.247631 11.706308 5.977674 0.320270 0.287648 -1
1 4.330175 10.588572 5.977674 0.098682 0.582471 -1
1 4.330175 10.588572 3.764007 0.183859 0.582471 -1
1 4.330175 9.470835 3.764007 0.235094 0.322652 -1
1 4.330175 9.470835 5.977674 0.320270 0.322652 -1
1 4.330175 9.470835 5.977674 0.098682 0.599973 -1
1 4.330175 9.470835 3.764007 0.183859 0.599973 -1
1 4.330175 4.417836 5.996682 0.211125 0.657086 -1
1 3.788903 4.417836 5.996682 0.205921 0.657086 -1
1 3.788903 1.064627 5.996682 0.205921 0.709593 -1
1 4.330175 4.417836 5.996682 0.321002 0.401774 -1
1 3.788903 1.064627 5.996682 0.321002 0.454281 -1
1 4.330175 -0.053109 7.996682 0.397957 0.471783 -1
1 4.330175 -0.053109 7.996682 0.106466 0.731042 -1
1 3.788903 1.064627 5.996682 0.101261 0.613346 -1
1 -3.788903 1.064627 5.996682 0.028398 0.613346 -1
1 -4.330175 -0.053109 7.996682 0.023193 0.731042 -1
1 -3.788903 1.064627 5.996682 0.133057 0.709593 -1
1 -3.788903 4.417836 5.996682 0.133057 0.657086 -1
1 -4.330175 4.417836 5.996682 0.127853 0.657086 -1
1 -4.330175 4.417836 5.996682 0.097951 0.679095 -1
1 -4.330175 -0.053109 7.996682 0.020996 0.749104 -1
1 -3.788903 1.064627 5.996682 0.097951 0.731602 -1
1 4.330175 4.417836 5.996657 0.106466 0.613345 -1
1 4.330175 4.417836 3.764007 0.106466 0.481958 -1
1 3.788903 4.417836 3.764007 0.101261 0.481958 -1
1 3.788903 4.417836 5.996657 0.101261 0.613345 -1
1 3.788903 4.417836 5.996657 0.321001 0.401774 -1
1 3.788903 4.417836 3.764007 0.235094 0.401774 -1
1 3.788903 1.064627 3.764007 0.235094 0.454281 -1
1 3.788903 1.064627 5.996657 0.321001 0.454281 -1
1 4.330175 -0.053109 7.996657 0.020997 0.749104 -1
1 4.330175 -0.053109 3.764007 0.183859 0.749104 -1
1 4.330175 4.417836 3.764007 0.183859 0.679095 -1
1 4.330175 4.417836 5.996657 0.097952 0.679095 -1
1 3.788903 1.064627 5.996657 0.101261 0.613345 -1
1 3.788903 1.064627 3.764007 0.101261 0.481958 -1
1 -3.788903 1.064627 3.764007 0.028398 0.481958 -1
1 -3.788903 1.064627 5.996657 0.028398 0.613345 -1
1 -4.330175 -0.053109 7.996657 0.127230 0.217585 -1
1 -4.330175 -0.053109 3.764007 0.127230 0.466668 -1
1 4.330175 -0.053109 3.764007 0.210502 0.466668 -1
1 4.330175 -0.053109 7.996657 0.210502 0.217585 -1
1 -3.788903 1.064627 5.996657 0.097952 0.731602 -1
1 -3.788903 1.064627 3.764007 0.183859 0.731602 -1
1 -3.788903 4.417836 3.764007 0.183859 0.679095 -1
1 -3.788903 4.417836 5.996657 0.097952 0.679095 -1
1 -3.788903 4.417836 5.996657 0.028398 0.613345 -1
1 -3.788903 4.417836 3.764007 0.028398 0.481958 -1
1 -4.330175 4.417836 3.764007 0.023193 0.481958 -1
1 -4.330175 4.417836 5.996657 0.023193 0.613345 -1
1 -4.330175 4.417836 5.996657 0.321001 0.401774 -1
1 -4.330175 4.417836 3.764007 0.235094 0.401774 -1
1 -4.330175 -0.053109 3.764007 0.235094 0.471783 -1
1 -4.330175 -0.053109 7.996657 0.397956 0.471783 -1
1 4.330175 4.417836 5.996682 0.106466 0.613346 -1
1 3.788903 4.417836 5.996682 0.101261 0.613346 -1
1 3.788903 4.417836 5.996682 0.321002 0.401774 -1
1 4.330175 -0.053109 7.996682 0.020996 0.749104 -1
1 4.330175 4.417836 5.996682 0.097951 0.679095 -1
1 -4.330175 -0.053109 7.996682 0.127230 0.217584 -1
1 4.330175 -0.053109 7.996682 0.210502 0.217584 -1
1 -3.788903 4.417836 5.996682 0.097951 0.679095 -1
1 -3.788903 4.417836 5.996682 0.028398 0.613346 -1
1 -4.330175 4.417836 5.996682 0.023193 0.613346 -1
1 -4.330175 4.417836 5.996682 0.321002 0.401774 -1
1 -4.330175 -0.053109 7.996682 0.397957 0.471783 -1
1 -3.788903 4.417836 5.059549 0.134009 0.679095 -1
1 -3.788903 9.470835 5.059549 0.134009 0.599973 -1
1 -3.868171 4.417836 5.413102 0.120406 0.679095 -1
1 -3.868171 9.470835 5.413102 0.120406 0.599973 -1
1 -3.868171 4.417836 5.413102 0.132295 0.657086 -1
1 -3.868171 9.470835 5.413102 0.132295 0.577964 -1
1 -4.059539 9.470835 5.559548 0.130455 0.577964 -1
1 -4.059539 4.417836 5.559548 0.130455 0.657086 -1
1 -4.250907 4.417836 5.413102 0.128615 0.657086 -1
1 -4.250907 9.470835 5.413102 0.128615 0.577964 -1
1 -4.250907 4.417836 5.413102 0.298547 0.401774 -1
1 -4.250907 9.470835 5.413102 0.298547 0.322652 -1
1 -4.330175 9.470835 5.059549 0.284943 0.322652 -1
1 -4.330175 4.417836 5.059549 0.284943 0.401774 -1
1 -4.250907 4.417836 4.705997 0.271339 0.401774 -1
1 -4.250907 9.470835 4.705997 0.271339 0.322652 -1
1 -4.250907 4.417836 4.705997 0.212763 0.682680 -1
1 -4.250907 9.470835 4.705997 0.212763 0.603557 -1
1 -4.059539 9.470835 4.559551 0.210923 0.603557 -1
1 -4.059539 4.417836 4.559551 0.210923 0.682680 -1
1 -3.868171 4.417836 4.705997 0.209083 0.682680 -1
1 -3.868171 9.470835 4.705997 0.209083 0.603557 -1
1 -3.868171 4.417836 4.705997 0.147613 0.679095 -1
1 -3.868171 9.470835 4.705997 0.147613 0.599973 -1
1 4.330175 4.417836 5.059549 0.134009 0.679095 -1
1 4.330175 9.470835 5.059549 0.134009 0.599973 -1
1 4.250907 4.417836 5.413102 0.120406 0.679095 -1
1 4.250907 9.470835 5.413102 0.120406 0.599973 -1
1 4.250907 4.417836 5.413102 0.210363 0.657086 -1
1 4.250907 9.470835 5.413102 0.210363 0.577964 -1
1 4.059539 9.470835 5.559548 0.208523 0.577964 -1
1 4.059539 4.417836 5.559548 0.208523 0.657086 -1
1 3.868171 4.417836 5.413102 0.206683 0.657086 -1
1 3.868171 9.470835 5.413102 0.206683 0.577964 -1
1 3.868171 4.417836 5.413102 0.298547 0.401774 -1
1 3.868171 9.470835 5.413102 0.298547 0.322652 -1
1 3.788903 9.470835 5.059549 0.284943 0.322652 -1
1 3.788903 4.417836 5.059549 0.284943 0.401774 -1
1 3.868171 4.417836 4.705997 0.271339 0.401774 -1
1 3.868171 9.470835 4.705997 0.271339 0.322652 -1
1 3.868171 4.417836 4.705997 0.134695 0.682680 -1
1 3.868171 9.470835 4.705997 0.134695 0.603557 -1
1 4.059539 9.470835 4.559551 0.132855 0.603557 -1
1 4.059539 4.417836 4.559551 0.132855 0.682680 -1
1 4.250907 4.417836 4.705997 0.131015 0.682680 -1
1 4.250907 9.470835 4.705997 0.131015 0.603557 -1
1 4.250907 4.417836 4.705997 0.147613 0.679095 -1
1 4.250907 9.470835 4.705997 0.147613 0.599973 -1
1 -4.330175 9.470835 5.290322 0.127853 0.577964 -1
1 -4.330175 4.417836 5.290322 0.127853 0.657086 -1
1 -3.788903 9.470835 5.290322 0.133057 0.577964 -1
1 -3.788903 4.417836 5.290322 0.133057 0.657086 -1
1 -3.788903 9.470835 5.290322 0.125130 0.599973 -1
1 -3.788903 4.417836 5.290322 0.125130 0.679095 -1
1 -3.788903 9.470835 4.290322 0.163607 0.599973 -1
1 -3.788903 4.417836 4.290322 0.163607 0.679095 -1
1 -4.330175 9.470835 4.290322 0.255345 0.322652 -1
1 -4.330175 4.417836 4.290322 0.255345 0.401774 -1
1 -4.330175 9.470835 5.290322 0.293823 0.322652 -1
1 -4.330175 4.417836 5.290322 0.293823 0.401774 -1
1 -4.330175 9.470835 4.290322 0.023193 0.512931 -1
1 -4.330175 9.470835 5.290322 0.023193 0.571779 -1
1 -3.788903 9.470835 4.290322 0.028398 0.512931 -1
1 -3.788903 9.470835 5.290322 0.028398 0.571779 -1
1 -4.330175 4.417836 5.290322 0.127230 0.376848 -1
1 -4.330175 4.417836 4.290322 0.127230 0.435695 -1
1 -3.788903 4.417836 5.290322 0.132434 0.376848 -1
1 -3.788903 4.417836 4.290322 0.132434 0.435695 -1
1 3.788903 9.470835 5.290322 0.205921 0.577964 -1
1 3.788903 4.417836 5.290322 0.205921 0.657086 -1
1 4.330175 9.470835 5.290322 0.211125 0.577964 -1
1 4.330175 4.417836 5.290322 0.211125 0.657086 -1
1 4.330175 9.470835 5.290322 0.125130 0.599973 -1
1 4.330175 4.417836 5.290322 0.125130 0.679095 -1
1 4.330175 9.470835 4.290322 0.163607 0.599973 -1
1 4.330175 4.417836 4.290322 0.163607 0.679095 -1
1 3.788903 9.470835 4.290322 0.255345 0.322652 -1
1 3.788903 4.417836 4.290322 0.255345 0.401774 -1
1 3.788903 9.470835 5.290322 0.293823 0.322652 -1
1 3.788903 4.417836 5.290322 0.293823 0.401774 -1
1 3.788903 9.470835 4.290322 0.101261 0.512931 -1
1 3.788903 9.470835 5.290322 0.101261 0.571779 -1
1 4.330175 9.470835 4.290322 0.106466 0.512931 -1
1 4.330175 9.470835 5.290322 0.106466 0.571779 -1
1 3.788903 4.417836 5.290322 0.205298 0.376848 -1
1 3.788903 4.417836 4.290322 0.205298 0.435695 -1
1 4.330175 4.417836 5.290322 0.210502 0.376848 -1
1 4.330175 4.417836 4.290322 0.210502 0.435695 -1
1 -2.165087 10.508739 4.704957 0.148671 0.561712 -1
1 2.165088 10.508739 4.704957 0.190307 0.561712 -1
1 2.706360 11.626469 4.704957 0.195512 0.544210 -1
1 -2.706360 11.626469 4.704957 0.143466 0.544210 -1
1 2.165088 2.342041 4.704957 0.190307 0.689590 -1
1 2.706360 1.224303 4.704957 0.195512 0.707093 -1
1 -2.706360 1.224303 4.704957 0.143466 0.707093 -1
1 -2.165087 2.342041 4.704957 0.148671 0.689590 -1
1 -2.165087 10.508739 4.704957 0.148048 0.411295 -1
1 -2.165087 10.508739 4.168371 0.148048 0.442872 -1
1 2.165088 10.508739 4.168371 0.189684 0.442872 -1
1 2.165088 10.508739 4.704957 0.189684 0.411295 -1
1 2.706360 11.626469 4.704957 0.090852 0.537331 -1
1 2.706360 11.626469 3.704957 0.090852 0.478483 -1
1 -2.706360 11.626469 3.704957 0.038807 0.478483 -1
1 -2.706360 11.626469 4.704957 0.038807 0.537331 -1
1 2.165088 10.508739 4.704957 0.271299 0.306400 -1
1 2.165088 10.508739 4.168371 0.250653 0.306400 -1
1 2.165088 2.342041 4.168371 0.250653 0.434278 -1
1 2.165088 2.342041 4.704957 0.271299 0.434278 -1
1 2.706360 1.224303 4.704957 0.147653 0.729102 -1
1 2.706360 1.224303 3.704957 0.186131 0.729102 -1
1 2.706360 11.626469 3.704957 0.186131 0.566219 -1
1 2.706360 11.626469 4.704957 0.147653 0.566219 -1
1 -2.706360 1.224303 4.704957 0.142843 0.411295 -1
1 -2.706360 1.224303 3.704957 0.142843 0.470143 -1
1 2.706360 1.224303 3.704957 0.194889 0.470143 -1
1 2.706360 1.224303 4.704957 0.194889 0.411295 -1
1 2.165088 2.342041 4.704957 0.085648 0.537331 -1
1 2.165088 2.342041 4.168371 0.085648 0.505754 -1
1 -2.165087 2.342041 4.168371 0.044012 0.505754 -1
1 -2.165087 2.342041 4.704957 0.044012 0.537331 -1
1 -2.165087 2.342041 4.704957 0.147653 0.711599 -1
1 -2.165087 2.342041 4.168371 0.168300 0.711599 -1
1 -2.165087 10.508739 4.168371 0.168300 0.583721 -1
1 -2.165087 10.508739 4.704957 0.147653 0.583721 -1
1 -2.706360 11.626469 4.704957 0.271299 0.288898 -1
1 -2.706360 11.626469 3.704957 0.232822 0.288898 -1
1 -2.706360 1.224303 3.704957 0.232822 0.451781 -1
1 -2.706360 1.224303 4.704957 0.271299 0.451781 -1
1 -1.611665 27.569813 4.747968 0.153992 0.294560 -1
1 1.278330 27.569813 4.747968 0.181781 0.294560 -1
1 1.639579 28.050014 4.747968 0.185254 0.287041 -1
1 -1.972913 28.050014 4.747968 0.150519 0.287041 -1
1 1.278330 22.390507 4.747968 0.181781 0.375660 -1
1 1.639579 21.910313 4.747968 0.185254 0.383179 -1
1 -1.972913 21.910313 4.747968 0.150519 0.383179 -1
1 -1.611665 22.390507 4.747968 0.153992 0.375660 -1
1 -1.611665 27.569813 4.747968 0.153369 0.408764 -1
1 -1.611665 27.569813 4.211382 0.153369 0.440341 -1
1 1.278330 27.569813 4.211382 0.181158 0.440341 -1
1 1.278330 27.569813 4.747968 0.181158 0.408764 -1
1 1.639579 28.050014 4.747968 0.080595 0.539862 -1
1 1.639579 28.050014 3.747968 0.080595 0.481014 -1
1 -1.972913 28.050014 3.747968 0.045859 0.481014 -1
1 -1.972913 28.050014 4.747968 0.045859 0.539862 -1
1 1.278330 27.569813 4.747968 0.206968 0.312844 -1
1 1.278330 27.569813 4.211382 0.186321 0.312844 -1
1 1.278330 22.390507 4.211382 0.186321 0.393945 -1
1 1.278330 22.390507 4.747968 0.206968 0.393945 -1
1 1.639579 21.910313 4.747968 0.125002 0.657279 -1
1 1.639579 21.910313 3.747968 0.163480 0.657279 -1
1 1.639579 28.050014 3.747968 0.163480 0.561140 -1
1 1.639579 28.050014 4.747968 0.125002 0.561140 -1
1 -1.972913 21.910313 4.747968 0.149896 0.408764 -1
1 -1.972913 21.910313 3.747968 0.149896 0.467612 -1
1 1.639579 21.910313 3.747968 0.184631 0.467612 -1
1 1.639579 21.910313 4.747968 0.184631 0.408764 -1
1 1.278330 22.390507 4.747968 0.077121 0.539862 -1
1 1.278330 22.390507 4.211382 0.077121 0.508285 -1
1 -1.611665 22.390507 4.211382 0.049333 0.508285 -1
1 -1.611665 22.390507 4.747968 0.049333 0.539862 -1
1 -1.611665 22.390507 4.747968 0.125002 0.649760 -1
1 -1.611665 22.390507 4.211382 0.145649 0.649760 -1
1 -1.611665 27.569813 4.211382 0.145649 0.568660 -1
1 -1.611665 27.569813 4.747968 0.125002 0.568660 -1
1 -1.972913 28.050014 4.747968 0.206968 0.305325 -1
1 -1.972913 28.050014 3.747968 0.168490 0.305325 -1
1 -1.972913 21.910313 3.747968 0.168490 0.401464 -1
1 -1.972913 21.910313 4.747968 0.206968 0.401464 -1
1 7.971668 27.514257 2.747967 0.246140 0.295430 -1
1 10.861663 27.514257 2.747967 0.273928 0.295430 -1
1 11.222912 27.994459 2.747967 0.277402 0.287911 -1
1 7.610420 27.994459 2.747967 0.242666 0.287911 -1
1 10.861663 22.334951 2.747967 0.273928 0.376530 -1
1 11.222912 21.854757 2.747967 0.277402 0.384049 -1
1 7.610420 21.854757 2.747967 0.242666 0.384049 -1
1 7.971668 22.334951 2.747967 0.246140 0.376530 -1
1 7.971668 27.514257 2.747967 0.245517 0.526460 -1
1 7.971668 27.514257 2.211382 0.245517 0.558037 -1
1 10.861663 27.514257 2.211382 0.273305 0.558037 -1
1 10.861663 27.514257 2.747967 0.273305 0.526460 -1
1 11.222912 27.994459 2.747967 0.251327 0.262071 -1
1 11.222912 27.994459 1.747968 0.251327 0.203223 -1
1 7.610420 27.994459 1.747968 0.216591 0.203223 -1
1 7.610420 27.994459 2.747967 0.216591 0.262071 -1
1 10.861663 27.514257 2.747967 0.130013 0.313714 -1
1 10.861663 27.514257 2.211382 0.109366 0.313714 -1
1 10.861663 22.334951 2.211382 0.109366 0.394815 -1
1 10.861663 22.334951 2.747967 0.130013 0.394815 -1
1 11.222912 21.854757 2.747967 0.201957 0.658149 -1
1 11.222912 21.854757 1.747968 0.240435 0.658149 -1
1 11.222912 27.994459 1.747968 0.240435 0.562010 -1
1 11.222912 27.994459 2.747967 0.201957 0.562010 -1
1 7.610420 21.854757 2.747967 0.242043 0.526460 -1
1 7.610420 21.854757 1.747968 0.242043 0.585308 -1
1 11.222912 21.854757 1.747968 0.276779 0.585308 -1
1 11.222912 21.854757 2.747967 0.276779 0.526460 -1
1 10.861663 22.334951 2.747967 0.247853 0.262071 -1
1 10.861663 22.334951 2.211382 0.247853 0.230494 -1
1 7.971668 22.334951 2.211382 0.220065 0.230494 -1
1 7.971668 22.334951 2.747967 0.220065 0.262071 -1
1 7.971668 22.334951 2.747967 0.201957 0.650630 -1
1 7.971668 22.334951 2.211382 0.222604 0.650630 -1
1 7.971668 27.514257 2.211382 0.222604 0.569530 -1
1 7.971668 27.514257 2.747967 0.201957 0.569530 -1
1 7.610420 27.994459 2.747967 0.130013 0.306195 -1
1 7.610420 27.994459 1.747968 0.091535 0.306195 -1
1 7.610420 21.854757 1.747968 0.091535 0.402334 -1
1 7.610420 21.854757 2.747967 0.130013 0.402334 -1
1 -11.028332 27.792036 2.747967 0.063448 0.291080 -1
1 -8.138337 27.792036 2.747967 0.091236 0.291080 -1
1 -7.777088 28.272238 2.747967 0.094709 0.283561 -1
1 -11.389580 28.272238 2.747967 0.059974 0.283561 -1
1 -8.138337 22.612730 2.747967 0.091236 0.372181 -1
1 -7.777088 22.132536 2.747967 0.094709 0.379700 -1
1 -11.389580 22.132536 2.747967 0.059974 0.379700 -1
1 -11.028332 22.612730 2.747967 0.063448 0.372181 -1
1 -11.028332 27.792036 2.747967 0.062825 0.526460 -1
1 -11.028332 27.792036 2.211382 0.062825 0.558037 -1
1 -8.138337 27.792036 2.211382 0.090613 0.558037 -1
1 -8.138337 27.792036 2.747967 0.090613 0.526460 -1
1 -7.777088 28.272238 2.747967 0.068634 0.262071 -1
1 -7.777088 28.272238 1.747968 0.068634 0.203223 -1
1 -11.389580 28.272238 1.747968 0.033899 0.203223 -1
1 -11.389580 28.272238 2.747967 0.033899 0.262071 -1
1 -8.138337 27.792036 2.747967 0.130013 0.309364 -1
1 -8.138337 27.792036 2.211382 0.109366 0.309364 -1
1 -8.138337 22.612730 2.211382 0.109366 0.390465 -1
1 -8.138337 22.612730 2.747967 0.130013 0.390465 -1
1 -7.777088 22.132536 2.747967 0.201957 0.653800 -1
1 -7.777088 22.132536 1.747968 0.240435 0.653800 -1
1 -7.777088 28.272238 1.747968 0.240435 0.557661 -1
1 -7.777088 28.272238 2.747967 0.201957 0.557661 -1
1 -11.389580 22.132536 2.747967 0.059351 0.526460 -1
1 -11.389580 22.132536 1.747968 0.059351 0.585308 -1
1 -7.777088 22.132536 1.747968 0.094086 0.585308 -1
1 -7.777088 22.132536 2.747967 0.094086 0.526460 -1
1 -8.138337 22.612730 2.747967 0.065161 0.262071 -1
1 -8.138337 22.612730 2.211382 0.065161 0.230494 -1
1 -11.028332 22.612730 2.211382 0.037372 0.230494 -1
1 -11.028332 22.612730 2.747967 0.037372 0.262071 -1
1 -11.028332 22.612730 2.747967 0.201957 0.646280 -1
1 -11.028332 22.612730 2.211382 0.222604 0.646280 -1
1 -11.028332 27.792036 2.211382 0.222604 0.565180 -1
1 -11.028332 27.792036 2.747967 0.201957 0.565180 -1
1 -11.389580 28.272238 2.747967 0.130013 0.301845 -1
1 -11.389580 28.272238 1.747968 0.091535 0.301845 -1
1 -11.389580 22.132536 1.747968 0.091535 0.397984 -1
1 -11.389580 22.132536 2.747967 0.130013 0.397984 -1
1 7.971668 15.458702 2.747967 0.246140 0.484202 -1
1 10.861663 15.458702 2.747967 0.273928 0.484202 -1
1 11.222912 15.938904 2.747967 0.277402 0.476683 -1
1 7.610420 15.938904 2.747967 0.242666 0.476683 -1
1 10.861663 10.279396 2.747967 0.273928 0.565303 -1
1 11.222912 9.799202 2.747967 0.277402 0.572822 -1
1 7.610420 9.799202 2.747967 0.242666 0.572822 -1
1 7.971668 10.279396 2.747967 0.246140 0.565303 -1
1 7.971668 15.458702 2.747967 0.245517 0.526460 -1
1 7.971668 15.458702 2.211382 0.245517 0.558037 -1
1 10.861663 15.458702 2.211382 0.273305 0.558037 -1
1 10.861663 15.458702 2.747967 0.273305 0.526460 -1
1 11.222912 15.938904 2.747967 0.251327 0.262071 -1
1 11.222912 15.938904 1.747968 0.251327 0.203223 -1
1 7.610420 15.938904 1.747968 0.216591 0.203223 -1
1 7.610420 15.938904 2.747967 0.216591 0.262071 -1
1 10.861663 15.458702 2.747967 0.195999 0.228890 -1
1 10.861663 15.458702 2.211382 0.175353 0.228890 -1
1 10.861663 10.279396 2.211382 0.175353 0.309991 -1
1 10.861663 10.279396 2.747967 0.195999 0.309991 -1
1 11.222912 9.799202 2.747967 0.222953 0.594831 -1
1 11.222912 9.799202 1.747968 0.261431 0.594831 -1
1 11.222912 15.938904 1.747968 0.261431 0.498692 -1
1 11.222912 15.938904 2.747967 0.222953 0.498692 -1
1 7.610420 9.799202 2.747967 0.242043 0.526460 -1
1 7.610420 9.799202 1.747968 0.242043 0.585308 -1
1 11.222912 9.799202 1.747968 0.276779 0.585308 -1
1 11.222912 9.799202 2.747967 0.276779 0.526460 -1
1 10.861663 10.279396 2.747967 0.247853 0.262071 -1
1 10.861663 10.279396 2.211382 0.247853 0.230494 -1
1 7.971668 10.279396 2.211382 0.220065 0.230494 -1
1 7.971668 10.279396 2.747967 0.220065 0.262071 -1
1 7.971668 10.279396 2.747967 0.222953 0.587312 -1
1 7.971668 10.279396 2.211382 0.243600 0.587312 -1
1 7.971668 15.458702 2.211382 0.243600 0.506211 -1
1 7.971668 15.458702 2.747967 0.222953 0.506211 -1
1 7.610420 15.938904 2.747967 0.195999 0.221371 -1
1 7.610420 15.938904 1.747968 0.157522 0.221371 -1
1 7.610420 9.799202 1.747968 0.157522 0.317510 -1
1 7.610420 9.799202 2.747967 0.195999 0.317510 -1
1 -11.028332 15.458702 2.747967 0.063448 0.484202 -1
1 -8.138337 15.458702 2.747967 0.091236 0.484202 -1
1 -7.777088 15.938904 2.747967 0.094709 0.476683 -1
1 -11.389580 15.938904 2.747967 0.059974 0.476683 -1
1 -8.138337 10.279396 2.747967 0.091236 0.565303 -1
1 -7.777088 9.799202 2.747967 0.094709 0.572822 -1
1 -11.389580 9.799202 2.747967 0.059974 0.572822 -1
1 -11.028332 10.279396 2.747967 0.063448 0.565303 -1
1 -11.028332 15.458702 2.747967 0.062825 0.526460 -1
1 -11.028332 15.458702 2.211382 0.062825 0.558037 -1
1 -8.138337 15.458702 2.211382 0.090613 0.558037 -1
1 -8.138337 15.458702 2.747967 0.090613 0.526460 -1
1 -7.777088 15.938904 2.747967 0.068634 0.262071 -1
1 -7.777088 15.938904 1.747968 0.068634 0.203223 -1
1 -11.389580 15.938904 1.747968 0.033899 0.203223 -1
1 -11.389580 15.938904 2.747967 0.033899 0.262071 -1
1 -8.138337 15.458702 2.747967 0.195999 0.228890 -1
1 -8.138337 15.458702 2.211382 0.175353 0.228890 -1
1 -8.138337 10.279396 2.211382 0.175353 0.309991 -1
1 -8.138337 10.279396 2.747967 0.195999 0.309991 -1
1 -7.777088 9.799202 2.747967 0.222953 0.594831 -1
1 -7.777088 9.799202 1.747968 0.261431 0.594831 -1
1 -7.777088 15.938904 1.747968 0.261431 0.498692 -1
1 -7.777088 15.938904 2.747967 0.222953 0.498692 -1
1 -11.389580 9.799202 2.747967 0.059351 0.526460 -1
1 -11.389580 9.799202 1.747968 0.059351 0.585308 -1
1 -7.777088 9.799202 1.747968 0.094086 0.585308 -1
1 -7.777088 9.799202 2.747967 0.094086 0.526460 -1
1 -8.138337 10.279396 2.747967 0.065161 0.262071 -1
1 -8.138337 10.279396 2.211382 0.065161 0.230494 -1
1 -11.028332 10.279396 2.211382 0.037372 0.230494 -1
1 -11.028332 10.279396 2.747967 0.037372 0.262071 -1
1 -11.028332 10.279396 2.747967 0.222953 0.587312 -1
1 -11.028332 10.279396 2.211382 0.243600 0.587312 -1
1 -11.028332 15.458702 2.211382 0.243600 0.506211 -1
1 -11.028332 15.458702 2.747967 0.222953 0.506211 -1
1 -11.389580 15.938904 2.747967 0.195999 0.221371 -1
1 -11.389580 15.938904 1.747968 0.157522 0.221371 -1
1 -11.389580 9.799202 1.747968 0.157522 0.317510 -1
1 -11.389580 9.799202 2.747967 0.195999 0.317510 -1
1 -6.000000 19.388887 5.000000 0.007137 0.554694 -1
1 -5.000000 19.388887 4.000000 0.016753 0.495846 -1
1 -6.000000 19.388887 4.000000 0.007137 0.495846 -1
1 -5.000000 19.388887 5.000000 0.016753 0.554694 -1
1 5.000000 19.388887 5.000000 0.112907 0.554694 -1
1 6.000000 19.388887 5.000000 0.122522 0.554694 -1
1 5.000000 19.388887 4.000000 0.112907 0.495846 -1
1 6.000000 19.388887 4.000000 0.122522 0.495846 -1
1 -5.000000 19.388887 4.000000 0.240962 0.196164 -1
1 -5.000000 0.000000 4.000000 0.240962 0.499766 -1
1 -6.000000 0.000000 4.000000 0.250577 0.499766 -1
1 -6.000000 19.388887 4.000000 0.250577 0.196164 -1
1 -6.000000 19.388887 4.000000 0.244174 0.167349 -1
1 -6.000000 0.000000 4.000000 0.244174 0.470951 -1
1 -6.000000 0.000000 5.000000 0.282652 0.470951 -1
1 -6.000000 19.388887 5.000000 0.282652 0.167349 -1
1 -6.000000 19.388887 5.000000 0.111797 0.422661 -1
1 -6.000000 0.000000 5.000000 0.111797 0.726263 -1
1 -5.000000 0.000000 5.000000 0.121412 0.726263 -1
1 -5.000000 19.388887 5.000000 0.121412 0.422661 -1
1 -5.000000 19.388887 5.000000 0.136301 0.444670 -1
1 -5.000000 0.000000 5.000000 0.136301 0.748272 -1
1 -5.000000 0.000000 4.000000 0.174778 0.748272 -1
1 -5.000000 19.388887 4.000000 0.174778 0.444670 -1
1 5.000000 19.388887 5.000000 0.217566 0.422661 -1
1 5.000000 0.000000 5.000000 0.217566 0.726263 -1
1 6.000000 0.000000 5.000000 0.227181 0.726263 -1
1 6.000000 19.388887 5.000000 0.227181 0.422661 -1
1 5.000000 19.388887 4.000000 0.244174 0.167349 -1
1 5.000000 0.000000 4.000000 0.244174 0.470951 -1
1 5.000000 0.000000 5.000000 0.282652 0.470951 -1
1 5.000000 19.388887 5.000000 0.282652 0.167349 -1
1 6.000000 19.388887 4.000000 0.135192 0.196164 -1
1 6.000000 0.000000 4.000000 0.135192 0.499766 -1
1 5.000000 0.000000 4.000000 0.144808 0.499766 -1
1 5.000000 19.388887 4.000000 0.144808 0.196164 -1
1 6.000000 19.388887 5.000000 0.136301 0.444670 -1
1 6.000000 0.000000 5.000000 0.136301 0.748272 -1
1 6.000000 0.000000 4.000000 0.174778 0.748272 -1
1 6.000000 19.388887 4.000000 0.174778 0.444670 -1
1 -5.000000 19.388887 4.000000 0.120789 0.452780 -1
1 -6.000000 19.388887 4.000000 0.111174 0.452780 -1
1 -6.000000 19.388887 5.000000 0.111174 0.393932 -1
1 -5.000000 19.388887 5.000000 0.120789 0.393932 -1
1 5.000000 19.388887 5.000000 0.216943 0.393932 -1
1 6.000000 19.388887 5.000000 0.226558 0.393932 -1
1 5.000000 19.388887 4.000000 0.216943 0.452780 -1
1 6.000000 19.388887 4.000000 0.226558 0.452780 -1
1 -16.000000 29.000000 0.000000 0.015020 0.688172 -1
1 -14.000000 29.000000 1.000000 0.034251 0.629324 -1
1 -16.000000 29.000000 1.000000 0.015020 0.629324 -1
1 -13.000000 29.000000 0.000000 0.043866 0.688172 -1
1 -13.000000 29.000000 2.000000 0.043866 0.570476 -1
1 -14.000000 29.000000 3.000000 0.034251 0.511628 -1
1 -7.000000 29.000000 3.000000 0.101558 0.511628 -1
1 -6.000000 29.000000 2.000000 0.111174 0.570476 -1
1 -6.000000 29.000000 4.000000 0.111174 0.452780 -1
1 -7.000000 29.000000 5.000000 0.101558 0.393932 -1
1 6.000000 29.000000 4.000000 0.226558 0.452780 -1
1 7.000000 29.000000 5.000000 0.236174 0.393932 -1
1 7.000000 29.000000 3.000000 0.236174 0.511628 -1
1 6.000000 29.000000 2.000000 0.226558 0.570476 -1
1 13.000000 29.000000 2.000000 0.293866 0.570476 -1
1 14.000000 29.000000 3.000000 0.303482 0.511628 -1
1 14.000000 29.000000 1.000000 0.303482 0.629324 -1
1 13.000000 29.000000 0.000000 0.293866 0.688172 -1
1 16.000000 29.000000 0.000000 0.322712 0.688172 -1
1 16.000000 29.000000 1.000000 0.322712 0.629324 -1
1 -14.000000 29.000000 1.000000 0.034874 0.272165 -1
1 -14.000000 30.000000 1.000000 0.034874 0.256507 -1
1 -16.000000 30.000000 1.000000 0.015643 0.256507 -1
1 -16.000000 29.000000 1.000000 0.015643 0.272165 -1
1 -16.000000 29.000000 1.000000 0.062755 0.290449 -1
1 -16.000000 30.000000 1.000000 0.062755 0.274791 -1
1 -16.000000 30.000000 0.000000 0.024278 0.274791 -1
1 -16.000000 29.000000 0.000000 0.024278 0.290449 -1
1 -16.000000 29.000000 0.000000 0.321536 0.510423 -1
1 -16.000000 30.000000 0.000000 0.321536 0.494764 -1
1 -13.000000 30.000000 0.000000 0.292690 0.494764 -1
1 -13.000000 29.000000 0.000000 0.292690 0.510423 -1
1 -13.000000 29.000000 0.000000 0.307692 0.546265 -1
1 -13.000000 30.000000 0.000000 0.307692 0.530607 -1
1 -13.000000 30.000000 2.000000 0.230737 0.530607 -1
1 -13.000000 29.000000 2.000000 0.230737 0.546265 -1
1 -14.000000 29.000000 3.000000 0.139710 0.290449 -1
1 -14.000000 30.000000 3.000000 0.139710 0.274791 -1
1 -14.000000 30.000000 1.000000 0.062755 0.274791 -1
1 -14.000000 29.000000 1.000000 0.062755 0.290449 -1
1 -7.000000 29.000000 3.000000 0.102181 0.272165 -1
1 -7.000000 30.000000 3.000000 0.102181 0.256507 -1
1 -14.000000 30.000000 3.000000 0.034874 0.256507 -1
1 -14.000000 29.000000 3.000000 0.034874 0.272165 -1
1 -13.000000 29.000000 2.000000 0.292690 0.510423 -1
1 -13.000000 30.000000 2.000000 0.292690 0.494764 -1
1 -6.000000 30.000000 2.000000 0.225382 0.494764 -1
1 -6.000000 29.000000 2.000000 0.225382 0.510423 -1
1 -6.000000 29.000000 2.000000 0.230737 0.546265 -1
1 -6.000000 30.000000 2.000000 0.230737 0.530607 -1
1 -6.000000 30.000000 4.000000 0.153782 0.530607 -1
1 -6.000000 29.000000 4.000000 0.153782 0.546265 -1
1 -7.000000 29.000000 5.000000 0.216665 0.290449 -1
1 -7.000000 30.000000 5.000000 0.216665 0.274791 -1
1 -7.000000 30.000000 3.000000 0.139710 0.274791 -1
1 -7.000000 29.000000 3.000000 0.139710 0.290449 -1
1 -6.000000 29.000000 4.000000 0.225382 0.510423 -1
1 -6.000000 30.000000 4.000000 0.225382 0.494764 -1
1 6.000000 30.000000 4.000000 0.109997 0.494764 -1
1 6.000000 29.000000 4.000000 0.109997 0.510423 -1
1 7.000000 29.000000 5.000000 0.236797 0.272165 -1
1 7.000000 30.000000 5.000000 0.236797 0.256507 -1
1 -7.000000 30.000000 5.000000 0.102181 0.256507 -1
1 -7.000000 29.000000 5.000000 0.102181 0.272165 -1
1 7.000000 29.000000 3.000000 0.192260 0.546265 -1
1 7.000000 30.000000 3.000000 0.192260 0.530607 -1
1 7.000000 30.000000 5.000000 0.115305 0.530607 -1
1 7.000000 29.000000 5.000000 0.115305 0.546265 -1
1 6.000000 29.000000 4.000000 0.178188 0.290449 -1
1 6.000000 30.000000 4.000000 0.178188 0.274791 -1
1 6.000000 30.000000 2.000000 0.101233 0.274791 -1
1 6.000000 29.000000 2.000000 0.101233 0.290449 -1
1 6.000000 29.000000 2.000000 0.109997 0.510423 -1
1 6.000000 30.000000 2.000000 0.109997 0.494764 -1
1 13.000000 30.000000 2.000000 0.042690 0.494764 -1
1 13.000000 29.000000 2.000000 0.042690 0.510423 -1
1 14.000000 29.000000 3.000000 0.304105 0.272165 -1
1 14.000000 30.000000 3.000000 0.304105 0.256507 -1
1 7.000000 30.000000 3.000000 0.236797 0.256507 -1
1 7.000000 29.000000 3.000000 0.236797 0.272165 -1
1 14.000000 29.000000 1.000000 0.269215 0.546265 -1
1 14.000000 30.000000 1.000000 0.269215 0.530607 -1
1 14.000000 30.000000 3.000000 0.192260 0.530607 -1
1 14.000000 29.000000 3.000000 0.192260 0.546265 -1
1 13.000000 29.000000 2.000000 0.101233 0.290449 -1
1 13.000000 30.000000 2.000000 0.101233 0.274791 -1
1 13.000000 30.000000 0.000000 0.024278 0.274791 -1
1 13.000000 29.000000 0.000000 0.024278 0.290449 -1
1 13.000000 29.000000 0.000000 0.042690 0.510423 -1
1 13.000000 30.000000 0.000000 0.042690 0.494764 -1
1 16.000000 30.000000 0.000000 0.013843 0.494764 -1
1 16.000000 29.000000 0.000000 0.013843 0.510423 -1
1 16.000000 29.000000 0.000000 0.307692 0.546265 -1
1 16.000000 30.000000 0.000000 0.307692 0.530607 -1
1 16.000000 30.000000 1.000000 0.269215 0.530607 -1
1 16.000000 29.000000 1.000000 0.269215 0.546265 -1
1 16.000000 29.000000 1.000000 0.323335 0.272165 -1
1 16.000000 30.000000 1.000000 0.323335 0.256507 -1
1 14.000000 30.000000 1.000000 0.304105 0.256507 -1
1 14.000000 29.000000 1.000000 0.304105 0.272165 -1
1 -16.000000 19.428570 0.000000 0.015020 0.688172 -1
1 -14.000000 19.428570 1.000000 0.034251 0.629324 -1
1 -16.000000 19.428570 1.000000 0.015020 0.629324 -1
1 -13.000000 19.428570 0.000000 0.043866 0.688172 -1
1 -13.000000 19.428570 2.000000 0.043866 0.570476 -1
1 -14.000000 19.428570 3.000000 0.034251 0.511628 -1
1 -7.000000 19.428570 3.000000 0.101558 0.511628 -1
1 -6.000000 19.428570 2.000000 0.111174 0.570476 -1
1 -6.000000 19.428570 4.000000 0.111174 0.452780 -1
1 -7.000000 19.428570 5.000000 0.101558 0.393932 -1
1 6.000000 19.428570 4.000000 0.226558 0.452780 -1
1 7.000000 19.428570 5.000000 0.236174 0.393932 -1
1 7.000000 19.428570 3.000000 0.236174 0.511628 -1
1 6.000000 19.428570 2.000000 0.226558 0.570476 -1
1 13.000000 19.428570 2.000000 0.293866 0.570476 -1
1 14.000000 19.428570 3.000000 0.303482 0.511628 -1
1 14.000000 19.428570 1.000000 0.303482 0.629324 -1
1 13.000000 19.428570 0.000000 0.293866 0.688172 -1
1 16.000000 19.428570 0.000000 0.322712 0.688172 -1
1 16.000000 19.428570 1.000000 0.322712 0.629324 -1
1 -14.000000 19.428570 1.000000 0.034874 0.422040 -1
1 -14.000000 20.428570 1.000000 0.034874 0.406381 -1
1 -16.000000 20.428570 1.000000 0.015643 0.406381 -1
1 -16.000000 19.428570 1.000000 0.015643 0.422040 -1
1 -16.000000 19.428570 1.000000 0.128742 0.166728 -1
1 -16.000000 20.428570 1.000000 0.128742 0.151069 -1
1 -16.000000 20.428570 0.000000 0.090264 0.151069 -1
1 -16.000000 19.428570 0.000000 0.090264 0.166728 -1
1 -16.000000 19.428570 0.000000 0.325735 0.447633 -1
1 -16.000000 20.428570 0.000000 0.325735 0.431975 -1
1 -13.000000 20.428570 0.000000 0.296889 0.431975 -1
1 -13.000000 19.428570 0.000000 0.296889 0.447633 -1
1 -13.000000 19.428570 0.000000 0.307692 0.696140 -1
1 -13.000000 20.428570 0.000000 0.307692 0.680481 -1
1 -13.000000 20.428570 2.000000 0.230737 0.680481 -1
1 -13.000000 19.428570 2.000000 0.230737 0.696140 -1
1 -14.000000 19.428570 3.000000 0.205697 0.166728 -1
1 -14.000000 20.428570 3.000000 0.205697 0.151069 -1
1 -14.000000 20.428570 1.000000 0.128742 0.151069 -1
1 -14.000000 19.428570 1.000000 0.128742 0.166728 -1
1 -7.000000 19.428570 3.000000 0.102181 0.422040 -1
1 -7.000000 20.428570 3.000000 0.102181 0.406381 -1
1 -14.000000 20.428570 3.000000 0.034874 0.406381 -1
1 -14.000000 19.428570 3.000000 0.034874 0.422040 -1
1 -13.000000 19.428570 2.000000 0.296889 0.447633 -1
1 -13.000000 20.428570 2.000000 0.296889 0.431975 -1
1 -6.000000 20.428570 2.000000 0.229581 0.431975 -1
1 -6.000000 19.428570 2.000000 0.229581 0.447633 -1
1 -6.000000 19.428570 2.000000 0.230737 0.696140 -1
1 -6.000000 20.428570 2.000000 0.230737 0.680481 -1
1 -6.000000 20.428570 4.000000 0.153782 0.680481 -1
1 -6.000000 19.428570 4.000000 0.153782 0.696140 -1
1 -7.000000 19.428570 5.000000 0.282652 0.166728 -1
1 -7.000000 20.428570 5.000000 0.282652 0.151069 -1
1 -7.000000 20.428570 3.000000 0.205697 0.151069 -1
1 -7.000000 19.428570 3.000000 0.205697 0.166728 -1
1 -6.000000 19.428570 4.000000 0.229581 0.447633 -1
1 -6.000000 20.428570 4.000000 0.229581 0.431975 -1
1 6.000000 20.428570 4.000000 0.114196 0.431975 -1
1 6.000000 19.428570 4.000000 0.114196 0.447633 -1
1 7.000000 19.428570 5.000000 0.236797 0.422040 -1
1 7.000000 20.428570 5.000000 0.236797 0.406381 -1
1 -7.000000 20.428570 5.000000 0.102181 0.406381 -1
1 -7.000000 19.428570 5.000000 0.102181 0.422040 -1
1 7.000000 19.428570 3.000000 0.192260 0.696140 -1
1 7.000000 20.428570 3.000000 0.192260 0.680481 -1
1 7.000000 20.428570 5.000000 0.115305 0.680481 -1
1 7.000000 19.428570 5.000000 0.115305 0.696140 -1
1 6.000000 19.428570 4.000000 0.244174 0.166728 -1
1 6.000000 20.428570 4.000000 0.244174 0.151069 -1
1 6.000000 20.428570 2.000000 0.167219 0.151069 -1
1 6.000000 19.428570 2.000000 0.167219 0.166728 -1
1 6.000000 19.428570 2.000000 0.114196 0.447633 -1
1 6.000000 20.428570 2.000000 0.114196 0.431975 -1
1 13.000000 20.428570 2.000000 0.046889 0.431975 -1
1 13.000000 19.428570 2.000000 0.046889 0.447633 -1
1 14.000000 19.428570 3.000000 0.304105 0.422040 -1
1 14.000000 20.428570 3.000000 0.304105 0.406381 -1
1 7.000000 20.428570 3.000000 0.236797 0.406381 -1
1 7.000000 19.428570 3.000000 0.236797 0.422040 -1
1 14.000000 19.428570 1.000000 0.269215 0.696140 -1
1 14.000000 20.428570 1.000000 0.269215 0.680481 -1
1 14.000000 20.428570 3.000000 0.192260 0.680481 -1
1 14.000000 19.428570 3.000000 0.192260 0.696140 -1
1 13.000000 19.428570 2.000000 0.167219 0.166728 -1
1 13.000000 20.428570 2.000000 0.167219 0.151069 -1
1 13.000000 20.428570 0.000000 0.090264 0.151069 -1
1 13.000000 19.428570 0.000000 0.090264 0.166728 -1
1 13.000000 19.428570 0.000000 0.046889 0.447633 -1
1 13.000000 20.428570 0.000000 0.046889 0.431975 -1
1 16.000000 20.428570 0.000000 0.018043 0.431975 -1
1 16.000000 19.428570 0.000000 0.018043 0.447633 -1
1 16.000000 19.428570 0.000000 0.307692 0.696140 -1
1 16.000000 20.428570 0.000000 0.307692 0.680481 -1
1 16.000000 20.428570 1.000000 0.269215 0.680481 -1
1 16.000000 19.428570 1.000000 0.269215 0.696140 -1
1 16.000000 19.428570 1.000000 0.323335 0.422040 -1
1 16.000000 20.428570 1.000000 0.323335 0.406381 -1
1 14.000000 20.428570 1.000000 0.304105 0.406381 -1
1 14.000000 19.428570 1.000000 0.304105 0.422040 -1
71
0.000000 0.000000 1.000000
0.000000 1.000000 0.000000
-0.184879 0.982761 0.000000
-0.369763 0.929126 0.000003
1.000000 0.000000 0.000000
0.184885 -0.982760 0.000000
0.369767 -0.929125 -0.000002
0.000000 -1.000000 0.000000
0.535172 -0.844743 -0.000002
0.535168 -0.844745 -0.000004
-0.535167 0.844746 0.000004
-0.535173 0.844742 0.000009
-0.819781 0.572677 0.000003
-0.819783 0.572674 0.000006
-0.848905 0.528545 0.000002
-0.875727 0.482807 0.000000
0.848905 -0.528545 -0.000001
0.875728 -0.482805 0.000000
0.819781 -0.572677 -0.000001
0.819780 -0.572679 -0.000003
-0.954803 0.297241 0.000000
-0.988894 0.148620 0.000000
0.900023 -0.435842 0.000000
-1.000000 0.000000 0.000000
0.184884 0.982760 0.000000
0.369763 0.929126 0.000003
-0.184882 -0.982761 0.000000
-0.369766 -0.929125 -0.000002
-0.535171 -0.844744 -0.000002
-0.535174 -0.844742 -0.000004
0.535166 0.844747 0.000004
0.535160 0.844751 0.000009
0.848905 0.528545 0.000002
0.875728 0.482805 0.000000
0.819782 0.572676 0.000003
0.819780 0.572679 0.000006
-0.819781 -0.572677 -0.000001
-0.819782 -0.572676 -0.000003
-0.848905 -0.528545 -0.000001
-0.875727 -0.482806 0.000000
0.954803 0.297241 0.000000
0.988894 0.148620 0.000000
-0.900023 -0.435842 0.000000
-0.929974 0.150116 0.335579
0.000000 0.872927 0.487851
0.000000 0.872927 0.487851
0.929974 0.150116 0.335579
1.000000 0.000000 -0.000000
1.000000 0.000000 -0.000000
0.975776 0.000000 0.218773
0.607727 0.000000 0.794146
0.000000 0.000000 1.000000
0.000000 0.000000 1.000000
-0.607726 0.000000 0.794147
-0.975776 0.000000 0.218773
-1.000000 0.000000 -0.000000
-1.000000 0.000000 -0.000000
-0.975776 0.000000 -0.218773
-0.607727 0.000000 -0.794146
0.000000 0.000000 -1.000000
0.607728 0.000000 -0.794145
0.975776 0.000000 -0.218773
0.607726 0.000000 0.794147
-0.000000 0.000000 1.000000
-0.607727 0.000000 0.794146
-0.607728 0.000000 -0.794145
-0.000000 0.000000 -1.000000
-0.000000 0.000000 -1.000000
0.607727 0.000000 -0.794146
0.000000 0.000000 -1.000000
0.000000 0.000000 0.000000
442
1 0 1 2 0 0 0 1
1 3 2 1 0 0 0 1
1 4 3 5 0 0 0 1
1 1 5 3 0 0 0 1
1 4 5 6 0 0 0 1
1 6 7 4 0 0 0 1
1 7 6 8 0 0 0 1
1 9 7 8 0 0 0 1
1 2 10 0 0 0 0 1
1 10 2 11 0 0 0 1
1 12 11 13 0 0 0 1
1 11 12 10 0 0 0 1
1 14 12 13 0 0 0 1
1 13 15 14 0 0 0 1
1 16 14 15 0 0 0 1
1 16 15 17 0 0 0 1
1 18 19 20 1 1 2 2
1 18 20 21 1 2 3 2
1 22 23 24 4 4 4 2
1 22 24 25 4 4 4 2
1 26 27 28 5 6 7 2
1 26 28 29 5 7 7 2
1 30 31 27 8 9 6 2
1 30 27 26 8 6 5 2
1 21 20 32 3 2 10 2
1 21 32 33 3 10 11 2
1 34 35 36 12 13 14 2
1 34 36 37 12 14 15 2
1 38 39 40 16 17 18 2
1 38 40 41 16 18 19 2
1 37 36 42 15 14 20 2
1 37 42 43 15 20 21 2
1 44 45 39 22 22 17 2
1 44 39 38 22 17 16 2
1 43 42 46 21 20 23 2
1 43 46 47 21 23 23 2
1 48 49 19 24 25 1 2
1 48 19 18 24 1 1 2
1 50 51 52 23 23 23 2
1 50 52 53 23 23 23 2
1 29 28 54 7 7 26 2
1 29 54 55 7 26 27 2
1 55 54 56 27 26 28 2
1 55 56 57 27 28 29 2
1 58 59 49 30 31 25 2
1 58 49 48 30 25 24 2
1 60 61 62 32 33 34 2
1 60 62 63 32 34 35 2
1 64 65 66 36 37 38 2
1 64 66 67 36 38 39 2
1 68 69 61 40 41 33 2
1 68 61 60 40 33 32 2
1 67 66 70 39 38 42 2
1 67 70 71 39 42 42 2
1 72 73 69 4 4 41 2
1 72 69 68 4 41 40 2
1 74 75 76 0 0 0 1
1 77 78 79 43 43 43 1
1 80 81 82 44 44 44 1
1 80 82 83 44 44 45 1
1 84 85 86 0 0 0 1
1 87 88 89 46 46 46 1
1 90 91 92 1 1 1 2
1 90 92 93 1 1 1 2
1 94 95 96 23 23 23 2
1 94 96 97 23 23 23 2
1 98 99 100 4 4 4 2
1 98 100 101 4 4 4 2
1 102 103 104 1 1 1 2
1 102 104 105 1 1 1 2
1 106 107 108 7 7 7 2
1 106 108 109 7 7 7 2
1 110 111 112 4 4 4 2
1 110 112 113 4 4 4 2
1 114 115 116 1 1 1 2
1 114 116 117 1 1 1 2
1 118 119 120 23 23 23 2
1 118 120 121 23 23 23 2
1 122 90 93 1 1 1 2
1 122 93 123 1 1 1 2
1 124 94 97 23 23 23 2
1 124 97 78 23 23 23 2
1 125 98 101 4 4 4 2
1 125 101 126 4 4 4 2
1 81 102 105 1 1 1 2
1 81 105 82 1 1 1 2
1 127 106 109 7 7 7 2
1 127 109 128 7 7 7 2
1 89 110 113 4 4 4 2
1 89 113 129 4 4 4 2
1 130 114 117 1 1 1 2
1 130 117 131 1 1 1 2
1 132 118 121 23 23 23 2
1 132 121 133 23 23 23 2
1 134 135 136 47 48 49 1
1 135 137 136 48 49 49 1
1 138 139 140 50 50 51 1
1 138 140 141 50 51 52 1
1 141 140 142 52 51 53 1
1 140 143 142 51 53 53 1
1 144 145 146 54 54 55 1
1 144 146 147 54 55 56 1
1 147 146 148 56 55 57 1
1 146 149 148 55 57 57 1
1 150 151 152 58 58 59 1
1 150 152 153 58 59 59 1
1 153 152 154 59 59 60 1
1 152 155 154 59 60 60 1
1 156 157 135 61 61 48 1
1 156 135 134 61 48 47 1
1 158 159 160 47 48 49 1
1 159 161 160 48 49 49 1
1 162 163 164 62 62 63 1
1 162 164 165 62 63 63 1
1 165 164 166 63 63 64 1
1 164 167 166 63 64 64 1
1 168 169 170 54 54 55 1
1 168 170 171 54 55 56 1
1 171 170 172 56 55 57 1
1 170 173 172 55 57 57 1
1 174 175 176 65 65 66 1
1 174 176 177 65 66 67 1
1 177 176 178 67 66 68 1
1 176 179 178 66 68 68 1
1 180 181 159 61 61 48 1
1 180 159 158 61 48 47 1
1 182 183 184 0 0 0 1
1 183 185 184 0 0 0 1
1 186 187 188 4 4 4 2
1 187 189 188 4 4 4 2
1 190 191 192 23 23 23 2
1 191 193 192 23 23 23 2
1 194 195 196 1 1 1 3
1 195 197 196 1 1 1 3
1 198 199 200 7 7 7 3
1 199 201 200 7 7 7 3
1 202 203 204 0 0 0 1
1 203 205 204 0 0 0 1
1 206 207 208 4 4 4 2
1 207 209 208 4 4 4 2
1 210 211 212 23 23 23 2
1 211 213 212 23 23 23 2
1 214 215 216 1 1 1 3
1 215 217 216 1 1 1 3
1 218 219 220 7 7 7 3
1 219 221 220 7 7 7 3
1 222 223 224 0 0 0 1
1 224 225 222 0 0 0 1
1 224 223 226 0 0 0 1
1 226 227 224 0 0 0 1
1 228 227 226 0 0 0 1
1 226 229 228 0 0 0 1
1 228 229 222 0 0 0 1
1 225 228 222 0 0 0 1
1 230 231 232 7 7 7 2
1 230 232 233 7 7 7 2
1 234 235 236 1 1 1 2
1 234 236 237 1 1 1 2
1 238 239 240 23 23 23 2
1 238 240 241 23 23 23 2
1 242 243 244 4 4 4 2
1 242 244 245 4 4 4 2
1 246 247 248 7 7 7 2
1 246 248 249 7 7 7 2
1 250 251 252 1 1 1 2
1 250 252 253 1 1 1 2
1 254 255 256 4 4 4 2
1 254 256 257 4 4 4 2
1 258 259 260 23 23 23 2
1 258 260 261 23 23 23 2
1 262 263 264 0 0 0 1
1 264 265 262 0 0 0 1
1 264 263 266 0 0 0 1
1 266 267 264 0 0 0 1
1 268 267 266 0 0 0 1
1 266 269 268 0 0 0 1
1 268 269 262 0 0 0 1
1 265 268 262 0 0 0 1
1 270 271 272 7 7 7 2
1 270 272 273 7 7 7 2
1 274 275 276 1 1 1 2
1 274 276 277 1 1 1 2
1 278 279 280 23 23 23 2
1 278 280 281 23 23 23 2
1 282 283 284 4 4 4 2
1 282 284 285 4 4 4 2
1 286 287 288 7 7 7 2
1 286 288 289 7 7 7 2
1 290 291 292 1 1 1 2
1 290 292 293 1 1 1 2
1 294 295 296 4 4 4 2
1 294 296 297 4 4 4 2
1 298 299 300 23 23 23 2
1 298 300 301 23 23 23 2
1 302 303 304 0 0 0 1
1 304 305 302 0 0 0 1
1 304 303 306 0 0 0 1
1 306 307 304 0 0 0 1
1 308 307 306 0 0 0 1
1 306 309 308 0 0 0 1
1 308 309 302 0 0 0 1
1 305 308 302 0 0 0 1
1 310 311 312 7 7 7 2
1 310 312 313 7 7 7 2
1 314 315 316 1 1 1 2
1 314 316 317 1 1 1 2
1 318 319 320 23 23 23 2
1 318 320 321 23 23 23 2
1 322 323 324 4 4 4 2
1 322 324 325 4 4 4 2
1 326 327 328 7 7 7 2
1 326 328 329 7 7 7 2
1 330 331 332 1 1 1 2
1 330 332 333 1 1 1 2
1 334 335 336 4 4 4 2
1 334 336 337 4 4 4 2
1 338 339 340 23 23 23 2
1 338 340 341 23 23 23 2
1 342 343 344 0 0 0 1
1 344 345 342 0 0 0 1
1 344 343 346 0 0 0 1
1 346 347 344 0 0 0 1
1 348 347 346 0 0 0 1
1 346 349 348 0 0 0 1
1 348 349 342 0 0 0 1
1 345 348 342 0 0 0 1
1 350 351 352 7 7 7 2
1 350 352 353 7 7 7 2
1 354 355 356 1 1 1 2
1 354 356 357 1 1 1 2
1 358 359 360 23 23 23 2
1 358 360 361 23 23 23 2
1 362 363 364 4 4 4 2
1 362 364 365 4 4 4 2
1 366 367 368 7 7 7 2
1 366 368 369 7 7 7 2
1 370 371 372 1 1 1 2
1 370 372 373 1 1 1 2
1 374 375 376 4 4 4 2
1 374 376 377 4 4 4 2
1 378 379 380 23 23 23 2
1 378 380 381 23 23 23 2
1 382 383 384 0 0 0 1
1 384 385 382 0 0 0 1
1 384 383 386 0 0 0 1
1 386 387 384 0 0 0 1
1 388 387 386 0 0 0 1
1 386 389 388 0 0 0 1
1 388 389 382 0 0 0 1
1 385 388 382 0 0 0 1
1 390 391 392 7 7 7 2
1 390 392 393 7 7 7 2
1 394 395 396 1 1 1 2
1 394 396 397 1 1 1 2
1 398 399 400 23 23 23 2
1 398 400 401 23 23 23 2
1 402 403 404 4 4 4 2
1 402 404 405 4 4 4 2
1 406 407 408 7 7 7 2
1 406 408 409 7 7 7 2
1 410 411 412 1 1 1 2
1 410 412 413 1 1 1 2
1 414 415 416 4 4 4 2
1 414 416 417 4 4 4 2
1 418 419 420 23 23 23 2
1 418 420 421 23 23 23 2
1 422 423 424 0 0 0 1
1 424 425 422 0 0 0 1
1 424 423 426 0 0 0 1
1 426 427 424 0 0 0 1
1 428 427 426 0 0 0 1
1 426 429 428 0 0 0 1
1 428 429 422 0 0 0 1
1 425 428 422 0 0 0 1
1 430 431 432 7 7 7 2
1 430 432 433 7 7 7 2
1 434 435 436 1 1 1 2
1 434 436 437 1 1 1 2
1 438 439 440 23 23 23 2
1 438 440 441 23 23 23 2
1 442 443 444 4 4 4 2
1 442 444 445 4 4 4 2
1 446 447 448 7 7 7 2
1 446 448 449 7 7 7 2
1 450 451 452 1 1 1 2
1 450 452 453 1 1 1 2
1 454 455 456 4 4 4 2
1 454 456 457 4 4 4 2
1 458 459 460 23 23 23 2
1 458 460 461 23 23 23 2
1 462 463 464 1 1 1 1
1 462 465 463 1 1 1 1
1 466 467 468 1 1 1 1
1 469 468 467 1 1 1 1
1 470 471 472 69 69 69 2
1 470 472 473 69 69 69 2
1 474 475 476 23 23 23 2
1 474 476 477 23 23 23 2
1 478 479 480 0 0 0 2
1 478 480 481 0 0 0 2
1 482 483 484 4 4 4 2
1 482 484 485 4 4 4 2
1 486 487 488 0 0 0 2
1 486 488 489 0 0 0 2
1 490 491 492 23 23 23 2
1 490 492 493 23 23 23 2
1 494 495 496 69 69 69 2
1 494 496 497 69 69 69 2
1 498 499 500 4 4 4 2
1 498 500 501 4 4 4 2
1 502 502 503 70 70 70 2
1 502 503 503 70 70 70 2
1 503 503 504 70 70 70 2
1 503 504 504 70 70 70 2
1 504 504 505 70 70 70 2
1 504 505 505 70 70 70 2
1 505 505 502 70 70 70 2
1 505 502 502 70 70 70 2
1 506 506 507 70 70 70 2
1 506 507 507 70 70 70 2
1 508 508 506 70 70 70 2
1 508 506 506 70 70 70 2
1 509 509 508 70 70 70 2
1 509 508 508 70 70 70 2
1 507 507 509 70 70 70 2
1 507 509 509 70 70 70 2
1 510 511 512 7 7 7 1
1 511 510 513 7 7 7 1
1 511 513 514 7 7 7 1
1 514 515 511 7 7 7 1
1 514 516 515 7 7 7 1
1 516 514 517 7 7 7 1
1 516 517 518 7 7 7 1
1 518 519 516 7 7 7 1
1 519 518 520 7 7 7 1
1 520 521 519 7 7 7 1
1 520 522 521 7 7 7 1
1 522 520 523 7 7 7 1
1 522 523 524 7 7 7 1
1 524 525 522 7 7 7 1
1 524 526 525 7 7 7 1
1 526 524 527 7 7 7 1
1 526 527 528 7 7 7 1
1 528 529 526 7 7 7 1
1 530 531 532 0 0 0 2
1 530 532 533 0 0 0 2
1 534 535 536 23 23 23 2
1 534 536 537 23 23 23 2
1 538 539 540 69 69 69 2
1 538 540 541 69 69 69 2
1 542 543 544 4 4 4 2
1 542 544 545 4 4 4 2
1 546 547 548 23 23 23 2
1 546 548 549 23 23 23 2
1 550 551 552 0 0 0 2
1 550 552 553 0 0 0 2
1 554 555 556 69 69 69 2
1 554 556 557 69 69 69 2
1 558 559 560 4 4 4 2
1 558 560 561 4 4 4 2
1 562 563 564 23 23 23 2
1 562 564 565 23 23 23 2
1 566 567 568 69 69 69 2
1 566 568 569 69 69 69 2
1 570 571 572 0 0 0 2
1 570 572 573 0 0 0 2
1 574 575 576 4 4 4 2
1 574 576 577 4 4 4 2
1 578 579 580 23 23 23 2
1 578 580 581 23 23 23 2
1 582 583 584 69 69 69 2
1 582 584 585 69 69 69 2
1 586 587 588 0 0 0 2
1 586 588 589 0 0 0 2
1 590 591 592 4 4 4 2
1 590 592 593 4 4 4 2
1 594 595 596 23 23 23 2
1 594 596 597 23 23 23 2
1 598 599 600 69 69 69 2
1 598 600 601 69 69 69 2
1 602 603 604 4 4 4 2
1 602 604 605 4 4 4 2
1 606 607 608 0 0 0 2
1 606 608 609 0 0 0 2
1 610 611 612 7 7 7 1
1 611 610 613 7 7 7 1
1 611 613 614 7 7 7 1
1 614 615 611 7 7 7 1
1 614 616 615 7 7 7 1
1 616 614 617 7 7 7 1
1 616 617 618 7 7 7 1
1 618 619 616 7 7 7 1
1 619 618 620 7 7 7 1
1 620 621 619 7 7 7 1
1 620 622 621 7 7 7 1
1 622 620 623 7 7 7 1
1 622 623 624 7 7 7 1
1 624 625 622 7 7 7 1
1 624 626 625 7 7 7 1
1 626 624 627 7 7 7 1
1 626 627 628 7 7 7 1
1 628 629 626 7 7 7 1
1 630 631 632 0 0 0 2
1 630 632 633 0 0 0 2
1 634 635 636 23 23 23 2
1 634 636 637 23 23 23 2
1 638 639 640 69 69 69 2
1 638 640 641 69 69 69 2
1 642 643 644 4 4 4 2
1 642 644 645 4 4 4 2
1 646 647 648 23 23 23 2
1 646 648 649 23 23 23 2
1 650 651 652 0 0 0 2
1 650 652 653 0 0 0 2
1 654 655 656 69 69 69 2
1 654 656 657 69 69 69 2
1 658 659 660 4 4 4 2
1 658 660 661 4 4 4 2
1 662 663 664 23 23 23 2
1 662 664 665 23 23 23 2
1 666 667 668 69 69 69 2
1 666 668 669 69 69 69 2
1 670 671 672 0 0 0 2
1 670 672 673 0 0 0 2
1 674 675 676 4 4 4 2
1 674 676 677 4 4 4 2
1 678 679 680 23 23 23 2
1 678 680 681 23 23 23 2
1 682 683 684 69 69 69 2
1 682 684 685 69 69 69 2
1 686 687 688 0 0 0 2
1 686 688 689 0 0 0 2
1 690 691 692 4 4 4 2
1 690 692 693 4 4 4 2
1 694 695 696 23 23 23 2
1 694 696 697 23 23 23 2
1 698 699 700 69 69 69 2
1 698 700 701 69 69 69 2
1 702 703 704 4 4 4 2
1 702 704 705 4 4 4 2
1 706 707 708 0 0 0 2
1 706 708 709 0 0 0 2
"1_Blz_Top" 0 1
16
0 -6.000000 30.000000 4.000000 0.436845 0.563600 -1
0 6.000000 30.000000 4.000000 0.553596 0.563600 -1
0 0.000000 40.000000 4.000000 0.495221 0.646038 -1
0 -6.000000 30.000000 0.000000 0.436845 0.563600 -1
0 6.000000 30.000000 0.000000 0.553596 0.563600 -1
0 0.000000 40.000000 0.000000 0.495221 0.646038 -1
0 -16.000000 30.000000 0.000000 0.339552 0.563600 -1
0 -16.000000 40.000000 -6.571428 0.339552 0.646038 -1
0 -16.000000 30.000000 -13.000000 0.339552 0.563600 -1
0 -6.000000 40.000000 -6.571428 0.436845 0.646038 -1
0 -6.000000 30.000000 -13.000000 0.436845 0.563600 -1
0 16.000000 30.000000 -13.000000 0.650890 0.563600 -1
0 16.000000 40.000000 -6.571428 0.650890 0.646038 -1
0 16.000000 30.000000 0.000000 0.650890 0.563600 -1
0 6.000000 30.000000 -13.000000 0.553596 0.563600 -1
0 6.000000 40.000000 -6.571428 0.553596 0.646038 -1
22
0.000000 0.000000 1.000000
-0.499929 -0.866067 0.000000
-0.720787 -0.597578 0.351237
0.367206 -0.594021 0.715751
0.999857 0.016902 0.000000
0.485643 0.874157 0.000000
-0.485643 0.874157 0.000000
-1.000000 0.000000 0.000000
0.000000 0.058744 0.998273
0.000000 0.892091 0.451856
0.000000 0.887508 -0.460792
0.000000 0.048396 -0.998828
0.000000 -0.866363 -0.499414
1.000000 0.000000 0.000000
0.000000 0.892091 0.451856
0.000000 -0.866523 0.499137
-0.325874 0.939172 -0.108458
-0.675175 0.405105 0.616464
0.000000 0.826505 0.562930
0.675175 0.405105 0.616464
0.242136 0.891768 -0.382257
0.000000 0.540758 -0.841178
26
0 0 1 2 0 0 0 1
0 0 3 4 1 2 3 2
0 0 4 1 1 3 4 2
0 1 4 5 4 3 5 2
0 1 5 2 4 5 6 2
0 2 5 3 6 5 2 2
0 2 3 0 6 2 1 2
0 6 7 8 7 7 7 1
0 6 3 9 8 2 9 2
0 6 9 7 8 9 10 2
0 7 9 10 10 9 11 2
0 7 10 8 10 11 12 2
0 8 10 3 12 11 2 2
0 8 3 6 12 2 8 2
0 11 12 13 13 13 13 1
0 11 14 15 11 12 10 2
0 11 15 12 11 10 14 2
0 12 15 4 14 10 3 2
0 12 4 13 14 3 15 2
0 13 4 14 15 3 12 2
0 13 14 11 15 12 11 2
0 9 3 5 16 17 18 1
0 5 4 15 18 19 20 1
0 15 9 5 20 16 18 1
0 10 15 14 21 20 21 1
0 15 10 9 20 21 16 1

Materials: 3
"Blz"
0.200000 0.200000 0.200000 1.000000
0.800000 0.800000 0.800000 1.000000
0.000000 0.000000 0.000000 1.000000
0.000000 0.000000 0.000000 1.000000
0.000000
1.000000
"..\Image\brick01.tga"
""
"Blz_Other"
0.200000 0.200000 0.200000 1.000000
0.800000 0.800000 0.800000 1.000000
0.000000 0.000000 0.000000 1.000000
0.000000 0.000000 0.000000 1.000000
0.000000
1.000000
"..\Image\House1.tga"
""
"Widnwos"
0.200000 0.200000 0.200000 1.000000
0.800000 0.800000 0.800000 1.000000
0.000000 0.000000 0.000000 1.000000
0.000000 0.000000 0.000000 1.000000
0.000000
1.000000
"..\Image\window.tga"
""

Bones: 0
GroupComments: 0
MaterialComments: 0
BoneComments: 0
ModelComment: 0
