// MilkShape 3D ASCII

Frames: 30
Frame: 1

Meshes: 3
"1_Blz" 0 0
12
0 15.000000 19.000000 -15.000000 4.000000 3.800000 -1
0 15.000000 0.000000 -15.000000 4.000000 0.000000 -1
0 -15.000000 0.000000 -15.000000 0.000000 0.000000 -1
0 -15.000000 19.000000 -15.000000 0.000000 3.800000 -1
0 -15.000000 0.000000 -2.307693 0.000000 0.000000 -1
0 -15.000000 19.000000 -2.307693 0.000000 3.800000 -1
0 15.000000 0.000000 -2.307693 4.000000 0.000000 -1
0 15.000000 19.000000 -2.307693 4.000000 3.800000 -1
0 8.202006 20.000000 -9.539947 3.093601 4.000000 -1
0 -6.661151 20.000000 -12.453129 1.111847 4.000000 -1
0 -8.202006 20.000000 -4.460053 0.906399 4.000000 -1
0 6.661151 20.000000 -4.854568 2.888154 4.000000 -1
13
0.340159 0.764592 -0.547441
0.894427 0.000000 -0.447214
-0.447214 0.000000 -0.894427
-0.677262 0.631705 -0.377181
-0.894427 0.000000 0.447214
-0.321693 0.729190 0.603983
0.447214 0.000000 0.894427
0.537127 0.716879 0.444498
0.099032 0.993355 -0.058633
-0.136925 0.990469 -0.014916
-0.049701 0.967107 0.249468
0.109449 0.984558 0.136622
0.000000 1.000000 0.000000
17
0 0 1 2 0 1 2 2
0 0 2 3 0 2 3 2
0 3 2 4 3 2 4 2
0 3 4 5 3 4 5 2
0 5 4 6 5 4 6 2
0 5 6 7 5 6 7 2
0 7 6 1 7 6 1 2
0 7 1 0 7 1 0 2
0 8 0 3 8 0 3 2
0 9 3 5 9 3 5 2
0 9 5 10 9 5 10 2
0 10 5 7 10 5 7 2
0 11 7 0 11 7 0 2
0 11 0 8 11 0 8 2
0 10 7 11 10 7 11 2
0 8 9 10 12 12 12 1
0 8 10 11 12 12 12 1
"1_Blz_Windows" 0 0
8
0 -9.489434 10.652146 -2.216783 0.000000 0.000000 -1
0 -4.510571 13.347854 -2.216783 0.000000 0.000000 -1
0 -9.489434 13.347854 -2.216783 0.000000 0.000000 -1
0 -4.510571 10.652146 -2.216783 0.000000 0.000000 -1
0 4.643902 10.652146 -2.216783 0.000000 0.000000 -1
0 9.622764 13.347854 -2.216783 0.000000 0.000000 -1
0 4.643902 13.347854 -2.216783 0.000000 0.000000 -1
0 9.622764 10.652146 -2.216783 0.000000 0.000000 -1
1
0.000000 0.000000 1.000000
4
0 0 1 2 0 0 0 1
0 0 3 1 0 0 0 1
0 4 5 6 0 0 0 1
0 4 7 5 0 0 0 1
"1_Blz_Frame" 0 1
104
0 15.000000 19.000000 -2.307693 0.000000 0.000000 -1
0 15.000000 0.000000 -2.307693 0.000000 0.000000 -1
0 15.000000 0.000000 -1.307692 0.000000 0.000000 -1
0 15.000000 19.000000 -1.307692 0.000000 0.000000 -1
0 16.000000 0.000000 -1.307692 0.000000 0.000000 -1
0 16.000000 19.000000 -1.307692 0.000000 0.000000 -1
0 16.000000 19.000000 -2.307693 0.000000 0.000000 -1
0 16.000000 0.000000 -2.307693 0.000000 0.000000 -1
0 -16.000000 19.000000 -16.000000 0.000000 0.000000 -1
0 -16.000000 0.000000 -16.000000 0.000000 0.000000 -1
0 -16.000000 0.000000 -15.000000 0.000000 0.000000 -1
0 -16.000000 19.000000 -15.000000 0.000000 0.000000 -1
0 -15.000000 19.000000 -16.000000 0.000000 0.000000 -1
0 -15.000000 0.000000 -16.000000 0.000000 0.000000 -1
0 -15.000000 0.000000 -15.000000 0.000000 0.000000 -1
0 -15.000000 19.000000 -15.000000 0.000000 0.000000 -1
0 15.000000 19.000000 -15.000000 0.000000 0.000000 -1
0 15.000000 0.000000 -15.000000 0.000000 0.000000 -1
0 15.000000 0.000000 -16.000000 0.000000 0.000000 -1
0 15.000000 19.000000 -16.000000 0.000000 0.000000 -1
0 16.000000 0.000000 -16.000000 0.000000 0.000000 -1
0 16.000000 19.000000 -16.000000 0.000000 0.000000 -1
0 16.000000 19.000000 -15.000000 0.000000 0.000000 -1
0 16.000000 0.000000 -15.000000 0.000000 0.000000 -1
0 -15.000000 19.000000 -2.307693 0.000000 0.000000 -1
0 -15.000000 0.000000 -2.307693 0.000000 0.000000 -1
0 -16.000000 0.000000 -2.307693 0.000000 0.000000 -1
0 -16.000000 19.000000 -2.307693 0.000000 0.000000 -1
0 -16.000000 0.000000 -1.307692 0.000000 0.000000 -1
0 -16.000000 19.000000 -1.307692 0.000000 0.000000 -1
0 -15.000000 19.000000 -1.307692 0.000000 0.000000 -1
0 -15.000000 0.000000 -1.307692 0.000000 0.000000 -1
0 6.661151 20.000000 -4.854568 0.000000 0.000000 -1
0 6.564846 20.000000 -4.355000 0.000000 0.000000 -1
0 7.060285 20.000000 -4.257891 0.000000 0.000000 -1
0 7.156588 20.000000 -4.757461 0.000000 0.000000 -1
0 -7.060285 20.000000 -13.049798 0.000000 0.000000 -1
0 -7.156589 20.000000 -12.550232 0.000000 0.000000 -1
0 -6.564845 20.000000 -12.952693 0.000000 0.000000 -1
0 -6.661151 20.000000 -12.453129 0.000000 0.000000 -1
0 8.202006 20.000000 -9.539947 0.000000 0.000000 -1
0 8.298309 20.000000 -10.039515 0.000000 0.000000 -1
0 8.793746 20.000000 -9.942409 0.000000 0.000000 -1
0 8.697442 20.000000 -9.442841 0.000000 0.000000 -1
0 -8.202006 20.000000 -4.460053 0.000000 0.000000 -1
0 -8.697442 20.000000 -4.557159 0.000000 0.000000 -1
0 -8.793746 20.000000 -4.057592 0.000000 0.000000 -1
0 -8.298309 20.000000 -3.960486 0.000000 0.000000 -1
0 -13.000000 17.000000 -1.307692 0.000000 0.000000 -1
0 -9.000000 17.000000 -1.307692 0.000000 0.000000 -1
0 -13.000000 18.000000 -1.307692 0.000000 0.000000 -1
0 -9.000000 16.000000 -1.307692 0.000000 0.000000 -1
0 -4.000000 18.000000 -1.307692 0.000000 0.000000 -1
0 -4.000000 17.000000 -1.307692 0.000000 0.000000 -1
0 1.000000 17.000000 -1.307692 0.000000 0.000000 -1
0 1.000000 16.000000 -1.307692 0.000000 0.000000 -1
0 6.000000 17.000000 -1.307692 0.000000 0.000000 -1
0 6.000000 18.000000 -1.307692 0.000000 0.000000 -1
0 11.000000 17.000000 -1.307692 0.000000 0.000000 -1
0 11.000000 16.000000 -1.307692 0.000000 0.000000 -1
0 -9.000000 17.000000 -2.307693 0.000000 0.000000 -1
0 -13.000000 18.000000 -2.307693 0.000000 0.000000 -1
0 -13.000000 17.000000 -2.307693 0.000000 0.000000 -1
0 -9.000000 16.000000 -2.307693 0.000000 0.000000 -1
0 -4.000000 18.000000 -2.307693 0.000000 0.000000 -1
0 -4.000000 17.000000 -2.307693 0.000000 0.000000 -1
0 1.000000 17.000000 -2.307693 0.000000 0.000000 -1
0 1.000000 16.000000 -2.307693 0.000000 0.000000 -1
0 6.000000 18.000000 -2.307693 0.000000 0.000000 -1
0 6.000000 17.000000 -2.307693 0.000000 0.000000 -1
0 11.000000 17.000000 -2.307693 0.000000 0.000000 -1
0 11.000000 16.000000 -2.307693 0.000000 0.000000 -1
0 -9.489444 13.347839 -1.671329 0.000000 0.000000 -1
0 -4.510561 13.347839 -1.671329 0.000000 0.000000 -1
0 -10.000003 14.000000 -1.671329 0.000000 0.000000 -1
0 -4.000002 14.000000 -1.671329 0.000000 0.000000 -1
0 -9.489444 10.652161 -1.671329 0.000000 0.000000 -1
0 -10.000003 10.000000 -1.671329 0.000000 0.000000 -1
0 -4.510561 10.652161 -1.671329 0.000000 0.000000 -1
0 -4.000002 10.000000 -1.671329 0.000000 0.000000 -1
0 -9.489434 13.347854 -2.216783 0.000000 0.000000 -1
0 -4.510571 13.347854 -2.216783 0.000000 0.000000 -1
0 -4.000002 14.000000 -2.671329 0.000000 0.000000 -1
0 -10.000003 14.000000 -2.671329 0.000000 0.000000 -1
0 -9.489434 10.652146 -2.216783 0.000000 0.000000 -1
0 -10.000003 10.000000 -2.671329 0.000000 0.000000 -1
0 -4.510571 10.652146 -2.216783 0.000000 0.000000 -1
0 -4.000002 10.000000 -2.671329 0.000000 0.000000 -1
0 4.643893 13.347839 -1.671329 0.000000 0.000000 -1
0 9.622773 13.347839 -1.671329 0.000000 0.000000 -1
0 4.133335 14.000000 -1.671329 0.000000 0.000000 -1
0 10.133332 14.000000 -1.671329 0.000000 0.000000 -1
0 4.643893 10.652161 -1.671329 0.000000 0.000000 -1
0 4.133335 10.000000 -1.671329 0.000000 0.000000 -1
0 9.622773 10.652161 -1.671329 0.000000 0.000000 -1
0 10.133332 10.000000 -1.671329 0.000000 0.000000 -1
0 4.643902 13.347854 -2.216783 0.000000 0.000000 -1
0 9.622764 13.347854 -2.216783 0.000000 0.000000 -1
0 10.133332 14.000000 -2.671329 0.000000 0.000000 -1
0 4.133335 14.000000 -2.671329 0.000000 0.000000 -1
0 4.643902 10.652146 -2.216783 0.000000 0.000000 -1
0 4.133335 10.000000 -2.671329 0.000000 0.000000 -1
0 9.622764 10.652146 -2.216783 0.000000 0.000000 -1
0 10.133332 10.000000 -2.671329 0.000000 0.000000 -1
81
-0.509499 -0.666806 -0.543857
-0.447214 0.000000 -0.894427
-0.894427 0.000000 0.447214
-0.439230 -0.370346 0.818487
0.447214 0.000000 0.894427
0.511897 0.697200 0.501870
0.426126 0.371601 -0.824821
0.894427 0.000000 -0.447214
-0.511899 0.697204 -0.501863
-0.426126 0.371601 0.824821
0.439230 -0.370346 -0.818487
0.667755 -0.604626 0.434202
0.556679 0.758553 -0.338681
0.447214 0.000000 -0.894427
0.894427 0.000000 0.447214
0.481008 0.358838 0.799917
-0.447214 0.000000 0.894427
-0.555426 -0.761864 0.333263
-0.471935 -0.361727 -0.804009
-0.894427 0.000000 -0.447214
0.328358 -0.727032 -0.602997
-0.739158 -0.312029 -0.596894
-0.325860 0.740973 0.587175
0.753312 0.329810 0.568987
-0.031130 -0.961618 -0.272621
-0.196379 0.600749 0.774942
0.032970 0.972139 0.232076
0.197289 -0.472559 -0.858933
-0.032973 0.972141 -0.232067
-0.197282 -0.472583 0.858921
0.196372 0.600770 -0.774928
0.114611 -0.993354 0.010608
0.131581 0.965623 -0.224186
0.142804 -0.938649 0.313920
-0.107729 -0.993593 0.034180
-0.123006 0.934288 -0.334628
0.070098 -0.972455 -0.222298
-0.214904 0.939006 -0.268486
-0.066272 0.979828 0.188532
0.236648 -0.937572 0.254866
0.000000 0.000000 1.000000
0.098447 0.995142 0.000000
-0.051002 0.998699 0.000000
-0.256509 0.966542 0.000000
-0.875471 0.483271 0.000000
-0.917798 -0.397048 0.000000
-0.607792 -0.794096 0.000000
-0.098447 -0.995142 0.000000
0.051002 -0.998699 0.000000
-0.066519 0.997785 0.000000
0.066519 0.997785 0.000000
0.066519 -0.997785 0.000000
-0.066519 -0.997785 0.000000
0.578869 0.815421 0.000000
0.913111 0.407710 0.000000
0.296013 -0.955184 0.000000
0.878582 -0.477592 0.000000
0.447214 -0.894427 -0.000016
0.894427 -0.447214 0.000004
-0.447214 -0.894427 -0.000015
-0.894427 -0.447214 0.000005
0.447214 0.894427 0.000000
0.894427 0.447214 0.000000
-0.447214 0.894427 0.000000
-0.894427 0.447214 0.000000
0.894427 0.447214 0.000004
0.447214 0.894427 -0.000016
-0.894427 -0.447214 0.000000
-0.447214 -0.894427 0.000000
-0.447214 0.894427 -0.000015
-0.894427 0.447214 0.000005
0.447214 -0.894427 0.000000
0.894427 -0.447214 0.000000
0.447214 -0.894427 -0.000016
0.894427 -0.447214 0.000003
-0.447214 -0.894427 -0.000016
-0.894427 -0.447214 0.000004
0.894427 0.447214 0.000003
0.447214 0.894427 -0.000016
-0.447214 0.894427 -0.000016
-0.894427 0.447214 0.000004
147
0 0 1 2 0 1 2 2
0 0 2 3 0 2 3 2
0 3 2 4 3 2 4 2
0 3 4 5 3 4 5 2
0 6 7 1 6 7 1 2
0 6 1 0 6 1 0 2
0 5 4 7 5 4 7 2
0 5 7 6 5 7 6 2
0 8 9 10 8 1 2 2
0 8 10 11 8 2 9 2
0 12 13 9 10 7 1 2
0 12 9 8 10 1 8 2
0 11 10 14 9 2 4 2
0 11 14 15 9 4 11 2
0 15 14 13 11 4 7 2
0 15 13 12 11 7 10 2
0 16 17 18 12 13 14 2
0 16 18 19 12 14 15 2
0 19 18 20 15 14 16 2
0 19 20 21 15 16 17 2
0 22 23 17 18 19 13 2
0 22 17 16 18 13 12 2
0 21 20 23 17 16 19 2
0 21 23 22 17 19 18 2
0 24 25 26 20 7 1 2
0 24 26 27 20 1 21 2
0 27 26 28 21 1 2 2
0 27 28 29 21 2 22 2
0 30 31 25 23 4 7 2
0 30 25 24 23 7 20 2
0 29 28 31 22 2 4 2
0 29 31 30 22 4 23 2
0 32 0 3 24 0 3 2
0 32 3 33 24 3 25 2
0 33 3 5 25 3 5 2
0 33 5 34 25 5 26 2
0 35 6 0 27 6 0 2
0 35 0 32 27 0 24 2
0 34 5 6 26 5 6 2
0 34 6 35 26 6 27 2
0 36 8 11 28 8 9 2
0 36 11 37 28 9 29 2
0 38 12 8 30 10 8 2
0 38 8 36 30 8 28 2
0 37 11 15 29 9 11 2
0 37 15 39 29 11 31 2
0 39 15 12 31 11 10 2
0 39 12 38 31 10 30 2
0 40 16 19 32 12 15 2
0 40 19 41 32 15 33 2
0 41 19 21 33 15 17 2
0 41 21 42 33 17 34 2
0 43 22 16 35 18 12 2
0 43 16 40 35 12 32 2
0 42 21 22 34 17 18 2
0 42 22 43 34 18 35 2
0 40 15 39 32 11 31 2
0 44 24 27 36 20 21 2
0 44 27 45 36 21 37 2
0 45 27 29 37 21 22 2
0 45 29 46 37 22 38 2
0 47 30 24 39 23 20 2
0 47 24 44 39 20 36 2
0 46 29 30 38 22 23 2
0 46 30 47 38 23 39 2
0 48 49 50 40 40 40 1
0 49 48 51 40 40 40 1
0 51 52 49 40 40 40 1
0 52 51 53 40 40 40 1
0 53 54 52 40 40 40 1
0 54 53 55 40 40 40 1
0 56 57 54 40 40 40 1
0 54 55 56 40 40 40 1
0 56 58 57 40 40 40 1
0 58 56 59 40 40 40 1
0 49 60 61 41 42 43 2
0 49 61 50 41 43 44 2
0 50 61 62 44 43 45 2
0 50 62 48 44 45 46 2
0 48 62 63 46 45 47 2
0 48 63 51 46 47 48 2
0 52 64 60 49 50 42 2
0 52 60 49 49 42 41 2
0 51 63 65 48 47 51 2
0 51 65 53 48 51 52 2
0 54 66 64 50 49 50 2
0 54 64 52 50 50 49 2
0 53 65 67 52 51 52 2
0 53 67 55 52 52 51 2
0 57 68 66 49 50 49 2
0 57 66 54 49 49 50 2
0 55 67 69 51 52 51 2
0 55 69 56 51 51 52 2
0 58 70 68 53 54 50 2
0 58 68 57 53 50 49 2
0 56 69 71 52 51 55 2
0 56 71 59 52 55 56 2
0 59 71 70 56 55 54 2
0 59 70 58 56 54 53 2
0 72 73 74 40 40 40 1
0 73 75 74 40 40 40 1
0 74 76 72 40 40 40 1
0 74 77 76 40 40 40 1
0 78 76 79 40 40 40 1
0 76 77 79 40 40 40 1
0 73 78 79 40 40 40 1
0 73 79 75 40 40 40 1
0 72 80 81 57 58 59 2
0 72 81 73 57 59 60 2
0 75 82 83 61 62 63 2
0 75 83 74 61 63 64 2
0 76 84 80 65 66 58 2
0 76 80 72 65 58 57 2
0 74 83 85 64 63 67 2
0 74 85 77 64 67 68 2
0 78 86 84 69 70 66 2
0 78 84 76 69 66 65 2
0 77 85 87 68 67 71 2
0 77 87 79 68 71 72 2
0 73 81 86 60 59 70 2
0 73 86 78 60 70 69 2
0 79 87 82 72 71 62 2
0 79 82 75 72 62 61 2
0 88 89 90 40 40 40 1
0 89 91 90 40 40 40 1
0 90 92 88 40 40 40 1
0 90 93 92 40 40 40 1
0 94 92 95 40 40 40 1
0 92 93 95 40 40 40 1
0 89 94 95 40 40 40 1
0 89 95 91 40 40 40 1
0 88 96 97 73 74 75 2
0 88 97 89 73 75 76 2
0 91 98 99 61 62 63 2
0 91 99 90 61 63 64 2
0 92 100 96 77 78 74 2
0 92 96 88 77 74 73 2
0 90 99 101 64 63 67 2
0 90 101 93 64 67 68 2
0 94 102 100 79 80 78 2
0 94 100 92 79 78 77 2
0 93 101 103 68 67 71 2
0 93 103 95 68 71 72 2
0 89 97 102 76 75 80 2
0 89 102 94 76 80 79 2
0 95 103 98 72 71 62 2
0 95 98 91 72 62 61 2

Materials: 2
"Blz"
0.200000 0.200000 0.200000 1.000000
0.800000 0.800000 0.800000 1.000000
0.000000 0.000000 0.000000 1.000000
0.000000 0.000000 0.000000 1.000000
0.000000
1.000000
"..\Image\Other\brick01.tga"
""
"Blz_Other"
0.200000 0.200000 0.200000 1.000000
0.800000 0.800000 0.800000 1.000000
0.000000 0.000000 0.000000 1.000000
0.000000 0.000000 0.000000 1.000000
0.000000
1.000000
"..\Image\Blz_Round_Gate_Windows.tga"
""

Bones: 0
GroupComments: 0
MaterialComments: 0
BoneComments: 0
ModelComment: 0
