// MilkShape 3D ASCII

Frames: 30
Frame: 1

Meshes: 2
"1_Blz" 0 1
44
0 -13.500000 35.180256 -15.933182 0.527815 9.987686 -1
0 -13.500000 35.223732 -2.976660 0.527815 10.000000 -1
0 13.371210 35.081440 -3.000000 9.414118 9.959700 -1
0 13.454543 35.062500 -15.973038 9.441676 9.954335 -1
0 -14.999999 -0.030899 0.017529 0.031766 0.015016 -1
0 -15.096055 19.202930 -16.020130 0.000000 5.462512 -1
0 -15.000000 -0.083918 -15.989920 0.031765 0.000000 -1
0 13.340435 23.197014 -2.982471 9.403940 6.593736 -1
0 13.480670 23.197014 -16.020130 9.450315 6.593736 -1
0 15.053621 19.271406 -0.017376 9.970490 5.481906 -1
0 14.999999 -0.030899 0.017529 9.952758 0.015016 -1
0 15.142855 -0.021418 -15.989920 10.000000 0.017702 -1
0 15.096055 19.202930 -16.020130 9.984524 5.462512 -1
0 -14.991121 19.271406 -0.017376 0.034702 5.481906 -1
0 -14.955820 20.259514 0.080029 0.046376 5.761763 -1
0 14.955820 20.259514 0.080029 9.938148 5.761763 -1
0 -13.324640 22.202930 -3.017376 0.585806 6.312187 -1
0 13.340435 22.202930 -2.982471 9.403940 6.312187 -1
0 15.096055 20.197014 -16.020130 9.984524 5.744061 -1
0 13.480670 22.202930 -16.020130 9.450315 6.312187 -1
0 -13.479417 22.202930 -16.020130 0.534622 6.312187 -1
0 -15.096055 20.197014 -16.020130 0.000000 5.744061 -1
0 -13.479417 23.197014 -16.020130 0.534622 6.593736 -1
0 -13.324640 23.197014 -3.017376 0.585806 6.593736 -1
0 -13.324640 22.202930 -16.073534 0.585806 6.312187 -1
0 14.955820 20.259514 -19.170938 9.938148 5.761763 -1
0 -14.955820 20.259514 -19.170938 0.046376 5.761763 -1
0 13.340435 22.202930 -16.108438 9.403940 6.312187 -1
0 13.340435 23.287922 -16.017529 9.403940 6.593736 -1
0 -13.324640 23.287922 -15.982624 0.585806 6.593736 -1
0 -13.500000 35.314640 -16.023338 0.527815 10.000000 -1
0 13.371210 35.172348 -16.000000 9.414118 9.959700 -1
0 14.999999 -0.121808 -16.017530 9.952758 0.015016 -1
0 -14.999999 -0.121808 -16.017530 0.031766 0.015016 -1
0 -14.991121 19.180496 -15.982626 0.034702 5.481906 -1
0 15.053621 19.180496 -15.982626 9.970490 5.481906 -1
0 -14.431819 23.287924 -16.073380 0.119981 0.934683 -1
0 14.447284 23.287924 -16.108284 0.459897 0.934683 -1
0 14.400557 22.293840 -16.108284 0.459346 0.990299 -1
0 -14.363525 22.293840 -16.073380 0.120785 0.990299 -1
0 -16.037983 20.271399 -15.982471 -0.001999 -0.007097 -1
0 15.991122 20.199972 -16.017376 0.996540 -0.003579 -1
0 15.991122 19.199980 -16.017376 0.996540 0.045676 -1
0 -15.008575 19.271406 -15.982471 0.030094 0.042158 -1
39
-0.444058 0.895995 -0.002144
-0.665806 0.327640 0.670339
0.411858 0.814685 0.408242
0.894864 0.446283 0.007032
-0.893247 -0.001206 0.449565
-0.999992 -0.002254 0.003286
-0.999988 -0.004980 0.000017
0.703985 -0.000828 0.710214
0.999940 0.002159 0.010755
0.892349 0.000663 0.451345
0.445607 0.000381 0.895228
0.999983 -0.000162 0.005782
0.999994 0.002439 0.002641
-0.446036 0.001824 0.895013
-0.433177 0.848420 0.304204
0.285462 0.870982 0.399878
-0.438952 0.844177 0.307713
0.577160 0.790458 0.205093
0.772340 0.635179 0.006276
0.778820 0.627192 0.008377
-0.778576 0.627482 0.009268
-0.770698 0.637165 0.006701
-0.999949 -0.008168 0.005954
-0.703260 -0.012661 0.710820
-0.000351 0.845625 -0.533777
0.000000 0.847070 -0.531481
-0.000702 0.844173 -0.536070
-0.000216 -0.000966 -1.000000
-0.001309 -0.003404 -0.999993
0.000876 0.001473 -0.999999
0.000000 0.001808 -0.999998
0.000000 0.001808 -0.999998
0.000000 0.001808 -0.999998
-0.001211 -0.000013 -0.999999
-0.001209 0.000057 -0.999999
-0.001213 -0.000083 -0.999999
-0.001109 -0.000581 -0.999999
-0.001090 0.000000 -0.999999
-0.001129 -0.001162 -0.999999
30
0 0 1 2 0 1 2 1
0 0 2 3 0 2 3 1
0 4 5 6 4 5 6 1
0 7 8 3 7 8 3 1
0 9 10 11 9 10 11 1
0 11 12 9 11 12 9 1
0 5 4 13 5 4 13 1
0 13 4 10 13 4 10 1
0 10 9 13 10 9 13 1
0 14 15 16 14 15 16 1
0 15 17 16 15 17 16 1
0 17 15 18 17 15 18 1
0 18 19 17 18 19 17 1
0 16 20 21 16 20 21 1
0 21 14 16 21 14 16 1
0 7 3 2 7 3 2 1
0 22 1 0 22 1 0 1
0 1 22 23 1 22 23 1
0 1 23 7 1 23 7 1
0 7 2 1 7 2 1 1
0 24 25 26 24 24 25 1
0 24 27 25 24 26 24 1
0 28 29 30 27 28 27 1
0 30 31 28 27 29 27 1
0 32 33 34 30 31 30 1
0 34 35 32 30 32 30 1
0 36 37 38 33 34 33 1
0 36 38 39 33 33 35 1
0 40 41 42 36 37 36 1
0 40 42 43 36 36 38 1
"1_Blz_Other" 0 0
468
1 16.008575 20.199972 0.017529 0.997084 -0.003579 -1
1 -16.020527 20.271399 -0.017376 -0.001455 -0.007097 -1
1 15.991122 20.199972 1.017376 0.996540 -0.003579 -1
1 -16.037983 20.271399 0.982472 -0.001999 -0.007097 -1
1 15.991122 19.199980 1.017376 0.996540 0.045676 -1
1 -15.008575 19.271406 0.982472 0.030094 0.042158 -1
1 -14.991121 19.271406 -0.017376 0.030638 0.042158 -1
1 16.008575 19.199980 0.017529 0.997084 0.045676 -1
1 13.340435 23.197014 -2.982471 0.446869 0.934683 -1
1 -13.324640 23.197014 -3.017376 0.133013 0.934683 -1
1 14.447284 23.197014 -1.982624 0.459897 0.934683 -1
1 -14.431819 23.197014 -2.017528 0.119981 0.934683 -1
1 14.400557 22.202930 -1.982624 0.459346 0.990299 -1
1 -14.363525 22.202930 -2.017528 0.120785 0.990299 -1
1 -13.324640 22.202930 -3.017376 0.133013 0.990299 -1
1 13.340435 22.202930 -2.982471 0.446869 0.990299 -1
1 -14.999999 -0.030899 0.017529 0.030361 0.992903 -1
1 -15.000001 -0.013443 1.017376 0.030361 0.992043 -1
1 -16.000004 -0.013454 1.017376 -0.000815 0.992043 -1
1 -16.000004 -0.030899 0.017529 -0.000815 0.992903 -1
1 15.000001 -0.013443 1.017376 0.965641 0.992043 -1
1 15.053621 19.271406 -0.017376 0.967313 0.042158 -1
1 14.999999 -0.030899 0.017529 0.965641 0.992903 -1
1 15.071075 19.271406 0.982472 0.967857 0.042158 -1
1 16.000004 -0.013454 1.017376 0.996817 0.992043 -1
1 16.037983 20.271399 0.982472 0.998001 -0.007097 -1
1 16.000004 -0.030899 0.017529 0.996817 0.992903 -1
1 13.480670 23.197014 -16.020130 0.448520 0.934683 -1
1 14.368302 23.197014 -16.003735 0.458967 0.934683 -1
1 14.368302 22.202930 -16.003735 0.458967 0.990299 -1
1 13.480670 22.202930 -16.020130 0.448520 0.990299 -1
1 -14.367048 23.197014 -16.003735 0.120743 0.934683 -1
1 -13.479417 23.197014 -16.020130 0.131190 0.934683 -1
1 -14.367048 22.202930 -16.003735 0.120743 0.990299 -1
1 -13.479417 22.202930 -16.020130 0.131190 0.990299 -1
1 15.096055 20.197014 -16.020130 0.968636 -0.003434 -1
1 14.955820 20.259514 0.080029 0.964264 -0.006511 -1
1 15.983687 20.197014 -16.003735 0.996308 -0.003434 -1
1 15.983687 19.202930 -16.003735 0.996308 0.045531 -1
1 15.096055 19.202930 -16.020130 0.968636 0.045531 -1
1 -15.983687 20.197014 -16.003735 -0.000306 -0.003434 -1
1 -14.955820 20.259514 0.080029 0.031738 -0.006511 -1
1 -15.096055 20.197014 -16.020130 0.027367 -0.003434 -1
1 -15.983687 19.202930 -16.003735 -0.000306 0.045531 -1
1 -16.008575 19.199980 0.017529 -0.001082 0.045676 -1
1 -15.096055 19.202930 -16.020130 0.027367 0.045531 -1
1 13.340435 35.863678 -3.093583 0.881793 0.926166 -1
1 -13.324640 35.863678 -3.128488 0.510522 0.926166 -1
1 14.447284 35.863678 -2.093736 0.897204 0.926166 -1
1 -14.431819 35.863678 -2.128640 0.495107 0.926166 -1
1 14.400557 34.869595 -2.093736 0.896553 0.989727 -1
1 -14.363525 34.869595 -2.128640 0.496057 0.989727 -1
1 -13.324640 34.869595 -3.128488 0.510522 0.989727 -1
1 13.340435 34.869595 -3.093583 0.881793 0.989727 -1
1 13.480670 35.863678 -16.131241 0.883745 0.926166 -1
1 14.368302 35.863678 -16.114845 0.896104 0.926166 -1
1 14.368302 34.869595 -16.114845 0.896104 0.989727 -1
1 13.480670 34.869595 -16.131241 0.883745 0.989727 -1
1 -14.367048 35.863678 -16.114845 0.496008 0.926166 -1
1 -13.479417 35.863678 -16.131241 0.508367 0.926166 -1
1 -14.367048 34.869595 -16.114845 0.496008 0.989727 -1
1 -13.479417 34.869595 -16.131241 0.508367 0.989727 -1
1 -8.999971 15.102426 0.647059 0.304354 0.061227 -1
1 -11.090914 14.011475 0.647059 0.099814 0.132915 -1
1 -9.909090 13.920593 0.647059 0.215422 0.138887 -1
1 -12.090914 12.011475 0.647059 0.001992 0.264339 -1
1 -10.909090 12.011475 0.647059 0.117600 0.264339 -1
1 -6.818209 14.920600 0.647059 0.517778 0.073175 -1
1 -6.818209 16.011490 0.647059 0.517778 0.001491 -1
1 -4.999972 15.102426 0.647059 0.695641 0.061227 -1
1 -4.999972 13.920593 0.647059 0.695641 0.138887 -1
1 -2.999972 14.011475 0.647059 0.891284 0.132915 -1
1 -2.909091 11.920593 0.647059 0.900175 0.270311 -1
1 -1.999972 12.011475 0.647059 0.989106 0.264339 -1
1 -10.818209 2.011475 0.647059 0.119498 0.933332 -1
1 -11.909090 0.920593 0.647059 0.019779 0.993139 -1
1 -2.818209 2.102417 0.647059 0.909065 0.915479 -1
1 -1.909091 0.829651 0.647059 0.997996 0.999115 -1
1 -9.000000 15.102407 0.000000 0.304351 0.061229 -1
1 -11.090908 14.011488 0.000000 0.099815 0.132915 -1
1 -12.090908 12.011488 0.000000 0.001993 0.264338 -1
1 -10.909090 12.011488 0.230769 0.117600 0.264338 -1
1 -9.909090 13.920580 3.185315 0.215422 0.138888 -1
1 -6.818182 14.920585 3.185315 0.517780 0.073176 -1
1 -6.818182 16.011501 0.000000 0.517780 0.001490 -1
1 -5.000000 15.102407 0.000000 0.695638 0.061229 -1
1 -5.000000 13.920580 3.185315 0.695638 0.138888 -1
1 -3.000000 14.011488 0.000000 0.891282 0.132915 -1
1 -2.000000 12.011488 0.000000 0.989103 0.264338 -1
1 -2.909091 11.920580 0.230769 0.900175 0.270312 -1
1 -10.818182 2.011489 0.230769 0.119500 0.933331 -1
1 -11.909090 0.920579 0.000000 0.019779 0.993140 -1
1 -2.818182 2.102398 0.230769 0.909067 0.915481 -1
1 -1.909091 0.829670 0.000000 0.997996 0.999114 -1
1 5.111141 14.880202 0.647059 0.305780 0.057292 -1
1 3.020198 13.789251 0.647059 0.102676 0.129321 -1
1 4.202022 13.698370 0.647059 0.217472 0.135321 -1
1 2.020198 11.789251 0.647059 0.005541 0.261370 -1
1 3.202022 11.789251 0.647059 0.120338 0.261370 -1
1 7.292901 14.698377 0.647059 0.517705 0.069296 -1
1 7.292901 15.789267 0.647059 0.517705 -0.002729 -1
1 9.111137 14.880202 0.647059 0.694319 0.057292 -1
1 9.111137 13.698370 0.647059 0.694319 0.135321 -1
1 11.111138 13.789251 0.647059 0.888589 0.129321 -1
1 11.202020 11.698370 0.647059 0.897417 0.267371 -1
1 12.111138 11.789251 0.647059 0.985724 0.261370 -1
1 3.292903 1.789251 0.647059 0.122172 0.933492 -1
1 2.202022 0.698370 0.647059 0.023203 0.993641 -1
1 11.292901 1.880194 0.647059 0.906245 0.915612 -1
1 12.202020 0.607428 0.647059 0.994552 0.999645 -1
1 5.111112 14.880183 0.000000 0.305777 0.057293 -1
1 3.020204 13.789265 0.000000 0.102677 0.129320 -1
1 2.020204 11.789265 0.000000 0.005542 0.261370 -1
1 3.202022 11.789265 0.230769 0.120338 0.261370 -1
1 4.202022 13.698357 3.185315 0.217472 0.135322 -1
1 7.292929 14.698361 3.185315 0.517708 0.069297 -1
1 7.292929 15.789278 0.000000 0.517708 -0.002730 -1
1 9.111111 14.880183 0.000000 0.694317 0.057293 -1
1 9.111111 13.698357 3.185315 0.694317 0.135322 -1
1 11.111111 13.789265 0.000000 0.888587 0.129320 -1
1 12.111111 11.789265 0.000000 0.985721 0.261370 -1
1 11.202020 11.698357 0.230769 0.897417 0.267372 -1
1 3.292930 1.789266 0.230769 0.122175 0.933492 -1
1 2.202022 0.698356 0.000000 0.023203 0.993642 -1
1 11.292929 1.880175 0.230769 0.906247 0.915613 -1
1 12.202020 0.607447 0.000000 0.994552 0.999644 -1
1 -10.510071 27.461548 -2.423091 0.023638 0.999174 -1
1 -6.995728 28.008789 -2.423091 0.909605 0.917839 -1
1 -10.021362 27.974609 -2.423091 0.127491 0.924700 -1
1 -6.405396 27.468994 -2.423091 0.996588 0.997680 -1
1 -6.995728 28.008789 -2.423091 0.910604 0.919027 -1
1 -6.974365 31.021606 -2.423091 0.899684 0.270376 -1
1 -6.995728 28.008789 -2.423091 0.912602 0.921402 -1
1 -6.974365 31.021606 -2.423091 0.900683 0.269188 -1
1 -6.396423 31.532104 -2.423091 0.998714 0.182165 -1
1 -6.974365 31.021606 -2.423091 0.903680 0.271563 -1
1 -10.543518 31.562134 -2.423091 0.015709 0.176138 -1
1 -9.991455 31.004517 -2.423091 0.115600 0.264305 -1
1 -6.974365 31.021606 -2.423091 0.902681 0.271563 -1
1 -10.021362 27.974609 -2.423091 0.120498 0.933013 -1
1 -9.991455 31.004517 -2.423091 0.118597 0.264305 -1
1 -10.021362 27.974609 -2.423091 0.126492 0.924700 -1
1 -6.995728 28.008789 -2.538462 0.912602 0.921402 -1
1 -6.995727 28.008770 -2.846154 0.912602 0.921407 -1
1 -10.021367 27.974583 -2.846154 0.126492 0.924705 -1
1 -10.021362 27.974609 -2.538462 0.126492 0.924700 -1
1 -10.510071 27.461548 -2.538462 0.023638 0.999174 -1
1 -10.510048 27.461529 -3.230769 0.023646 0.999178 -1
1 -6.405405 27.469036 -3.230769 0.996585 0.997671 -1
1 -6.405396 27.468994 -2.538462 0.996588 0.997680 -1
1 -6.974365 31.021606 -2.538462 0.899684 0.270376 -1
1 -6.974359 31.021589 -2.846154 0.899685 0.272755 -1
1 -6.974365 31.021606 -2.538462 0.900683 0.273939 -1
1 -6.396396 31.532099 -3.230769 0.998721 0.182166 -1
1 -6.396423 31.532104 -2.538462 0.998714 0.182165 -1
1 -10.543543 31.562134 -3.230769 0.015704 0.176138 -1
1 -10.543518 31.562134 -2.538462 0.015709 0.176138 -1
1 -9.991455 31.004517 -2.538462 0.118597 0.263117 -1
1 -9.991452 31.004496 -2.846154 0.118597 0.263122 -1
1 -6.974359 31.021589 -2.846154 0.897687 0.269192 -1
1 -6.974365 31.021606 -2.538462 0.897686 0.269188 -1
1 -6.974365 31.021606 -2.423091 0.897686 0.269188 -1
1 -9.991455 31.004517 -2.423091 0.118597 0.263117 -1
1 -4.451245 27.370640 -2.423091 0.010086 0.995050 -1
1 -0.936904 27.917881 -2.423091 0.909210 0.915852 -1
1 -3.962537 27.883701 -2.423091 0.125343 0.929927 -1
1 -0.346572 27.378086 -2.423091 0.994902 0.993536 -1
1 -0.915542 30.930698 -2.423091 0.904346 0.270035 -1
1 -0.337600 31.441196 -2.423091 0.997054 0.167430 -1
1 -4.484693 31.471226 -2.423091 0.002062 0.161324 -1
1 -3.932630 30.913609 -2.423091 0.114535 0.262822 -1
1 -0.936904 27.917881 -2.538462 0.909210 0.915852 -1
1 -0.936903 27.917862 -2.846154 0.909210 0.915856 -1
1 -3.962543 27.883675 -2.846154 0.125340 0.929933 -1
1 -3.962537 27.883701 -2.538462 0.125343 0.929927 -1
1 -4.451245 27.370640 -2.538462 0.010086 0.995050 -1
1 -4.451222 27.370621 -3.230769 0.010092 0.995053 -1
1 -0.346581 27.378128 -3.230769 0.994898 0.993527 -1
1 -0.346572 27.378086 -2.538462 0.994902 0.993536 -1
1 -0.915542 30.930698 -2.538462 0.904346 0.270035 -1
1 -0.915535 30.930681 -2.846154 0.904348 0.270039 -1
1 -0.337572 31.441191 -3.230769 0.997060 0.167431 -1
1 -0.337600 31.441196 -2.538462 0.997054 0.167430 -1
1 -4.484717 31.471226 -3.230769 0.002055 0.161324 -1
1 -4.484693 31.471226 -2.538462 0.002062 0.161324 -1
1 -3.932630 30.913609 -2.538462 0.114535 0.262822 -1
1 -3.932628 30.913588 -2.846154 0.114535 0.262826 -1
1 0.753300 27.325186 -2.423091 0.012299 0.993513 -1
1 4.267642 27.872427 -2.423091 0.913879 0.922234 -1
1 1.242008 27.838247 -2.423091 0.125203 0.938635 -1
1 4.857974 27.332632 -2.423091 0.994147 0.992010 -1
1 4.289004 30.885244 -2.423091 0.902004 0.268905 -1
1 4.866946 31.395742 -2.423091 0.996293 0.171789 -1
1 0.719853 31.425772 -2.423091 0.004298 0.165726 -1
1 1.271916 30.868155 -2.423091 0.117373 0.264041 -1
1 4.267642 27.872427 -2.538462 0.913879 0.922234 -1
1 4.267643 27.872408 -2.846154 0.913879 0.922238 -1
1 1.242003 27.838221 -2.846154 0.125202 0.938640 -1
1 1.242008 27.838247 -2.538462 0.125203 0.938635 -1
1 0.753300 27.325186 -2.538462 0.012299 0.993513 -1
1 0.753323 27.325167 -3.230769 0.012305 0.993517 -1
1 4.857965 27.332674 -3.230769 0.994145 0.992001 -1
1 4.857974 27.332632 -2.538462 0.994147 0.992010 -1
1 4.289004 30.885244 -2.538462 0.902004 0.268905 -1
1 4.289011 30.885227 -2.846154 0.902005 0.268908 -1
1 4.866973 31.395737 -3.230769 0.996300 0.171790 -1
1 4.866946 31.395742 -2.538462 0.996293 0.171789 -1
1 0.719828 31.425772 -3.230769 0.004292 0.165726 -1
1 0.719853 31.425772 -2.538462 0.004298 0.165726 -1
1 1.271916 30.868155 -2.538462 0.117373 0.264041 -1
1 1.271918 30.868134 -2.846154 0.117373 0.264046 -1
1 6.048755 27.302460 -2.423091 -0.002838 0.995652 -1
1 9.563097 27.849701 -2.423091 0.911286 0.921283 -1
1 6.537464 27.815521 -2.423091 0.121937 0.934240 -1
1 10.153429 27.309906 -2.423091 0.994828 0.994123 -1
1 9.584459 30.862518 -2.423091 0.903491 0.269359 -1
1 10.162401 31.373016 -2.423091 0.997010 0.159779 -1
1 6.015308 31.403046 -2.423091 -0.010968 0.153613 -1
1 6.567371 30.845428 -2.423091 0.116221 0.263366 -1
1 9.563097 27.849701 -2.538462 0.911286 0.921283 -1
1 9.563099 27.849682 -2.846154 0.911286 0.921287 -1
1 6.537458 27.815495 -2.846154 0.121936 0.934245 -1
1 6.537464 27.815521 -2.538462 0.121937 0.934240 -1
1 6.048755 27.302460 -2.538462 -0.002838 0.995652 -1
1 6.048778 27.302441 -3.230769 -0.002833 0.995656 -1
1 10.153419 27.309948 -3.230769 0.994827 0.994114 -1
1 10.153429 27.309906 -2.538462 0.994828 0.994123 -1
1 9.584459 30.862518 -2.538462 0.903491 0.269359 -1
1 9.584465 30.862501 -2.846154 0.903492 0.269362 -1
1 10.162428 31.373011 -3.230769 0.997017 0.159781 -1
1 10.162401 31.373016 -2.538462 0.997010 0.159779 -1
1 6.015283 31.403046 -3.230769 -0.010975 0.153613 -1
1 6.015308 31.403046 -2.538462 -0.010968 0.153613 -1
1 6.567371 30.845428 -2.538462 0.116221 0.263366 -1
1 6.567373 30.845407 -2.846154 0.116221 0.263371 -1
1 14.031162 27.071690 -7.444510 0.116051 0.979874 -1
1 14.031162 27.618931 -10.958852 0.116051 0.852443 -1
1 14.031162 27.584751 -7.933219 0.116051 0.860402 -1
1 14.031162 27.079136 -11.549184 0.116051 0.978140 -1
1 14.031162 30.631748 -10.980214 0.116051 0.150877 -1
1 14.031162 31.142246 -11.558156 0.116051 0.032001 -1
1 14.031162 31.172276 -7.411063 0.116051 0.025009 -1
1 14.031162 30.614658 -7.963126 0.116051 0.154856 -1
1 13.915792 27.618931 -10.958852 0.099783 0.852443 -1
1 13.608098 27.618912 -10.958854 0.056397 0.852448 -1
1 13.608099 27.584724 -7.933213 0.056397 0.860409 -1
1 13.915792 27.584751 -7.933219 0.099783 0.860402 -1
1 13.915792 27.071690 -7.444510 0.099783 0.979874 -1
1 13.223484 27.071671 -7.444533 0.002165 0.979878 -1
1 13.223483 27.079178 -11.549174 0.002165 0.978131 -1
1 13.915792 27.079136 -11.549184 0.099783 0.978140 -1
1 13.915792 30.631748 -10.980214 0.099783 0.150877 -1
1 13.608098 30.631731 -10.980220 0.056397 0.150881 -1
1 13.223483 31.142241 -11.558183 0.002165 0.032003 -1
1 13.915792 31.142246 -11.558156 0.099783 0.032001 -1
1 13.223484 31.172276 -7.411038 0.002165 0.025009 -1
1 13.915792 31.172276 -7.411063 0.099783 0.025009 -1
1 13.915792 30.614658 -7.963126 0.099783 0.154856 -1
1 13.608099 30.614637 -7.963128 0.056397 0.154861 -1
1 -14.031164 27.562025 -7.933219 0.006154 0.845639 -1
1 -14.031164 27.596205 -10.958852 0.006154 0.837779 -1
1 -14.031164 27.048964 -7.444510 0.006154 0.963625 -1
1 -14.031164 27.056410 -11.549184 0.006154 0.961913 -1
1 -14.031164 30.609022 -10.980214 0.006154 0.144937 -1
1 -14.031164 31.119520 -11.558156 0.006154 0.027541 -1
1 -14.031164 31.149549 -7.411063 0.006154 0.020637 -1
1 -14.031164 30.591932 -7.963126 0.006154 0.148867 -1
1 -13.608101 27.561998 -7.933213 0.065284 0.845645 -1
1 -13.608100 27.596186 -10.958854 0.065284 0.837783 -1
1 -13.915793 27.596205 -10.958852 0.022278 0.837779 -1
1 -13.915793 27.562025 -7.933219 0.022278 0.845639 -1
1 -13.223485 27.056452 -11.549174 0.119041 0.961903 -1
1 -13.223486 27.048944 -7.444533 0.119041 0.963629 -1
1 -13.915793 27.048964 -7.444510 0.022278 0.963625 -1
1 -13.915793 27.056410 -11.549184 0.022278 0.961913 -1
1 -13.608100 30.609005 -10.980220 0.065284 0.144941 -1
1 -13.915793 30.609022 -10.980214 0.022278 0.144937 -1
1 -13.223485 31.119514 -11.558183 0.119041 0.027541 -1
1 -13.915793 31.119520 -11.558156 0.022278 0.027541 -1
1 -13.223486 31.149549 -7.411038 0.119041 0.020637 -1
1 -13.915793 31.149549 -7.411063 0.022278 0.020637 -1
1 -13.608101 30.591911 -7.963128 0.065284 0.148872 -1
1 -13.915793 30.591932 -7.963126 0.022278 0.148867 -1
1 -2.909091 11.920580 0.230769 0.000000 0.000000 -1
1 -5.000000 13.920580 3.185315 0.000000 0.000000 -1
1 -10.909090 12.011488 0.230769 0.000000 0.000000 -1
1 11.202020 11.698357 0.230769 0.000000 0.000000 -1
1 9.111111 13.698357 3.185315 0.000000 0.000000 -1
1 3.202022 11.789265 0.230769 0.000000 0.000000 -1
1 -10.021362 27.883699 -16.667820 0.127491 0.924700 -1
1 -6.995728 27.917879 -16.667820 0.909605 0.917839 -1
1 -10.510071 27.370638 -16.667820 0.023638 0.999174 -1
1 -6.995728 27.917879 -16.667820 0.910604 0.919027 -1
1 -6.405396 27.378084 -16.667820 0.996588 0.997680 -1
1 -6.995728 27.917879 -16.667820 0.912602 0.921402 -1
1 -6.974365 30.930696 -16.667820 0.899684 0.270376 -1
1 -6.396423 31.441195 -16.667820 0.998714 0.182165 -1
1 -6.974365 30.930696 -16.667820 0.900683 0.269188 -1
1 -10.543518 31.471224 -16.667820 0.015709 0.176138 -1
1 -6.974365 30.930696 -16.667820 0.903680 0.271563 -1
1 -6.974365 30.930696 -16.667820 0.902681 0.271563 -1
1 -9.991455 30.913607 -16.667820 0.115600 0.264305 -1
1 -9.991455 30.913607 -16.667820 0.118597 0.264305 -1
1 -10.021362 27.883699 -16.667820 0.120498 0.933013 -1
1 -10.021362 27.883699 -16.667820 0.126492 0.924700 -1
1 -10.021367 27.883673 -16.244755 0.126492 0.924705 -1
1 -6.995727 27.917860 -16.244755 0.912602 0.921407 -1
1 -6.995728 27.917879 -16.552448 0.912602 0.921402 -1
1 -10.021362 27.883699 -16.552448 0.126492 0.924700 -1
1 -6.405405 27.378126 -15.860141 0.996585 0.997671 -1
1 -10.510048 27.370619 -15.860141 0.023646 0.999178 -1
1 -10.510071 27.370638 -16.552448 0.023638 0.999174 -1
1 -6.405396 27.378084 -16.552448 0.996588 0.997680 -1
1 -6.974359 30.930679 -16.244755 0.899685 0.272755 -1
1 -6.974365 30.930696 -16.552448 0.899684 0.270376 -1
1 -6.974365 30.930696 -16.552448 0.900683 0.273939 -1
1 -6.396396 31.441189 -15.860141 0.998721 0.182166 -1
1 -6.396423 31.441195 -16.552448 0.998714 0.182165 -1
1 -10.543543 31.471224 -15.860141 0.015704 0.176138 -1
1 -10.543518 31.471224 -16.552448 0.015709 0.176138 -1
1 -6.974359 30.930679 -16.244755 0.897687 0.269192 -1
1 -9.991452 30.913586 -16.244755 0.118597 0.263122 -1
1 -9.991455 30.913607 -16.552448 0.118597 0.263117 -1
1 -6.974365 30.930696 -16.552448 0.897686 0.269188 -1
1 -6.974365 30.930696 -16.667820 0.897686 0.269188 -1
1 -9.991455 30.913607 -16.667820 0.118597 0.263117 -1
1 -3.962537 27.792791 -16.667820 0.125343 0.929927 -1
1 -0.936904 27.826971 -16.667820 0.909210 0.915852 -1
1 -4.451245 27.279730 -16.667820 0.010086 0.995050 -1
1 -0.346572 27.287176 -16.667820 0.994902 0.993536 -1
1 -0.915542 30.839788 -16.667820 0.904346 0.270035 -1
1 -0.337600 31.350286 -16.667820 0.997054 0.167430 -1
1 -4.484693 31.380316 -16.667820 0.002062 0.161324 -1
1 -3.932630 30.822699 -16.667820 0.114535 0.262822 -1
1 -3.962543 27.792765 -16.244755 0.125340 0.929933 -1
1 -0.936903 27.826952 -16.244755 0.909210 0.915856 -1
1 -0.936904 27.826971 -16.552448 0.909210 0.915852 -1
1 -3.962537 27.792791 -16.552448 0.125343 0.929927 -1
1 -0.346581 27.287218 -15.860141 0.994898 0.993527 -1
1 -4.451222 27.279711 -15.860141 0.010092 0.995053 -1
1 -4.451245 27.279730 -16.552448 0.010086 0.995050 -1
1 -0.346572 27.287176 -16.552448 0.994902 0.993536 -1
1 -0.915535 30.839771 -16.244755 0.904348 0.270039 -1
1 -0.915542 30.839788 -16.552448 0.904346 0.270035 -1
1 -0.337572 31.350281 -15.860141 0.997060 0.167431 -1
1 -0.337600 31.350286 -16.552448 0.997054 0.167430 -1
1 -4.484717 31.380316 -15.860141 0.002055 0.161324 -1
1 -4.484693 31.380316 -16.552448 0.002062 0.161324 -1
1 -3.932628 30.822678 -16.244755 0.114535 0.262826 -1
1 -3.932630 30.822699 -16.552448 0.114535 0.262822 -1
1 1.242008 27.747337 -16.667820 0.125203 0.938635 -1
1 4.267642 27.781517 -16.667820 0.913879 0.922234 -1
1 0.753300 27.234276 -16.667820 0.012299 0.993513 -1
1 4.857974 27.241722 -16.667820 0.994147 0.992010 -1
1 4.289004 30.794334 -16.667820 0.902004 0.268905 -1
1 4.866946 31.304832 -16.667820 0.996293 0.171789 -1
1 0.719853 31.334862 -16.667820 0.004298 0.165726 -1
1 1.271916 30.777245 -16.667820 0.117373 0.264041 -1
1 1.242003 27.747311 -16.244755 0.125202 0.938640 -1
1 4.267643 27.781498 -16.244755 0.913879 0.922238 -1
1 4.267642 27.781517 -16.552448 0.913879 0.922234 -1
1 1.242008 27.747337 -16.552448 0.125203 0.938635 -1
1 4.857965 27.241764 -15.860141 0.994145 0.992001 -1
1 0.753323 27.234257 -15.860141 0.012305 0.993517 -1
1 0.753300 27.234276 -16.552448 0.012299 0.993513 -1
1 4.857974 27.241722 -16.552448 0.994147 0.992010 -1
1 4.289011 30.794317 -16.244755 0.902005 0.268908 -1
1 4.289004 30.794334 -16.552448 0.902004 0.268905 -1
1 4.866973 31.304827 -15.860141 0.996300 0.171790 -1
1 4.866946 31.304832 -16.552448 0.996293 0.171789 -1
1 0.719828 31.334862 -15.860141 0.004292 0.165726 -1
1 0.719853 31.334862 -16.552448 0.004298 0.165726 -1
1 1.271918 30.777224 -16.244755 0.117373 0.264046 -1
1 1.271916 30.777245 -16.552448 0.117373 0.264041 -1
1 6.537464 27.724611 -16.667820 0.121937 0.934240 -1
1 9.563097 27.758791 -16.667820 0.911286 0.921283 -1
1 6.048755 27.211550 -16.667820 -0.002838 0.995652 -1
1 10.153429 27.218996 -16.667820 0.994828 0.994123 -1
1 9.584459 30.771608 -16.667820 0.903491 0.269359 -1
1 10.162401 31.282106 -16.667820 0.997010 0.159779 -1
1 6.015308 31.312136 -16.667820 -0.010968 0.153613 -1
1 6.567371 30.754519 -16.667820 0.116221 0.263366 -1
1 6.537458 27.724585 -16.244755 0.121936 0.934245 -1
1 9.563099 27.758772 -16.244755 0.911286 0.921287 -1
1 9.563097 27.758791 -16.552448 0.911286 0.921283 -1
1 6.537464 27.724611 -16.552448 0.121937 0.934240 -1
1 10.153419 27.219038 -15.860141 0.994827 0.994114 -1
1 6.048778 27.211531 -15.860141 -0.002833 0.995656 -1
1 6.048755 27.211550 -16.552448 -0.002838 0.995652 -1
1 10.153429 27.218996 -16.552448 0.994828 0.994123 -1
1 9.584465 30.771591 -16.244755 0.903492 0.269362 -1
1 9.584459 30.771608 -16.552448 0.903491 0.269359 -1
1 10.162428 31.282101 -15.860141 0.997017 0.159781 -1
1 10.162401 31.282106 -16.552448 0.997010 0.159779 -1
1 6.015283 31.312136 -15.860141 -0.010975 0.153613 -1
1 6.015308 31.312136 -16.552448 -0.010968 0.153613 -1
1 6.567373 30.754498 -16.244755 0.116221 0.263371 -1
1 6.567371 30.754519 -16.552448 0.116221 0.263366 -1
1 -9.909090 13.920593 -16.465242 0.215422 0.138887 -1
1 -11.090914 14.011475 -16.465242 0.099814 0.132915 -1
1 -8.999971 15.102426 -16.465242 0.304354 0.061227 -1
1 -10.909090 12.011475 -16.465242 0.117600 0.264339 -1
1 -12.090914 12.011475 -16.465242 0.001992 0.264339 -1
1 -6.818209 14.920600 -16.465242 0.517778 0.073175 -1
1 -6.818209 16.011490 -16.465242 0.517778 0.001491 -1
1 -4.999972 15.102426 -16.465242 0.695641 0.061227 -1
1 -4.999972 13.920593 -16.465242 0.695641 0.138887 -1
1 -2.999972 14.011475 -16.465242 0.891284 0.132915 -1
1 -1.999972 12.011475 -16.465242 0.989106 0.264339 -1
1 -2.909091 11.920593 -16.465242 0.900175 0.270311 -1
1 -10.818209 2.011475 -16.465242 0.119498 0.933332 -1
1 -11.909090 0.920593 -16.465242 0.019779 0.993139 -1
1 -2.818209 2.102417 -16.465242 0.909065 0.915479 -1
1 -1.909091 0.829651 -16.465242 0.997996 0.999115 -1
1 -11.090908 14.011488 -15.818182 0.099815 0.132915 -1
1 -9.000000 15.102407 -15.818182 0.304351 0.061229 -1
1 -12.090908 12.011488 -15.818182 0.001993 0.264338 -1
1 -9.909090 13.920580 -19.003490 0.215422 0.138888 -1
1 -10.909090 12.011488 -16.048950 0.117600 0.264338 -1
1 -6.818182 14.920585 -19.003490 0.517780 0.073176 -1
1 -6.818182 16.011501 -15.818182 0.517780 0.001490 -1
1 -5.000000 15.102407 -15.818182 0.695638 0.061229 -1
1 -5.000000 13.920580 -19.003490 0.695638 0.138888 -1
1 -3.000000 14.011488 -15.818182 0.891282 0.132915 -1
1 -2.000000 12.011488 -15.818182 0.989103 0.264338 -1
1 -2.909091 11.920580 -16.048950 0.900175 0.270312 -1
1 -10.818182 2.011489 -16.048950 0.119500 0.933331 -1
1 -11.909090 0.920579 -15.818182 0.019779 0.993140 -1
1 -2.818182 2.102398 -16.048950 0.909067 0.915481 -1
1 -1.909091 0.829670 -15.818182 0.997996 0.999114 -1
1 4.202022 13.698370 -16.465242 0.217472 0.135321 -1
1 3.020198 13.789251 -16.465242 0.102676 0.129321 -1
1 5.111141 14.880202 -16.465242 0.305780 0.057292 -1
1 3.202022 11.789251 -16.465242 0.120338 0.261370 -1
1 2.020198 11.789251 -16.465242 0.005541 0.261370 -1
1 7.292901 14.698377 -16.465242 0.517705 0.069296 -1
1 7.292901 15.789267 -16.465242 0.517705 -0.002729 -1
1 9.111137 14.880202 -16.465242 0.694319 0.057292 -1
1 9.111137 13.698370 -16.465242 0.694319 0.135321 -1
1 11.111138 13.789251 -16.465242 0.888589 0.129321 -1
1 12.111138 11.789251 -16.465242 0.985724 0.261370 -1
1 11.202020 11.698370 -16.465242 0.897417 0.267371 -1
1 3.292903 1.789251 -16.465242 0.122172 0.933492 -1
1 2.202022 0.698370 -16.465242 0.023203 0.993641 -1
1 11.292901 1.880194 -16.465242 0.906245 0.915612 -1
1 12.202020 0.607428 -16.465242 0.994552 0.999645 -1
1 3.020204 13.789265 -15.818182 0.102677 0.129320 -1
1 5.111112 14.880183 -15.818182 0.305777 0.057293 -1
1 2.020204 11.789265 -15.818182 0.005542 0.261370 -1
1 4.202022 13.698357 -19.003490 0.217472 0.135322 -1
1 3.202022 11.789265 -16.048950 0.120338 0.261370 -1
1 7.292929 14.698361 -19.003490 0.517708 0.069297 -1
1 7.292929 15.789278 -15.818182 0.517708 -0.002730 -1
1 9.111111 14.880183 -15.818182 0.694317 0.057293 -1
1 9.111111 13.698357 -19.003490 0.694317 0.135322 -1
1 11.111111 13.789265 -15.818182 0.888587 0.129320 -1
1 12.111111 11.789265 -15.818182 0.985721 0.261370 -1
1 11.202020 11.698357 -16.048950 0.897417 0.267372 -1
1 3.292930 1.789266 -16.048950 0.122175 0.933492 -1
1 2.202022 0.698356 -15.818182 0.023203 0.993642 -1
1 11.292929 1.880175 -16.048950 0.906247 0.915613 -1
1 12.202020 0.607447 -15.818182 0.994552 0.999644 -1
1 -10.909090 12.011488 -16.048950 0.000000 0.000000 -1
1 -5.000000 13.920580 -19.003490 0.000000 0.000000 -1
1 -2.909091 11.920580 -16.048950 0.000000 0.000000 -1
1 3.202022 11.789265 -16.048950 0.000000 0.000000 -1
1 9.111111 13.698357 -19.003490 0.000000 0.000000 -1
1 11.202020 11.698357 -16.048950 0.000000 0.000000 -1
396
0.897307 0.441345 -0.007441
-0.800182 0.599735 -0.005192
0.001507 0.894412 0.447242
-0.302481 0.302632 0.903836
-0.002413 -0.707324 0.706886
0.299641 -0.299359 0.905870
0.459008 -0.888419 0.004798
0.419553 -0.907731 -0.000755
0.000000 1.000000 0.000000
0.539798 0.797970 0.268071
-0.584394 0.564343 0.583096
0.263807 -0.806660 0.528873
-0.398671 -0.825639 0.399225
0.000000 -1.000000 0.000000
1.000000 -0.000460 0.000010
0.891278 0.000814 0.453456
-0.709875 0.000221 0.704328
-0.999999 -0.001011 0.000018
-0.891282 0.003701 0.453435
-0.721508 -0.692366 0.007519
-0.999996 0.002778 -0.000047
-0.444687 0.003219 0.895680
0.712092 0.000423 0.702086
0.717125 -0.000143 0.696944
1.000000 -0.000424 0.000007
0.447206 0.894427 -0.002519
0.698653 -0.715456 -0.002772
-0.447209 0.894427 -0.002071
-0.694671 -0.719326 -0.001523
0.000072 0.999992 -0.003881
0.028273 0.999598 -0.002078
0.467384 0.884051 -0.002525
0.694034 -0.719942 0.000398
-0.000079 -0.999991 0.004279
-0.443089 0.896464 -0.004846
0.005757 0.999974 -0.004254
-0.000072 0.999992 -0.003881
-0.692800 -0.721130 0.000123
-0.677790 -0.735255 -0.001188
0.000079 -0.999991 0.004278
0.447206 0.894427 -0.002519
0.698653 -0.715456 -0.002772
-0.447209 0.894427 -0.002071
-0.694671 -0.719326 -0.001523
0.000000 0.000000 1.000000
-0.436946 0.899488 0.000000
-0.410939 0.911663 -0.000004
-0.633842 0.773462 0.000004
-0.784279 0.620409 0.000006
-0.953839 0.300319 -0.000002
-0.989903 0.141750 -0.000003
0.999959 0.009101 -0.000012
0.988276 -0.152675 0.000017
-0.307812 0.951447 -0.000007
-0.535676 0.844424 0.000006
-0.048063 0.998844 0.000005
0.235777 0.971807 0.000007
-0.116704 0.993167 0.000009
0.184744 0.982787 -0.000004
0.457823 0.889044 -0.000018
0.468379 0.883528 -0.000031
0.555866 0.831272 0.000007
0.481914 0.876218 0.000045
0.643525 0.765425 -0.000027
0.787911 0.615789 -0.000021
0.951416 0.307909 -0.000035
0.987421 0.158115 -0.000025
-0.999957 -0.009262 0.000035
-0.964106 -0.265519 -0.000015
0.890118 0.455730 0.000044
0.437428 0.899253 0.000023
-0.889354 -0.457220 0.000006
-0.450715 -0.892668 -0.000003
-0.456974 0.889480 -0.000035
-0.898714 0.438535 -0.000049
0.442123 -0.896955 -0.000003
0.896528 -0.442987 -0.000033
0.005667 -0.716466 0.697599
0.274153 -0.847376 0.454746
0.011045 -0.274514 0.961520
-0.491602 0.680289 0.543631
0.005669 0.498839 0.866676
-0.436946 0.899488 -0.000000
-0.410939 0.911663 -0.000005
-0.633842 0.773462 0.000003
-0.784279 0.620409 0.000006
-0.953839 0.300319 -0.000003
-0.989903 0.141750 -0.000003
0.999959 0.009101 -0.000012
0.988276 -0.152675 0.000017
-0.307812 0.951447 -0.000007
-0.535676 0.844423 0.000006
-0.048063 0.998844 0.000005
0.235777 0.971807 0.000007
-0.116704 0.993167 0.000009
0.184744 0.982787 -0.000004
0.457823 0.889043 -0.000018
0.468379 0.883528 -0.000031
0.555866 0.831272 0.000007
0.481914 0.876218 0.000044
0.643525 0.765425 -0.000027
0.787911 0.615789 -0.000021
0.951416 0.307909 -0.000034
0.987421 0.158115 -0.000024
-0.999957 -0.009262 0.000035
-0.964106 -0.265519 -0.000015
0.890118 0.455730 0.000045
0.437428 0.899253 0.000024
-0.889354 -0.457220 0.000006
-0.450715 -0.892668 -0.000003
-0.456974 0.889480 -0.000034
-0.898714 0.438535 -0.000050
0.896528 -0.442987 -0.000032
0.005667 -0.716466 0.697599
0.274153 -0.847376 0.454746
0.011045 -0.274514 0.961520
-0.491602 0.680289 0.543631
0.005669 0.498839 0.866676
-0.708592 0.705618 -0.000036
-0.892914 0.450228 -0.000038
0.440836 0.897588 -0.000074
0.706603 0.707610 -0.000022
-0.703571 -0.710625 -0.000015
-0.891324 -0.453366 0.000014
0.448118 -0.893974 -0.000021
0.706966 -0.707247 -0.000008
-0.999975 0.007092 -0.000021
-0.999975 0.007090 -0.000004
0.895863 0.444330 0.000008
0.710440 0.703758 0.000007
-0.443464 0.896292 0.000012
-0.707432 0.706782 0.000001
0.705618 -0.708592 0.000031
0.891395 -0.453228 0.000028
0.005665 -0.999984 0.000062
-0.312043 -0.950068 0.000018
-0.453979 0.891012 0.000000
0.896958 0.442116 0.000000
-0.444450 -0.895804 0.000000
0.893799 -0.448467 0.000000
-0.896457 -0.443131 0.000000
0.452778 0.891623 0.000000
-0.896699 0.442641 0.000000
0.449474 -0.893293 0.000000
-0.708593 0.705618 -0.000036
-0.892914 0.450228 -0.000040
0.440836 0.897588 -0.000075
0.706603 0.707610 -0.000023
-0.703571 -0.710625 -0.000015
-0.891324 -0.453366 0.000013
0.448118 -0.893974 -0.000021
0.706966 -0.707247 -0.000008
-0.707611 -0.706602 0.000007
-0.444409 -0.895824 0.000045
0.895863 0.444330 0.000009
0.710440 0.703758 0.000008
-0.443464 0.896292 0.000012
-0.707432 0.706782 0.000000
0.705618 -0.708592 0.000031
0.891395 -0.453228 0.000025
-0.453979 0.891012 0.000000
0.896958 0.442116 0.000000
-0.444450 -0.895804 0.000000
0.893799 -0.448467 0.000000
-0.896457 -0.443131 0.000000
0.452778 0.891623 0.000000
-0.896699 0.442641 0.000000
-0.708593 0.705618 -0.000036
-0.892914 0.450228 -0.000040
0.440836 0.897588 -0.000074
0.706603 0.707610 -0.000023
-0.703571 -0.710625 -0.000016
-0.891324 -0.453366 0.000014
0.448118 -0.893974 -0.000021
0.706966 -0.707247 -0.000008
-0.707611 -0.706602 0.000007
-0.444409 -0.895824 0.000045
0.895863 0.444330 0.000008
0.710440 0.703758 0.000007
-0.443464 0.896292 0.000013
-0.707432 0.706782 0.000001
0.705618 -0.708592 0.000031
0.891395 -0.453228 0.000027
0.896958 0.442116 0.000000
-0.444450 -0.895804 0.000000
0.893799 -0.448467 0.000000
-0.896457 -0.443131 0.000000
-0.896699 0.442641 0.000000
0.449474 -0.893293 0.000000
-0.708592 0.705618 -0.000036
-0.892914 0.450228 -0.000039
0.440836 0.897588 -0.000076
0.706603 0.707610 -0.000024
-0.703571 -0.710625 -0.000015
0.448118 -0.893974 -0.000022
0.706966 -0.707247 -0.000009
-0.707611 -0.706602 0.000007
-0.444409 -0.895824 0.000047
0.895863 0.444330 0.000007
0.710440 0.703758 0.000007
0.705618 -0.708592 0.000031
0.891395 -0.453228 0.000025
-0.453979 0.891012 0.000000
0.896958 0.442116 0.000000
-0.896457 -0.443131 0.000000
0.449474 -0.893293 0.000000
1.000000 0.000000 0.000000
-0.000036 0.705618 0.708592
-0.000039 0.450228 0.892914
-0.000075 0.897588 -0.440836
-0.000023 0.707610 -0.706603
-0.000015 -0.710625 0.703571
0.000014 -0.453366 0.891324
-0.000021 -0.893974 -0.448118
-0.000008 -0.707247 -0.706966
0.000007 -0.706602 0.707611
0.000047 -0.895824 0.444409
0.000007 0.444330 -0.895863
0.000007 0.703758 -0.710440
0.000013 0.896292 0.443464
0.000001 0.706782 0.707432
0.000031 -0.708592 -0.705618
0.000025 -0.453228 -0.891395
0.000000 0.891012 0.453979
0.000000 0.442116 -0.896958
0.000000 -0.895804 0.444450
0.000000 -0.448467 -0.893799
0.000000 -0.443131 0.896457
0.000000 0.891623 -0.452778
0.000000 0.442641 0.896699
0.000000 -0.893293 -0.449474
1.000000 -0.000000 -0.000000
1.000000 -0.000000 -0.000000
1.000000 -0.000000 -0.000000
-1.000000 0.000000 0.000000
0.000075 0.897588 -0.440836
0.000039 0.450228 0.892914
0.000036 0.705618 0.708592
0.000023 0.707610 -0.706603
0.000021 -0.893974 -0.448118
-0.000014 -0.453366 0.891324
0.000015 -0.710625 0.703571
0.000008 -0.707247 -0.706966
-0.000047 -0.895824 0.444409
-0.000007 -0.706602 0.707611
-0.000007 0.444330 -0.895863
-0.000007 0.703758 -0.710440
-0.000013 0.896292 0.443464
-0.000001 0.706782 0.707432
-0.000025 -0.453228 -0.891395
-0.000031 -0.708592 -0.705618
-1.000000 -0.000000 -0.000000
-1.000000 -0.000000 -0.000000
-1.000000 -0.000000 -0.000000
-0.009445 -0.831163 0.555949
-0.009445 -0.831163 0.555949
0.000000 0.000000 -1.000000
0.440836 0.897588 0.000074
-0.892914 0.450228 0.000038
-0.708592 0.705618 0.000036
0.706603 0.707610 0.000022
0.448118 -0.893974 0.000021
-0.891324 -0.453366 -0.000014
-0.703571 -0.710625 0.000015
0.706966 -0.707247 0.000008
-0.999975 0.007092 0.000021
-0.999975 0.007090 0.000004
0.895863 0.444330 -0.000008
0.710440 0.703758 -0.000007
-0.443464 0.896292 -0.000012
-0.707432 0.706782 -0.000001
0.005665 -0.999984 -0.000062
0.891395 -0.453228 -0.000028
0.705618 -0.708592 -0.000031
-0.312043 -0.950068 -0.000018
0.440836 0.897588 0.000075
-0.892914 0.450228 0.000040
-0.708593 0.705618 0.000036
0.706603 0.707610 0.000023
0.448118 -0.893974 0.000021
-0.891324 -0.453366 -0.000013
-0.703571 -0.710625 0.000015
0.706966 -0.707247 0.000008
-0.444409 -0.895824 -0.000045
-0.707611 -0.706602 -0.000007
0.895863 0.444330 -0.000009
0.710440 0.703758 -0.000008
-0.443464 0.896292 -0.000012
-0.707432 0.706782 -0.000000
0.891395 -0.453228 -0.000025
0.705618 -0.708592 -0.000031
0.440836 0.897588 0.000074
-0.892914 0.450228 0.000040
-0.708593 0.705618 0.000036
0.706603 0.707610 0.000023
0.448118 -0.893974 0.000021
-0.891324 -0.453366 -0.000014
-0.703571 -0.710625 0.000016
0.706966 -0.707247 0.000008
-0.444409 -0.895824 -0.000045
-0.707611 -0.706602 -0.000007
0.895863 0.444330 -0.000008
0.710440 0.703758 -0.000007
-0.443464 0.896292 -0.000013
-0.707432 0.706782 -0.000001
0.891395 -0.453228 -0.000027
0.705618 -0.708592 -0.000031
0.440836 0.897588 0.000076
-0.892914 0.450228 0.000039
-0.708592 0.705618 0.000036
0.706603 0.707610 0.000024
0.448118 -0.893974 0.000022
-0.703571 -0.710625 0.000015
0.706966 -0.707247 0.000009
-0.444409 -0.895824 -0.000047
-0.707611 -0.706602 -0.000007
0.895863 0.444330 -0.000007
0.710440 0.703758 -0.000007
0.891395 -0.453228 -0.000025
0.705618 -0.708592 -0.000031
-0.633842 0.773462 -0.000004
-0.410939 0.911663 0.000004
-0.436946 0.899488 -0.000000
-0.784279 0.620409 -0.000006
-0.953839 0.300319 0.000002
-0.989903 0.141750 0.000003
-0.307812 0.951447 0.000007
0.988276 -0.152675 -0.000017
0.999959 0.009101 0.000012
-0.535676 0.844424 -0.000006
-0.048063 0.998844 -0.000005
0.235777 0.971807 -0.000007
0.184744 0.982787 0.000004
-0.116704 0.993167 -0.000009
0.468379 0.883528 0.000031
0.457823 0.889044 0.000018
0.555866 0.831272 -0.000007
0.481914 0.876218 -0.000045
0.787911 0.615789 0.000021
0.643525 0.765425 0.000027
0.987421 0.158115 0.000025
0.951416 0.307909 0.000035
-0.999957 -0.009262 -0.000035
-0.964106 -0.265519 0.000015
0.437428 0.899253 -0.000023
0.890118 0.455730 -0.000044
-0.889354 -0.457220 -0.000006
-0.450715 -0.892668 0.000003
-0.898714 0.438535 0.000049
-0.456974 0.889480 0.000035
0.442123 -0.896955 0.000003
0.896528 -0.442987 0.000033
0.011045 -0.274514 -0.961520
0.274152 -0.847376 -0.454746
0.005667 -0.716466 -0.697599
-0.491601 0.680289 -0.543631
0.005669 0.498839 -0.866676
-0.633842 0.773462 -0.000003
-0.410939 0.911663 0.000005
-0.436946 0.899488 0.000000
-0.784279 0.620409 -0.000006
-0.953839 0.300319 0.000003
-0.989903 0.141750 0.000003
-0.307812 0.951447 0.000007
0.988276 -0.152675 -0.000017
0.999959 0.009101 0.000012
-0.535676 0.844424 -0.000006
-0.048063 0.998844 -0.000005
0.235777 0.971807 -0.000007
0.184744 0.982787 0.000004
-0.116704 0.993167 -0.000009
0.468379 0.883528 0.000031
0.457823 0.889043 0.000018
0.555866 0.831272 -0.000007
0.481914 0.876218 -0.000044
0.787911 0.615789 0.000021
0.643525 0.765425 0.000027
0.987421 0.158115 0.000024
0.951416 0.307909 0.000034
-0.999957 -0.009262 -0.000035
-0.964106 -0.265519 0.000015
0.437428 0.899253 -0.000024
0.890118 0.455730 -0.000045
-0.889354 -0.457220 -0.000006
-0.450715 -0.892668 0.000003
-0.898714 0.438535 0.000050
-0.456974 0.889480 0.000034
0.442123 -0.896955 0.000003
0.896528 -0.442987 0.000032
0.011045 -0.274514 -0.961520
0.274153 -0.847376 -0.454746
0.005667 -0.716466 -0.697599
-0.491601 0.680290 -0.543631
0.005669 0.498839 -0.866676
-0.009445 -0.831162 -0.555950
-0.009445 -0.831162 -0.555950
702
1 0 1 2 0 1 2 1
1 1 3 2 1 3 2 1
1 4 2 3 4 2 3 1
1 5 4 3 5 4 3 1
1 4 6 7 4 6 7 1
1 4 5 6 4 5 6 1
1 8 9 10 8 8 9 1
1 9 11 10 8 10 9 1
1 12 10 11 11 9 10 1
1 13 12 11 12 11 10 1
1 12 14 15 11 13 13 1
1 12 13 14 11 12 13 1
1 16 6 17 14 6 15 1
1 6 5 17 6 5 15 1
1 18 17 5 16 15 5 1
1 3 18 5 3 16 5 1
1 18 1 19 16 1 17 1
1 18 3 1 16 3 1 1
1 20 21 22 18 19 20 1
1 20 23 21 18 21 19 1
1 23 20 24 21 18 22 1
1 23 24 25 21 22 23 1
1 26 0 24 24 0 22 1
1 0 25 24 0 23 22 1
1 27 8 28 8 8 25 1
1 8 10 28 8 9 25 1
1 29 28 10 26 25 9 1
1 12 29 10 11 26 9 1
1 29 15 30 26 13 13 1
1 29 12 15 26 11 13 1
1 31 9 32 27 8 8 1
1 31 11 9 27 10 8 1
1 11 31 33 10 27 28 1
1 11 33 13 10 28 12 1
1 34 14 33 13 13 28 1
1 14 13 33 13 12 28 1
1 35 36 37 29 30 31 1
1 36 0 37 30 0 31 1
1 38 37 0 32 31 0 1
1 7 38 0 7 32 0 1
1 38 21 39 32 19 33 1
1 38 7 21 32 7 19 1
1 40 41 42 34 35 36 1
1 40 1 41 34 1 35 1
1 1 40 43 1 34 37 1
1 1 43 44 1 37 38 1
1 45 6 43 39 6 37 1
1 6 44 43 6 38 37 1
1 46 47 48 8 8 9 1
1 47 49 48 8 10 9 1
1 50 48 49 11 9 10 1
1 51 50 49 12 11 10 1
1 50 52 53 11 13 13 1
1 50 51 52 11 12 13 1
1 54 46 55 8 8 40 1
1 46 48 55 8 9 40 1
1 56 55 48 41 40 9 1
1 50 56 48 11 41 9 1
1 56 53 57 41 13 13 1
1 56 50 53 41 11 13 1
1 58 47 59 42 8 8 1
1 58 49 47 42 10 8 1
1 49 58 60 10 42 43 1
1 49 60 51 10 43 12 1
1 61 52 60 13 13 43 1
1 52 51 60 13 12 43 1
1 62 63 64 44 44 44 1
1 63 65 66 44 44 44 1
1 63 66 64 44 44 44 1
1 62 64 67 44 44 44 1
1 67 68 62 44 44 44 1
1 67 69 68 44 44 44 1
1 69 67 70 44 44 44 1
1 70 71 69 44 44 44 1
1 72 73 71 44 44 44 1
1 71 70 72 44 44 44 1
1 74 66 65 44 44 44 1
1 65 75 74 44 44 44 1
1 76 74 75 44 44 44 1
1 75 77 76 44 44 44 1
1 73 72 76 44 44 44 1
1 76 77 73 44 44 44 1
1 62 78 79 45 46 47 2
1 62 79 63 45 47 48 2
1 63 79 80 48 47 49 2
1 63 80 65 48 49 50 2
1 66 81 82 51 52 53 2
1 66 82 64 51 53 54 2
1 64 82 83 54 53 55 2
1 64 83 67 54 55 56 2
1 68 84 78 57 58 46 2
1 68 78 62 57 46 45 2
1 69 85 84 59 60 58 2
1 69 84 68 59 58 57 2
1 67 83 86 56 55 61 2
1 67 86 70 56 61 62 2
1 71 87 85 63 64 60 2
1 71 85 69 63 60 59 2
1 73 88 87 65 66 64 2
1 73 87 71 65 64 63 2
1 70 86 89 62 61 67 2
1 70 89 72 62 67 68 2
1 74 90 81 69 70 52 2
1 74 81 66 69 52 51 2
1 65 80 91 50 49 71 2
1 65 91 75 50 71 72 2
1 76 92 90 73 74 70 2
1 76 90 74 73 70 69 2
1 75 91 93 72 71 75 2
1 75 93 77 72 75 76 2
1 72 89 92 68 67 74 2
1 72 92 76 68 74 73 2
1 77 93 88 76 75 66 2
1 77 88 73 76 66 65 2
1 83 82 81 77 78 79 1
1 86 83 81 80 77 79 1
1 81 86 89 79 80 81 1
1 90 89 81 44 81 79 1
1 89 90 92 81 44 44 1
1 94 95 96 44 44 44 1
1 95 97 98 44 44 44 1
1 95 98 96 44 44 44 1
1 94 96 99 44 44 44 1
1 99 100 94 44 44 44 1
1 99 101 100 44 44 44 1
1 101 99 102 44 44 44 1
1 102 103 101 44 44 44 1
1 104 105 103 44 44 44 1
1 103 102 104 44 44 44 1
1 106 98 97 44 44 44 1
1 97 107 106 44 44 44 1
1 108 106 107 44 44 44 1
1 107 109 108 44 44 44 1
1 105 104 108 44 44 44 1
1 108 109 105 44 44 44 1
1 94 110 111 82 83 84 2
1 94 111 95 82 84 85 2
1 95 111 112 85 84 86 2
1 95 112 97 85 86 87 2
1 98 113 114 88 89 90 2
1 98 114 96 88 90 91 2
1 96 114 115 91 90 92 2
1 96 115 99 91 92 93 2
1 100 116 110 94 95 83 2
1 100 110 94 94 83 82 2
1 101 117 116 96 97 95 2
1 101 116 100 96 95 94 2
1 99 115 118 93 92 98 2
1 99 118 102 93 98 99 2
1 103 119 117 100 101 97 2
1 103 117 101 100 97 96 2
1 105 120 119 102 103 101 2
1 105 119 103 102 101 100 2
1 102 118 121 99 98 104 2
1 102 121 104 99 104 105 2
1 106 122 113 106 107 89 2
1 106 113 98 106 89 88 2
1 97 112 123 87 86 108 2
1 97 123 107 87 108 109 2
1 108 124 122 110 111 107 2
1 108 122 106 110 107 106 2
1 107 123 125 109 108 75 2
1 107 125 109 109 75 112 2
1 104 121 124 105 104 111 2
1 104 124 108 105 111 110 2
1 109 125 120 112 75 103 2
1 109 120 105 112 103 102 2
1 115 114 113 113 114 115 1
1 118 115 113 116 113 115 1
1 113 118 121 115 116 117 1
1 122 121 113 44 117 115 1
1 121 122 124 117 44 44 1
1 126 127 128 44 44 44 1
1 126 129 130 44 44 44 1
1 129 131 132 44 44 44 1
1 133 129 134 44 44 44 1
1 135 134 136 44 44 44 1
1 136 137 138 44 44 44 1
1 139 140 136 44 44 44 1
1 136 126 141 44 44 44 1
1 142 143 144 118 119 120 2
1 142 144 145 118 120 121 2
1 146 147 148 122 123 124 2
1 146 148 149 122 124 125 2
1 150 151 143 126 126 119 2
1 152 143 142 127 119 118 2
1 149 148 153 125 124 128 2
1 149 153 154 125 128 129 2
1 154 153 155 129 128 130 2
1 154 155 156 129 130 131 2
1 157 158 159 132 133 134 2
1 157 159 160 132 134 135 2
1 145 144 158 121 120 133 2
1 145 158 157 121 133 132 2
1 156 155 147 131 130 123 2
1 156 147 146 131 123 122 2
1 132 142 145 136 118 121 2
1 132 145 141 136 121 137 2
1 126 146 149 138 122 125 2
1 126 149 129 138 125 139 2
1 161 160 142 140 135 118 2
1 161 142 132 140 118 136 2
1 129 149 154 139 125 129 2
1 129 154 134 139 129 141 2
1 134 154 156 141 129 131 2
1 134 156 136 141 131 142 2
1 162 157 160 143 132 135 2
1 162 160 161 143 135 140 2
1 141 145 157 137 121 132 2
1 141 157 162 137 132 143 2
1 136 156 146 142 131 122 2
1 136 146 126 142 122 138 2
1 144 159 158 44 44 44 1
1 144 143 159 44 44 44 1
1 163 164 165 44 44 44 1
1 163 166 164 44 44 44 1
1 166 167 164 44 44 44 1
1 167 166 168 44 44 44 1
1 167 168 169 44 44 44 1
1 169 170 167 44 44 44 1
1 165 170 169 44 44 44 1
1 169 163 165 44 44 44 1
1 171 172 173 144 145 146 2
1 171 173 174 144 146 147 2
1 175 176 177 148 149 150 2
1 175 177 178 148 150 151 2
1 179 180 172 152 153 145 2
1 179 172 171 152 145 144 2
1 178 177 181 151 150 154 2
1 178 181 182 151 154 155 2
1 182 181 183 155 154 156 2
1 182 183 184 155 156 157 2
1 185 186 180 158 159 153 2
1 185 180 179 158 153 152 2
1 174 173 186 147 146 159 2
1 174 186 185 147 159 158 2
1 184 183 176 157 156 149 2
1 184 176 175 157 149 148 2
1 164 171 174 160 144 147 2
1 164 174 165 160 147 161 2
1 163 175 178 162 148 151 2
1 163 178 166 162 151 163 2
1 167 179 171 164 152 144 2
1 167 171 164 164 144 160 2
1 166 178 182 163 151 155 2
1 166 182 168 163 155 165 2
1 168 182 184 165 155 157 2
1 168 184 169 165 157 166 2
1 170 185 179 143 158 152 2
1 170 179 167 143 152 164 2
1 165 174 185 161 147 158 2
1 165 185 170 161 158 143 2
1 169 184 175 166 157 148 2
1 169 175 163 166 148 162 2
1 173 180 186 44 44 44 1
1 173 172 180 44 44 44 1
1 187 188 189 44 44 44 1
1 187 190 188 44 44 44 1
1 190 191 188 44 44 44 1
1 191 190 192 44 44 44 1
1 191 192 193 44 44 44 1
1 193 194 191 44 44 44 1
1 189 194 193 44 44 44 1
1 193 187 189 44 44 44 1
1 195 196 197 167 168 169 2
1 195 197 198 167 169 170 2
1 199 200 201 171 172 173 2
1 199 201 202 171 173 174 2
1 203 204 196 175 176 168 2
1 203 196 195 175 168 167 2
1 202 201 205 174 173 177 2
1 202 205 206 174 177 178 2
1 206 205 207 178 177 179 2
1 206 207 208 178 179 180 2
1 209 210 204 181 182 176 2
1 209 204 203 181 176 175 2
1 198 197 210 170 169 182 2
1 198 210 209 170 182 181 2
1 208 207 200 180 179 172 2
1 208 200 199 180 172 171 2
1 188 195 198 160 167 170 2
1 188 198 189 160 170 183 2
1 187 199 202 184 171 174 2
1 187 202 190 184 174 185 2
1 191 203 195 186 175 167 2
1 191 195 188 186 167 160 2
1 190 202 206 185 174 178 2
1 190 206 192 185 178 165 2
1 192 206 208 165 178 180 2
1 192 208 193 165 180 187 2
1 194 209 203 188 181 175 2
1 194 203 191 188 175 186 2
1 189 198 209 183 170 181 2
1 189 209 194 183 181 188 2
1 193 208 199 187 180 171 2
1 193 199 187 187 171 184 2
1 197 204 210 44 44 44 1
1 197 196 204 44 44 44 1
1 211 212 213 44 44 44 1
1 211 214 212 44 44 44 1
1 214 215 212 44 44 44 1
1 215 214 216 44 44 44 1
1 215 216 217 44 44 44 1
1 217 218 215 44 44 44 1
1 213 218 217 44 44 44 1
1 217 211 213 44 44 44 1
1 219 220 221 189 190 191 2
1 219 221 222 189 191 192 2
1 223 224 225 193 123 194 2
1 223 225 226 193 194 195 2
1 227 228 220 196 197 190 2
1 227 220 219 196 190 189 2
1 226 225 229 195 194 198 2
1 226 229 230 195 198 199 2
1 230 229 231 199 198 130 2
1 230 231 232 199 130 131 2
1 233 234 228 200 201 197 2
1 233 228 227 200 197 196 2
1 222 221 234 192 191 201 2
1 222 234 233 192 201 200 2
1 232 231 224 131 130 123 2
1 232 224 223 131 123 193 2
1 212 219 222 202 189 192 2
1 212 222 213 202 192 203 2
1 211 223 226 138 193 195 2
1 211 226 214 138 195 185 2
1 215 227 219 204 196 189 2
1 215 219 212 204 189 202 2
1 214 226 230 185 195 199 2
1 214 230 216 185 199 165 2
1 216 230 232 165 199 131 2
1 216 232 217 165 131 142 2
1 218 233 227 205 200 196 2
1 218 227 215 205 196 204 2
1 213 222 233 203 192 200 2
1 213 233 218 203 200 205 2
1 217 232 223 142 131 193 2
1 217 223 211 142 193 138 2
1 221 228 234 44 44 44 1
1 221 220 228 44 44 44 1
1 235 236 237 206 206 206 1
1 235 238 236 206 206 206 1
1 238 239 236 206 206 206 1
1 239 238 240 206 206 206 1
1 239 240 241 206 206 206 1
1 241 242 239 206 206 206 1
1 237 242 241 206 206 206 1
1 241 235 237 206 206 206 1
1 243 244 245 207 208 209 2
1 243 245 246 207 209 210 2
1 247 248 249 211 212 213 2
1 247 249 250 211 213 214 2
1 251 252 244 215 216 208 2
1 251 244 243 215 208 207 2
1 250 249 253 214 213 217 2
1 250 253 254 214 217 218 2
1 254 253 255 218 217 219 2
1 254 255 256 218 219 220 2
1 257 258 252 221 222 216 2
1 257 252 251 221 216 215 2
1 246 245 258 210 209 222 2
1 246 258 257 210 222 221 2
1 256 255 248 220 219 212 2
1 256 248 247 220 212 211 2
1 236 243 246 223 207 210 2
1 236 246 237 223 210 224 2
1 235 247 250 225 211 214 2
1 235 250 238 225 214 226 2
1 239 251 243 227 215 207 2
1 239 243 236 227 207 223 2
1 238 250 254 226 214 218 2
1 238 254 240 226 218 228 2
1 240 254 256 228 218 220 2
1 240 256 241 228 220 229 2
1 242 257 251 230 221 215 2
1 242 251 239 230 215 227 2
1 237 246 257 224 210 221 2
1 237 257 242 224 221 230 2
1 241 256 247 229 220 211 2
1 241 247 235 229 211 225 2
1 245 252 258 231 231 232 1
1 245 244 252 231 233 231 1
1 259 260 261 234 234 234 1
1 260 262 261 234 234 234 1
1 260 263 262 234 234 234 1
1 264 262 263 234 234 234 1
1 265 264 263 234 234 234 1
1 263 266 265 234 234 234 1
1 265 266 259 234 234 234 1
1 259 261 265 234 234 234 1
1 267 268 269 235 236 237 2
1 270 267 269 238 235 237 2
1 271 272 273 239 240 241 2
1 274 271 273 242 239 241 2
1 268 275 276 236 243 244 2
1 269 268 276 237 236 244 2
1 277 271 274 245 239 242 2
1 278 277 274 246 245 242 2
1 279 277 278 247 245 246 2
1 280 279 278 248 247 246 2
1 275 281 282 243 249 250 2
1 276 275 282 244 243 250 2
1 281 267 270 249 235 238 2
1 282 281 270 250 249 238 2
1 272 279 280 240 247 248 2
1 273 272 280 241 240 248 2
1 270 269 260 238 237 223 2
1 259 270 260 224 238 223 2
1 274 273 261 242 241 225 2
1 262 274 261 226 242 225 2
1 269 276 263 237 244 227 2
1 260 269 263 223 237 227 2
1 278 274 262 246 242 226 2
1 264 278 262 228 246 226 2
1 280 278 264 248 246 228 2
1 265 280 264 229 248 228 2
1 276 282 266 244 250 230 2
1 263 276 266 227 244 230 2
1 282 270 259 250 238 224 2
1 266 282 259 230 250 224 2
1 273 280 265 241 248 229 2
1 261 273 265 225 241 229 2
1 281 275 267 251 252 252 1
1 275 268 267 252 253 252 1
1 283 284 285 254 254 254 1
1 286 287 288 255 255 255 1
1 289 290 291 256 256 256 1
1 292 293 291 256 256 256 1
1 294 295 293 256 256 256 1
1 296 293 297 256 256 256 1
1 298 296 299 256 256 256 1
1 300 301 298 256 256 256 1
1 298 302 303 256 256 256 1
1 304 291 298 256 256 256 1
1 305 306 307 257 258 259 2
1 308 305 307 260 257 259 2
1 309 310 311 261 262 263 2
1 312 309 311 264 261 263 2
1 306 313 314 258 265 265 2
1 307 306 315 259 258 266 2
1 316 309 312 267 261 264 2
1 317 316 312 268 267 264 2
1 318 316 317 269 267 268 2
1 319 318 317 270 269 268 2
1 320 321 322 271 272 273 2
1 323 320 322 274 271 273 2
1 321 305 308 272 257 260 2
1 322 321 308 273 272 260 2
1 310 318 319 262 269 270 2
1 311 310 319 263 262 270 2
1 308 307 294 260 259 136 2
1 304 308 294 137 260 136 2
1 312 311 291 264 263 138 2
1 293 312 291 139 264 138 2
1 307 323 324 259 274 140 2
1 294 307 324 136 259 140 2
1 317 312 293 268 264 139 2
1 296 317 293 141 268 139 2
1 319 317 296 270 268 141 2
1 298 319 296 142 270 141 2
1 323 322 325 274 273 143 2
1 324 323 325 140 274 143 2
1 322 308 304 273 260 137 2
1 325 322 304 143 273 137 2
1 311 319 298 263 270 142 2
1 291 311 298 138 263 142 2
1 321 320 305 256 256 256 1
1 320 306 305 256 256 256 1
1 326 327 328 256 256 256 1
1 327 329 328 256 256 256 1
1 327 330 329 256 256 256 1
1 331 329 330 256 256 256 1
1 332 331 330 256 256 256 1
1 330 333 332 256 256 256 1
1 332 333 326 256 256 256 1
1 326 328 332 256 256 256 1
1 334 335 336 275 276 277 2
1 337 334 336 278 275 277 2
1 338 339 340 279 280 281 2
1 341 338 340 282 279 281 2
1 335 342 343 276 283 284 2
1 336 335 343 277 276 284 2
1 344 338 341 285 279 282 2
1 345 344 341 286 285 282 2
1 346 344 345 287 285 286 2
1 347 346 345 288 287 286 2
1 342 348 349 283 289 290 2
1 343 342 349 284 283 290 2
1 348 334 337 289 275 278 2
1 349 348 337 290 289 278 2
1 339 346 347 280 287 288 2
1 340 339 347 281 280 288 2
1 337 336 327 278 277 160 2
1 326 337 327 161 278 160 2
1 341 340 328 282 281 162 2
1 329 341 328 163 282 162 2
1 336 343 330 277 284 164 2
1 327 336 330 160 277 164 2
1 345 341 329 286 282 163 2
1 331 345 329 165 286 163 2
1 347 345 331 288 286 165 2
1 332 347 331 166 288 165 2
1 343 349 333 284 290 143 2
1 330 343 333 164 284 143 2
1 349 337 326 290 278 161 2
1 333 349 326 143 290 161 2
1 340 347 332 281 288 166 2
1 328 340 332 162 281 166 2
1 348 342 334 256 256 256 1
1 342 335 334 256 256 256 1
1 350 351 352 256 256 256 1
1 351 353 352 256 256 256 1
1 351 354 353 256 256 256 1
1 355 353 354 256 256 256 1
1 356 355 354 256 256 256 1
1 354 357 356 256 256 256 1
1 356 357 350 256 256 256 1
1 350 352 356 256 256 256 1
1 358 359 360 291 292 293 2
1 361 358 360 294 291 293 2
1 362 363 364 295 296 297 2
1 365 362 364 298 295 297 2
1 359 366 367 292 299 300 2
1 360 359 367 293 292 300 2
1 368 362 365 301 295 298 2
1 369 368 365 302 301 298 2
1 370 368 369 303 301 302 2
1 371 370 369 304 303 302 2
1 366 372 373 299 305 306 2
1 367 366 373 300 299 306 2
1 372 358 361 305 291 294 2
1 373 372 361 306 305 294 2
1 363 370 371 296 303 304 2
1 364 363 371 297 296 304 2
1 361 360 351 294 293 160 2
1 350 361 351 183 294 160 2
1 365 364 352 298 297 184 2
1 353 365 352 185 298 184 2
1 360 367 354 293 300 186 2
1 351 360 354 160 293 186 2
1 369 365 353 302 298 185 2
1 355 369 353 165 302 185 2
1 371 369 355 304 302 165 2
1 356 371 355 187 304 165 2
1 367 373 357 300 306 188 2
1 354 367 357 186 300 188 2
1 373 361 350 306 294 183 2
1 357 373 350 188 306 183 2
1 364 371 356 297 304 187 2
1 352 364 356 184 297 187 2
1 372 366 358 256 256 256 1
1 366 359 358 256 256 256 1
1 374 375 376 256 256 256 1
1 375 377 376 256 256 256 1
1 375 378 377 256 256 256 1
1 379 377 378 256 256 256 1
1 380 379 378 256 256 256 1
1 378 381 380 256 256 256 1
1 380 381 374 256 256 256 1
1 374 376 380 256 256 256 1
1 382 383 384 307 308 309 2
1 385 382 384 310 307 309 2
1 386 387 388 311 262 312 2
1 389 386 388 313 311 312 2
1 383 390 391 308 314 315 2
1 384 383 391 309 308 315 2
1 392 386 389 316 311 313 2
1 393 392 389 317 316 313 2
1 394 392 393 269 316 317 2
1 395 394 393 270 269 317 2
1 390 396 397 314 318 319 2
1 391 390 397 315 314 319 2
1 396 382 385 318 307 310 2
1 397 396 385 319 318 310 2
1 387 394 395 262 269 270 2
1 388 387 395 312 262 270 2
1 385 384 375 310 309 202 2
1 374 385 375 203 310 202 2
1 389 388 376 313 312 138 2
1 377 389 376 185 313 138 2
1 384 391 378 309 315 204 2
1 375 384 378 202 309 204 2
1 393 389 377 317 313 185 2
1 379 393 377 165 317 185 2
1 395 393 379 270 317 165 2
1 380 395 379 142 270 165 2
1 391 397 381 315 319 205 2
1 378 391 381 204 315 205 2
1 397 385 374 319 310 203 2
1 381 397 374 205 319 203 2
1 388 395 380 312 270 142 2
1 376 388 380 138 312 142 2
1 396 390 382 256 256 256 1
1 390 383 382 256 256 256 1
1 398 399 400 256 256 256 1
1 401 402 399 256 256 256 1
1 398 401 399 256 256 256 1
1 403 398 400 256 256 256 1
1 400 404 403 256 256 256 1
1 404 405 403 256 256 256 1
1 406 403 405 256 256 256 1
1 405 407 406 256 256 256 1
1 407 408 409 256 256 256 1
1 409 406 407 256 256 256 1
1 402 401 410 256 256 256 1
1 410 411 402 256 256 256 1
1 411 410 412 256 256 256 1
1 412 413 411 256 256 256 1
1 412 409 408 256 256 256 1
1 408 413 412 256 256 256 1
1 414 415 400 320 321 322 2
1 399 414 400 323 320 322 2
1 416 414 399 324 320 323 2
1 402 416 399 325 324 323 2
1 417 418 401 326 327 328 2
1 398 417 401 329 326 328 2
1 419 417 398 330 326 329 2
1 403 419 398 331 330 329 2
1 415 420 404 321 332 333 2
1 400 415 404 322 321 333 2
1 420 421 405 332 334 335 2
1 404 420 405 333 332 335 2
1 422 419 403 336 330 331 2
1 406 422 403 337 336 331 2
1 421 423 407 334 338 339 2
1 405 421 407 335 334 339 2
1 423 424 408 338 340 341 2
1 407 423 408 339 338 341 2
1 425 422 406 342 336 337 2
1 409 425 406 343 342 337 2
1 418 426 410 327 344 345 2
1 401 418 410 328 327 345 2
1 427 416 402 346 324 325 2
1 411 427 402 347 346 325 2
1 426 428 412 344 348 349 2
1 410 426 412 345 344 349 2
1 429 427 411 350 346 347 2
1 413 429 411 351 350 347 2
1 428 425 409 348 342 343 2
1 412 428 409 349 348 343 2
1 424 429 413 340 350 351 2
1 408 424 413 341 340 351 2
1 418 417 419 352 353 354 1
1 418 419 422 352 354 355 1
1 425 422 418 356 355 352 1
1 418 425 426 352 356 256 1
1 428 426 425 256 256 356 1
1 430 431 432 256 256 256 1
1 433 434 431 256 256 256 1
1 430 433 431 256 256 256 1
1 435 430 432 256 256 256 1
1 432 436 435 256 256 256 1
1 436 437 435 256 256 256 1
1 438 435 437 256 256 256 1
1 437 439 438 256 256 256 1
1 439 440 441 256 256 256 1
1 441 438 439 256 256 256 1
1 434 433 442 256 256 256 1
1 442 443 434 256 256 256 1
1 443 442 444 256 256 256 1
1 444 445 443 256 256 256 1
1 444 441 440 256 256 256 1
1 440 445 444 256 256 256 1
1 446 447 432 357 358 359 2
1 431 446 432 360 357 359 2
1 448 446 431 361 357 360 2
1 434 448 431 362 361 360 2
1 449 450 433 363 364 365 2
1 430 449 433 366 363 365 2
1 451 449 430 367 363 366 2
1 435 451 430 368 367 366 2
1 447 452 436 358 369 370 2
1 432 447 436 359 358 370 2
1 452 453 437 369 371 372 2
1 436 452 437 370 369 372 2
1 454 451 435 373 367 368 2
1 438 454 435 374 373 368 2
1 453 455 439 371 375 376 2
1 437 453 439 372 371 376 2
1 455 456 440 375 377 378 2
1 439 455 440 376 375 378 2
1 457 454 438 379 373 374 2
1 441 457 438 380 379 374 2
1 450 458 442 364 381 382 2
1 433 450 442 365 364 382 2
1 459 448 434 383 361 362 2
1 443 459 434 384 383 362 2
1 458 460 444 381 385 386 2
1 442 458 444 382 381 386 2
1 461 459 443 387 383 384 2
1 445 461 443 388 387 384 2
1 460 457 441 385 379 380 2
1 444 460 441 386 385 380 2
1 456 461 445 377 387 388 2
1 440 456 445 378 377 388 2
1 450 449 451 389 390 391 1
1 450 451 454 389 391 392 1
1 457 454 450 393 392 389 1
1 450 457 458 389 393 256 1
1 460 458 457 256 256 393 1
1 462 463 464 394 394 394 1
1 465 466 467 395 395 395 1

Materials: 2
"Blz_Other"
0.200000 0.200000 0.200000 1.000000
0.800000 0.800000 0.800000 1.000000
0.000000 0.000000 0.000000 1.000000
0.000000 0.000000 0.000000 1.000000
0.000000
1.000000
"..\Image\Blz_Round_Gate_Windows.tga"
""
"Blz"
0.200000 0.200000 0.200000 1.000000
0.800000 0.800000 0.800000 1.000000
0.000000 0.000000 0.000000 1.000000
0.000000 0.000000 0.000000 1.000000
0.000000
1.000000
"..\Image\brick01.tga"
""

Bones: 0
GroupComments: 0
MaterialComments: 0
BoneComments: 0
ModelComment: 0
