// MilkShape 3D ASCII

Frames: 30
Frame: 1

Meshes: 2
"1_Blz" 0 1
93
0 -13.500000 25.055256 -15.933182 0.939850 5.009861 -1
0 -13.500000 25.098732 -2.976660 0.939850 5.018512 -1
0 13.371210 24.956440 -3.000000 9.021417 4.990198 -1
0 13.454543 24.937500 -15.973038 9.046479 4.986429 -1
0 -14.999999 -0.030899 0.017529 0.488722 0.018090 -1
0 -15.096055 19.202930 -16.020130 0.459833 3.845335 -1
0 -15.000000 -0.083918 -15.989920 0.488722 0.007540 -1
0 13.340435 23.197014 -2.982471 9.012161 4.640098 -1
0 13.480670 23.197014 -16.020130 9.054337 4.640098 -1
0 15.053621 19.271406 -0.017376 9.527405 3.858961 -1
0 14.999999 -0.030899 0.017529 9.511278 0.018090 -1
0 15.142855 -0.021418 -15.989920 9.554242 0.019976 -1
0 15.096055 19.202930 -16.020130 9.540167 3.845335 -1
0 -14.991121 19.271406 -0.017376 0.491392 3.858961 -1
0 -14.955820 20.259514 0.080029 0.502009 4.055580 -1
0 14.955820 20.259514 0.080029 9.497991 4.055580 -1
0 -13.324640 22.202930 -3.017376 0.992589 4.442290 -1
0 13.340435 22.202930 -2.982471 9.012161 4.442290 -1
0 15.096055 20.197014 -16.020130 9.540167 4.043143 -1
0 13.480670 22.202930 -16.020130 9.054337 4.442290 -1
0 -13.479417 22.202930 -16.020130 0.946040 4.442290 -1
0 -15.096055 20.197014 -16.020130 0.459833 4.043143 -1
0 -13.479417 23.197014 -16.020130 0.946040 4.640098 -1
0 -13.324640 23.197014 -3.017376 0.992589 4.640098 -1
0 -13.324640 22.202930 -16.073534 0.992589 4.442290 -1
0 14.955820 20.259514 -19.170938 9.497991 4.055580 -1
0 -14.955820 20.259514 -19.170938 0.502009 4.055580 -1
0 13.340435 22.202930 -16.108438 9.012161 4.442290 -1
0 13.340435 23.287922 -16.017529 9.012161 4.658187 -1
0 -13.324640 23.287922 -15.982624 0.992589 4.658187 -1
0 -13.500000 25.189640 -16.023338 0.939850 5.036601 -1
0 13.371210 25.047348 -16.000000 9.021417 5.008287 -1
0 14.999999 -0.121808 -16.017530 9.511278 0.000000 -1
0 -14.999999 -0.121808 -16.017530 0.488722 0.000000 -1
0 -14.991121 19.180496 -15.982626 0.491392 3.840871 -1
0 15.053621 19.180496 -15.982626 9.527405 3.840871 -1
0 -14.431819 23.287924 -16.073380 0.659603 4.658188 -1
0 14.447284 23.287924 -16.108284 9.345048 4.658188 -1
0 14.400557 22.293840 -16.108284 9.330995 4.460380 -1
0 -14.363525 22.293840 -16.073380 0.680143 4.460380 -1
0 -16.037983 20.271399 -15.982471 0.176546 4.057944 -1
0 15.991122 20.199972 -16.017376 9.809361 4.043732 -1
0 15.991122 19.199980 -16.017376 9.809361 3.844748 -1
0 -15.008575 19.271406 -15.982471 0.486143 3.858961 -1
0 0.000000 50.133209 -16.888882 5.000000 10.000000 -1
0 7.198837 47.905884 -12.732634 7.165064 9.556795 -1
0 8.312501 47.905884 -16.888882 7.500000 9.556795 -1
0 4.156250 47.905884 -9.690050 6.250000 9.556795 -1
0 0.000000 47.905884 -8.576384 5.000000 9.556795 -1
0 -4.156250 47.905884 -9.690050 3.750000 9.556795 -1
0 -7.198837 47.905884 -12.732634 2.834936 9.556795 -1
0 -8.312501 47.905884 -16.888882 2.500000 9.556795 -1
0 14.397673 25.195726 -16.888882 9.330127 5.037812 -1
0 16.625000 33.508209 -16.888882 10.000000 6.691873 -1
0 12.468750 25.195726 -9.690050 8.750000 5.037812 -1
0 14.397672 33.508209 -8.576385 9.330127 6.691873 -1
0 8.312500 33.508209 -2.491214 7.500000 6.691873 -1
0 7.198836 25.195726 -4.420136 7.165063 5.037812 -1
0 0.000000 25.195726 -2.491214 5.000000 5.037812 -1
0 0.000000 33.508209 -0.263886 5.000000 6.691873 -1
0 -8.312500 33.508209 -2.491214 2.500000 6.691873 -1
0 -7.198836 25.195726 -4.420136 2.834936 5.037812 -1
0 -12.468750 25.195726 -9.690050 1.250000 5.037812 -1
0 -14.397672 33.508209 -8.576385 0.669873 6.691873 -1
0 -16.625000 33.508209 -16.888882 0.000000 6.691873 -1
0 -14.397673 25.195726 -16.888882 0.669873 5.037812 -1
0 14.397672 41.820709 -16.888882 9.330127 8.345936 -1
0 12.468750 41.820709 -9.690050 8.750000 8.345936 -1
0 7.198836 41.820709 -4.420136 7.165063 8.345936 -1
0 0.000000 41.820709 -2.491214 5.000000 8.345936 -1
0 -7.198836 41.820709 -4.420136 2.834937 8.345936 -1
0 -12.468750 41.820709 -9.690050 1.250000 8.345936 -1
0 -14.397672 41.820709 -16.888882 0.669873 8.345936 -1
0 7.198837 47.905884 -21.142368 7.165064 9.556795 -1
0 4.156250 47.905884 -24.184952 6.250000 9.556795 -1
0 0.000000 47.905884 -25.298618 5.000000 9.556795 -1
0 -4.156250 47.905884 -24.184952 3.750000 9.556795 -1
0 -7.198837 47.905884 -21.142368 2.834936 9.556795 -1
0 12.468750 25.195726 -24.184952 8.750000 5.037812 -1
0 14.397672 33.508209 -25.298615 9.330127 6.691873 -1
0 8.312500 33.508209 -31.383785 7.500000 6.691873 -1
0 7.198836 25.195726 -29.454865 7.165063 5.037812 -1
0 0.000000 25.195726 -31.383785 5.000000 5.037812 -1
0 0.000000 33.508209 -33.611115 5.000000 6.691873 -1
0 -8.312500 33.508209 -31.383785 2.500000 6.691873 -1
0 -7.198836 25.195726 -29.454865 2.834936 5.037812 -1
0 -12.468750 25.195726 -24.184952 1.250000 5.037812 -1
0 -14.397672 33.508209 -25.298615 0.669873 6.691873 -1
0 12.468750 41.820709 -24.184952 8.750000 8.345936 -1
0 7.198836 41.820709 -29.454865 7.165063 8.345936 -1
0 0.000000 41.820709 -31.383785 5.000000 8.345936 -1
0 -7.198836 41.820709 -29.454865 2.834937 8.345936 -1
0 -12.468750 41.820709 -24.184952 1.250000 8.345936 -1
88
-0.445712 0.895174 -0.002138
-0.671846 0.298765 0.677763
0.412698 0.813827 0.409105
0.895249 0.445511 0.007045
-0.893247 -0.001206 0.449565
-0.999992 -0.002254 0.003286
-0.999988 -0.004980 0.000017
0.703984 -0.005030 0.710198
0.999834 0.014718 0.010754
0.892349 0.000663 0.451345
0.445607 0.000381 0.895228
0.999983 -0.000162 0.005782
0.999994 0.002439 0.002641
-0.446036 0.001824 0.895013
-0.433177 0.848420 0.304204
0.285462 0.870982 0.399878
-0.438952 0.844177 0.307713
0.577160 0.790458 0.205093
0.772340 0.635179 0.006276
0.778820 0.627192 0.008377
-0.778576 0.627482 0.009268
-0.770698 0.637165 0.006701
-0.998649 -0.051616 0.005950
-0.699704 -0.079721 0.709971
-0.000351 0.845625 -0.533777
0.000000 0.847070 -0.531481
-0.000702 0.844173 -0.536070
-0.000194 -0.005790 -0.999983
-0.001309 -0.021525 -0.999767
0.000921 0.009946 -0.999950
0.000000 0.001808 -0.999998
0.000000 0.001808 -0.999998
0.000000 0.001808 -0.999998
-0.001211 -0.000013 -0.999999
-0.001209 0.000057 -0.999999
-0.001213 -0.000083 -0.999999
-0.001109 -0.000581 -0.999999
-0.001090 0.000000 -0.999999
-0.001129 -0.001162 -0.999999
-0.000000 0.999999 0.001010
0.431481 0.867044 0.249116
0.573819 0.818981 0.001360
0.286792 0.819147 0.496738
0.000000 0.867044 0.498231
-0.286792 0.819147 0.496738
-0.431481 0.867044 0.249116
-0.573818 0.818981 0.001360
0.965924 -0.258819 0.001618
0.999999 -0.000000 0.001557
0.836516 -0.258820 0.482963
0.866025 -0.000000 0.500000
0.500000 -0.000000 0.866025
0.482963 -0.258820 0.836516
0.000000 -0.258820 0.965926
0.000000 -0.000000 1.000000
-0.500000 -0.000000 0.866025
-0.482963 -0.258820 0.836516
-0.836516 -0.258820 0.482963
-0.866025 -0.000000 0.500000
-0.999999 -0.000000 0.001557
-0.965924 -0.258819 0.001618
0.865045 0.501692 0.001467
0.749141 0.501714 0.432517
0.432517 0.501714 0.749141
-0.000000 0.501714 0.865033
-0.432517 0.501714 0.749141
-0.749141 0.501714 0.432517
-0.865045 0.501692 0.001467
0.431685 0.867431 -0.247410
0.286484 0.819619 -0.496136
0.000000 0.867773 -0.496961
-0.286484 0.819619 -0.496136
-0.431685 0.867431 -0.247410
0.837242 -0.258927 -0.481646
0.866751 -0.000000 -0.498741
0.500000 -0.000000 -0.866025
0.482963 -0.258819 -0.836516
0.000000 -0.258820 -0.965926
0.000000 -0.000000 -1.000000
-0.500000 -0.000000 -0.866025
-0.482963 -0.258819 -0.836516
-0.837242 -0.258927 -0.481646
-0.866751 -0.000000 -0.498741
0.749870 0.501868 -0.431072
0.432517 0.501714 -0.749141
0.000000 0.501714 -0.865033
-0.432517 0.501714 -0.749141
-0.749870 0.501868 -0.431072
114
0 0 1 2 0 1 2 1
0 0 2 3 0 2 3 1
0 4 5 6 4 5 6 1
0 7 8 3 7 8 3 1
0 9 10 11 9 10 11 1
0 11 12 9 11 12 9 1
0 5 4 13 5 4 13 1
0 13 4 10 13 4 10 1
0 10 9 13 10 9 13 1
0 14 15 16 14 15 16 1
0 15 17 16 15 17 16 1
0 17 15 18 17 15 18 1
0 18 19 17 18 19 17 1
0 16 20 21 16 20 21 1
0 21 14 16 21 14 16 1
0 7 3 2 7 3 2 1
0 22 1 0 22 1 0 1
0 1 22 23 1 22 23 1
0 1 23 7 1 23 7 1
0 7 2 1 7 2 1 1
0 24 25 26 24 24 25 1
0 24 27 25 24 26 24 1
0 28 29 30 27 28 27 1
0 30 31 28 27 29 27 1
0 32 33 34 30 31 30 1
0 34 35 32 30 32 30 1
0 36 37 38 33 34 33 1
0 36 38 39 33 33 35 1
0 40 41 42 36 37 36 1
0 40 42 43 36 36 38 1
0 44 45 46 39 40 41 1
0 44 47 45 39 42 40 1
0 44 48 47 39 43 42 1
0 44 49 48 39 44 43 1
0 44 50 49 39 45 44 1
0 44 51 50 39 46 45 1
0 52 53 54 47 48 49 1
0 53 55 54 48 50 49 1
0 54 55 56 49 50 51 1
0 54 56 57 49 51 52 1
0 57 56 58 52 51 53 1
0 56 59 58 51 54 53 1
0 58 59 60 53 54 55 1
0 58 60 61 53 55 56 1
0 61 60 62 56 55 57 1
0 60 63 62 55 58 57 1
0 62 63 64 57 58 59 1
0 62 64 65 57 59 60 1
0 53 66 67 48 61 62 1
0 53 67 55 48 62 50 1
0 55 67 56 50 62 51 1
0 67 68 56 62 63 51 1
0 56 68 69 51 63 64 1
0 56 69 59 51 64 54 1
0 59 69 60 54 64 55 1
0 69 70 60 64 65 55 1
0 60 70 71 55 65 66 1
0 60 71 63 55 66 58 1
0 63 71 64 58 66 59 1
0 71 72 64 66 67 59 1
0 66 46 67 61 41 62 1
0 46 45 67 41 40 62 1
0 67 45 47 62 40 42 1
0 67 47 68 62 42 63 1
0 68 47 69 63 42 64 1
0 47 48 69 42 43 64 1
0 69 48 49 64 43 44 1
0 69 49 70 64 44 65 1
0 70 49 71 65 44 66 1
0 49 50 71 44 45 66 1
0 71 50 51 66 45 46 1
0 71 51 72 66 46 67 1
0 46 73 44 41 68 39 1
0 73 74 44 68 69 39 1
0 74 75 44 69 70 39 1
0 75 76 44 70 71 39 1
0 76 77 44 71 72 39 1
0 77 51 44 72 46 39 1
0 78 53 52 73 48 47 1
0 78 79 53 73 74 48 1
0 80 79 78 75 74 73 1
0 81 80 78 76 75 73 1
0 82 80 81 77 75 76 1
0 82 83 80 77 78 75 1
0 84 83 82 79 78 77 1
0 85 84 82 80 79 77 1
0 86 84 85 81 79 80 1
0 86 87 84 81 82 79 1
0 64 87 86 59 82 81 1
0 65 64 86 60 59 81 1
0 88 66 53 83 61 48 1
0 79 88 53 74 83 48 1
0 80 88 79 75 83 74 1
0 80 89 88 75 84 83 1
0 90 89 80 85 84 75 1
0 83 90 80 78 85 75 1
0 84 90 83 79 85 78 1
0 84 91 90 79 86 85 1
0 92 91 84 87 86 79 1
0 87 92 84 82 87 79 1
0 64 92 87 59 87 82 1
0 64 72 92 59 67 87 1
0 88 46 66 83 41 61 1
0 88 73 46 83 68 41 1
0 74 73 88 69 68 83 1
0 89 74 88 84 69 83 1
0 90 74 89 85 69 84 1
0 90 75 74 85 70 69 1
0 76 75 90 71 70 85 1
0 91 76 90 86 71 85 1
0 92 76 91 87 71 86 1
0 92 77 76 87 72 71 1
0 51 77 92 46 72 87 1
0 72 51 92 67 46 87 1
"1_Blz_Other" 0 0
202
0 16.008575 20.199972 0.017529 0.997084 -0.003579 -1
0 -16.020527 20.271399 -0.017376 -0.001455 -0.007097 -1
0 15.991122 20.199972 1.017376 0.996540 -0.003579 -1
0 -16.037983 20.271399 0.982472 -0.001999 -0.007097 -1
0 15.991122 19.199980 1.017376 0.996540 0.045676 -1
0 -15.008575 19.271406 0.982472 0.030094 0.042158 -1
0 -14.991121 19.271406 -0.017376 0.030638 0.042158 -1
0 16.008575 19.199980 0.017529 0.997084 0.045676 -1
0 13.340435 23.197014 -2.982471 0.446869 0.934683 -1
0 -13.324640 23.197014 -3.017376 0.133013 0.934683 -1
0 14.447284 23.197014 -1.982624 0.459897 0.934683 -1
0 -14.431819 23.197014 -2.017528 0.119981 0.934683 -1
0 14.400557 22.202930 -1.982624 0.459346 0.990299 -1
0 -14.363525 22.202930 -2.017528 0.120785 0.990299 -1
0 -13.324640 22.202930 -3.017376 0.133013 0.990299 -1
0 13.340435 22.202930 -2.982471 0.446869 0.990299 -1
0 -14.999999 -0.030899 0.017529 0.030361 0.992903 -1
0 -15.000001 -0.013443 1.017376 0.030361 0.992043 -1
0 -16.000004 -0.013454 1.017376 -0.000815 0.992043 -1
0 -16.000004 -0.030899 0.017529 -0.000815 0.992903 -1
0 15.000001 -0.013443 1.017376 0.965641 0.992043 -1
0 15.053621 19.271406 -0.017376 0.967313 0.042158 -1
0 14.999999 -0.030899 0.017529 0.965641 0.992903 -1
0 15.071075 19.271406 0.982472 0.967857 0.042158 -1
0 16.000004 -0.013454 1.017376 0.996817 0.992043 -1
0 16.037983 20.271399 0.982472 0.998001 -0.007097 -1
0 16.000004 -0.030899 0.017529 0.996817 0.992903 -1
0 13.480670 23.197014 -16.020130 0.448520 0.934683 -1
0 14.368302 23.197014 -16.003735 0.458967 0.934683 -1
0 14.368302 22.202930 -16.003735 0.458967 0.990299 -1
0 13.480670 22.202930 -16.020130 0.448520 0.990299 -1
0 -14.367048 23.197014 -16.003735 0.120743 0.934683 -1
0 -13.479417 23.197014 -16.020130 0.131190 0.934683 -1
0 -14.367048 22.202930 -16.003735 0.120743 0.990299 -1
0 -13.479417 22.202930 -16.020130 0.131190 0.990299 -1
0 15.096055 20.197014 -16.020130 0.968636 -0.003434 -1
0 14.955820 20.259514 0.080029 0.964264 -0.006511 -1
0 15.983687 20.197014 -16.003735 0.996308 -0.003434 -1
0 15.983687 19.202930 -16.003735 0.996308 0.045531 -1
0 15.096055 19.202930 -16.020130 0.968636 0.045531 -1
0 -15.983687 20.197014 -16.003735 -0.000306 -0.003434 -1
0 -14.955820 20.259514 0.080029 0.031738 -0.006511 -1
0 -15.096055 20.197014 -16.020130 0.027367 -0.003434 -1
0 -15.983687 19.202930 -16.003735 -0.000306 0.045531 -1
0 -16.008575 19.199980 0.017529 -0.001082 0.045676 -1
0 -15.096055 19.202930 -16.020130 0.027367 0.045531 -1
0 13.340435 25.738678 -3.093583 0.881793 0.926166 -1
0 -13.324640 25.738678 -3.128488 0.510522 0.926166 -1
0 14.447284 25.738678 -2.093736 0.897204 0.926166 -1
0 -14.431819 25.738678 -2.128640 0.495107 0.926166 -1
0 14.400557 24.744595 -2.093736 0.896553 0.989727 -1
0 -14.363525 24.744595 -2.128640 0.496057 0.989727 -1
0 -13.324640 24.744595 -3.128488 0.510522 0.989727 -1
0 13.340435 24.744595 -3.093583 0.881793 0.989727 -1
0 13.480670 25.738678 -16.131241 0.883745 0.926166 -1
0 14.368302 25.738678 -16.114845 0.896104 0.926166 -1
0 14.368302 24.744595 -16.114845 0.896104 0.989727 -1
0 13.480670 24.744595 -16.131241 0.883745 0.989727 -1
0 -14.367048 25.738678 -16.114845 0.496008 0.926166 -1
0 -13.479417 25.738678 -16.131241 0.508367 0.926166 -1
0 -14.367048 24.744595 -16.114845 0.496008 0.989727 -1
0 -13.479417 24.744595 -16.131241 0.508367 0.989727 -1
0 -8.999971 15.102426 0.647059 0.304354 0.061227 -1
0 -11.090914 14.011475 0.647059 0.099814 0.132915 -1
0 -9.909090 13.920593 0.647059 0.215422 0.138887 -1
0 -12.090914 12.011475 0.647059 0.001992 0.264339 -1
0 -10.909090 12.011475 0.647059 0.117600 0.264339 -1
0 -6.818209 14.920600 0.647059 0.517778 0.073175 -1
0 -6.818209 16.011490 0.647059 0.517778 0.001491 -1
0 -4.999972 15.102426 0.647059 0.695641 0.061227 -1
0 -4.999972 13.920593 0.647059 0.695641 0.138887 -1
0 -2.999972 14.011475 0.647059 0.891284 0.132915 -1
0 -2.909091 11.920593 0.647059 0.900175 0.270311 -1
0 -1.999972 12.011475 0.647059 0.989106 0.264339 -1
0 -10.818209 2.011475 0.647059 0.119498 0.933332 -1
0 -11.909090 0.920593 0.647059 0.019779 0.993139 -1
0 -2.818209 2.102417 0.647059 0.909065 0.915479 -1
0 -1.909091 0.829651 0.647059 0.997996 0.999115 -1
0 -9.000000 15.102407 0.000000 0.304351 0.061229 -1
0 -11.090908 14.011488 0.000000 0.099815 0.132915 -1
0 -12.090908 12.011488 0.000000 0.001993 0.264338 -1
0 -10.909090 12.011488 0.230769 0.117600 0.264338 -1
0 -9.909090 13.920580 3.185315 0.215422 0.138888 -1
0 -6.818182 14.920585 3.185315 0.517780 0.073176 -1
0 -6.818182 16.011501 0.000000 0.517780 0.001490 -1
0 -5.000000 15.102407 0.000000 0.695638 0.061229 -1
0 -5.000000 13.920580 3.185315 0.695638 0.138888 -1
0 -3.000000 14.011488 0.000000 0.891282 0.132915 -1
0 -2.000000 12.011488 0.000000 0.989103 0.264338 -1
0 -2.909091 11.920580 0.230769 0.900175 0.270312 -1
0 -10.818182 2.011489 0.230769 0.119500 0.933331 -1
0 -11.909090 0.920579 0.000000 0.019779 0.993140 -1
0 -2.818182 2.102398 0.230769 0.909067 0.915481 -1
0 -1.909091 0.829670 0.000000 0.997996 0.999114 -1
0 5.111141 14.880202 0.647059 0.305780 0.057292 -1
0 3.020198 13.789251 0.647059 0.102676 0.129321 -1
0 4.202022 13.698370 0.647059 0.217472 0.135321 -1
0 2.020198 11.789251 0.647059 0.005541 0.261370 -1
0 3.202022 11.789251 0.647059 0.120338 0.261370 -1
0 7.292901 14.698377 0.647059 0.517705 0.069296 -1
0 7.292901 15.789267 0.647059 0.517705 -0.002729 -1
0 9.111137 14.880202 0.647059 0.694319 0.057292 -1
0 9.111137 13.698370 0.647059 0.694319 0.135321 -1
0 11.111138 13.789251 0.647059 0.888589 0.129321 -1
0 11.202020 11.698370 0.647059 0.897417 0.267371 -1
0 12.111138 11.789251 0.647059 0.985724 0.261370 -1
0 3.292903 1.789251 0.647059 0.122172 0.933492 -1
0 2.202022 0.698370 0.647059 0.023203 0.993641 -1
0 11.292901 1.880194 0.647059 0.906245 0.915612 -1
0 12.202020 0.607428 0.647059 0.994552 0.999645 -1
0 5.111112 14.880183 0.000000 0.305777 0.057293 -1
0 3.020204 13.789265 0.000000 0.102677 0.129320 -1
0 2.020204 11.789265 0.000000 0.005542 0.261370 -1
0 3.202022 11.789265 0.230769 0.120338 0.261370 -1
0 4.202022 13.698357 3.185315 0.217472 0.135322 -1
0 7.292929 14.698361 3.185315 0.517708 0.069297 -1
0 7.292929 15.789278 0.000000 0.517708 -0.002730 -1
0 9.111111 14.880183 0.000000 0.694317 0.057293 -1
0 9.111111 13.698357 3.185315 0.694317 0.135322 -1
0 11.111111 13.789265 0.000000 0.888587 0.129320 -1
0 12.111111 11.789265 0.000000 0.985721 0.261370 -1
0 11.202020 11.698357 0.230769 0.897417 0.267372 -1
0 3.292930 1.789266 0.230769 0.122175 0.933492 -1
0 2.202022 0.698356 0.000000 0.023203 0.993642 -1
0 11.292929 1.880175 0.230769 0.906247 0.915613 -1
0 12.202020 0.607447 0.000000 0.994552 0.999644 -1
0 -2.909091 11.920580 0.230769 0.000000 0.000000 -1
0 -5.000000 13.920580 3.185315 0.000000 0.000000 -1
0 -10.909090 12.011488 0.230769 0.000000 0.000000 -1
0 11.202020 11.698357 0.230769 0.000000 0.000000 -1
0 9.111111 13.698357 3.185315 0.000000 0.000000 -1
0 3.202022 11.789265 0.230769 0.000000 0.000000 -1
0 -9.909090 13.920593 -16.465242 0.215422 0.138887 -1
0 -11.090914 14.011475 -16.465242 0.099814 0.132915 -1
0 -8.999971 15.102426 -16.465242 0.304354 0.061227 -1
0 -10.909090 12.011475 -16.465242 0.117600 0.264339 -1
0 -12.090914 12.011475 -16.465242 0.001992 0.264339 -1
0 -6.818209 14.920600 -16.465242 0.517778 0.073175 -1
0 -6.818209 16.011490 -16.465242 0.517778 0.001491 -1
0 -4.999972 15.102426 -16.465242 0.695641 0.061227 -1
0 -4.999972 13.920593 -16.465242 0.695641 0.138887 -1
0 -2.999972 14.011475 -16.465242 0.891284 0.132915 -1
0 -1.999972 12.011475 -16.465242 0.989106 0.264339 -1
0 -2.909091 11.920593 -16.465242 0.900175 0.270311 -1
0 -10.818209 2.011475 -16.465242 0.119498 0.933332 -1
0 -11.909090 0.920593 -16.465242 0.019779 0.993139 -1
0 -2.818209 2.102417 -16.465242 0.909065 0.915479 -1
0 -1.909091 0.829651 -16.465242 0.997996 0.999115 -1
0 -11.090908 14.011488 -15.818182 0.099815 0.132915 -1
0 -9.000000 15.102407 -15.818182 0.304351 0.061229 -1
0 -12.090908 12.011488 -15.818182 0.001993 0.264338 -1
0 -9.909090 13.920580 -19.003490 0.215422 0.138888 -1
0 -10.909090 12.011488 -16.048950 0.117600 0.264338 -1
0 -6.818182 14.920585 -19.003490 0.517780 0.073176 -1
0 -6.818182 16.011501 -15.818182 0.517780 0.001490 -1
0 -5.000000 15.102407 -15.818182 0.695638 0.061229 -1
0 -5.000000 13.920580 -19.003490 0.695638 0.138888 -1
0 -3.000000 14.011488 -15.818182 0.891282 0.132915 -1
0 -2.000000 12.011488 -15.818182 0.989103 0.264338 -1
0 -2.909091 11.920580 -16.048950 0.900175 0.270312 -1
0 -10.818182 2.011489 -16.048950 0.119500 0.933331 -1
0 -11.909090 0.920579 -15.818182 0.019779 0.993140 -1
0 -2.818182 2.102398 -16.048950 0.909067 0.915481 -1
0 -1.909091 0.829670 -15.818182 0.997996 0.999114 -1
0 4.202022 13.698370 -16.465242 0.217472 0.135321 -1
0 3.020198 13.789251 -16.465242 0.102676 0.129321 -1
0 5.111141 14.880202 -16.465242 0.305780 0.057292 -1
0 3.202022 11.789251 -16.465242 0.120338 0.261370 -1
0 2.020198 11.789251 -16.465242 0.005541 0.261370 -1
0 7.292901 14.698377 -16.465242 0.517705 0.069296 -1
0 7.292901 15.789267 -16.465242 0.517705 -0.002729 -1
0 9.111137 14.880202 -16.465242 0.694319 0.057292 -1
0 9.111137 13.698370 -16.465242 0.694319 0.135321 -1
0 11.111138 13.789251 -16.465242 0.888589 0.129321 -1
0 12.111138 11.789251 -16.465242 0.985724 0.261370 -1
0 11.202020 11.698370 -16.465242 0.897417 0.267371 -1
0 3.292903 1.789251 -16.465242 0.122172 0.933492 -1
0 2.202022 0.698370 -16.465242 0.023203 0.993641 -1
0 11.292901 1.880194 -16.465242 0.906245 0.915612 -1
0 12.202020 0.607428 -16.465242 0.994552 0.999645 -1
0 3.020204 13.789265 -15.818182 0.102677 0.129320 -1
0 5.111112 14.880183 -15.818182 0.305777 0.057293 -1
0 2.020204 11.789265 -15.818182 0.005542 0.261370 -1
0 4.202022 13.698357 -19.003490 0.217472 0.135322 -1
0 3.202022 11.789265 -16.048950 0.120338 0.261370 -1
0 7.292929 14.698361 -19.003490 0.517708 0.069297 -1
0 7.292929 15.789278 -15.818182 0.517708 -0.002730 -1
0 9.111111 14.880183 -15.818182 0.694317 0.057293 -1
0 9.111111 13.698357 -19.003490 0.694317 0.135322 -1
0 11.111111 13.789265 -15.818182 0.888587 0.129320 -1
0 12.111111 11.789265 -15.818182 0.985721 0.261370 -1
0 11.202020 11.698357 -16.048950 0.897417 0.267372 -1
0 3.292930 1.789266 -16.048950 0.122175 0.933492 -1
0 2.202022 0.698356 -15.818182 0.023203 0.993642 -1
0 11.292929 1.880175 -16.048950 0.906247 0.915613 -1
0 12.202020 0.607447 -15.818182 0.994552 0.999644 -1
0 -10.909090 12.011488 -16.048950 0.000000 0.000000 -1
0 -5.000000 13.920580 -19.003490 0.000000 0.000000 -1
0 -2.909091 11.920580 -16.048950 0.000000 0.000000 -1
0 3.202022 11.789265 -16.048950 0.000000 0.000000 -1
0 9.111111 13.698357 -19.003490 0.000000 0.000000 -1
0 11.202020 11.698357 -16.048950 0.000000 0.000000 -1
197
0.897307 0.441345 -0.007441
-0.800182 0.599735 -0.005192
0.001507 0.894412 0.447242
-0.302481 0.302632 0.903836
-0.002413 -0.707324 0.706886
0.299641 -0.299359 0.905870
0.459008 -0.888419 0.004798
0.419553 -0.907731 -0.000755
0.000000 1.000000 0.000000
0.539798 0.797970 0.268071
-0.584394 0.564343 0.583096
0.263807 -0.806660 0.528873
-0.398671 -0.825639 0.399225
0.000000 -1.000000 0.000000
1.000000 -0.000460 0.000010
0.891278 0.000814 0.453456
-0.709875 0.000221 0.704328
-0.999999 -0.001011 0.000018
-0.891282 0.003701 0.453435
-0.721508 -0.692366 0.007519
-0.999996 0.002778 -0.000047
-0.444687 0.003219 0.895680
0.712092 0.000423 0.702086
0.717125 -0.000143 0.696944
1.000000 -0.000424 0.000007
0.447206 0.894427 -0.002519
0.698653 -0.715456 -0.002772
-0.447209 0.894427 -0.002071
-0.694671 -0.719326 -0.001523
0.000072 0.999992 -0.003881
0.028273 0.999598 -0.002078
0.467384 0.884051 -0.002525
0.694034 -0.719942 0.000398
-0.000079 -0.999991 0.004279
-0.443089 0.896464 -0.004846
0.005757 0.999974 -0.004254
-0.000072 0.999992 -0.003881
-0.692800 -0.721130 0.000123
-0.677790 -0.735255 -0.001188
0.000079 -0.999991 0.004278
0.447206 0.894427 -0.002519
0.698653 -0.715456 -0.002772
-0.447209 0.894427 -0.002071
-0.694671 -0.719326 -0.001523
0.000000 0.000000 1.000000
-0.436946 0.899488 0.000000
-0.410939 0.911663 -0.000004
-0.633842 0.773462 0.000004
-0.784279 0.620409 0.000006
-0.953839 0.300319 -0.000002
-0.989903 0.141750 -0.000003
0.999959 0.009101 -0.000012
0.988276 -0.152675 0.000017
-0.307812 0.951447 -0.000007
-0.535676 0.844424 0.000006
-0.048063 0.998844 0.000005
0.235777 0.971807 0.000007
-0.116704 0.993167 0.000009
0.184744 0.982787 -0.000004
0.457823 0.889044 -0.000018
0.468379 0.883528 -0.000031
0.555866 0.831272 0.000007
0.481914 0.876218 0.000045
0.643525 0.765425 -0.000027
0.787911 0.615789 -0.000021
0.951416 0.307909 -0.000035
0.987421 0.158115 -0.000025
-0.999957 -0.009262 0.000035
-0.964106 -0.265519 -0.000015
0.890118 0.455730 0.000044
0.437428 0.899253 0.000023
-0.889354 -0.457220 0.000006
-0.450715 -0.892668 -0.000003
-0.456974 0.889480 -0.000035
-0.898714 0.438535 -0.000049
0.442123 -0.896955 -0.000003
0.896528 -0.442987 -0.000033
0.005667 -0.716466 0.697599
0.274153 -0.847376 0.454746
0.011045 -0.274514 0.961520
-0.491602 0.680289 0.543631
0.005669 0.498839 0.866676
-0.436946 0.899488 -0.000000
-0.410939 0.911663 -0.000005
-0.633842 0.773462 0.000003
-0.784279 0.620409 0.000006
-0.953839 0.300319 -0.000003
-0.989903 0.141750 -0.000003
0.999959 0.009101 -0.000012
0.988276 -0.152675 0.000017
-0.307812 0.951447 -0.000007
-0.535676 0.844423 0.000006
-0.048063 0.998844 0.000005
0.235777 0.971807 0.000007
-0.116704 0.993167 0.000009
0.184744 0.982787 -0.000004
0.457823 0.889043 -0.000018
0.468379 0.883528 -0.000031
0.555866 0.831272 0.000007
0.481914 0.876218 0.000044
0.643525 0.765425 -0.000027
0.787911 0.615789 -0.000021
0.951416 0.307909 -0.000034
0.987421 0.158115 -0.000024
-0.999957 -0.009262 0.000035
-0.964106 -0.265519 -0.000015
0.890118 0.455730 0.000045
0.437428 0.899253 0.000024
-0.889354 -0.457220 0.000006
-0.450715 -0.892668 -0.000003
-0.456974 0.889480 -0.000034
-0.898714 0.438535 -0.000050
0.896528 -0.442987 -0.000032
0.005667 -0.716466 0.697599
0.274153 -0.847376 0.454746
0.011045 -0.274514 0.961520
-0.491602 0.680289 0.543631
0.005669 0.498839 0.866676
-0.009445 -0.831163 0.555949
-0.009445 -0.831163 0.555949
0.000000 0.000000 -1.000000
-0.633842 0.773462 -0.000004
-0.410939 0.911663 0.000004
-0.436946 0.899488 -0.000000
-0.784279 0.620409 -0.000006
-0.953839 0.300319 0.000002
-0.989903 0.141750 0.000003
-0.307812 0.951447 0.000007
0.988276 -0.152675 -0.000017
0.999959 0.009101 0.000012
-0.535676 0.844424 -0.000006
-0.048063 0.998844 -0.000005
0.235777 0.971807 -0.000007
0.184744 0.982787 0.000004
-0.116704 0.993167 -0.000009
0.468379 0.883528 0.000031
0.457823 0.889044 0.000018
0.555866 0.831272 -0.000007
0.481914 0.876218 -0.000045
0.787911 0.615789 0.000021
0.643525 0.765425 0.000027
0.987421 0.158115 0.000025
0.951416 0.307909 0.000035
-0.999957 -0.009262 -0.000035
-0.964106 -0.265519 0.000015
0.437428 0.899253 -0.000023
0.890118 0.455730 -0.000044
-0.889354 -0.457220 -0.000006
-0.450715 -0.892668 0.000003
-0.898714 0.438535 0.000049
-0.456974 0.889480 0.000035
0.442123 -0.896955 0.000003
0.896528 -0.442987 0.000033
0.011045 -0.274514 -0.961520
0.274152 -0.847376 -0.454746
0.005667 -0.716466 -0.697599
-0.491601 0.680289 -0.543631
0.005669 0.498839 -0.866676
-0.633842 0.773462 -0.000003
-0.410939 0.911663 0.000005
-0.436946 0.899488 0.000000
-0.784279 0.620409 -0.000006
-0.953839 0.300319 0.000003
-0.989903 0.141750 0.000003
-0.307812 0.951447 0.000007
0.988276 -0.152675 -0.000017
0.999959 0.009101 0.000012
-0.535676 0.844424 -0.000006
-0.048063 0.998844 -0.000005
0.235777 0.971807 -0.000007
0.184744 0.982787 0.000004
-0.116704 0.993167 -0.000009
0.468379 0.883528 0.000031
0.457823 0.889043 0.000018
0.555866 0.831272 -0.000007
0.481914 0.876218 -0.000044
0.787911 0.615789 0.000021
0.643525 0.765425 0.000027
0.987421 0.158115 0.000024
0.951416 0.307909 0.000034
-0.999957 -0.009262 -0.000035
-0.964106 -0.265519 0.000015
0.437428 0.899253 -0.000024
0.890118 0.455730 -0.000045
-0.889354 -0.457220 -0.000006
-0.450715 -0.892668 0.000003
-0.898714 0.438535 0.000050
-0.456974 0.889480 0.000034
0.442123 -0.896955 0.000003
0.896528 -0.442987 0.000032
0.011045 -0.274514 -0.961520
0.274153 -0.847376 -0.454746
0.005667 -0.716466 -0.697599
-0.491601 0.680290 -0.543631
0.005669 0.498839 -0.866676
-0.009445 -0.831162 -0.555950
-0.009445 -0.831162 -0.555950
282
0 0 1 2 0 1 2 1
0 1 3 2 1 3 2 1
0 4 2 3 4 2 3 1
0 5 4 3 5 4 3 1
0 4 6 7 4 6 7 1
0 4 5 6 4 5 6 1
0 8 9 10 8 8 9 1
0 9 11 10 8 10 9 1
0 12 10 11 11 9 10 1
0 13 12 11 12 11 10 1
0 12 14 15 11 13 13 1
0 12 13 14 11 12 13 1
0 16 6 17 14 6 15 1
0 6 5 17 6 5 15 1
0 18 17 5 16 15 5 1
0 3 18 5 3 16 5 1
0 18 1 19 16 1 17 1
0 18 3 1 16 3 1 1
0 20 21 22 18 19 20 1
0 20 23 21 18 21 19 1
0 23 20 24 21 18 22 1
0 23 24 25 21 22 23 1
0 26 0 24 24 0 22 1
0 0 25 24 0 23 22 1
0 27 8 28 8 8 25 1
0 8 10 28 8 9 25 1
0 29 28 10 26 25 9 1
0 12 29 10 11 26 9 1
0 29 15 30 26 13 13 1
0 29 12 15 26 11 13 1
0 31 9 32 27 8 8 1
0 31 11 9 27 10 8 1
0 11 31 33 10 27 28 1
0 11 33 13 10 28 12 1
0 34 14 33 13 13 28 1
0 14 13 33 13 12 28 1
0 35 36 37 29 30 31 1
0 36 0 37 30 0 31 1
0 38 37 0 32 31 0 1
0 7 38 0 7 32 0 1
0 38 21 39 32 19 33 1
0 38 7 21 32 7 19 1
0 40 41 42 34 35 36 1
0 40 1 41 34 1 35 1
0 1 40 43 1 34 37 1
0 1 43 44 1 37 38 1
0 45 6 43 39 6 37 1
0 6 44 43 6 38 37 1
0 46 47 48 8 8 9 1
0 47 49 48 8 10 9 1
0 50 48 49 11 9 10 1
0 51 50 49 12 11 10 1
0 50 52 53 11 13 13 1
0 50 51 52 11 12 13 1
0 54 46 55 8 8 40 1
0 46 48 55 8 9 40 1
0 56 55 48 41 40 9 1
0 50 56 48 11 41 9 1
0 56 53 57 41 13 13 1
0 56 50 53 41 11 13 1
0 58 47 59 42 8 8 1
0 58 49 47 42 10 8 1
0 49 58 60 10 42 43 1
0 49 60 51 10 43 12 1
0 61 52 60 13 13 43 1
0 52 51 60 13 12 43 1
0 62 63 64 44 44 44 1
0 63 65 66 44 44 44 1
0 63 66 64 44 44 44 1
0 62 64 67 44 44 44 1
0 67 68 62 44 44 44 1
0 67 69 68 44 44 44 1
0 69 67 70 44 44 44 1
0 70 71 69 44 44 44 1
0 72 73 71 44 44 44 1
0 71 70 72 44 44 44 1
0 74 66 65 44 44 44 1
0 65 75 74 44 44 44 1
0 76 74 75 44 44 44 1
0 75 77 76 44 44 44 1
0 73 72 76 44 44 44 1
0 76 77 73 44 44 44 1
0 62 78 79 45 46 47 2
0 62 79 63 45 47 48 2
0 63 79 80 48 47 49 2
0 63 80 65 48 49 50 2
0 66 81 82 51 52 53 2
0 66 82 64 51 53 54 2
0 64 82 83 54 53 55 2
0 64 83 67 54 55 56 2
0 68 84 78 57 58 46 2
0 68 78 62 57 46 45 2
0 69 85 84 59 60 58 2
0 69 84 68 59 58 57 2
0 67 83 86 56 55 61 2
0 67 86 70 56 61 62 2
0 71 87 85 63 64 60 2
0 71 85 69 63 60 59 2
0 73 88 87 65 66 64 2
0 73 87 71 65 64 63 2
0 70 86 89 62 61 67 2
0 70 89 72 62 67 68 2
0 74 90 81 69 70 52 2
0 74 81 66 69 52 51 2
0 65 80 91 50 49 71 2
0 65 91 75 50 71 72 2
0 76 92 90 73 74 70 2
0 76 90 74 73 70 69 2
0 75 91 93 72 71 75 2
0 75 93 77 72 75 76 2
0 72 89 92 68 67 74 2
0 72 92 76 68 74 73 2
0 77 93 88 76 75 66 2
0 77 88 73 76 66 65 2
0 83 82 81 77 78 79 1
0 86 83 81 80 77 79 1
0 81 86 89 79 80 81 1
0 90 89 81 44 81 79 1
0 89 90 92 81 44 44 1
0 94 95 96 44 44 44 1
0 95 97 98 44 44 44 1
0 95 98 96 44 44 44 1
0 94 96 99 44 44 44 1
0 99 100 94 44 44 44 1
0 99 101 100 44 44 44 1
0 101 99 102 44 44 44 1
0 102 103 101 44 44 44 1
0 104 105 103 44 44 44 1
0 103 102 104 44 44 44 1
0 106 98 97 44 44 44 1
0 97 107 106 44 44 44 1
0 108 106 107 44 44 44 1
0 107 109 108 44 44 44 1
0 105 104 108 44 44 44 1
0 108 109 105 44 44 44 1
0 94 110 111 82 83 84 2
0 94 111 95 82 84 85 2
0 95 111 112 85 84 86 2
0 95 112 97 85 86 87 2
0 98 113 114 88 89 90 2
0 98 114 96 88 90 91 2
0 96 114 115 91 90 92 2
0 96 115 99 91 92 93 2
0 100 116 110 94 95 83 2
0 100 110 94 94 83 82 2
0 101 117 116 96 97 95 2
0 101 116 100 96 95 94 2
0 99 115 118 93 92 98 2
0 99 118 102 93 98 99 2
0 103 119 117 100 101 97 2
0 103 117 101 100 97 96 2
0 105 120 119 102 103 101 2
0 105 119 103 102 101 100 2
0 102 118 121 99 98 104 2
0 102 121 104 99 104 105 2
0 106 122 113 106 107 89 2
0 106 113 98 106 89 88 2
0 97 112 123 87 86 108 2
0 97 123 107 87 108 109 2
0 108 124 122 110 111 107 2
0 108 122 106 110 107 106 2
0 107 123 125 109 108 75 2
0 107 125 109 109 75 112 2
0 104 121 124 105 104 111 2
0 104 124 108 105 111 110 2
0 109 125 120 112 75 103 2
0 109 120 105 112 103 102 2
0 115 114 113 113 114 115 1
0 118 115 113 116 113 115 1
0 113 118 121 115 116 117 1
0 122 121 113 44 117 115 1
0 121 122 124 117 44 44 1
0 126 127 128 118 118 118 1
0 129 130 131 119 119 119 1
0 132 133 134 120 120 120 1
0 135 136 133 120 120 120 1
0 132 135 133 120 120 120 1
0 137 132 134 120 120 120 1
0 134 138 137 120 120 120 1
0 138 139 137 120 120 120 1
0 140 137 139 120 120 120 1
0 139 141 140 120 120 120 1
0 141 142 143 120 120 120 1
0 143 140 141 120 120 120 1
0 136 135 144 120 120 120 1
0 144 145 136 120 120 120 1
0 145 144 146 120 120 120 1
0 146 147 145 120 120 120 1
0 146 143 142 120 120 120 1
0 142 147 146 120 120 120 1
0 148 149 134 121 122 123 2
0 133 148 134 124 121 123 2
0 150 148 133 125 121 124 2
0 136 150 133 126 125 124 2
0 151 152 135 127 128 129 2
0 132 151 135 130 127 129 2
0 153 151 132 131 127 130 2
0 137 153 132 132 131 130 2
0 149 154 138 122 133 134 2
0 134 149 138 123 122 134 2
0 154 155 139 133 135 136 2
0 138 154 139 134 133 136 2
0 156 153 137 137 131 132 2
0 140 156 137 138 137 132 2
0 155 157 141 135 139 140 2
0 139 155 141 136 135 140 2
0 157 158 142 139 141 142 2
0 141 157 142 140 139 142 2
0 159 156 140 143 137 138 2
0 143 159 140 144 143 138 2
0 152 160 144 128 145 146 2
0 135 152 144 129 128 146 2
0 161 150 136 147 125 126 2
0 145 161 136 148 147 126 2
0 160 162 146 145 149 150 2
0 144 160 146 146 145 150 2
0 163 161 145 151 147 148 2
0 147 163 145 152 151 148 2
0 162 159 143 149 143 144 2
0 146 162 143 150 149 144 2
0 158 163 147 141 151 152 2
0 142 158 147 142 141 152 2
0 152 151 153 153 154 155 1
0 152 153 156 153 155 156 1
0 159 156 152 157 156 153 1
0 152 159 160 153 157 120 1
0 162 160 159 120 120 157 1
0 164 165 166 120 120 120 1
0 167 168 165 120 120 120 1
0 164 167 165 120 120 120 1
0 169 164 166 120 120 120 1
0 166 170 169 120 120 120 1
0 170 171 169 120 120 120 1
0 172 169 171 120 120 120 1
0 171 173 172 120 120 120 1
0 173 174 175 120 120 120 1
0 175 172 173 120 120 120 1
0 168 167 176 120 120 120 1
0 176 177 168 120 120 120 1
0 177 176 178 120 120 120 1
0 178 179 177 120 120 120 1
0 178 175 174 120 120 120 1
0 174 179 178 120 120 120 1
0 180 181 166 158 159 160 2
0 165 180 166 161 158 160 2
0 182 180 165 162 158 161 2
0 168 182 165 163 162 161 2
0 183 184 167 164 165 166 2
0 164 183 167 167 164 166 2
0 185 183 164 168 164 167 2
0 169 185 164 169 168 167 2
0 181 186 170 159 170 171 2
0 166 181 170 160 159 171 2
0 186 187 171 170 172 173 2
0 170 186 171 171 170 173 2
0 188 185 169 174 168 169 2
0 172 188 169 175 174 169 2
0 187 189 173 172 176 177 2
0 171 187 173 173 172 177 2
0 189 190 174 176 178 179 2
0 173 189 174 177 176 179 2
0 191 188 172 180 174 175 2
0 175 191 172 181 180 175 2
0 184 192 176 165 182 183 2
0 167 184 176 166 165 183 2
0 193 182 168 184 162 163 2
0 177 193 168 185 184 163 2
0 192 194 178 182 186 187 2
0 176 192 178 183 182 187 2
0 195 193 177 188 184 185 2
0 179 195 177 189 188 185 2
0 194 191 175 186 180 181 2
0 178 194 175 187 186 181 2
0 190 195 179 178 188 189 2
0 174 190 179 179 178 189 2
0 184 183 185 190 191 192 1
0 184 185 188 190 192 193 1
0 191 188 184 194 193 190 1
0 184 191 192 190 194 120 1
0 194 192 191 120 120 194 1
0 196 197 198 195 195 195 1
0 199 200 201 196 196 196 1

Materials: 2
"Blz_Other"
0.200000 0.200000 0.200000 1.000000
0.800000 0.800000 0.800000 1.000000
0.000000 0.000000 0.000000 1.000000
0.000000 0.000000 0.000000 1.000000
0.000000
1.000000
"..\Image\Blz_Round_Gate_Windows.tga"
""
"Blz"
0.200000 0.200000 0.200000 1.000000
0.800000 0.800000 0.800000 1.000000
0.000000 0.000000 0.000000 1.000000
0.000000 0.000000 0.000000 1.000000
0.000000
1.000000
"..\Image\brick01.tga"
""

Bones: 0
GroupComments: 0
MaterialComments: 0
BoneComments: 0
ModelComment: 0
