// MilkShape 3D ASCII

Frames: 30
Frame: 1

Meshes: 3
"1_Blz" 0 0
58
0 -8.202026 32.000000 -4.460083 0.125868 0.259003 -1
0 -8.202006 20.000000 -4.460053 0.125869 0.419970 -1
0 6.661151 20.000000 -1.546872 0.293813 0.419970 -1
0 15.000000 19.000000 -15.000000 0.007427 0.147870 -1
0 15.000000 0.000000 -15.000000 0.007427 0.448442 -1
0 -15.000000 0.000000 -15.000000 0.326133 0.448442 -1
0 -15.000000 19.000000 -15.000000 0.326133 0.147870 -1
0 -15.000000 19.000000 -15.000000 0.006617 0.151478 -1
0 -15.000000 0.000000 -15.000000 0.006617 0.452050 -1
0 -15.000000 0.000000 1.000000 0.325323 0.452050 -1
0 -15.000000 19.000000 1.000000 0.325323 0.151478 -1
0 -15.000000 19.000000 1.000000 0.007427 0.159145 -1
0 -15.000000 0.000000 1.000000 0.007427 0.459717 -1
0 15.000000 0.000000 1.000000 0.326133 0.459717 -1
0 15.000000 19.000000 1.000000 0.326133 0.159145 -1
0 15.000000 19.000000 1.000000 0.012829 0.147870 -1
0 15.000000 0.000000 1.000000 0.012829 0.448442 -1
0 15.000000 0.000000 -15.000000 0.331535 0.448442 -1
0 15.000000 19.000000 -15.000000 0.331535 0.147870 -1
0 8.202006 20.000000 -9.539947 0.255861 0.253125 -1
0 15.000000 19.000000 -15.000000 0.328244 0.155624 -1
0 -15.000000 19.000000 -15.000000 0.008814 0.155624 -1
0 -6.661151 20.000000 -12.453129 0.097603 0.201104 -1
0 -15.000000 19.000000 1.000000 0.008814 0.441339 -1
0 -8.202006 20.000000 -4.460053 0.081197 0.343838 -1
0 15.000000 19.000000 1.000000 0.328244 0.441339 -1
0 6.661151 20.000000 -1.546872 0.239454 0.395859 -1
0 8.202026 32.000000 -9.539917 0.125868 0.268946 -1
0 8.202006 20.000000 -9.539947 0.125869 0.429913 -1
0 -6.661151 20.000000 -12.453129 0.293812 0.429913 -1
0 -6.661133 32.000000 -12.453125 0.293812 0.268946 -1
0 -6.661133 32.000000 -12.453125 0.120825 0.265504 -1
0 -6.661151 20.000000 -12.453129 0.120825 0.426471 -1
0 -8.202006 20.000000 -4.460053 0.290169 0.426471 -1
0 -8.202026 32.000000 -4.460083 0.290168 0.265504 -1
0 6.661133 32.000000 -1.546875 0.293812 0.259003 -1
0 6.661133 32.000000 -1.546875 0.123698 0.268946 -1
0 6.661151 20.000000 -1.546872 0.123698 0.429913 -1
0 8.202006 20.000000 -9.539947 0.293041 0.429913 -1
0 8.202026 32.000000 -9.539917 0.293041 0.268946 -1
0 0.125583 39.000000 -7.708350 0.221349 0.171607 -1
0 0.576258 33.000000 -10.974987 0.152142 0.252090 -1
0 0.674874 33.000000 -10.789177 0.156078 0.252090 -1
0 0.146855 39.000000 -7.674707 0.220205 0.165105 -1
0 0.674874 33.000000 -10.789177 0.226171 0.245589 -1
0 0.944816 33.000000 -10.906666 0.229222 0.245589 -1
0 0.785300 39.000000 -6.665606 0.232145 0.175048 -1
0 3.632944 33.000000 -5.215288 0.201418 0.255532 -1
0 0.674874 33.000000 -10.789177 0.319508 0.255532 -1
0 0.146855 39.000000 -7.674707 0.216886 0.175049 -1
0 0.674874 33.000000 -10.789177 0.210920 0.255532 -1
0 -3.644089 33.000000 -8.909420 0.259722 0.255532 -1
0 -0.785300 39.000000 -7.334396 0.229272 0.171607 -1
0 -3.644089 33.000000 -8.909420 0.195903 0.252090 -1
0 -0.686018 33.000000 -3.335531 0.313993 0.252090 -1
0 -0.146855 39.000000 -6.325295 0.216886 0.165105 -1
0 -0.686018 33.000000 -3.335531 0.210794 0.245589 -1
0 3.632944 33.000000 -5.215288 0.259596 0.245589 -1
30
-0.192341 0.000001 0.981328
-0.192340 0.000002 0.981328
0.000000 0.000000 -1.000000
-1.000000 0.000000 0.000000
0.000000 0.000000 1.000000
1.000000 0.000000 0.000000
0.086503 0.993481 -0.074255
0.097498 0.994010 -0.049383
-0.059884 0.994085 -0.090607
-0.145294 0.989250 -0.016527
-0.097498 0.994010 0.049383
-0.086503 0.993481 0.074255
0.059884 0.994085 0.090607
0.145294 0.989250 0.016527
0.192341 0.000001 -0.981328
0.192341 0.000002 -0.981328
0.192342 0.000000 -0.981328
-0.981921 -0.000000 -0.189291
-0.981921 0.000002 -0.189289
-0.981920 -0.000002 -0.189294
-0.192342 -0.000000 0.981328
0.981921 -0.000000 0.189291
0.981921 0.000002 0.189289
0.981920 -0.000002 0.189294
-0.840893 -0.306141 0.446292
0.365169 -0.403376 0.839011
0.844676 0.292534 -0.448271
-0.365166 0.403377 -0.839012
-0.846571 0.285425 0.449277
0.367803 0.388043 0.845070
28
0 0 1 2 0 1 0 2
0 3 4 5 2 2 2 2
0 3 5 6 2 2 2 2
0 7 8 9 3 3 3 2
0 7 9 10 3 3 3 2
0 11 12 13 4 4 4 2
0 11 13 14 4 4 4 2
0 15 16 17 5 5 5 2
0 15 17 18 5 5 5 2
0 19 20 21 6 7 8 2
0 22 21 23 9 8 10 2
0 22 23 24 9 10 11 2
0 24 23 25 11 10 12 2
0 26 25 20 13 12 7 2
0 26 20 19 13 7 6 2
0 27 28 29 14 15 14 2
0 27 29 30 14 14 16 2
0 31 32 33 17 18 17 2
0 31 33 34 17 17 19 2
0 0 2 35 0 0 20 2
0 36 37 38 21 22 21 2
0 36 38 39 21 21 23 2
0 40 41 42 24 24 24 2
0 43 44 45 25 25 25 2
0 46 47 48 26 26 26 2
0 49 50 51 27 27 27 2
0 52 53 54 28 28 28 2
0 55 56 57 29 29 29 2
"1_Blz_Windows" 0 2
27
0 -12.489431 10.652146 1.090909 0.001978 0.143250 -1
0 -7.510569 13.347854 1.090909 0.241275 0.002135 -1
0 -12.489431 13.347854 1.090909 0.001978 0.002135 -1
0 -7.510569 10.652146 1.090909 0.241275 0.143250 -1
0 7.510569 10.652146 1.090909 0.004436 0.144992 -1
0 12.489430 13.347854 1.090909 0.241538 0.003877 -1
0 7.510569 13.347854 1.090909 0.004436 0.003877 -1
0 12.489430 10.652146 1.090909 0.241538 0.144992 -1
0 -3.104270 24.952147 -3.142977 0.003533 0.142857 -1
0 1.726699 27.647852 -1.938481 0.241732 0.005226 -1
0 -3.104270 27.647852 -3.142977 0.003533 0.005226 -1
0 1.726699 24.952147 -1.938481 0.241732 0.142857 -1
0 7.320132 24.912148 -2.929650 0.001169 0.146185 -1
0 8.184703 27.607853 -7.832874 0.239369 0.006812 -1
0 7.320132 27.607853 -2.929650 0.001169 0.006812 -1
0 8.184703 24.912148 -7.832874 0.239369 0.146185 -1
0 -7.096097 25.162148 -10.948792 -0.000714 0.145597 -1
0 -8.046109 27.857853 -6.061405 0.240779 0.004482 -1
0 -7.096097 27.857853 -10.948792 -0.000714 0.004482 -1
0 -8.046109 25.162148 -6.061405 0.240779 0.145597 -1
0 -4.050000 3.004168 1.272727 0.331364 0.758203 -1
0 4.000000 2.954168 1.272727 0.332992 0.469005 -1
0 4.000000 11.004168 1.272727 0.070976 0.469005 -1
0 -4.000000 11.104168 1.272727 0.067721 0.756407 -1
0 2.550000 12.204168 1.272727 0.031918 0.521096 -1
0 -0.000000 13.004168 1.272727 0.005879 0.612706 -1
0 -2.300000 12.304168 1.272727 0.028663 0.695334 -1
4
0.000000 0.000000 1.000000
-0.241922 0.000000 0.970296
0.984808 0.000000 0.173648
-0.981627 0.000000 -0.190809
15
0 0 1 2 0 0 0 1
0 0 3 1 0 0 0 1
0 4 5 6 0 0 0 1
0 4 7 5 0 0 0 1
0 8 9 10 1 1 1 1
0 8 11 9 1 1 1 1
0 12 13 14 2 2 2 1
0 12 15 13 2 2 2 1
0 16 17 18 3 3 3 1
0 16 19 17 3 3 3 1
0 20 21 22 0 0 0 1
0 20 22 23 0 0 0 1
0 22 24 25 0 0 0 1
0 22 25 26 0 0 0 1
0 22 26 23 0 0 0 1
"1_Blz_Frame" 0 1
381
0 -0.183844 39.000000 -6.270383 0.988163 0.165343 -1
0 -0.146855 39.000000 -6.325295 0.988163 0.165002 -1
0 -0.205117 39.000000 -6.304026 0.988163 0.165539 -1
0 -0.125583 39.000000 -6.291652 0.988163 0.164805 -1
0 0.183845 39.000000 -7.729619 0.988163 0.161950 -1
0 0.125583 39.000000 -7.708350 0.988163 0.162488 -1
0 0.205117 39.000000 -7.695976 0.988163 0.161754 -1
0 0.146855 39.000000 -7.674707 0.988163 0.162292 -1
0 0.864848 39.000000 -6.653242 0.988163 0.155666 -1
0 0.785300 39.000000 -6.665606 0.988163 0.156400 -1
0 0.843562 39.000000 -6.686875 0.988163 0.155863 -1
0 0.806587 39.000000 -6.631973 0.988163 0.156204 -1
0 -0.785300 39.000000 -7.334396 0.988163 0.170893 -1
0 -0.864848 39.000000 -7.346760 0.988163 0.171627 -1
0 -0.806587 39.000000 -7.368028 0.988163 0.171089 -1
0 -0.843562 39.000000 -7.313127 0.988163 0.171430 -1
0 15.000000 19.000000 1.000000 0.657754 0.025236 -1
0 15.000000 0.000000 1.000000 0.343866 0.025236 -1
0 15.000000 0.000000 2.000000 0.343866 0.025236 -1
0 15.000000 19.000000 2.000000 0.657754 0.025236 -1
0 15.000000 19.000000 2.000000 0.659999 0.301166 -1
0 15.000000 0.000000 2.000000 0.346111 0.301166 -1
0 16.000000 0.000000 2.000000 0.346111 0.310393 -1
0 16.000000 19.000000 2.000000 0.659999 0.310393 -1
0 16.000000 19.000000 1.000000 0.657754 0.016009 -1
0 16.000000 0.000000 1.000000 0.343866 0.016009 -1
0 16.000000 19.000000 2.000000 0.657754 0.016009 -1
0 16.000000 0.000000 2.000000 0.343866 0.016009 -1
0 -16.000000 19.000000 -16.000000 0.657754 0.311285 -1
0 -16.000000 0.000000 -16.000000 0.343866 0.311285 -1
0 -16.000000 0.000000 -15.000000 0.343866 0.311285 -1
0 -16.000000 19.000000 -15.000000 0.657754 0.311285 -1
0 -15.000000 19.000000 -16.000000 0.657754 0.302057 -1
0 -15.000000 0.000000 -16.000000 0.343866 0.302057 -1
0 -16.000000 19.000000 -15.000000 0.659999 0.015117 -1
0 -16.000000 0.000000 -15.000000 0.346111 0.015117 -1
0 -15.000000 0.000000 -15.000000 0.346111 0.024345 -1
0 -15.000000 19.000000 -15.000000 0.659999 0.024345 -1
0 -15.000000 19.000000 -15.000000 0.657754 0.302057 -1
0 -15.000000 0.000000 -15.000000 0.343866 0.302057 -1
0 15.000000 19.000000 -15.000000 0.657754 0.025236 -1
0 15.000000 0.000000 -15.000000 0.343866 0.025236 -1
0 15.000000 0.000000 -16.000000 0.343866 0.025236 -1
0 15.000000 19.000000 -16.000000 0.657754 0.025236 -1
0 15.000000 19.000000 -16.000000 0.659999 0.301166 -1
0 15.000000 0.000000 -16.000000 0.346111 0.301166 -1
0 16.000000 0.000000 -16.000000 0.346111 0.310393 -1
0 16.000000 19.000000 -16.000000 0.659999 0.310393 -1
0 16.000000 19.000000 -15.000000 0.657754 0.016009 -1
0 16.000000 0.000000 -15.000000 0.343866 0.016009 -1
0 16.000000 19.000000 -16.000000 0.657754 0.016009 -1
0 16.000000 0.000000 -16.000000 0.343866 0.016009 -1
0 -15.000000 19.000000 1.000000 0.657754 0.302057 -1
0 -15.000000 0.000000 1.000000 0.343866 0.302057 -1
0 -16.000000 0.000000 1.000000 0.343866 0.311285 -1
0 -16.000000 19.000000 1.000000 0.657754 0.311285 -1
0 -16.000000 0.000000 2.000000 0.343866 0.311285 -1
0 -16.000000 19.000000 2.000000 0.657754 0.311285 -1
0 -15.000000 19.000000 2.000000 0.657754 0.302057 -1
0 -15.000000 0.000000 2.000000 0.343866 0.302057 -1
0 -16.000000 19.000000 2.000000 0.659999 0.015117 -1
0 -16.000000 0.000000 2.000000 0.346111 0.015117 -1
0 -15.000000 0.000000 2.000000 0.346111 0.024345 -1
0 -15.000000 19.000000 2.000000 0.659999 0.024345 -1
0 6.661151 20.000000 -1.546872 0.674275 0.102182 -1
0 6.564846 20.000000 -1.047306 0.674275 0.103070 -1
0 6.564846 20.000000 -1.047306 0.676519 0.223331 -1
0 7.060285 20.000000 -0.950198 0.676519 0.227903 -1
0 7.156588 20.000000 -1.449767 0.674275 0.097610 -1
0 7.060285 20.000000 -0.950198 0.674275 0.098499 -1
0 16.000000 19.000000 1.000000 0.659999 0.310393 -1
0 7.156588 20.000000 -1.449767 0.676519 0.228792 -1
0 -7.060285 20.000000 -13.049798 0.674275 0.228794 -1
0 -7.156589 20.000000 -12.550232 0.674275 0.229683 -1
0 -6.564845 20.000000 -12.952693 0.674275 0.224223 -1
0 -7.156589 20.000000 -12.550232 0.676519 0.096719 -1
0 -6.661151 20.000000 -12.453129 0.676519 0.101290 -1
0 -6.661151 20.000000 -12.453129 0.674275 0.225112 -1
0 -15.000000 19.000000 -16.000000 0.659999 0.024345 -1
0 -6.564845 20.000000 -12.952693 0.676519 0.102179 -1
0 8.202006 20.000000 -9.539947 0.674275 0.087964 -1
0 8.202006 20.000000 -9.539947 0.676519 0.238438 -1
0 8.298309 20.000000 -10.039515 0.676519 0.239327 -1
0 8.793746 20.000000 -9.942409 0.676519 0.243898 -1
0 8.697442 20.000000 -9.442841 0.674275 0.083392 -1
0 8.793746 20.000000 -9.942409 0.674275 0.082503 -1
0 -8.202006 20.000000 -4.460053 0.676519 0.087072 -1
0 15.000000 19.000000 1.000000 0.659999 0.301166 -1
0 6.661151 20.000000 -1.546872 0.676519 0.224220 -1
0 -8.202006 20.000000 -4.460053 0.674275 0.239330 -1
0 -8.697442 20.000000 -4.557159 0.674275 0.243901 -1
0 -8.793746 20.000000 -4.057592 0.674275 0.244790 -1
0 -8.298309 20.000000 -3.960486 0.674275 0.240218 -1
0 -8.298309 20.000000 -3.960486 0.676519 0.086184 -1
0 -15.000000 19.000000 1.000000 0.659999 0.024345 -1
0 -8.793746 20.000000 -4.057592 0.676519 0.081612 -1
0 6.661133 32.000000 -1.546875 0.872520 0.102182 -1
0 6.564819 32.000000 -1.047302 0.872520 0.103071 -1
0 6.564819 32.000000 -1.047302 0.874765 0.223331 -1
0 7.060303 32.000000 -0.950195 0.874765 0.227903 -1
0 7.156616 32.000000 -1.449768 0.872520 0.097610 -1
0 7.156616 32.000000 -1.449768 0.874765 0.228792 -1
0 -7.060303 32.000000 -13.049805 0.872520 0.228795 -1
0 -7.156616 32.000000 -12.550232 0.872520 0.229683 -1
0 -6.564819 32.000000 -12.952698 0.872520 0.224223 -1
0 -7.156616 32.000000 -12.550232 0.874765 0.096719 -1
0 -6.661133 32.000000 -12.453125 0.874765 0.101291 -1
0 -6.564819 32.000000 -12.952698 0.874765 0.102179 -1
0 8.202026 32.000000 -9.539917 0.874765 0.238438 -1
0 8.298340 32.000000 -10.039490 0.874765 0.239327 -1
0 8.793762 32.000000 -9.942383 0.874765 0.243899 -1
0 8.697449 32.000000 -9.442871 0.872520 0.083392 -1
0 8.202026 32.000000 -9.539917 0.872520 0.087963 -1
0 8.793762 32.000000 -9.942383 0.872520 0.082503 -1
0 -8.202026 32.000000 -4.460083 0.872520 0.239330 -1
0 -8.697449 32.000000 -4.557129 0.872520 0.243901 -1
0 -8.793762 32.000000 -4.057617 0.872520 0.244790 -1
0 -8.298340 32.000000 -3.960510 0.874765 0.086183 -1
0 -8.202026 32.000000 -4.460083 0.874765 0.087072 -1
0 -8.793762 32.000000 -4.057617 0.874765 0.081612 -1
0 -0.686018 33.000000 -3.335531 0.889040 0.169977 -1
0 -0.955959 33.000000 -3.218045 0.889040 0.172468 -1
0 -0.955959 33.000000 -3.218045 0.891285 0.153934 -1
0 -0.857343 33.000000 -3.032234 0.891285 0.154844 -1
0 -0.587402 33.000000 -3.149720 0.889040 0.169067 -1
0 -0.587402 33.000000 -3.149720 0.891285 0.157335 -1
0 0.846201 33.000000 -11.092472 0.889040 0.155838 -1
0 0.576258 33.000000 -10.974987 0.889040 0.158329 -1
0 0.944816 33.000000 -10.906666 0.889040 0.154928 -1
0 0.576258 33.000000 -10.974987 0.891285 0.168073 -1
0 0.674874 33.000000 -10.789177 0.891285 0.168983 -1
0 0.944816 33.000000 -10.906666 0.891285 0.171473 -1
0 3.632944 33.000000 -5.215288 0.891285 0.196278 -1
0 3.902884 33.000000 -5.332772 0.891285 0.198769 -1
0 4.001481 33.000000 -5.146979 0.891285 0.199678 -1
0 3.731574 33.000000 -5.029515 0.889040 0.129214 -1
0 3.632944 33.000000 -5.215288 0.889040 0.130124 -1
0 4.001481 33.000000 -5.146979 0.889040 0.126723 -1
0 -6.661133 32.000000 -12.453125 0.872520 0.225111 -1
0 0.674874 33.000000 -10.789177 0.889040 0.157419 -1
0 -3.644089 33.000000 -8.909420 0.889040 0.197272 -1
0 -3.644089 33.000000 -8.909420 0.891285 0.129130 -1
0 6.661133 32.000000 -1.546875 0.874765 0.224220 -1
0 -0.686018 33.000000 -3.335531 0.891285 0.156425 -1
0 -3.742714 33.000000 -9.095194 0.889040 0.198182 -1
0 -4.012629 33.000000 -8.977725 0.889040 0.200673 -1
0 -3.914028 33.000000 -8.791935 0.891285 0.126639 -1
0 -4.012629 33.000000 -8.977725 0.891285 0.125729 -1
0 -0.205117 39.000000 -6.304026 0.990408 0.160863 -1
0 -0.183844 39.000000 -6.270383 0.990408 0.161059 -1
0 -0.125583 39.000000 -6.291652 0.990408 0.161596 -1
0 0.125583 39.000000 -7.708350 0.990408 0.163914 -1
0 0.146855 39.000000 -7.674707 0.990408 0.164110 -1
0 0.205117 39.000000 -7.695976 0.990408 0.164648 -1
0 0.785300 39.000000 -6.665606 0.990408 0.170001 -1
0 0.843562 39.000000 -6.686875 0.990408 0.170539 -1
0 0.864848 39.000000 -6.653242 0.990408 0.170736 -1
0 -0.785300 39.000000 -7.334396 0.990408 0.155509 -1
0 -0.146855 39.000000 -6.325295 0.990408 0.161400 -1
0 -0.843562 39.000000 -7.313127 0.990408 0.154971 -1
0 -0.864848 39.000000 -7.346760 0.990408 0.154775 -1
0 -13.000000 17.000000 2.000000 0.626958 0.042799 -1
0 -9.000000 17.000000 2.000000 0.626958 0.079709 -1
0 -13.000000 18.000000 2.000000 0.643479 0.042799 -1
0 -9.000000 16.000000 2.000000 0.610438 0.079709 -1
0 -4.000000 18.000000 2.000000 0.643479 0.125846 -1
0 -4.000000 17.000000 2.000000 0.626958 0.125846 -1
0 1.000000 17.000000 2.000000 0.626958 0.171983 -1
0 1.000000 16.000000 2.000000 0.610438 0.171983 -1
0 6.000000 17.000000 2.000000 0.626958 0.218119 -1
0 6.000000 18.000000 2.000000 0.643479 0.218119 -1
0 11.000000 17.000000 2.000000 0.626958 0.264256 -1
0 11.000000 16.000000 2.000000 0.610438 0.264256 -1
0 -9.000000 17.000000 2.000000 0.624713 0.246693 -1
0 -9.000000 17.000000 1.000000 0.624713 0.246693 -1
0 -13.000000 18.000000 1.000000 0.641234 0.283602 -1
0 -13.000000 18.000000 2.000000 0.641234 0.283602 -1
0 -13.000000 17.000000 1.000000 0.624713 0.283602 -1
0 -13.000000 17.000000 2.000000 0.624713 0.283602 -1
0 -9.000000 16.000000 1.000000 0.608193 0.246693 -1
0 -9.000000 16.000000 2.000000 0.608193 0.246693 -1
0 -4.000000 18.000000 2.000000 0.641234 0.200556 -1
0 -4.000000 18.000000 1.000000 0.641234 0.200556 -1
0 -4.000000 17.000000 1.000000 0.624713 0.200556 -1
0 -4.000000 17.000000 2.000000 0.624713 0.200556 -1
0 1.000000 17.000000 2.000000 0.624713 0.154419 -1
0 1.000000 17.000000 1.000000 0.624713 0.154419 -1
0 1.000000 16.000000 1.000000 0.608193 0.154419 -1
0 1.000000 16.000000 2.000000 0.608193 0.154419 -1
0 6.000000 18.000000 2.000000 0.641234 0.108282 -1
0 6.000000 18.000000 1.000000 0.641234 0.108282 -1
0 6.000000 17.000000 1.000000 0.624713 0.108282 -1
0 6.000000 17.000000 2.000000 0.624713 0.108282 -1
0 11.000000 17.000000 2.000000 0.624713 0.062146 -1
0 11.000000 17.000000 1.000000 0.624713 0.062146 -1
0 11.000000 16.000000 1.000000 0.608193 0.062146 -1
0 11.000000 16.000000 2.000000 0.608193 0.062146 -1
0 -12.489441 13.347839 1.636364 0.566623 0.047511 -1
0 -7.510559 13.347839 1.636364 0.566623 0.093453 -1
0 -13.000000 14.000000 1.636364 0.577397 0.042799 -1
0 -7.000000 14.000000 1.636364 0.577397 0.098164 -1
0 -12.489441 10.652161 1.636364 0.522089 0.047511 -1
0 -13.000000 10.000000 1.636364 0.511315 0.042799 -1
0 -7.510559 10.652161 1.636364 0.522089 0.093453 -1
0 -7.000000 10.000000 1.636364 0.511315 0.098164 -1
0 -12.489441 13.347839 1.636364 0.564378 0.278891 -1
0 -12.489431 13.347854 1.090909 0.564378 0.278891 -1
0 -7.510569 13.347854 1.090909 0.564378 0.232949 -1
0 -7.510559 13.347839 1.636364 0.564378 0.232949 -1
0 -7.000000 14.000000 1.636364 0.575152 0.228238 -1
0 -7.000000 14.000000 0.636364 0.575152 0.228238 -1
0 -13.000000 14.000000 0.636364 0.575152 0.283602 -1
0 -13.000000 14.000000 1.636364 0.575152 0.283602 -1
0 -12.489431 10.652146 1.090909 0.522089 0.047511 -1
0 -12.489431 13.347854 1.090909 0.566623 0.047511 -1
0 -13.000000 10.000000 0.636364 0.509070 0.283602 -1
0 -13.000000 10.000000 1.636364 0.509070 0.283602 -1
0 -7.510559 10.652161 1.636364 0.519844 0.232949 -1
0 -7.510569 10.652146 1.090909 0.519844 0.232949 -1
0 -12.489431 10.652146 1.090909 0.519844 0.278891 -1
0 -12.489441 10.652161 1.636364 0.519844 0.278891 -1
0 -7.000000 10.000000 0.636364 0.509070 0.228238 -1
0 -7.000000 10.000000 1.636364 0.509070 0.228238 -1
0 -7.510569 13.347854 1.090909 0.566623 0.093452 -1
0 -7.510569 10.652146 1.090909 0.522089 0.093452 -1
0 7.510560 13.347839 1.636364 0.566623 0.232058 -1
0 12.489440 13.347839 1.636364 0.566623 0.278000 -1
0 7.000001 14.000000 1.636364 0.577397 0.227347 -1
0 12.999999 14.000000 1.636364 0.577397 0.282711 -1
0 7.510560 10.652161 1.636364 0.522089 0.232058 -1
0 7.000001 10.000000 1.636364 0.511315 0.227347 -1
0 12.489440 10.652161 1.636364 0.522089 0.278000 -1
0 12.999999 10.000000 1.636364 0.511315 0.282711 -1
0 7.510560 13.347839 1.636364 0.564378 0.094344 -1
0 7.510569 13.347854 1.090909 0.564378 0.094344 -1
0 12.489430 13.347854 1.090909 0.564378 0.048402 -1
0 12.489440 13.347839 1.636364 0.564378 0.048402 -1
0 12.999999 14.000000 1.636364 0.575152 0.043691 -1
0 12.999999 14.000000 0.636364 0.575152 0.043691 -1
0 7.000001 14.000000 0.636364 0.575152 0.099055 -1
0 7.000001 14.000000 1.636364 0.575152 0.099055 -1
0 7.510569 10.652146 1.090909 0.522089 0.232058 -1
0 7.510569 13.347854 1.090909 0.566623 0.232058 -1
0 7.000001 10.000000 0.636364 0.509070 0.099055 -1
0 7.000001 10.000000 1.636364 0.509070 0.099055 -1
0 12.489440 10.652161 1.636364 0.519844 0.048402 -1
0 12.489430 10.652146 1.090909 0.519844 0.048402 -1
0 7.510569 10.652146 1.090909 0.519844 0.094344 -1
0 7.510560 10.652161 1.636364 0.519844 0.094344 -1
0 12.999999 10.000000 0.636364 0.509070 0.043691 -1
0 12.999999 10.000000 1.636364 0.509070 0.043691 -1
0 12.489430 13.347854 1.090909 0.566623 0.278000 -1
0 12.489430 10.652146 1.090909 0.522089 0.278000 -1
0 -3.236238 27.647840 -2.613727 0.802865 0.132893 -1
0 1.594752 27.647840 -1.409227 0.802865 0.177471 -1
0 -3.731629 28.300001 -2.737242 0.813639 0.128322 -1
0 2.090147 28.300001 -1.285711 0.813639 0.182042 -1
0 -3.236238 24.952160 -2.613727 0.758331 0.132893 -1
0 -3.731629 24.299999 -2.737242 0.747557 0.128322 -1
0 1.594752 24.952160 -1.409227 0.758331 0.177471 -1
0 2.090147 24.299999 -1.285711 0.747557 0.182042 -1
0 -3.236238 27.647840 -2.613727 0.800620 0.193509 -1
0 -3.104270 27.647852 -3.142977 0.800620 0.192291 -1
0 1.726699 27.647852 -1.938481 0.800620 0.147714 -1
0 1.594752 27.647840 -1.409227 0.800620 0.148931 -1
0 2.090147 28.300001 -1.285711 0.811394 0.144360 -1
0 2.332067 28.300001 -2.256006 0.811394 0.142128 -1
0 -3.489708 28.300001 -3.707538 0.811394 0.195847 -1
0 -3.731629 28.300001 -2.737242 0.811394 0.198080 -1
0 -3.104270 24.952147 -3.142977 0.758331 0.134111 -1
0 -3.104270 27.647852 -3.142977 0.802865 0.134111 -1
0 -3.489708 24.299999 -3.707538 0.745312 0.195847 -1
0 -3.731629 24.299999 -2.737242 0.745312 0.198080 -1
0 1.594752 24.952160 -1.409227 0.756086 0.148931 -1
0 1.726699 24.952147 -1.938481 0.756086 0.147714 -1
0 -3.104270 24.952147 -3.142977 0.756086 0.192291 -1
0 -3.236238 24.952160 -2.613727 0.756086 0.193509 -1
0 2.332067 24.299999 -2.256006 0.745312 0.142128 -1
0 2.090147 24.299999 -1.285711 0.745312 0.144360 -1
0 2.332067 24.299999 -2.256006 0.747557 0.184274 -1
0 2.332067 28.300001 -2.256006 0.813639 0.184274 -1
0 7.857299 27.607841 -2.834920 0.802204 0.235257 -1
0 8.721872 27.607841 -7.738166 0.802204 0.243235 -1
0 7.768641 28.260002 -2.332119 0.812978 0.234439 -1
0 8.810531 28.260002 -8.240973 0.812978 0.244053 -1
0 7.857299 24.912161 -2.834920 0.757670 0.235257 -1
0 7.768641 24.260000 -2.332119 0.746896 0.234439 -1
0 8.721872 24.912161 -7.738166 0.757670 0.243235 -1
0 8.810531 24.260000 -8.240973 0.746896 0.244053 -1
0 7.857299 27.607841 -2.834920 0.799959 0.091144 -1
0 7.320132 27.607853 -2.929650 0.799960 0.096101 -1
0 8.184703 27.607853 -7.832874 0.799960 0.088123 -1
0 8.721872 27.607841 -7.738166 0.799959 0.083167 -1
0 8.810531 28.260002 -8.240973 0.810733 0.082349 -1
0 7.825723 28.260002 -8.414616 0.810733 0.091436 -1
0 6.783833 28.260002 -2.505769 0.810733 0.101050 -1
0 7.768641 28.260002 -2.332119 0.810733 0.091962 -1
0 7.857299 24.912161 -2.834920 0.755425 0.091144 -1
0 7.320132 24.912148 -2.929650 0.755425 0.096101 -1
0 6.783833 28.260002 -2.505769 0.812978 0.225352 -1
0 6.783833 24.260000 -2.505769 0.746896 0.225352 -1
0 8.721872 24.912161 -7.738166 0.755425 0.083167 -1
0 8.184703 24.912148 -7.832874 0.755425 0.088123 -1
0 7.768641 24.260000 -2.332119 0.744651 0.091962 -1
0 6.783833 24.260000 -2.505769 0.744651 0.101050 -1
0 7.825723 24.260000 -8.414616 0.744651 0.091436 -1
0 8.810531 24.260000 -8.240973 0.744651 0.082349 -1
0 8.184703 27.607853 -7.832874 0.802204 0.238279 -1
0 8.184703 24.912148 -7.832874 0.757670 0.238279 -1
0 -7.631530 27.857841 -11.052886 0.804090 0.234066 -1
0 -8.581545 27.857841 -6.165471 0.804090 0.242832 -1
0 -7.534107 28.510002 -11.554059 0.814864 0.233167 -1
0 -8.678963 28.510002 -5.664285 0.814864 0.243731 -1
0 -7.631530 25.162161 -11.052886 0.759556 0.234066 -1
0 -7.534107 24.510000 -11.554059 0.748782 0.233167 -1
0 -8.581545 25.162161 -6.165471 0.759556 0.242832 -1
0 -8.678963 24.510000 -5.664285 0.748782 0.243731 -1
0 -7.631530 27.857841 -11.052886 0.806334 0.092336 -1
0 -7.096097 27.857853 -10.948792 0.806335 0.097277 -1
0 -8.046109 27.857853 -6.061405 0.806335 0.088511 -1
0 -8.581545 27.857841 -6.165471 0.806334 0.083570 -1
0 -7.697334 28.510002 -5.473486 0.814864 0.234673 -1
0 -6.552482 28.510002 -11.363250 0.814864 0.224109 -1
0 -7.631530 25.162161 -11.052886 0.761801 0.092336 -1
0 -7.096097 25.162148 -10.948792 0.761800 0.097277 -1
0 -6.552482 24.510000 -11.363250 0.748782 0.224109 -1
0 -8.581545 25.162161 -6.165471 0.761801 0.083570 -1
0 -8.046109 25.162148 -6.061405 0.761800 0.088511 -1
0 -7.697334 24.510000 -5.473486 0.748782 0.234673 -1
0 -8.046109 27.857853 -6.061405 0.804090 0.237891 -1
0 -8.046109 25.162148 -6.061405 0.759555 0.237891 -1
0 -8.678963 24.510000 -5.664285 0.751027 0.082671 -1
0 -7.697334 24.510000 -5.473486 0.751027 0.091729 -1
0 -7.697334 28.510002 -5.473486 0.817108 0.091729 -1
0 -8.678963 28.510002 -5.664285 0.817108 0.082671 -1
0 -2.950012 13.004150 1.727273 0.560945 0.135534 -1
0 -2.299988 12.304138 1.727273 0.549380 0.141532 -1
0 0.000000 13.004150 1.727273 0.560945 0.162755 -1
0 -5.049988 11.904175 1.727273 0.542773 0.116157 -1
0 -4.000000 11.104187 1.727273 0.529557 0.125846 -1
0 -4.049988 3.004150 1.727273 0.395740 0.125385 -1
0 -5.000000 1.954163 1.727273 0.378394 0.116618 -1
0 5.000000 1.954163 1.727273 0.378394 0.208892 -1
0 4.000000 2.954163 1.727273 0.394915 0.199665 -1
0 4.000000 11.004150 1.727273 0.527904 0.199665 -1
0 5.099976 12.004150 1.727273 0.544424 0.209815 -1
0 2.549988 12.204163 1.727273 0.547729 0.186285 -1
0 3.049988 12.954163 1.727273 0.560119 0.190899 -1
0 0.000000 14.054138 1.727273 0.578291 0.162755 -1
0 -2.299988 12.304138 1.727273 0.547135 0.184869 -1
0 -2.300000 12.304168 1.272727 0.547136 0.184870 -1
0 -0.000000 13.004168 1.272727 0.558700 0.163647 -1
0 0.000000 13.004150 1.727273 0.558700 0.163647 -1
0 -2.950000 13.004168 0.727273 0.560945 0.135535 -1
0 -5.050000 11.904168 0.727273 0.542773 0.116157 -1
0 -2.950012 13.004150 1.727273 0.558700 0.190867 -1
0 -5.050000 11.904168 0.727273 0.540528 0.210245 -1
0 -5.049988 11.904175 1.727273 0.540528 0.210245 -1
0 -4.000000 11.104168 1.272727 0.529556 0.125846 -1
0 -2.300000 12.304168 1.272727 0.549381 0.141532 -1
0 -4.000000 11.104187 1.727273 0.527312 0.200556 -1
0 -4.049988 3.004150 1.727273 0.393496 0.201017 -1
0 -4.050000 3.004168 1.272727 0.393496 0.201017 -1
0 -4.000000 11.104168 1.272727 0.527311 0.200556 -1
0 -5.000000 1.954168 0.727273 0.378394 0.116618 -1
0 -5.000000 1.954168 0.727273 0.376149 0.209783 -1
0 -5.000000 1.954163 1.727273 0.376149 0.209783 -1
0 5.000000 1.954168 0.727273 0.376149 0.117510 -1
0 5.000000 1.954163 1.727273 0.376149 0.117510 -1
0 4.000000 2.954168 1.272727 0.394915 0.199665 -1
0 -4.050000 3.004168 1.272727 0.395741 0.125384 -1
0 4.000000 11.004150 1.727273 0.525659 0.126737 -1
0 4.000000 11.004168 1.272727 0.525659 0.126737 -1
0 4.000000 2.954168 1.272727 0.392670 0.126737 -1
0 4.000000 2.954163 1.727273 0.392670 0.126737 -1
0 5.100000 12.004168 0.727273 0.542180 0.116587 -1
0 5.100000 12.004168 0.727273 0.544425 0.209815 -1
0 2.549988 12.204163 1.727273 0.545484 0.140117 -1
0 2.550000 12.204168 1.272727 0.545484 0.140117 -1
0 3.050000 12.954168 0.727273 0.560119 0.190899 -1
0 -0.000000 14.054168 0.727273 0.578292 0.162755 -1
276
0.000000 1.000000 0.000000
0.000000 -1.000000 0.000000
0.000000 0.000000 0.000000
-0.509499 -0.666808 -0.543854
-0.447214 0.000000 -0.894427
-1.000000 0.000000 0.000000
-0.526152 -0.850342 -0.009088
0.000000 0.380144 0.924927
0.000000 0.000000 1.000000
-0.048006 0.659420 0.750241
0.423203 0.025886 -0.905665
0.894427 0.000000 -0.447214
0.904767 0.425906 0.000000
1.000000 0.000000 0.000000
-0.511899 0.697204 -0.501863
-0.522386 0.852664 -0.008824
0.435644 -0.016638 -0.899965
0.000000 -0.362816 0.931861
-0.054134 -0.601822 0.796793
0.942740 -0.135767 -0.304645
0.556679 0.758553 -0.338681
0.447214 0.000000 -0.894427
0.756814 0.653630 0.000000
0.080272 -0.001189 0.996772
-0.010991 -0.835868 0.548820
-0.471935 -0.361727 -0.804009
-0.894427 0.000000 -0.447214
-0.907313 -0.420455 0.000000
0.363598 -0.625023 -0.690755
-0.788015 -0.367263 -0.494116
-0.549103 0.835649 -0.013307
0.908304 -0.418311 0.000000
0.000000 0.415030 0.909808
-0.011280 0.835678 0.549104
-0.171095 -0.664593 -0.727353
-0.888502 -0.425704 -0.171289
-0.121985 0.658806 0.742357
0.172303 0.522193 0.835240
0.126679 -0.601229 -0.788972
0.111167 0.993802 0.000000
0.106710 0.994077 0.020571
0.888175 0.426414 0.171223
-0.173042 0.689042 -0.703759
-0.888174 0.426414 -0.171225
0.121980 0.658814 -0.742351
-0.126676 -0.601235 0.788968
0.166266 -0.489504 0.856003
0.311481 -0.386812 -0.867961
0.110133 -0.993690 0.021231
0.888502 -0.425704 0.171291
0.177991 0.670786 -0.719976
0.754357 0.640155 0.145419
0.699863 -0.361628 0.615968
-0.174474 -0.420937 0.890152
-0.693223 0.359573 -0.624619
-0.540377 -0.836272 -0.092965
0.859228 -0.136985 0.492913
-0.143291 0.667077 0.731078
0.092677 -0.830867 -0.548700
-0.325167 0.369615 -0.870432
-0.893689 0.414286 -0.172297
0.147582 -0.989050 0.000000
0.304465 0.002333 0.952521
0.171379 -0.984651 0.033037
-0.092591 0.835745 0.541255
-0.538072 -0.063131 -0.840531
-0.509024 -0.844046 -0.168762
-0.188605 0.195899 0.962316
0.561286 0.201759 0.802653
0.191996 -0.058888 -0.979627
0.507640 0.843914 0.173527
-0.555225 0.174565 -0.813174
-0.508500 0.842977 -0.175548
0.189578 0.168546 -0.967291
-0.192292 -0.019510 0.981144
0.536761 -0.022357 0.843438
0.509816 -0.843212 0.170532
0.882141 0.367589 0.294460
0.318646 -0.313505 0.894527
-0.153785 -0.838487 0.522772
-0.318908 0.296260 -0.900293
0.123669 0.893210 -0.432298
-0.902414 -0.394182 -0.173983
0.047999 -0.335139 -0.940945
-0.688188 -0.374349 -0.621498
-0.923722 0.024889 -0.382254
0.694411 0.375331 0.613938
0.747453 0.506005 0.430433
-0.175159 0.413178 0.893646
0.389556 -0.637301 -0.664901
-0.281908 -0.657062 -0.699140
-0.649123 -0.051553 0.758935
-0.378240 0.656734 0.652407
0.600484 0.257959 -0.756886
0.279130 0.665910 0.691845
0.374892 0.662767 -0.648225
-0.276709 0.673265 -0.685672
0.637319 -0.087707 -0.765593
-0.237702 0.638994 0.731563
-0.433541 -0.771739 0.465254
0.219531 -0.783364 0.581504
0.450632 -0.046279 0.891509
-0.045910 -0.670384 0.740592
-0.681763 -0.616755 0.393463
0.045720 0.644223 -0.763470
0.702430 0.541783 -0.461588
-0.499188 -0.296481 -0.814193
0.058144 0.956832 -0.284765
0.501084 -0.438251 -0.746224
0.156213 -0.810435 -0.564617
0.268424 0.056354 0.961651
-0.059143 0.957812 0.281243
-0.494019 -0.433634 0.753596
0.390351 -0.396216 -0.831047
-0.375116 -0.053555 -0.925429
-0.356952 0.418976 0.834892
-0.389782 0.881989 0.264889
0.047621 -0.449786 -0.891866
-0.313853 -0.402915 -0.859742
-0.811845 0.345079 0.470986
-0.045903 0.477590 0.877383
0.821874 -0.311697 -0.476832
0.310897 0.422021 0.851611
0.046858 0.491503 -0.869615
-0.308465 0.436871 -0.844981
0.809519 0.352336 -0.469615
-0.797323 -0.331851 0.504133
-0.298942 -0.461522 0.835243
0.311493 -0.418199 0.853277
0.336280 0.368202 0.866801
-0.581964 -0.113891 0.805199
-0.807668 -0.293901 0.511169
0.589981 0.074011 -0.804018
0.806814 0.297296 -0.510554
-0.341051 -0.393931 -0.853523
0.296296 0.439212 -0.848116
0.590110 -0.068882 -0.804379
-0.330704 -0.038016 0.942968
-0.297117 0.425323 0.854881
0.061551 0.247065 -0.967042
-0.314426 0.399087 -0.861317
-0.054981 -0.213472 0.975401
-0.823916 0.303425 0.478639
0.098447 0.995142 0.000000
-0.051002 0.998699 0.000000
-0.256509 0.966542 0.000000
-0.875471 0.483271 0.000000
-0.917798 -0.397048 0.000000
-0.607792 -0.794096 0.000000
-0.098447 -0.995142 0.000000
0.051002 -0.998699 0.000000
-0.066519 0.997785 0.000000
0.066519 0.997785 0.000000
0.066519 -0.997785 0.000000
-0.066519 -0.997785 0.000000
0.578869 0.815421 0.000000
0.913111 0.407710 0.000000
0.296013 -0.955184 0.000000
0.878582 -0.477592 0.000000
0.000000 -1.000000 -0.000026
0.000000 -1.000000 -0.000026
0.447214 0.894427 0.000000
0.894427 0.447214 0.000000
-0.447214 0.894427 0.000000
-0.894427 0.447214 0.000000
1.000000 0.000000 0.000017
-0.894427 -0.447214 0.000000
-0.447214 -0.894427 0.000000
0.000000 1.000000 -0.000026
0.000000 1.000000 -0.000026
0.447214 -0.894427 0.000000
0.894427 -0.447214 0.000000
-1.000000 0.000000 0.000018
1.000000 0.000000 0.000017
-1.000000 0.000000 0.000017
-0.241922 0.000000 0.970296
-0.241922 -0.000000 0.970296
-0.241922 -0.000000 0.970296
-0.241922 -0.000000 0.970296
-0.241922 0.000000 0.970296
-0.241922 -0.000000 0.970296
-0.241922 0.000000 0.970296
-0.241922 0.000000 0.970296
0.000005 -1.000000 -0.000020
0.000005 -1.000000 -0.000020
-0.433927 -0.894427 -0.108201
-0.867861 -0.447214 -0.216374
-0.433930 0.894427 -0.108190
-0.867859 0.447214 -0.216381
0.970291 0.000000 0.241941
0.970291 0.000000 0.241941
-0.867859 -0.447214 -0.216381
-0.433930 -0.894427 -0.108190
-0.433926 0.894427 -0.108204
-0.867860 0.447214 -0.216375
0.000006 1.000000 -0.000024
0.000006 1.000000 -0.000024
0.970296 0.000000 0.241920
0.984808 0.000000 0.173649
0.984808 0.000000 0.173648
0.984808 0.000000 0.173649
0.984808 0.000000 0.173648
0.984808 -0.000000 0.173649
0.984808 -0.000000 0.173649
0.984808 -0.000000 0.173648
0.984808 -0.000000 0.173648
0.077650 -0.894427 -0.440421
0.155327 -0.447214 -0.880837
-0.000021 -1.000000 -0.000004
-0.000021 -1.000000 -0.000004
0.077655 0.894427 -0.440420
0.155310 0.447214 -0.880840
0.155326 0.447214 -0.880837
0.077647 0.894427 -0.440421
-0.173650 0.000000 0.984807
-0.000024 1.000000 -0.000004
-0.000024 1.000000 -0.000004
0.077655 -0.894427 -0.440420
0.155310 -0.447214 -0.880840
-0.173631 0.000000 0.984811
-0.981626 0.000004 -0.190813
-0.981628 0.000003 -0.190806
-0.981626 0.000003 -0.190813
-0.981628 0.000002 -0.190806
-0.981626 -0.000003 -0.190813
-0.981626 -0.000003 -0.190813
-0.981628 -0.000002 -0.190806
-0.981628 -0.000003 -0.190806
-0.085327 -0.894427 0.438998
-0.170681 -0.447214 0.877991
0.000021 -1.000000 0.000004
0.000021 -1.000000 0.000004
0.085333 0.894427 -0.438997
0.170665 0.447214 -0.877994
-0.170679 0.447214 0.877991
-0.085324 0.894427 0.438999
0.170665 -0.447214 -0.877994
0.085333 -0.894427 -0.438997
0.000024 1.000000 0.000005
0.000024 1.000000 0.000005
0.190787 0.000000 -0.981631
0.190787 0.000000 -0.981631
-0.190799 0.000000 0.981629
0.390742 -0.920500 -0.000059
0.439499 -0.898243 -0.000070
0.098212 -0.995166 -0.000049
-0.106721 -0.994289 -0.000032
-0.400653 0.916230 0.000011
-0.379049 0.925377 0.000017
-0.856870 0.515533 0.000013
-0.464003 0.885834 -0.000000
-0.856869 0.515535 -0.000000
0.886462 -0.462801 0.000019
0.576683 -0.816968 0.000034
0.576665 -0.816981 -0.000068
0.999981 -0.006173 -0.000028
0.711470 0.702716 0.000028
-0.999987 -0.005025 0.000012
-0.705328 -0.708881 -0.000004
-0.446312 -0.894877 -0.000004
0.445422 -0.895321 -0.000004
0.703580 -0.710616 -0.000004
0.006210 0.999981 0.000025
0.006211 0.999981 0.000011
-0.959892 -0.280370 -0.000011
-0.827992 -0.560740 -0.000020
0.999951 -0.009950 -0.000000
0.999951 -0.009947 0.000024
0.845419 0.534104 0.000029
0.714095 0.700049 0.000023
-0.533684 -0.845684 -0.000026
-0.419038 -0.907969 -0.000028
0.393735 0.919224 0.000015
0.366645 0.930361 0.000016
0.120664 0.992693 0.000023
-0.116510 0.993190 0.000024
378
0 0 1 2 0 0 0 1
0 3 1 0 0 0 0 1
0 4 5 6 0 0 0 1
0 5 7 6 0 0 0 1
0 8 9 10 1 2 1 1
0 11 9 8 1 2 1 1
0 9 7 12 2 0 0 1
0 12 1 9 0 0 2 1
0 13 12 14 0 0 0 1
0 15 12 13 0 0 0 1
0 16 17 18 3 4 5 2
0 16 18 19 3 5 6 2
0 20 21 22 7 8 8 2
0 20 22 23 7 8 9 2
0 24 25 17 10 11 4 2
0 24 17 16 10 4 3 2
0 26 27 25 12 13 11 2
0 26 25 24 12 11 10 2
0 28 29 30 14 4 5 2
0 28 30 31 14 5 15 2
0 32 33 29 16 11 4 2
0 32 29 28 16 4 14 2
0 34 35 36 17 8 8 2
0 34 36 37 17 8 18 2
0 38 39 33 19 13 11 2
0 38 33 32 19 11 16 2
0 40 41 42 20 21 13 2
0 40 42 43 20 13 22 2
0 44 45 46 23 8 8 2
0 44 46 47 23 8 24 2
0 48 49 41 25 26 21 2
0 48 41 40 25 21 20 2
0 50 51 49 27 5 26 2
0 50 49 48 27 26 25 2
0 52 53 54 28 11 4 2
0 52 54 55 28 4 29 2
0 55 54 56 29 4 5 2
0 55 56 57 29 5 30 2
0 58 59 53 31 13 11 2
0 58 53 52 31 11 28 2
0 60 61 62 32 8 8 2
0 60 62 63 32 8 33 2
0 64 16 19 34 3 6 2
0 64 19 65 34 6 35 2
0 66 20 23 36 7 9 2
0 66 23 67 36 9 37 2
0 68 24 16 38 10 3 2
0 68 16 64 38 3 34 2
0 69 26 24 39 12 10 2
0 67 70 71 37 40 41 2
0 72 28 31 42 14 15 2
0 72 31 73 42 15 43 2
0 74 32 28 44 16 14 2
0 74 28 72 44 14 42 2
0 75 34 37 45 17 18 2
0 75 37 76 45 18 46 2
0 77 38 32 47 19 16 2
0 76 78 79 46 48 49 2
0 80 40 43 50 20 22 2
0 81 44 82 51 23 52 2
0 82 44 47 52 23 24 2
0 82 47 83 52 24 53 2
0 84 48 40 54 25 20 2
0 84 40 80 54 20 50 2
0 85 50 48 55 27 25 2
0 85 48 84 55 25 54 2
0 80 38 77 50 19 47 2
0 86 87 88 56 57 57 2
0 89 52 55 58 28 29 2
0 89 55 90 58 29 59 2
0 90 55 57 59 29 30 2
0 90 57 91 59 30 60 2
0 92 58 52 61 31 28 2
0 93 94 86 62 63 56 2
0 95 60 63 64 32 33 2
0 95 63 93 64 33 62 2
0 96 64 65 65 34 35 2
0 96 65 97 65 35 66 2
0 98 66 67 67 36 37 2
0 98 67 99 67 37 68 2
0 100 68 64 69 38 34 2
0 100 64 96 69 34 65 2
0 99 67 71 68 37 41 2
0 99 71 101 68 41 70 2
0 102 72 73 71 42 43 2
0 102 73 103 71 43 72 2
0 104 74 72 73 44 42 2
0 104 72 102 73 42 71 2
0 105 75 76 74 45 46 2
0 105 76 106 74 46 75 2
0 106 76 79 75 46 49 2
0 106 79 107 75 49 76 2
0 108 81 82 77 51 52 2
0 108 82 109 77 52 78 2
0 109 82 83 78 52 53 2
0 109 83 110 78 53 79 2
0 111 84 80 80 54 50 2
0 111 80 112 80 50 81 2
0 113 85 84 82 55 54 2
0 113 84 111 82 54 80 2
0 114 89 90 83 58 59 2
0 114 90 115 83 59 84 2
0 115 90 91 84 59 60 2
0 115 91 116 84 60 85 2
0 117 93 86 86 62 56 2
0 117 86 118 86 56 87 2
0 119 95 93 88 64 62 2
0 119 93 117 88 62 86 2
0 120 96 97 89 65 66 2
0 120 97 121 89 66 90 2
0 122 98 99 91 67 68 2
0 122 99 123 91 68 92 2
0 124 100 96 93 69 65 2
0 124 96 120 93 65 89 2
0 123 99 101 92 68 70 2
0 123 101 125 92 70 94 2
0 126 102 103 95 71 72 2
0 126 103 127 95 72 96 2
0 128 104 102 97 73 71 2
0 128 102 126 97 71 95 2
0 129 105 106 98 74 75 2
0 129 106 130 98 75 99 2
0 130 106 107 99 75 76 2
0 130 107 131 99 76 100 2
0 132 108 109 101 77 78 2
0 132 109 133 101 78 102 2
0 133 109 110 102 78 79 2
0 133 110 134 102 79 103 2
0 135 111 112 104 80 81 2
0 135 112 136 104 81 105 2
0 137 113 111 106 82 80 2
0 137 111 135 106 80 104 2
0 136 112 138 105 81 107 2
0 136 138 139 105 107 108 2
0 139 138 114 108 107 83 2
0 139 114 140 108 83 109 2
0 141 118 142 110 87 111 2
0 141 142 143 110 111 112 2
0 143 142 108 112 111 77 2
0 143 108 132 112 77 101 2
0 140 114 115 109 83 84 2
0 140 115 144 109 84 113 2
0 144 115 116 113 84 85 2
0 144 116 145 113 85 114 2
0 146 117 118 115 86 87 2
0 146 118 141 115 87 110 2
0 147 119 117 116 88 86 2
0 147 117 146 116 86 115 2
0 1 120 121 117 89 90 2
0 1 121 2 117 90 118 2
0 148 122 123 119 91 92 2
0 148 123 149 119 92 120 2
0 3 124 120 121 93 89 2
0 3 120 1 121 89 117 2
0 149 123 125 120 92 94 2
0 149 125 150 120 94 122 2
0 4 126 127 123 95 96 2
0 4 127 5 123 96 124 2
0 6 128 126 125 97 95 2
0 6 126 4 125 95 123 2
0 151 130 152 126 99 127 2
0 152 131 153 127 100 128 2
0 154 132 133 129 101 102 2
0 154 133 155 129 102 130 2
0 155 133 134 130 102 103 2
0 155 134 156 130 103 131 2
0 11 135 136 132 104 105 2
0 11 136 9 132 105 133 2
0 8 137 135 134 106 104 2
0 8 135 11 134 104 132 2
0 9 139 7 133 108 135 2
0 7 140 12 135 109 136 2
0 157 143 158 137 112 138 2
0 158 132 154 138 101 129 2
0 12 140 144 136 109 113 2
0 12 144 14 136 113 139 2
0 14 144 145 139 113 114 2
0 14 145 13 139 114 140 2
0 159 146 141 141 115 110 2
0 159 141 157 141 110 137 2
0 160 147 146 142 116 115 2
0 160 146 159 142 115 141 2
0 161 162 163 8 8 8 1
0 162 161 164 8 8 8 1
0 164 165 162 8 8 8 1
0 165 164 166 8 8 8 1
0 166 167 165 8 8 8 1
0 167 166 168 8 8 8 1
0 169 170 167 8 8 8 1
0 167 168 169 8 8 8 1
0 169 171 170 8 8 8 1
0 171 169 172 8 8 8 1
0 173 174 175 143 144 145 2
0 173 175 176 143 145 146 2
0 176 175 177 146 145 147 2
0 176 177 178 146 147 148 2
0 178 177 179 148 147 149 2
0 178 179 180 148 149 150 2
0 181 182 174 151 152 144 2
0 181 174 173 151 144 143 2
0 180 179 183 150 149 153 2
0 180 183 184 150 153 154 2
0 185 186 182 152 151 152 2
0 185 182 181 152 152 151 2
0 184 183 187 154 153 154 2
0 184 187 188 154 154 153 2
0 189 190 186 151 152 151 2
0 189 186 185 151 151 152 2
0 188 187 191 153 154 153 2
0 188 191 192 153 153 154 2
0 193 194 190 155 156 152 2
0 193 190 189 155 152 151 2
0 192 191 195 154 153 157 2
0 192 195 196 154 157 158 2
0 196 195 194 158 157 156 2
0 196 194 193 158 156 155 2
0 197 198 199 8 8 8 1
0 198 200 199 8 8 8 1
0 199 201 197 8 8 8 1
0 199 202 201 8 8 8 1
0 203 201 204 8 8 8 1
0 201 202 204 8 8 8 1
0 198 203 204 8 8 8 1
0 198 204 200 8 8 8 1
0 205 206 207 159 160 159 2
0 205 207 208 159 159 159 2
0 209 210 211 161 162 163 2
0 209 211 212 161 163 164 2
0 201 213 214 165 165 165 2
0 201 214 197 165 165 165 2
0 212 211 215 164 163 166 2
0 212 215 216 164 166 167 2
0 217 218 219 168 169 168 2
0 217 219 220 168 168 168 2
0 216 215 221 167 166 170 2
0 216 221 222 167 170 171 2
0 198 223 224 172 172 172 2
0 198 224 203 172 172 172 2
0 222 221 210 171 170 162 2
0 222 210 209 171 162 161 2
0 225 226 227 8 8 8 1
0 226 228 227 8 8 8 1
0 227 229 225 8 8 8 1
0 227 230 229 8 8 8 1
0 231 229 232 8 8 8 1
0 229 230 232 8 8 8 1
0 226 231 232 8 8 8 1
0 226 232 228 8 8 8 1
0 233 234 235 160 160 160 2
0 233 235 236 160 160 160 2
0 237 238 239 161 162 163 2
0 237 239 240 161 163 164 2
0 229 241 242 173 173 173 2
0 229 242 225 173 173 173 2
0 240 239 243 164 163 166 2
0 240 243 244 164 166 167 2
0 245 246 247 169 169 169 2
0 245 247 248 169 169 169 2
0 244 243 249 167 166 170 2
0 244 249 250 167 170 171 2
0 226 251 252 174 174 174 2
0 226 252 231 174 174 174 2
0 250 249 238 171 170 162 2
0 250 238 237 171 162 161 2
0 253 254 255 175 176 177 1
0 254 256 255 176 178 177 1
0 255 257 253 177 179 175 1
0 255 258 257 177 180 179 1
0 259 257 260 181 179 182 1
0 257 258 260 179 180 182 1
0 254 259 260 176 181 182 1
0 254 260 256 176 182 178 1
0 261 262 263 183 184 185 2
0 261 263 264 183 185 186 2
0 265 266 267 0 0 187 2
0 265 267 268 0 187 188 2
0 257 269 270 189 190 189 2
0 257 270 253 189 189 189 2
0 268 267 271 188 187 191 2
0 268 271 272 188 191 192 2
0 273 274 275 193 194 195 2
0 273 275 276 193 195 196 2
0 272 271 277 192 191 1 2
0 272 277 278 192 1 1 2
0 264 263 274 186 185 194 2
0 264 274 273 186 194 193 2
0 260 279 280 197 197 197 2
0 260 280 256 197 197 197 2
0 281 282 283 198 199 200 1
0 282 284 283 199 201 200 1
0 283 285 281 200 202 198 1
0 283 286 285 200 203 202 1
0 287 285 288 204 202 205 1
0 285 286 288 202 203 205 1
0 282 287 288 199 204 205 1
0 282 288 284 199 205 201 1
0 289 290 291 206 207 208 2
0 289 291 292 206 208 209 2
0 293 294 295 210 211 0 2
0 293 295 296 210 0 0 2
0 297 298 290 212 213 207 2
0 297 290 289 212 207 206 2
0 283 299 300 214 214 214 2
0 283 300 286 214 214 214 2
0 301 302 298 215 216 213 2
0 301 298 297 215 213 212 2
0 303 304 305 1 1 217 2
0 303 305 306 1 217 218 2
0 282 307 308 219 219 219 2
0 282 308 287 219 219 219 2
0 306 305 294 218 217 211 2
0 306 294 293 218 211 210 2
0 309 310 311 220 221 222 1
0 310 312 311 221 223 222 1
0 311 313 309 222 224 220 1
0 311 314 313 222 225 224 1
0 315 313 316 226 224 227 1
0 313 314 316 224 225 227 1
0 310 315 316 221 226 227 1
0 310 316 312 221 227 223 1
0 317 318 319 228 229 230 2
0 317 319 320 228 230 231 2
0 312 321 322 0 0 232 2
0 312 322 311 0 232 233 2
0 323 324 318 234 235 229 2
0 323 318 317 234 229 228 2
0 311 322 325 233 232 236 2
0 311 325 314 233 236 237 2
0 326 327 324 238 239 235 2
0 326 324 323 238 235 234 2
0 314 325 328 237 236 1 2
0 314 328 316 237 1 1 2
0 310 329 330 240 241 240 2
0 310 330 315 240 240 240 2
0 331 332 333 242 242 242 2
0 331 333 334 242 242 242 2
0 335 336 337 8 8 8 1
0 335 338 336 8 8 8 1
0 338 339 336 8 8 8 1
0 340 339 338 8 8 8 1
0 338 341 340 8 8 8 1
0 341 342 340 8 8 8 1
0 342 343 340 8 8 8 1
0 342 344 343 8 8 8 1
0 344 342 345 8 8 8 1
0 345 346 344 8 8 8 1
0 346 345 347 8 8 8 1
0 337 347 348 8 8 8 1
0 347 337 346 8 8 8 1
0 348 335 337 8 8 8 1
0 349 350 351 243 244 245 2
0 349 351 352 243 245 246 2
0 335 353 354 247 248 249 2
0 355 356 357 250 250 251 2
0 339 358 359 252 252 253 2
0 360 350 349 254 244 243 2
0 361 362 363 255 255 255 2
0 340 358 339 256 252 252 2
0 338 354 364 257 249 257 2
0 357 365 366 251 258 259 2
0 366 365 367 259 258 260 2
0 366 367 368 259 260 261 2
0 343 369 370 262 263 262 2
0 343 370 340 262 262 256 2
0 371 372 373 264 265 5 2
0 371 373 374 264 5 5 2
0 368 367 375 261 260 266 2
0 342 376 345 267 268 269 2
0 377 378 372 270 271 265 2
0 377 372 371 270 265 264 2
0 345 376 379 269 268 272 2
0 345 379 347 269 272 273 2
0 347 379 380 273 272 274 2
0 347 380 348 273 274 275 2
0 352 351 378 246 245 271 2
0 352 378 377 246 271 270 2
0 348 380 353 275 274 248 2
0 348 353 335 275 248 247 2

Materials: 3
"Blz"
0.200000 0.200000 0.200000 1.000000
0.800000 0.800000 0.800000 1.000000
0.000000 0.000000 0.000000 1.000000
0.000000 0.000000 0.000000 1.000000
0.000000
1.000000
"..\..\..\..\88.MyDream\IOS\ResourceWork\Image\House1.tga"
""
"Blz_Other"
0.200000 0.200000 0.200000 1.000000
0.800000 0.800000 0.800000 1.000000
0.000000 0.000000 0.000000 1.000000
0.000000 0.000000 0.000000 1.000000
0.000000
1.000000
"..\..\..\..\88.MyDream\IOS\ResourceWork\Image\House1.tga"
""
"Material01"
0.200000 0.200000 0.200000 1.000000
0.800000 0.800000 0.800000 1.000000
0.000000 0.000000 0.000000 1.000000
0.000000 0.000000 0.000000 1.000000
0.000000
1.000000
"..\..\..\..\88.MyDream\IOS\ResourceWork\Image\House1.tga"
""

Bones: 0
GroupComments: 0
MaterialComments: 0
BoneComments: 0
ModelComment: 0
