// MilkShape 3D ASCII

Frames: 30
Frame: 1

Meshes: 4
"1_Blz" 0 0
34
0 -8.000000 30.000000 2.000000 0.000000 0.000000 -1
32 -8.000000 0.000000 2.000000 0.000000 0.000000 -1
0 -8.000000 0.000000 5.000000 0.000000 0.000000 -1
0 -8.000000 30.000000 5.000000 0.000000 0.000000 -1
0 9.000000 0.000000 5.000000 0.000000 0.000000 -1
0 9.000000 30.000000 5.000000 0.000000 0.000000 -1
32 9.000000 0.000000 2.000000 0.000000 0.000000 -1
0 9.000000 30.000000 2.000000 0.000000 0.000000 -1
0 -13.000000 30.000000 -2.000000 0.000000 0.000000 -1
32 -13.000000 0.000000 -2.000000 0.000000 0.000000 -1
0 -13.000000 0.000000 2.000000 0.000000 0.000000 -1
0 -13.000000 30.000000 2.000000 0.000000 0.000000 -1
0 13.000000 0.000000 2.000000 0.000000 0.000000 -1
0 13.000000 30.000000 2.000000 0.000000 0.000000 -1
32 13.000000 0.000000 -2.000000 0.000000 0.000000 -1
0 13.000000 30.000000 -2.000000 0.000000 0.000000 -1
0 16.000000 0.000000 -2.000000 0.000000 0.000000 -1
0 16.000000 30.000000 -2.000000 0.000000 0.000000 -1
0 16.000000 0.000000 -13.000000 0.000000 0.000000 -1
0 16.000000 30.000000 -13.000000 0.000000 0.000000 -1
32 13.000000 0.000000 -13.000000 0.000000 0.000000 -1
0 13.000000 30.000000 -13.000000 0.000000 0.000000 -1
0 -16.000000 30.000000 -13.000000 0.000000 0.000000 -1
0 -16.000000 0.000000 -13.000000 0.000000 0.000000 -1
0 -16.000000 0.000000 -2.000000 0.000000 0.000000 -1
0 -16.000000 30.000000 -2.000000 0.000000 0.000000 -1
0 -13.000000 30.000000 -13.000000 0.000000 0.000000 -1
32 -13.000000 0.000000 -13.000000 0.000000 0.000000 -1
0 -13.000000 30.000000 -16.000000 0.000000 0.000000 -1
0 -13.000000 0.000000 -16.000000 0.000000 0.000000 -1
0 13.000000 0.000000 -16.000000 0.000000 0.000000 -1
0 13.000000 30.000000 -16.000000 0.000000 0.000000 -1
32 -8.000000 30.000000 -2.000000 0.000000 0.000000 -1
32 9.000000 30.000000 -2.000000 0.000000 0.000000 -1
9
-0.894427 0.000000 0.447214
-0.447214 0.000000 0.894427
0.447214 0.000000 0.894427
0.894427 0.000000 0.447214
0.894427 0.000000 -0.447214
0.447214 0.000000 -0.894427
-0.894427 0.000000 -0.447214
-0.447214 0.000000 -0.894427
0.000000 1.000000 0.000000
38
0 0 1 2 0 1 0 2
0 0 2 3 0 0 1 2
0 3 2 4 1 0 2 2
0 3 4 5 1 2 3 2
0 5 4 6 3 2 3 2
0 5 6 7 3 3 2 2
0 8 9 10 0 1 0 2
0 8 10 11 0 0 1 2
0 11 10 1 1 0 1 2
0 11 1 0 1 1 0 2
0 7 6 12 2 3 2 2
0 7 12 13 2 2 3 2
0 13 12 14 3 2 3 2
0 13 14 15 3 3 2 2
0 15 14 16 2 3 2 2
0 15 16 17 2 2 3 2
0 17 16 18 3 2 4 2
0 17 18 19 3 4 5 2
0 19 18 20 5 4 5 2
0 19 20 21 5 5 4 2
0 22 23 24 6 7 0 2
0 22 24 25 6 0 1 2
0 25 24 9 1 0 1 2
0 25 9 8 1 1 0 2
0 26 27 23 7 6 7 2
0 26 23 22 7 7 6 2
0 28 29 27 6 7 6 2
0 28 27 26 6 6 7 2
0 21 20 30 4 5 4 2
0 21 30 31 4 4 5 2
0 31 30 29 5 4 7 2
0 31 29 28 5 7 6 2
0 32 8 0 8 8 8 1
0 0 8 11 8 8 8 1
0 13 15 33 8 8 8 1
0 7 13 33 8 8 8 1
0 31 28 26 8 8 8 1
0 31 26 21 8 8 8 1
"1_Blz_Frame" 0 1
208
0 -16.692411 28.938904 -10.472916 0.000000 0.000000 -1
0 -16.692411 28.458702 -10.111666 0.000000 0.000000 -1
0 -16.692411 28.458702 -7.221671 0.000000 0.000000 -1
0 -16.692411 28.938904 -6.860423 0.000000 0.000000 -1
0 -16.692411 23.279396 -10.111666 0.000000 0.000000 -1
0 -16.692411 22.799202 -10.472916 0.000000 0.000000 -1
0 -16.692411 22.799202 -6.860423 0.000000 0.000000 -1
0 -16.692411 23.279396 -7.221671 0.000000 0.000000 -1
0 -16.155825 28.458702 -10.111666 0.000000 0.000000 -1
0 -16.155825 28.458702 -7.221671 0.000000 0.000000 -1
0 -15.692410 28.938904 -6.860423 0.000000 0.000000 -1
0 -15.692410 28.938904 -10.472916 0.000000 0.000000 -1
0 -16.155825 23.279396 -10.111666 0.000000 0.000000 -1
0 -15.692410 22.799202 -10.472916 0.000000 0.000000 -1
0 -15.692410 22.799202 -6.860423 0.000000 0.000000 -1
0 -16.155825 23.279396 -7.221671 0.000000 0.000000 -1
0 -0.000000 18.948402 8.977674 0.000000 0.000000 -1
0 -1.082544 18.948402 8.977674 0.000000 0.000000 -1
0 -0.000000 17.830673 8.977674 0.000000 0.000000 -1
0 -1.082544 17.830673 8.977674 0.000000 0.000000 -1
0 -2.165087 17.144842 8.977674 0.000000 0.000000 -1
0 -2.165087 18.262573 8.977674 0.000000 0.000000 -1
0 -3.247631 16.712933 8.977674 0.000000 0.000000 -1
0 -3.247631 15.595198 8.977674 0.000000 0.000000 -1
0 -4.330175 14.477461 8.977674 0.000000 0.000000 -1
0 -4.330175 13.359724 8.977674 0.000000 0.000000 -1
0 1.082543 18.948402 8.977674 0.000000 0.000000 -1
0 1.082543 17.830673 8.977674 0.000000 0.000000 -1
0 2.165088 18.262573 8.977674 0.000000 0.000000 -1
0 2.165088 17.144842 8.977674 0.000000 0.000000 -1
0 3.247631 16.712933 8.977674 0.000000 0.000000 -1
0 3.247631 15.595198 8.977674 0.000000 0.000000 -1
0 4.330175 14.477461 8.977674 0.000000 0.000000 -1
0 4.330175 13.359724 8.977674 0.000000 0.000000 -1
0 -0.000000 18.948402 4.764007 0.000000 0.000000 -1
0 -1.082544 18.948402 4.764007 0.000000 0.000000 -1
0 -0.000000 17.830673 4.764007 0.000000 0.000000 -1
0 -1.082544 17.830673 4.764007 0.000000 0.000000 -1
0 -2.165087 17.144855 4.764007 0.000000 0.000000 -1
0 -2.165087 18.262594 4.764007 0.000000 0.000000 -1
0 -3.247631 16.712933 4.764007 0.000000 0.000000 -1
0 -3.247631 15.595198 4.764007 0.000000 0.000000 -1
0 -4.330175 14.477461 4.764007 0.000000 0.000000 -1
0 -4.330175 13.359724 4.764007 0.000000 0.000000 -1
0 1.082543 18.948402 4.764007 0.000000 0.000000 -1
0 1.082543 17.830673 4.764007 0.000000 0.000000 -1
0 2.165088 17.144855 4.764007 0.000000 0.000000 -1
0 2.165088 18.262594 4.764007 0.000000 0.000000 -1
0 3.247631 16.712933 4.764007 0.000000 0.000000 -1
0 3.247631 15.595198 4.764007 0.000000 0.000000 -1
0 4.330175 14.477461 4.764007 0.000000 0.000000 -1
0 4.330175 13.359724 4.764007 0.000000 0.000000 -1
0 4.330175 4.417836 8.996682 0.000000 0.000000 -1
0 3.788903 4.417836 8.996682 0.000000 0.000000 -1
0 3.788903 1.064627 8.996682 0.000000 0.000000 -1
0 4.330175 -0.053109 8.996682 0.000000 0.000000 -1
0 -3.788903 1.064627 8.996682 0.000000 0.000000 -1
0 -4.330175 -0.053109 8.996682 0.000000 0.000000 -1
0 -3.788903 4.417836 8.996682 0.000000 0.000000 -1
0 -4.330175 4.417836 8.996682 0.000000 0.000000 -1
0 4.330175 4.417836 8.996657 0.000000 0.000000 -1
0 4.330175 4.417836 4.764007 0.000000 0.000000 -1
0 3.788903 4.417836 4.764007 0.000000 0.000000 -1
0 3.788903 4.417836 8.996657 0.000000 0.000000 -1
0 3.788903 1.064627 4.764007 0.000000 0.000000 -1
0 3.788903 1.064627 8.996657 0.000000 0.000000 -1
0 4.330175 -0.053109 8.996657 0.000000 0.000000 -1
0 4.330175 -0.053109 4.764007 0.000000 0.000000 -1
0 -3.788903 1.064627 4.764007 0.000000 0.000000 -1
0 -3.788903 1.064627 8.996657 0.000000 0.000000 -1
0 -4.330175 -0.053109 8.996657 0.000000 0.000000 -1
0 -4.330175 -0.053109 4.764007 0.000000 0.000000 -1
0 -3.788903 4.417836 4.764007 0.000000 0.000000 -1
0 -3.788903 4.417836 8.996657 0.000000 0.000000 -1
0 -4.330175 4.417836 4.764007 0.000000 0.000000 -1
0 -4.330175 4.417836 8.996657 0.000000 0.000000 -1
0 -3.788903 4.417836 8.059549 0.000000 1.000000 -1
0 -3.788903 13.359724 8.059549 0.000000 0.000000 -1
0 -3.868171 4.417836 8.413102 0.125000 1.000000 -1
0 -3.868171 13.359724 8.413102 0.125000 0.000000 -1
0 -4.059539 13.359724 8.559548 0.250000 0.000000 -1
0 -4.059539 4.417836 8.559548 0.250000 1.000000 -1
0 -4.250907 4.417836 8.413102 0.375000 1.000000 -1
0 -4.250907 13.359724 8.413102 0.375000 0.000000 -1
0 -4.330175 13.359724 8.059549 0.500000 0.000000 -1
0 -4.330175 4.417836 8.059549 0.500000 1.000000 -1
0 -4.250907 4.417836 7.705997 0.625000 1.000000 -1
0 -4.250907 13.359724 7.705997 0.625000 0.000000 -1
0 -4.059539 13.359724 7.559551 0.750000 0.000000 -1
0 -4.059539 4.417836 7.559551 0.750000 1.000000 -1
0 -3.868171 4.417836 7.705997 0.875000 1.000000 -1
0 -3.868171 13.359724 7.705997 0.875000 0.000000 -1
0 -3.788903 13.359724 8.059549 1.000000 0.000000 -1
0 -3.788903 4.417836 8.059549 1.000000 1.000000 -1
0 4.330175 4.417836 8.059549 0.000000 1.000000 -1
0 4.330175 13.359724 8.059549 0.000000 0.000000 -1
0 4.250907 4.417836 8.413102 0.125000 1.000000 -1
0 4.250907 13.359724 8.413102 0.125000 0.000000 -1
0 4.059539 13.359724 8.559548 0.250000 0.000000 -1
0 4.059539 4.417836 8.559548 0.250000 1.000000 -1
0 3.868171 4.417836 8.413102 0.375000 1.000000 -1
0 3.868171 13.359724 8.413102 0.375000 0.000000 -1
0 3.788903 13.359724 8.059549 0.500000 0.000000 -1
0 3.788903 4.417836 8.059549 0.500000 1.000000 -1
0 3.868171 4.417836 7.705997 0.625000 1.000000 -1
0 3.868171 13.359724 7.705997 0.625000 0.000000 -1
0 4.059539 13.359724 7.559551 0.750000 0.000000 -1
0 4.059539 4.417836 7.559551 0.750000 1.000000 -1
0 4.250907 4.417836 7.705997 0.875000 1.000000 -1
0 4.250907 13.359724 7.705997 0.875000 0.000000 -1
0 4.330175 13.359724 8.059549 1.000000 0.000000 -1
0 4.330175 4.417836 8.059549 1.000000 1.000000 -1
0 -4.330175 13.359724 6.290322 0.000000 0.000000 -1
0 -4.330175 4.417836 6.290322 0.000000 1.000000 -1
0 -3.788903 13.359724 6.290322 1.000000 0.000000 -1
0 -3.788903 4.417836 6.290322 1.000000 1.000000 -1
0 -3.788903 13.359724 6.290322 0.000000 0.000000 -1
0 -3.788903 4.417836 6.290322 0.000000 1.000000 -1
0 -3.788903 13.359724 5.290322 1.000000 0.000000 -1
0 -3.788903 4.417836 5.290322 1.000000 1.000000 -1
0 -4.330175 13.359724 5.290322 0.000000 0.000000 -1
0 -4.330175 4.417836 5.290322 0.000000 1.000000 -1
0 -4.330175 13.359724 6.290322 1.000000 0.000000 -1
0 -4.330175 4.417836 6.290322 1.000000 1.000000 -1
0 -4.330175 13.359724 6.290322 0.000000 1.000000 -1
0 -3.788903 13.359724 6.290322 1.000000 1.000000 -1
0 -4.330175 4.417836 6.290322 0.000000 0.000000 -1
0 -3.788903 4.417836 6.290322 1.000000 0.000000 -1
0 3.788903 13.359724 6.290322 0.000000 0.000000 -1
0 3.788903 4.417836 6.290322 0.000000 1.000000 -1
0 4.330175 13.359724 6.290322 1.000000 0.000000 -1
0 4.330175 4.417836 6.290322 1.000000 1.000000 -1
0 4.330175 13.359724 6.290322 0.000000 0.000000 -1
0 4.330175 4.417836 6.290322 0.000000 1.000000 -1
0 4.330175 13.359724 5.290322 1.000000 0.000000 -1
0 4.330175 4.417836 5.290322 1.000000 1.000000 -1
0 3.788903 13.359724 5.290322 0.000000 0.000000 -1
0 3.788903 4.417836 5.290322 0.000000 1.000000 -1
0 3.788903 13.359724 6.290322 1.000000 0.000000 -1
0 3.788903 4.417836 6.290322 1.000000 1.000000 -1
0 3.788903 13.359724 6.290322 0.000000 1.000000 -1
0 4.330175 13.359724 6.290322 1.000000 1.000000 -1
0 3.788903 4.417836 6.290322 0.000000 0.000000 -1
0 4.330175 4.417836 6.290322 1.000000 0.000000 -1
0 -2.165087 14.397628 5.704957 0.000000 0.000000 -1
0 2.165088 14.397628 5.704957 0.000000 0.000000 -1
0 2.706360 15.515358 5.704957 0.000000 0.000000 -1
0 -2.706360 15.515358 5.704957 0.000000 0.000000 -1
0 2.165088 2.342041 5.704957 0.000000 0.000000 -1
0 2.706360 1.224303 5.704957 0.000000 0.000000 -1
0 -2.706360 1.224303 5.704957 0.000000 0.000000 -1
0 -2.165087 2.342041 5.704957 0.000000 0.000000 -1
0 -2.165087 14.397628 5.168371 0.000000 0.000000 -1
0 2.165088 14.397628 5.168371 0.000000 0.000000 -1
0 2.706360 15.515358 4.704957 0.000000 0.000000 -1
0 -2.706360 15.515358 4.704957 0.000000 0.000000 -1
0 2.165088 2.342041 5.168371 0.000000 0.000000 -1
0 2.706360 1.224303 4.704957 0.000000 0.000000 -1
0 -2.706360 1.224303 4.704957 0.000000 0.000000 -1
0 -2.165087 2.342041 5.168371 0.000000 0.000000 -1
0 -5.611665 28.458702 5.747968 0.000000 0.000000 -1
0 -2.721670 28.458702 5.747968 0.000000 0.000000 -1
0 -2.360421 28.938904 5.747968 0.000000 0.000000 -1
0 -5.972913 28.938904 5.747968 0.000000 0.000000 -1
0 -2.721670 23.279396 5.747968 0.000000 0.000000 -1
0 -2.360421 22.799202 5.747968 0.000000 0.000000 -1
0 -5.972913 22.799202 5.747968 0.000000 0.000000 -1
0 -5.611665 23.279396 5.747968 0.000000 0.000000 -1
0 -5.611665 28.458702 5.211382 0.000000 0.000000 -1
0 -2.721670 28.458702 5.211382 0.000000 0.000000 -1
0 -2.360421 28.938904 4.747968 0.000000 0.000000 -1
0 -5.972913 28.938904 4.747968 0.000000 0.000000 -1
0 -2.721670 23.279396 5.211382 0.000000 0.000000 -1
0 -2.360421 22.799202 4.747968 0.000000 0.000000 -1
0 -5.972913 22.799202 4.747968 0.000000 0.000000 -1
0 -5.611665 23.279396 5.211382 0.000000 0.000000 -1
0 3.971668 28.458702 5.747968 0.000000 0.000000 -1
0 6.861663 28.458702 5.747968 0.000000 0.000000 -1
0 7.222912 28.938904 5.747968 0.000000 0.000000 -1
0 3.610420 28.938904 5.747968 0.000000 0.000000 -1
0 6.861663 23.279396 5.747968 0.000000 0.000000 -1
0 7.222912 22.799202 5.747968 0.000000 0.000000 -1
0 3.610420 22.799202 5.747968 0.000000 0.000000 -1
0 3.971668 23.279396 5.747968 0.000000 0.000000 -1
0 3.971668 28.458702 5.211382 0.000000 0.000000 -1
0 6.861663 28.458702 5.211382 0.000000 0.000000 -1
0 7.222912 28.938904 4.747968 0.000000 0.000000 -1
0 3.610420 28.938904 4.747968 0.000000 0.000000 -1
0 6.861663 23.279396 5.211382 0.000000 0.000000 -1
0 7.222912 22.799202 4.747968 0.000000 0.000000 -1
0 3.610420 22.799202 4.747968 0.000000 0.000000 -1
0 3.971668 23.279396 5.211382 0.000000 0.000000 -1
0 16.692411 28.458702 -7.221671 0.000000 0.000000 -1
0 16.692411 28.458702 -10.111666 0.000000 0.000000 -1
0 16.692411 28.938904 -10.472916 0.000000 0.000000 -1
0 16.692411 28.938904 -6.860423 0.000000 0.000000 -1
0 16.692411 23.279396 -10.111666 0.000000 0.000000 -1
0 16.692411 22.799202 -10.472916 0.000000 0.000000 -1
0 16.692411 22.799202 -6.860423 0.000000 0.000000 -1
0 16.692411 23.279396 -7.221671 0.000000 0.000000 -1
0 16.155825 28.458702 -7.221671 0.000000 0.000000 -1
0 16.155825 28.458702 -10.111666 0.000000 0.000000 -1
0 15.692410 28.938904 -10.472916 0.000000 0.000000 -1
0 15.692410 28.938904 -6.860423 0.000000 0.000000 -1
0 16.155825 23.279396 -10.111666 0.000000 0.000000 -1
0 15.692410 22.799202 -10.472916 0.000000 0.000000 -1
0 15.692410 22.799202 -6.860423 0.000000 0.000000 -1
0 16.155825 23.279396 -7.221671 0.000000 0.000000 -1
82
-1.000000 0.000000 0.000000
0.000000 -0.894427 0.447214
0.000000 -0.447214 -0.894427
0.000000 -0.894427 -0.447214
0.000000 -0.447214 0.894427
0.000000 0.894427 0.447214
0.000000 0.447214 -0.894427
0.000000 0.894427 -0.447214
0.000000 0.447214 0.894427
0.000000 0.000000 1.000000
-0.316228 0.948683 0.000000
0.316228 0.948683 0.000000
-0.184880 0.982761 0.000000
-0.369764 0.929126 0.000001
0.316228 -0.948683 0.000000
-0.316228 -0.948683 0.000000
0.184885 -0.982760 0.000000
0.369766 -0.929125 -0.000001
0.641182 -0.767389 -0.000002
0.737729 -0.675097 -0.000002
-0.641181 0.767390 0.000002
-0.737731 0.675095 0.000002
-0.848905 0.528545 0.000001
-0.875727 0.482807 0.000000
0.848905 -0.528545 -0.000001
0.875728 -0.482805 0.000000
-0.954803 0.297241 0.000000
-0.988894 0.148620 0.000000
0.676184 -0.736732 0.000000
-0.929681 -0.368366 0.000000
0.184884 0.982760 0.000000
0.369763 0.929126 0.000001
-0.184881 -0.982761 0.000000
-0.369766 -0.929125 -0.000001
-0.641182 -0.767389 -0.000002
-0.737731 -0.675095 -0.000002
0.641179 0.767391 0.000002
0.737727 0.675099 0.000002
0.848905 0.528545 0.000001
0.875728 0.482805 0.000000
-0.848905 -0.528545 -0.000001
-0.875727 -0.482806 0.000000
0.954803 0.297241 0.000000
0.988894 0.148620 0.000000
-0.676184 -0.736732 0.000000
0.929681 -0.368366 0.000000
0.707107 0.707107 0.000000
0.894427 0.447214 0.000000
-0.447214 0.894427 0.000000
-0.707107 0.707107 0.000000
-0.894427 0.447214 0.000000
0.707107 -0.707107 0.000000
0.447214 -0.894427 0.000000
0.447214 0.894427 0.000000
-0.707107 -0.707107 0.000000
-0.894427 -0.447214 0.000000
0.894427 -0.447214 0.000000
-0.447214 -0.894427 0.000000
0.975776 0.000000 0.218773
0.842398 0.000000 0.538856
0.000000 0.000000 1.000000
0.000000 0.000000 1.000000
-0.842398 0.000000 0.538856
-0.842398 0.000000 0.538856
-1.000000 0.000000 -0.000000
-0.842398 0.000000 -0.538856
-0.842398 0.000000 -0.538856
0.000000 0.000000 -1.000000
0.842398 0.000000 -0.538856
0.975776 0.000000 -0.218773
0.842398 0.000000 0.538856
-0.000000 0.000000 1.000000
-0.842398 0.000000 0.538856
-0.842398 0.000000 0.538856
-0.842398 0.000000 -0.538856
-0.000000 0.000000 -1.000000
-0.000000 0.000000 -1.000000
0.842398 0.000000 -0.538856
0.842398 0.000000 -0.538856
1.000000 0.000000 0.000000
0.000000 1.000000 0.000000
0.000000 -1.000000 0.000000
266
0 0 1 2 0 0 0 1
0 2 3 0 0 0 0 1
0 4 1 0 0 0 0 1
0 0 5 4 0 0 0 1
0 4 5 6 0 0 0 1
0 6 7 4 0 0 0 1
0 2 7 6 0 0 0 1
0 2 6 3 0 0 0 1
0 8 9 2 1 2 3 2
0 1 8 2 4 1 3 2
0 10 11 0 5 6 7 2
0 3 10 0 8 5 7 2
0 12 8 1 8 1 4 2
0 4 12 1 5 8 4 2
0 11 13 5 6 3 2 2
0 0 11 5 7 6 2 2
0 13 14 6 3 4 1 2
0 5 13 6 2 3 1 2
0 15 12 4 7 8 5 2
0 7 15 4 6 7 5 2
0 9 15 7 2 7 6 2
0 2 9 7 3 2 6 2
0 14 10 3 4 5 8 2
0 6 14 3 1 4 8 2
0 16 17 18 9 9 9 1
0 19 18 17 9 9 9 1
0 20 19 21 9 9 9 1
0 17 21 19 9 9 9 1
0 20 21 22 9 9 9 1
0 22 23 20 9 9 9 1
0 23 22 24 9 9 9 1
0 25 23 24 9 9 9 1
0 18 26 16 9 9 9 1
0 26 18 27 9 9 9 1
0 28 27 29 9 9 9 1
0 27 28 26 9 9 9 1
0 30 28 29 9 9 9 1
0 29 31 30 9 9 9 1
0 32 30 31 9 9 9 1
0 32 31 33 9 9 9 1
0 16 34 35 10 11 12 2
0 16 35 17 10 12 13 2
0 18 36 34 14 15 11 2
0 18 34 16 14 11 10 2
0 19 37 36 16 17 15 2
0 19 36 18 16 15 14 2
0 20 38 37 18 19 17 2
0 20 37 19 18 17 16 2
0 17 35 39 13 12 20 2
0 17 39 21 13 20 21 2
0 21 39 40 21 20 22 2
0 21 40 22 21 22 23 2
0 23 41 38 24 25 19 2
0 23 38 20 24 19 18 2
0 22 40 42 23 22 26 2
0 22 42 24 23 26 27 2
0 25 43 41 28 29 25 2
0 25 41 23 28 25 24 2
0 24 42 43 27 26 29 2
0 24 43 25 27 29 28 2
0 26 44 34 30 31 11 2
0 26 34 16 30 11 10 2
0 16 34 36 10 11 15 2
0 16 36 18 10 15 14 2
0 18 36 45 14 15 32 2
0 18 45 27 14 32 33 2
0 27 45 46 33 32 34 2
0 27 46 29 33 34 35 2
0 28 47 44 36 37 31 2
0 28 44 26 36 31 30 2
0 30 48 47 38 39 37 2
0 30 47 28 38 37 36 2
0 29 46 49 35 34 40 2
0 29 49 31 35 40 41 2
0 32 50 48 42 43 39 2
0 32 48 30 42 39 38 2
0 31 49 51 41 40 44 2
0 31 51 33 41 44 45 2
0 33 51 50 45 44 43 2
0 33 50 32 45 43 42 2
0 52 53 54 9 9 9 1
0 52 54 55 9 9 9 1
0 55 54 56 9 9 9 1
0 55 56 57 9 9 9 1
0 56 58 59 9 9 9 1
0 59 57 56 9 9 9 1
0 60 61 62 46 47 48 2
0 60 62 63 46 48 49 2
0 63 62 64 49 48 50 2
0 63 64 65 49 50 49 2
0 66 67 61 51 52 47 2
0 66 61 60 51 47 46 2
0 65 64 68 49 50 53 2
0 65 68 69 49 53 46 2
0 70 71 67 54 55 52 2
0 70 67 66 54 52 51 2
0 69 68 72 46 53 47 2
0 69 72 73 46 47 46 2
0 73 72 74 46 47 48 2
0 73 74 75 46 48 49 2
0 75 74 71 49 48 55 2
0 75 71 70 49 55 54 2
0 52 60 63 53 46 49 2
0 52 63 53 53 49 50 2
0 53 63 65 50 49 49 2
0 53 65 54 50 49 48 2
0 55 66 60 56 51 46 2
0 55 60 52 56 46 53 2
0 54 65 69 48 49 46 2
0 54 69 56 48 46 47 2
0 57 70 66 57 54 51 2
0 57 66 55 57 51 56 2
0 56 69 73 47 46 46 2
0 56 73 58 47 46 53 2
0 58 73 75 53 46 49 2
0 58 75 59 53 49 50 2
0 59 75 70 50 49 54 2
0 59 70 57 50 54 57 2
0 76 77 78 58 58 59 1
0 77 79 78 58 59 59 1
0 78 79 80 59 59 60 1
0 78 80 81 59 60 61 1
0 81 80 82 61 60 62 1
0 80 83 82 60 63 62 1
0 82 83 84 62 63 64 1
0 82 84 85 62 64 64 1
0 85 84 86 64 64 65 1
0 84 87 86 64 66 65 1
0 86 87 88 65 66 67 1
0 86 88 89 65 67 67 1
0 89 88 90 67 67 68 1
0 88 91 90 67 68 68 1
0 90 91 92 68 68 69 1
0 90 92 93 68 69 69 1
0 94 95 96 58 58 70 1
0 95 97 96 58 70 70 1
0 96 97 98 70 70 71 1
0 96 98 99 70 71 71 1
0 99 98 100 71 71 72 1
0 98 101 100 71 73 72 1
0 100 101 102 72 73 64 1
0 100 102 103 72 64 64 1
0 103 102 104 64 64 74 1
0 102 105 104 64 74 74 1
0 104 105 106 74 74 75 1
0 104 106 107 74 75 76 1
0 107 106 108 76 75 77 1
0 106 109 108 75 78 77 1
0 108 109 110 77 78 69 1
0 108 110 111 77 69 69 1
0 112 113 114 9 9 9 1
0 113 115 114 9 9 9 1
0 116 117 118 79 79 79 2
0 117 119 118 79 79 79 2
0 120 121 122 0 0 0 2
0 121 123 122 0 0 0 2
0 120 124 118 80 80 80 3
0 124 125 118 80 80 80 3
0 126 121 127 81 81 81 3
0 121 119 127 81 81 81 3
0 128 129 130 9 9 9 1
0 129 131 130 9 9 9 1
0 132 133 134 79 79 79 2
0 133 135 134 79 79 79 2
0 136 137 138 0 0 0 2
0 137 139 138 0 0 0 2
0 136 140 134 80 80 80 3
0 140 141 134 80 80 80 3
0 142 137 143 81 81 81 3
0 137 135 143 81 81 81 3
0 144 145 146 9 9 9 1
0 146 147 144 9 9 9 1
0 146 145 148 9 9 9 1
0 148 149 146 9 9 9 1
0 150 149 148 9 9 9 1
0 148 151 150 9 9 9 1
0 150 151 144 9 9 9 1
0 147 150 144 9 9 9 1
0 144 152 153 52 56 57 2
0 144 153 145 52 57 55 2
0 146 154 155 53 47 48 2
0 146 155 147 53 48 50 2
0 145 153 156 55 57 50 2
0 145 156 148 55 50 48 2
0 149 157 154 56 52 47 2
0 149 154 146 56 47 53 2
0 150 158 157 57 55 52 2
0 150 157 149 57 52 56 2
0 148 156 159 48 50 53 2
0 148 159 151 48 53 47 2
0 151 159 152 47 53 56 2
0 151 152 144 47 56 52 2
0 147 155 158 50 48 55 2
0 147 158 150 50 55 57 2
0 160 161 162 9 9 9 1
0 162 163 160 9 9 9 1
0 162 161 164 9 9 9 1
0 164 165 162 9 9 9 1
0 166 165 164 9 9 9 1
0 164 167 166 9 9 9 1
0 166 167 160 9 9 9 1
0 163 166 160 9 9 9 1
0 160 168 169 52 56 57 2
0 160 169 161 52 57 55 2
0 162 170 171 53 47 48 2
0 162 171 163 53 48 50 2
0 161 169 172 55 57 50 2
0 161 172 164 55 50 48 2
0 165 173 170 56 52 47 2
0 165 170 162 56 47 53 2
0 166 174 173 57 55 52 2
0 166 173 165 57 52 56 2
0 164 172 175 48 50 53 2
0 164 175 167 48 53 47 2
0 167 175 168 47 53 56 2
0 167 168 160 47 56 52 2
0 163 171 174 50 48 55 2
0 163 174 166 50 55 57 2
0 176 177 178 9 9 9 1
0 178 179 176 9 9 9 1
0 178 177 180 9 9 9 1
0 180 181 178 9 9 9 1
0 182 181 180 9 9 9 1
0 180 183 182 9 9 9 1
0 182 183 176 9 9 9 1
0 179 182 176 9 9 9 1
0 176 184 185 52 56 57 2
0 176 185 177 52 57 55 2
0 178 186 187 53 47 48 2
0 178 187 179 53 48 50 2
0 177 185 188 55 57 50 2
0 177 188 180 55 50 48 2
0 181 189 186 56 52 47 2
0 181 186 178 56 47 53 2
0 182 190 189 57 55 52 2
0 182 189 181 57 52 56 2
0 180 188 191 48 50 53 2
0 180 191 183 48 53 47 2
0 183 191 184 47 53 56 2
0 183 184 176 47 56 52 2
0 179 187 190 50 48 55 2
0 179 190 182 50 55 57 2
0 192 193 194 79 79 79 1
0 194 195 192 79 79 79 1
0 194 193 196 79 79 79 1
0 196 197 194 79 79 79 1
0 198 197 196 79 79 79 1
0 196 199 198 79 79 79 1
0 198 199 192 79 79 79 1
0 195 198 192 79 79 79 1
0 192 200 201 3 2 1 2
0 192 201 193 3 1 4 2
0 194 202 203 7 6 5 2
0 194 203 195 7 5 8 2
0 193 201 204 4 1 8 2
0 193 204 196 4 8 5 2
0 197 205 202 2 3 6 2
0 197 202 194 2 6 7 2
0 198 206 205 1 4 3 2
0 198 205 197 1 3 2 2
0 196 204 207 5 8 7 2
0 196 207 199 5 7 6 2
0 199 207 200 6 7 2 2
0 199 200 192 6 2 3 2
0 195 203 206 8 5 4 2
0 195 206 198 8 4 1 2
"1_Blz_Windows" 0 2
20
0 -16.155825 28.458702 -7.221671 0.000000 0.000000 -1
0 -16.155825 23.279396 -10.111666 0.000000 0.000000 -1
0 -16.155825 23.279396 -7.221671 0.000000 0.000000 -1
0 -16.155825 28.458702 -10.111666 0.000000 0.000000 -1
0 -2.165087 2.342041 5.168371 0.000000 0.000000 -1
0 2.165088 2.342041 5.168371 0.000000 0.000000 -1
0 -2.165087 14.397628 5.168371 0.000000 0.000000 -1
0 2.165088 14.397628 5.168371 0.000000 0.000000 -1
0 -5.611665 23.279396 5.211382 0.000000 0.000000 -1
0 -2.721670 23.279396 5.211382 0.000000 0.000000 -1
0 -5.611665 28.458702 5.211382 0.000000 0.000000 -1
0 -2.721670 28.458702 5.211382 0.000000 0.000000 -1
0 3.971668 23.279396 5.211382 0.000000 0.000000 -1
0 6.861663 23.279396 5.211382 0.000000 0.000000 -1
0 3.971668 28.458702 5.211382 0.000000 0.000000 -1
0 6.861663 28.458702 5.211382 0.000000 0.000000 -1
0 16.155825 23.279396 -7.221671 0.000000 0.000000 -1
0 16.155825 23.279396 -10.111666 0.000000 0.000000 -1
0 16.155825 28.458702 -7.221671 0.000000 0.000000 -1
0 16.155825 28.458702 -10.111666 0.000000 0.000000 -1
3
-1.000000 0.000000 0.000000
0.000000 0.000000 1.000000
1.000000 0.000000 0.000000
10
0 0 1 2 0 0 0 1
0 3 1 0 0 0 0 1
0 4 5 6 1 1 1 1
0 6 5 7 1 1 1 1
0 8 9 10 1 1 1 1
0 10 9 11 1 1 1 1
0 12 13 14 1 1 1 1
0 14 13 15 1 1 1 1
0 16 17 18 2 2 2 1
0 18 17 19 2 2 2 1
"1_Blz_Top" 0 2
16
0 -8.000000 30.000000 5.000000 0.000000 0.000000 -1
0 9.000000 30.000000 5.000000 0.000000 0.000000 -1
0 0.000000 40.000000 5.000000 0.000000 0.000000 -1
32 -8.000000 30.000000 -2.000000 0.000000 0.000000 -1
32 9.000000 30.000000 -2.000000 0.000000 0.000000 -1
32 0.000000 40.000000 -2.000000 0.000000 0.000000 -1
0 -16.000000 30.000000 -2.000000 0.000000 0.000000 -1
0 -16.000000 40.000000 -8.000000 0.000000 0.000000 -1
0 -16.000000 30.000000 -13.000000 0.000000 0.000000 -1
32 -8.000000 40.000000 -8.000000 0.000000 0.000000 -1
0 -8.000000 30.000000 -13.000000 0.000000 0.000000 -1
0 16.000000 30.000000 -13.000000 0.000000 0.000000 -1
0 16.000000 40.000000 -8.000000 0.000000 0.000000 -1
0 16.000000 30.000000 -2.000000 0.000000 0.000000 -1
32 9.000000 30.000000 -13.000000 0.000000 0.000000 -1
32 9.000000 40.000000 -8.000000 0.000000 0.000000 -1
21
0.000000 0.000000 1.000000
-0.493744 -0.869607 0.000000
-0.720200 -0.570038 0.395435
0.326302 -0.571590 0.752869
0.975123 0.221664 0.000000
0.338369 0.941013 0.000000
-0.392417 0.919788 0.000000
-1.000000 0.000000 0.000000
0.000000 0.016902 0.999857
0.000000 0.874045 0.485844
0.000000 0.834208 -0.551449
0.000000 -0.058914 -0.998263
0.000000 -0.866526 -0.499132
1.000000 0.000000 0.000000
0.000000 -0.866067 0.499929
-0.275433 0.957266 -0.088198
-0.540914 0.432731 0.721218
-0.018719 0.788419 0.614853
0.496292 0.446662 0.744438
0.190070 0.896593 -0.399992
0.000000 0.447214 -0.894427
26
0 0 1 2 0 0 0 1
0 0 3 4 1 2 3 2
0 0 4 1 1 3 4 2
0 1 4 5 4 3 5 2
0 1 5 2 4 5 6 2
0 2 5 3 6 5 2 2
0 2 3 0 6 2 1 2
0 6 7 8 7 7 7 1
0 6 3 9 8 2 9 2
0 6 9 7 8 9 10 2
0 7 9 10 10 9 11 2
0 7 10 8 10 11 12 2
0 8 10 3 12 11 2 2
0 8 3 6 12 2 8 2
0 11 12 13 13 13 13 1
0 11 14 15 11 12 10 2
0 11 15 12 11 10 9 2
0 12 15 4 9 10 3 2
0 12 4 13 9 3 14 2
0 13 4 14 14 3 12 2
0 13 14 11 14 12 11 2
0 9 3 5 15 16 17 1
0 5 4 15 17 18 19 1
0 15 9 5 19 15 17 1
0 10 15 14 20 19 20 1
0 15 10 9 19 20 15 1

Materials: 3
"Blz"
0.200000 0.200000 0.200000 1.000000
0.800000 0.800000 0.800000 1.000000
0.000000 0.000000 0.000000 1.000000
0.000000 0.000000 0.000000 1.000000
0.000000
1.000000
"..\Image\brick01.tga"
""
"Blz_Other"
0.200000 0.200000 0.200000 1.000000
0.800000 0.800000 0.800000 1.000000
0.000000 0.000000 0.000000 1.000000
0.000000 0.000000 0.000000 1.000000
0.000000
1.000000
"..\Image\Blz_Round_Gate_Windows.tga"
""
"Material01"
0.200000 0.200000 0.200000 1.000000
0.800000 0.800000 0.800000 1.000000
0.000000 0.000000 0.000000 1.000000
0.000000 0.000000 0.000000 1.000000
0.000000
1.000000
"..\Image\window.tga"
""

Bones: 0
GroupComments: 0
MaterialComments: 0
BoneComments: 0
ModelComment: 0
