// MilkShape 3D ASCII

Frames: 30
Frame: 1

Meshes: 4
"1_Blz" 0 0
37
0 16.000000 39.000000 -9.000000 3.000000 3.000000 -1
0 12.000000 39.000000 -9.000000 2.625000 3.000000 -1
0 16.000000 33.000000 -9.000000 3.000000 2.538462 -1
0 6.000000 33.000000 -9.000000 2.062500 2.538462 -1
0 6.000000 22.000000 -9.000000 2.062500 1.692308 -1
0 16.000000 22.000000 -9.000000 3.000000 1.692308 -1
0 6.000000 33.000000 -3.000000 2.062500 2.538462 -1
0 2.000000 33.000000 -3.000000 1.687500 2.538462 -1
0 6.000000 22.000000 -3.000000 2.062500 1.692308 -1
0 -4.000000 29.000000 -3.000000 1.125000 2.230769 -1
0 -4.000000 22.000000 -3.000000 1.125000 1.692308 -1
0 -8.000000 29.000000 -3.000000 0.750000 2.230769 -1
0 -8.000000 29.000000 4.000000 0.750000 2.230769 -1
0 -11.000000 25.000000 4.000000 0.468750 1.923077 -1
0 -4.000000 22.000000 4.000000 1.125000 1.692308 -1
0 -11.000000 22.000000 4.000000 0.468750 1.692308 -1
0 -11.000000 25.000000 9.000000 0.468750 1.923077 -1
0 -16.000000 22.000000 9.000000 0.000000 1.692308 -1
0 -11.000000 22.000000 9.000000 0.468750 1.692308 -1
0 16.000000 0.000000 9.000000 3.000000 0.000000 -1
0 16.000000 22.000000 9.000000 3.000000 1.692308 -1
0 -16.000000 0.000000 9.000000 0.000000 0.000000 -1
0 16.000000 0.000000 -9.000000 3.000000 0.000000 -1
0 16.000000 0.000000 -16.000000 3.000000 0.000000 -1
0 16.000000 22.000000 -16.000000 3.000000 1.692308 -1
0 -16.000000 22.000000 -9.000000 0.000000 1.692308 -1
0 -16.000000 22.000000 -16.000000 0.000000 1.692308 -1
0 -16.000000 0.000000 -16.000000 0.000000 0.000000 -1
0 -16.000000 0.000000 -9.000000 0.000000 0.000000 -1
0 16.000000 0.000000 -3.000000 3.000000 0.000000 -1
0 16.000000 22.000000 -3.000000 3.000000 1.692308 -1
0 16.000000 0.000000 4.000000 3.000000 0.000000 -1
0 16.000000 22.000000 4.000000 3.000000 1.692308 -1
0 -16.000000 22.000000 4.000000 0.000000 1.692308 -1
0 -16.000000 22.000000 -3.000000 0.000000 1.692308 -1
0 -16.000000 0.000000 -3.000000 0.000000 0.000000 -1
0 -16.000000 0.000000 4.000000 0.000000 0.000000 -1
3
0.000000 0.000000 1.000000
1.000000 0.000000 0.000000
-1.000000 0.000000 0.000000
29
0 0 1 2 0 0 0 1
0 1 3 2 0 0 0 1
0 4 5 3 0 0 0 1
0 3 5 2 0 0 0 1
0 6 7 8 0 0 0 1
0 7 9 8 0 0 0 1
0 9 10 8 0 0 0 1
0 9 11 10 0 0 0 1
0 12 13 14 0 0 0 1
0 13 15 14 0 0 0 1
0 16 17 18 0 0 0 1
0 17 19 20 0 0 0 1
0 17 21 19 0 0 0 1
0 22 23 24 1 1 1 2
0 22 24 5 1 1 1 2
0 25 26 27 2 2 2 2
0 25 27 28 2 2 2 2
0 29 22 5 1 1 1 2
0 29 5 30 1 1 1 2
0 31 29 30 1 1 1 2
0 31 30 32 1 1 1 2
0 33 34 35 2 2 2 2
0 33 35 36 2 2 2 2
0 19 31 32 1 1 1 2
0 19 32 20 1 1 1 2
0 17 33 36 2 2 2 2
0 17 36 21 2 2 2 2
0 25 28 34 2 2 2 1
0 35 34 28 2 2 2 1
"1_Blz_Windows" 0 2
39
0 6.152430 4.690347 9.218180 1.000000 1.000000 -1
0 10.447574 4.690347 9.218180 0.000000 1.000000 -1
0 10.447574 9.109654 9.218180 0.000000 0.000000 -1
0 6.152430 9.109654 9.218180 1.000000 0.000000 -1
0 -3.447570 12.190347 9.218180 1.000000 1.000000 -1
0 0.847573 12.190347 9.218180 0.000000 1.000000 -1
0 0.847573 16.609653 9.218180 0.000000 0.000000 -1
0 -3.447570 16.609653 9.218180 1.000000 0.000000 -1
0 6.152430 12.190347 9.218180 1.000000 1.000000 -1
0 10.447574 12.190347 9.218180 0.000000 1.000000 -1
0 10.447574 16.609653 9.218180 0.000000 0.000000 -1
0 6.152430 16.609653 9.218180 1.000000 0.000000 -1
0 -0.447571 24.590349 -2.872726 1.000000 1.000000 -1
0 3.847573 24.590349 -2.872726 0.000000 1.000000 -1
0 3.847573 29.009657 -2.872726 0.000000 0.000000 -1
0 -0.447571 29.009657 -2.872726 1.000000 0.000000 -1
0 9.552429 24.590349 -8.872725 1.000000 1.000000 -1
0 13.847573 24.590349 -8.872725 0.000000 1.000000 -1
0 13.847573 29.009657 -8.872725 0.000000 0.000000 -1
0 9.552429 29.009657 -8.872725 1.000000 0.000000 -1
0 9.552429 31.390354 -8.872725 1.000000 1.000000 -1
0 13.847573 31.390354 -8.872725 0.000000 1.000000 -1
0 13.847573 35.809662 -8.872725 0.000000 0.000000 -1
0 9.552429 35.809662 -8.872725 1.000000 0.000000 -1
0 -10.000488 9.693054 9.371655 0.000000 0.000000 -1
0 -11.839905 9.148254 9.371655 0.000000 0.000000 -1
0 -8.191772 9.148254 9.371655 0.000000 0.000000 -1
0 -7.295105 7.878296 9.371655 0.000000 0.000000 -1
0 -12.705811 7.878296 9.371655 0.000000 0.000000 -1
0 -12.705811 1.526489 9.371655 0.000000 0.000000 -1
0 -7.295105 1.526489 9.371655 0.000000 0.000000 -1
0 -3.447570 4.690347 9.218180 1.000000 1.000000 -1
0 0.847573 4.690347 9.218180 0.000000 1.000000 -1
0 0.847573 9.109654 9.218180 0.000000 0.000000 -1
0 -3.447570 9.109654 9.218180 1.000000 0.000000 -1
0 -12.147574 12.190347 9.218180 1.000000 1.000000 -1
0 -7.852427 12.190347 9.218180 0.000000 1.000000 -1
0 -7.852427 16.609653 9.218180 0.000000 0.000000 -1
0 -12.147574 16.609653 9.218180 1.000000 0.000000 -1
1
0.000000 0.000000 1.000000
21
0 0 1 2 0 0 0 1
0 3 0 2 0 0 0 1
0 4 5 6 0 0 0 1
0 7 4 6 0 0 0 1
0 8 9 10 0 0 0 1
0 11 8 10 0 0 0 1
0 12 13 14 0 0 0 1
0 15 12 14 0 0 0 1
0 16 17 18 0 0 0 1
0 19 16 18 0 0 0 1
0 20 21 22 0 0 0 1
0 23 20 22 0 0 0 1
0 24 25 26 0 0 0 1
0 26 25 27 0 0 0 1
0 25 28 27 0 0 0 1
0 27 29 30 0 0 0 1
0 27 28 29 0 0 0 1
0 31 32 33 0 0 0 1
0 34 31 33 0 0 0 1
0 35 36 37 0 0 0 1
0 38 35 37 0 0 0 1
"1_Blz_Frame" 0 1
117
0 6.152466 4.690347 9.818180 0.000000 0.000000 -1
0 5.683468 4.218298 8.818182 0.000000 0.000000 -1
0 10.916534 4.218298 8.818182 0.000000 0.000000 -1
0 10.447536 4.690347 9.818180 0.000000 0.000000 -1
0 10.916534 9.581703 8.818182 0.000000 0.000000 -1
0 10.447536 9.109654 9.818180 0.000000 0.000000 -1
0 6.152466 9.109654 9.818180 0.000000 0.000000 -1
0 5.683468 9.581703 8.818182 0.000000 0.000000 -1
0 6.152430 4.690347 9.218180 0.000000 0.000000 -1
0 10.447574 4.690347 9.218180 0.000000 0.000000 -1
0 10.447574 9.109654 9.218180 0.000000 0.000000 -1
0 6.152430 9.109654 9.218180 0.000000 0.000000 -1
0 -3.447534 12.190347 9.818180 0.000000 0.000000 -1
0 -3.916532 11.718298 8.818182 0.000000 0.000000 -1
0 1.316535 11.718298 8.818182 0.000000 0.000000 -1
0 0.847536 12.190347 9.818180 0.000000 0.000000 -1
0 1.316535 17.081703 8.818182 0.000000 0.000000 -1
0 0.847536 16.609653 9.818180 0.000000 0.000000 -1
0 -3.447534 16.609653 9.818180 0.000000 0.000000 -1
0 -3.916532 17.081703 8.818182 0.000000 0.000000 -1
0 -3.447570 12.190347 9.218180 0.000000 0.000000 -1
0 0.847573 12.190347 9.218180 0.000000 0.000000 -1
0 0.847573 16.609653 9.218180 0.000000 0.000000 -1
0 -3.447570 16.609653 9.218180 0.000000 0.000000 -1
0 6.152466 12.190347 9.818180 0.000000 0.000000 -1
0 5.683468 11.718298 8.818182 0.000000 0.000000 -1
0 10.916534 11.718298 8.818182 0.000000 0.000000 -1
0 10.447536 12.190347 9.818180 0.000000 0.000000 -1
0 10.916534 17.081703 8.818182 0.000000 0.000000 -1
0 10.447536 16.609653 9.818180 0.000000 0.000000 -1
0 6.152466 16.609653 9.818180 0.000000 0.000000 -1
0 5.683468 17.081703 8.818182 0.000000 0.000000 -1
0 6.152430 12.190347 9.218180 0.000000 0.000000 -1
0 10.447574 12.190347 9.218180 0.000000 0.000000 -1
0 10.447574 16.609653 9.218180 0.000000 0.000000 -1
0 6.152430 16.609653 9.218180 0.000000 0.000000 -1
0 -0.447535 24.590349 -2.272725 0.000000 0.000000 -1
0 -0.916533 24.118299 -3.272724 0.000000 0.000000 -1
0 4.316534 24.118299 -3.272724 0.000000 0.000000 -1
0 3.847536 24.590349 -2.272725 0.000000 0.000000 -1
0 4.316534 29.481707 -3.272724 0.000000 0.000000 -1
0 3.847536 29.009657 -2.272725 0.000000 0.000000 -1
0 -0.447535 29.009657 -2.272725 0.000000 0.000000 -1
0 -0.916533 29.481707 -3.272724 0.000000 0.000000 -1
0 -0.447571 24.590349 -2.872726 0.000000 0.000000 -1
0 3.847573 24.590349 -2.872726 0.000000 0.000000 -1
0 3.847573 29.009657 -2.872726 0.000000 0.000000 -1
0 -0.447571 29.009657 -2.872726 0.000000 0.000000 -1
0 9.552465 24.590349 -8.272725 0.000000 0.000000 -1
0 9.083467 24.118299 -9.272724 0.000000 0.000000 -1
0 14.316534 24.118299 -9.272724 0.000000 0.000000 -1
0 13.847535 24.590349 -8.272725 0.000000 0.000000 -1
0 14.316534 29.481707 -9.272724 0.000000 0.000000 -1
0 13.847535 29.009657 -8.272725 0.000000 0.000000 -1
0 9.552465 29.009657 -8.272725 0.000000 0.000000 -1
0 9.083467 29.481707 -9.272724 0.000000 0.000000 -1
0 9.552429 24.590349 -8.872725 0.000000 0.000000 -1
0 13.847573 24.590349 -8.872725 0.000000 0.000000 -1
0 13.847573 29.009657 -8.872725 0.000000 0.000000 -1
0 9.552429 29.009657 -8.872725 0.000000 0.000000 -1
0 9.552465 31.390354 -8.272725 0.000000 0.000000 -1
0 9.083467 30.918304 -9.272724 0.000000 0.000000 -1
0 14.316534 30.918304 -9.272724 0.000000 0.000000 -1
0 13.847535 31.390354 -8.272725 0.000000 0.000000 -1
0 14.316534 36.281708 -9.272724 0.000000 0.000000 -1
0 13.847535 35.809662 -8.272725 0.000000 0.000000 -1
0 9.552465 35.809662 -8.272725 0.000000 0.000000 -1
0 9.083467 36.281708 -9.272724 0.000000 0.000000 -1
0 9.552429 31.390354 -8.872725 0.000000 0.000000 -1
0 13.847573 31.390354 -8.872725 0.000000 0.000000 -1
0 13.847573 35.809662 -8.872725 0.000000 0.000000 -1
0 9.552429 35.809662 -8.872725 0.000000 0.000000 -1
0 -8.191772 9.148254 9.371655 0.000000 0.000000 -1
0 -10.000479 9.693072 9.871655 0.000000 0.000000 -1
0 -10.000488 9.693054 9.371655 0.000000 0.000000 -1
0 -10.000000 10.000000 8.871655 0.000000 0.000000 -1
0 -12.039773 9.399622 8.871655 0.000000 0.000000 -1
0 -11.839931 9.148270 9.871655 0.000000 0.000000 -1
0 -8.191793 9.148270 9.871655 0.000000 0.000000 -1
0 -7.994318 9.399622 8.871655 0.000000 0.000000 -1
0 -7.295131 7.878281 9.871655 0.000000 0.000000 -1
0 -7.000000 8.000000 8.871655 0.000000 0.000000 -1
0 -13.000000 8.000000 8.871655 0.000000 0.000000 -1
0 -12.705828 7.878281 9.871655 0.000000 0.000000 -1
0 -12.705828 1.526511 9.871655 0.000000 0.000000 -1
0 -13.000000 1.000000 8.871655 0.000000 0.000000 -1
0 -7.000000 1.000000 8.871655 0.000000 0.000000 -1
0 -7.295131 1.526511 9.871655 0.000000 0.000000 -1
0 -11.839905 9.148254 9.371655 0.000000 0.000000 -1
0 -7.295105 7.878296 9.371655 0.000000 0.000000 -1
0 -12.705811 7.878296 9.371655 0.000000 0.000000 -1
0 -12.705811 1.526489 9.371655 0.000000 0.000000 -1
0 -7.295105 1.526489 9.371655 0.000000 0.000000 -1
0 -3.447534 4.690347 9.818180 0.000000 0.000000 -1
0 -3.916532 4.218298 8.818182 0.000000 0.000000 -1
0 1.316535 4.218298 8.818182 0.000000 0.000000 -1
0 0.847536 4.690347 9.818180 0.000000 0.000000 -1
0 1.316535 9.581703 8.818182 0.000000 0.000000 -1
0 0.847536 9.109654 9.818180 0.000000 0.000000 -1
0 -3.447534 9.109654 9.818180 0.000000 0.000000 -1
0 -3.916532 9.581703 8.818182 0.000000 0.000000 -1
0 -3.447570 4.690347 9.218180 0.000000 0.000000 -1
0 0.847573 4.690347 9.218180 0.000000 0.000000 -1
0 0.847573 9.109654 9.218180 0.000000 0.000000 -1
0 -3.447570 9.109654 9.218180 0.000000 0.000000 -1
0 -12.147538 12.190347 9.818180 0.000000 0.000000 -1
0 -12.616536 11.718298 8.818182 0.000000 0.000000 -1
0 -7.383466 11.718298 8.818182 0.000000 0.000000 -1
0 -7.852464 12.190347 9.818180 0.000000 0.000000 -1
0 -7.383466 17.081703 8.818182 0.000000 0.000000 -1
0 -7.852464 16.609653 9.818180 0.000000 0.000000 -1
0 -12.147538 16.609653 9.818180 0.000000 0.000000 -1
0 -12.616536 17.081703 8.818182 0.000000 0.000000 -1
0 -12.147574 12.190347 9.218180 0.000000 0.000000 -1
0 -7.852427 12.190347 9.218180 0.000000 0.000000 -1
0 -7.852427 16.609653 9.218180 0.000000 0.000000 -1
0 -12.147574 16.609653 9.218180 0.000000 0.000000 -1
93
0.586276 -0.433090 0.684627
-0.756777 -0.377944 0.533336
0.378388 -0.755888 0.534281
0.434221 0.586833 0.683432
0.756777 0.377944 0.533336
-0.586277 0.433091 0.684625
-0.434220 -0.586832 0.683433
-0.378388 0.755888 0.534280
0.447214 0.894427 -0.000027
-0.894427 0.447214 -0.000055
-0.447214 -0.894427 -0.000028
0.894427 -0.447214 -0.000053
0.586276 -0.433091 0.684626
-0.756777 -0.377944 0.533336
0.378388 -0.755888 0.534281
0.434220 0.586833 0.683433
0.756776 0.377944 0.533337
-0.586276 0.433091 0.684626
-0.434220 -0.586833 0.683433
-0.378388 0.755888 0.534281
0.447214 0.894427 -0.000027
-0.894427 0.447214 -0.000055
-0.447214 -0.894427 -0.000028
0.894427 -0.447214 -0.000054
0.586276 -0.433091 0.684626
0.378388 -0.755888 0.534280
0.434221 0.586833 0.683432
0.756777 0.377944 0.533336
-0.586277 0.433091 0.684626
-0.434220 -0.586832 0.683433
0.586276 -0.433090 0.684626
-0.756777 -0.377944 0.533336
0.378388 -0.755888 0.534281
0.434221 0.586833 0.683432
0.756777 0.377944 0.533336
-0.586277 0.433091 0.684626
-0.434220 -0.586833 0.683433
-0.378388 0.755888 0.534281
0.447214 0.894427 -0.000027
-0.894427 0.447214 -0.000055
-0.447214 -0.894427 -0.000028
0.894427 -0.447214 -0.000054
0.586276 -0.433091 0.684626
-0.756777 -0.377944 0.533336
0.378388 -0.755888 0.534281
0.434221 0.586833 0.683432
0.756777 0.377944 0.533336
-0.586277 0.433092 0.684624
-0.434220 -0.586833 0.683433
-0.378388 0.755888 0.534281
0.447214 0.894427 -0.000027
-0.894427 0.447214 -0.000057
-0.447214 -0.894427 -0.000028
0.894427 -0.447214 -0.000054
0.756777 0.377945 0.533335
-0.586278 0.433094 0.684622
-0.434221 -0.586833 0.683432
-0.378388 0.755889 0.534279
-0.488155 -0.872757 0.000014
-0.546118 -0.113272 0.830015
0.096776 -0.995306 0.000039
0.096836 0.951176 0.293064
-0.465526 0.832231 0.301125
-0.413880 -0.439632 0.797137
-0.546449 0.257015 0.797080
0.639735 0.705423 0.305152
-0.280701 0.496600 0.821338
0.934737 0.191690 0.299202
-0.877276 0.373066 0.302009
-0.052677 -0.563271 0.824591
0.586415 -0.433730 0.684102
-0.816217 -0.376414 0.438295
0.407944 -0.752721 0.516713
0.517234 0.628177 0.581259
0.680430 -0.732813 0.000041
-0.915996 -0.401186 -0.000045
0.980707 -0.195483 0.000028
0.447214 0.894427 -0.000024
-0.894427 0.447214 -0.000067
0.586276 -0.433091 0.684626
0.378388 -0.755888 0.534281
0.434220 0.586833 0.683433
0.756777 0.377944 0.533336
-0.586277 0.433091 0.684625
-0.434220 -0.586833 0.683433
0.586276 -0.433091 0.684626
0.378388 -0.755888 0.534281
0.434220 0.586833 0.683432
0.756777 0.377944 0.533336
-0.586277 0.433091 0.684626
-0.434220 -0.586833 0.683433
0.447214 0.894427 -0.000027
0.894427 -0.447214 -0.000054
156
0 0 1 2 0 1 2 2
0 0 2 3 0 2 3 2
0 3 2 4 3 2 4 2
0 3 4 5 3 4 5 2
0 6 7 1 6 7 1 2
0 6 1 0 6 1 0 2
0 5 4 7 5 4 7 2
0 5 7 6 5 7 6 2
0 8 0 3 8 0 3 2
0 8 3 9 8 3 9 2
0 9 3 5 9 3 5 2
0 9 5 10 9 5 10 2
0 11 6 0 11 6 0 2
0 11 0 8 11 0 8 2
0 10 5 6 10 5 6 2
0 10 6 11 10 6 11 2
0 12 13 14 12 13 14 2
0 12 14 15 12 14 15 2
0 15 14 16 15 14 16 2
0 15 16 17 15 16 17 2
0 18 19 13 18 19 13 2
0 18 13 12 18 13 12 2
0 17 16 19 17 16 19 2
0 17 19 18 17 19 18 2
0 20 12 15 20 12 15 2
0 20 15 21 20 15 21 2
0 21 15 17 21 15 17 2
0 21 17 22 21 17 22 2
0 23 18 12 23 18 12 2
0 23 12 20 23 12 20 2
0 22 17 18 22 17 18 2
0 22 18 23 22 18 23 2
0 24 25 26 24 13 25 2
0 24 26 27 24 25 26 2
0 27 26 28 26 25 27 2
0 27 28 29 26 27 28 2
0 30 31 25 29 19 13 2
0 30 25 24 29 13 24 2
0 29 28 31 28 27 19 2
0 29 31 30 28 19 29 2
0 32 24 27 8 24 26 2
0 32 27 33 8 26 9 2
0 33 27 29 9 26 28 2
0 33 29 34 9 28 10 2
0 35 30 24 11 29 24 2
0 35 24 32 11 24 8 2
0 34 29 30 10 28 29 2
0 34 30 35 10 29 11 2
0 36 37 38 30 31 32 2
0 36 38 39 30 32 33 2
0 39 38 40 33 32 34 2
0 39 40 41 33 34 35 2
0 42 43 37 36 37 31 2
0 42 37 36 36 31 30 2
0 41 40 43 35 34 37 2
0 41 43 42 35 37 36 2
0 44 36 39 38 30 33 2
0 44 39 45 38 33 39 2
0 45 39 41 39 33 35 2
0 45 41 46 39 35 40 2
0 47 42 36 41 36 30 2
0 47 36 44 41 30 38 2
0 46 41 42 40 35 36 2
0 46 42 47 40 36 41 2
0 48 49 50 42 43 44 2
0 48 50 51 42 44 45 2
0 51 50 52 45 44 46 2
0 51 52 53 45 46 47 2
0 54 55 49 48 49 43 2
0 54 49 48 48 43 42 2
0 53 52 55 47 46 49 2
0 53 55 54 47 49 48 2
0 56 48 51 50 42 45 2
0 56 51 57 50 45 51 2
0 57 51 53 51 45 47 2
0 57 53 58 51 47 52 2
0 59 54 48 53 48 42 2
0 59 48 56 53 42 50 2
0 58 53 54 52 47 48 2
0 58 54 59 52 48 53 2
0 60 61 62 42 43 44 2
0 60 62 63 42 44 45 2
0 63 62 64 45 44 54 2
0 63 64 65 45 54 55 2
0 66 67 61 56 57 43 2
0 66 61 60 56 43 42 2
0 65 64 67 55 54 57 2
0 65 67 66 55 57 56 2
0 68 60 63 50 42 45 2
0 68 63 69 50 45 51 2
0 69 63 65 51 45 55 2
0 69 65 70 51 55 52 2
0 71 66 60 53 56 42 2
0 71 60 68 53 42 50 2
0 70 65 66 52 55 56 2
0 70 66 71 52 56 53 2
0 72 73 74 58 59 60 2
0 73 75 76 59 61 62 2
0 73 76 77 59 62 63 2
0 78 79 75 64 65 61 2
0 78 75 73 64 61 59 2
0 80 81 79 66 67 65 2
0 80 79 78 66 65 64 2
0 77 76 82 63 62 68 2
0 77 82 83 63 68 69 2
0 84 85 86 70 71 72 2
0 84 86 87 70 72 73 2
0 87 86 81 73 72 67 2
0 87 81 80 73 67 66 2
0 83 82 85 69 68 71 2
0 83 85 84 69 71 70 2
0 74 73 77 60 59 63 2
0 74 77 88 60 63 74 2
0 72 78 73 58 64 59 2
0 89 80 78 75 66 64 2
0 89 78 72 75 64 58 2
0 88 77 83 74 63 69 2
0 88 83 90 74 69 76 2
0 91 84 87 77 70 73 2
0 91 87 92 77 73 78 2
0 92 87 80 78 73 66 2
0 92 80 89 78 66 75 2
0 90 83 84 76 69 70 2
0 90 84 91 76 70 77 2
0 93 94 95 79 1 80 2
0 93 95 96 79 80 81 2
0 96 95 97 81 80 82 2
0 96 97 98 81 82 83 2
0 99 100 94 84 7 1 2
0 99 94 93 84 1 79 2
0 98 97 100 83 82 7 2
0 98 100 99 83 7 84 2
0 101 93 96 20 79 81 2
0 101 96 102 20 81 21 2
0 102 96 98 21 81 83 2
0 102 98 103 21 83 22 2
0 104 99 93 23 84 79 2
0 104 93 101 23 79 20 2
0 103 98 99 22 83 84 2
0 103 99 104 22 84 23 2
0 105 106 107 85 13 86 2
0 105 107 108 85 86 87 2
0 108 107 109 87 86 88 2
0 108 109 110 87 88 89 2
0 111 112 106 90 19 13 2
0 111 106 105 90 13 85 2
0 110 109 112 89 88 19 2
0 110 112 111 89 19 90 2
0 113 105 108 91 85 87 2
0 113 108 114 91 87 9 2
0 114 108 110 9 87 89 2
0 114 110 115 9 89 10 2
0 116 111 105 92 90 85 2
0 116 105 113 92 85 91 2
0 115 110 111 10 89 90 2
0 115 111 116 10 90 92 2
"1_Blz_Top" 0 1
115
0 16.814392 39.846165 -9.144897 0.000000 0.000000 -1
0 16.814392 39.846165 -16.683105 0.000000 0.000000 -1
0 12.646301 39.846165 -16.683105 0.000000 0.000000 -1
0 12.646301 39.846165 -9.144897 0.000000 0.000000 -1
0 16.500000 33.000000 -9.000000 0.000000 0.000000 -1
0 16.500000 33.000000 -16.000000 0.000000 0.000000 -1
0 16.500000 39.000000 -16.000000 0.000000 0.000000 -1
0 16.500000 39.000000 -9.000000 0.000000 0.000000 -1
0 6.394287 33.846165 -16.683105 0.000000 0.000000 -1
0 6.394287 33.846165 -9.144897 0.000000 0.000000 -1
0 16.500000 22.000000 -9.000000 0.000000 0.000000 -1
0 16.500000 22.000000 -16.000000 0.000000 0.000000 -1
0 2.226196 33.846165 -16.683105 0.000000 0.000000 -1
0 2.226196 33.846165 -9.144897 0.000000 0.000000 -1
0 -4.025879 29.846165 -16.683105 0.000000 0.000000 -1
0 -4.025879 29.846165 -9.144897 0.000000 0.000000 -1
0 -8.193909 29.846165 -16.683105 0.000000 0.000000 -1
0 -8.193909 29.846165 -9.144897 0.000000 0.000000 -1
0 -11.319946 25.846165 -16.683105 0.000000 0.000000 -1
0 -11.319946 25.846165 -9.144897 0.000000 0.000000 -1
0 -16.529968 22.846165 -16.683105 0.000000 0.000000 -1
0 -16.529968 22.846165 -9.144897 0.000000 0.000000 -1
0 6.394287 33.846165 -2.683594 0.000000 0.000000 -1
0 2.226196 33.846165 -2.683594 0.000000 0.000000 -1
0 6.500000 22.000000 -3.000000 0.000000 0.000000 -1
0 6.500000 22.000000 -9.000000 0.000000 0.000000 -1
0 6.500000 33.000000 -9.000000 0.000000 0.000000 -1
0 6.500000 33.000000 -3.000000 0.000000 0.000000 -1
0 -4.025879 29.846165 -2.683594 0.000000 0.000000 -1
0 -8.193909 29.846165 -2.683594 0.000000 0.000000 -1
0 -3.500000 22.000000 4.000000 0.000000 0.000000 -1
0 -3.500000 22.000000 -3.000000 0.000000 0.000000 -1
0 -7.500000 29.000000 -3.000000 0.000000 0.000000 -1
0 -7.500000 29.000000 4.000000 0.000000 0.000000 -1
0 -10.500000 22.000000 9.000000 0.000000 0.000000 -1
0 -10.500000 22.000000 4.000000 0.000000 0.000000 -1
0 -10.500000 25.000000 4.000000 0.000000 0.000000 -1
0 -10.500000 25.000000 9.000000 0.000000 0.000000 -1
0 -16.529968 22.846165 10.239075 0.000000 0.000000 -1
0 -11.319946 25.846165 10.239075 0.000000 0.000000 -1
0 -11.319946 25.846165 4.854614 0.000000 0.000000 -1
0 -16.529968 22.846165 4.854614 0.000000 0.000000 -1
0 -8.000000 29.000000 4.000000 0.000000 0.000000 -1
0 -16.000000 22.000000 4.000000 0.000000 0.000000 -1
0 -11.000000 25.000000 4.000000 0.000000 0.000000 -1
0 -8.193909 29.846165 4.854614 0.000000 0.000000 -1
0 -16.529968 22.846165 -2.683594 0.000000 0.000000 -1
0 6.252075 22.923086 -3.249878 0.000000 0.000000 -1
0 -4.341003 22.923086 -3.249878 0.000000 0.000000 -1
0 -4.341003 22.923086 4.288330 0.000000 0.000000 -1
0 16.845093 22.923086 -9.711182 0.000000 0.000000 -1
0 6.252075 22.923086 -9.711182 0.000000 0.000000 -1
0 -11.756165 22.923086 4.288330 0.000000 0.000000 -1
0 -11.756165 22.923086 9.672729 0.000000 0.000000 -1
0 16.845093 22.923086 9.672729 0.000000 0.000000 -1
0 16.814373 39.461540 -9.144903 0.000000 0.000000 -1
0 16.000000 39.000000 -9.000000 0.000000 0.000000 -1
0 16.000000 39.000000 -16.000000 0.000000 0.000000 -1
0 16.814373 39.461540 -16.683109 0.000000 0.000000 -1
0 12.000000 39.000000 -16.000000 0.000000 0.000000 -1
0 12.646328 39.461540 -16.683109 0.000000 0.000000 -1
0 12.646328 39.461540 -9.144903 0.000000 0.000000 -1
0 12.000000 39.000000 -9.000000 0.000000 0.000000 -1
0 6.000000 33.000000 -16.000000 0.000000 0.000000 -1
0 6.394259 33.461540 -16.683109 0.000000 0.000000 -1
0 6.394259 33.461540 -9.144903 0.000000 0.000000 -1
0 6.000000 33.000000 -9.000000 0.000000 0.000000 -1
0 2.000000 33.000000 -16.000000 0.000000 0.000000 -1
0 2.226214 33.461540 -16.683109 0.000000 0.000000 -1
0 -4.000000 29.000000 -16.000000 0.000000 0.000000 -1
0 -4.025854 29.461538 -16.683109 0.000000 0.000000 -1
0 -8.000000 29.000000 -16.000000 0.000000 0.000000 -1
0 -8.193899 29.461538 -16.683109 0.000000 0.000000 -1
0 -11.000000 25.000000 -16.000000 0.000000 0.000000 -1
0 -11.319933 25.461538 -16.683109 0.000000 0.000000 -1
0 -16.000000 22.000000 -16.000000 0.000000 0.000000 -1
0 -16.529989 22.461538 -16.683109 0.000000 0.000000 -1
0 -16.000000 22.000000 -9.000000 0.000000 0.000000 -1
0 -16.529989 22.461538 -9.144903 0.000000 0.000000 -1
0 6.394259 33.461540 -2.683581 0.000000 0.000000 -1
0 6.000000 33.000000 -3.000000 0.000000 0.000000 -1
0 2.226214 33.461540 -2.683581 0.000000 0.000000 -1
0 2.000000 33.000000 -3.000000 0.000000 0.000000 -1
0 -8.193899 29.461538 -2.683581 0.000000 0.000000 -1
0 -8.000000 29.000000 -3.000000 0.000000 0.000000 -1
0 -4.000000 29.000000 -3.000000 0.000000 0.000000 -1
0 -4.025854 29.461538 -2.683581 0.000000 0.000000 -1
0 -16.529989 22.461538 10.239057 0.000000 0.000000 -1
0 -16.000000 22.000000 9.000000 0.000000 0.000000 -1
0 -11.000000 25.000000 9.000000 0.000000 0.000000 -1
0 -11.319933 25.461538 10.239057 0.000000 0.000000 -1
0 -11.319933 25.461538 4.854628 0.000000 0.000000 -1
0 -16.529989 22.461538 4.854628 0.000000 0.000000 -1
0 -8.193899 29.461538 4.854628 0.000000 0.000000 -1
0 -16.529989 22.461538 -2.683581 0.000000 0.000000 -1
0 -16.000000 22.000000 -3.000000 0.000000 0.000000 -1
0 6.252049 22.461538 -3.249881 0.000000 0.000000 -1
0 6.000000 22.000000 -3.000000 0.000000 0.000000 -1
0 -4.000000 22.000000 -3.000000 0.000000 0.000000 -1
0 -4.341007 22.461538 -3.249881 0.000000 0.000000 -1
0 -4.000000 22.000000 4.000000 0.000000 0.000000 -1
0 -4.341007 22.461538 4.288324 0.000000 0.000000 -1
0 16.845104 22.461538 -9.711201 0.000000 0.000000 -1
0 16.000000 22.000000 -9.000000 0.000000 0.000000 -1
0 6.000000 22.000000 -9.000000 0.000000 0.000000 -1
0 6.252049 22.461538 -9.711201 0.000000 0.000000 -1
0 -11.000000 22.000000 4.000000 0.000000 0.000000 -1
0 -11.756147 22.461538 4.288324 0.000000 0.000000 -1
0 -11.000000 22.000000 9.000000 0.000000 0.000000 -1
0 -11.756147 22.461538 9.672757 0.000000 0.000000 -1
0 16.000000 22.000000 9.000000 0.000000 0.000000 -1
0 16.845104 22.461538 9.672757 0.000000 0.000000 -1
0 16.000000 33.000000 -16.000000 0.000000 0.000000 -1
0 16.000000 33.000000 -9.000000 0.000000 0.000000 -1
0 16.000000 22.000000 -16.000000 0.000000 0.000000 -1
132
0.000000 1.000000 0.000000
-0.246569 0.969125 0.000000
-0.493138 0.869951 0.000000
1.000000 0.000000 0.000000
-0.182919 0.983128 0.000000
-0.186287 0.982495 0.000000
-0.224221 0.974538 0.000000
-0.372574 0.928003 0.000000
-0.138900 0.990306 0.000000
-0.288420 0.957504 0.000000
-0.348991 0.937126 0.000000
-0.703149 0.711043 0.000000
-0.605235 0.796047 0.000000
-0.499001 0.866602 0.000000
-0.944790 0.327675 0.000000
-0.000015 0.707119 0.707095
-0.000015 0.707119 0.707095
0.707098 0.707116 0.000000
0.868243 0.496139 0.000000
-0.499001 0.866602 0.000000
-0.573254 0.819378 0.000000
0.000000 0.000000 1.000000
-0.643069 0.765808 0.000000
-0.608207 0.792748 -0.040427
-0.693923 0.718019 -0.054032
-0.787925 0.615771 0.000000
-0.650442 0.757602 -0.054444
-0.538927 0.842353 0.000000
0.517206 -0.375127 0.769271
0.144208 0.505713 0.850564
0.312064 -0.496386 -0.810072
0.602964 -0.611241 -0.512659
0.264759 -0.896506 -0.355218
0.318327 -0.515532 -0.795547
-0.121342 0.260260 0.957884
-0.588885 0.745120 0.313068
0.517572 -0.838215 -0.171798
0.141319 -0.486797 -0.862008
0.862151 0.328168 0.386007
0.440769 0.193571 -0.876500
0.179299 -0.841696 -0.509313
0.192947 -0.457794 -0.867869
0.338625 -0.803439 -0.489713
0.088840 -0.455985 -0.885542
0.240893 -0.771110 -0.589372
0.248501 -0.349012 -0.903569
0.571053 -0.557818 -0.602277
0.253148 -0.325545 -0.911008
0.040528 -0.836521 -0.546434
-0.494625 -0.538536 -0.682148
-0.656728 -0.754128 0.000000
-0.962005 -0.273031 0.000000
0.597303 -0.441804 0.669357
0.274968 0.079412 0.958168
0.000000 -0.392551 0.919730
0.000000 -0.565448 0.824784
0.000000 -0.392552 0.919730
0.000000 0.346812 -0.937935
0.000000 -0.565450 0.824783
0.000000 -0.196258 0.980552
-0.507021 -0.666276 0.546814
-0.348838 -0.917212 0.192443
0.795461 -0.448349 0.407708
0.786040 0.088675 0.611782
0.531130 0.812588 -0.240004
0.563896 0.556362 -0.610313
-0.829311 -0.524541 -0.192613
-0.831065 -0.547894 -0.095619
0.815531 -0.353608 0.458117
0.807139 0.025226 0.589823
-0.910156 -0.414265 0.000000
0.921944 0.387323 0.000000
0.991326 0.131424 0.000000
-0.837706 -0.546122 0.000000
0.270759 -0.415423 0.868397
0.345005 -0.517508 0.783043
0.380375 -0.583607 0.717438
0.149631 -0.233876 0.960683
0.894427 -0.000051 0.447214
0.447214 -0.000013 -0.894427
-0.000006 0.000010 -1.000000
0.000005 -0.000015 1.000000
-0.000003 0.000010 -1.000000
0.447224 -0.000046 0.894422
-0.000004 0.000010 -1.000000
-0.000002 0.000010 -1.000000
-0.000008 0.000010 -1.000000
-0.000008 0.000010 -1.000000
-0.894428 0.000053 -0.447213
-1.000000 0.000055 0.000000
0.894427 -0.000050 0.447214
0.000000 0.000033 1.000000
0.000000 0.000033 1.000000
-0.447194 -0.000018 0.894437
0.894430 0.000010 0.447209
0.447229 -0.000018 -0.894419
-0.948685 0.000064 0.316224
0.894424 0.000039 0.447219
-1.000000 0.000055 0.000000
-0.716836 -0.117777 -0.687222
-0.868240 0.238651 -0.434977
-0.324802 -0.624523 -0.710264
-0.617142 -0.393809 -0.681213
-0.831700 -0.340562 -0.438511
-0.715755 0.118792 -0.688174
0.600631 -0.619026 -0.506014
0.340098 -0.920344 -0.193132
-0.476551 -0.650706 -0.591169
-0.734294 0.031949 -0.678079
-0.291653 0.115361 -0.949542
-0.552343 -0.318453 -0.770392
-0.372726 -0.905609 0.202358
-0.608534 -0.604136 0.514496
0.170587 -0.899308 0.402673
0.474003 -0.624320 0.620924
-0.447214 0.000031 -0.894427
-0.894427 0.000011 -0.447214
-0.447214 0.000016 -0.894427
0.447214 0.000048 -0.894427
-0.894427 0.000069 -0.447214
-0.894427 -0.000027 -0.447214
-0.447214 0.000039 0.894427
0.894427 0.000050 0.447214
0.000000 0.000000 -1.000000
0.000000 0.894427 -0.447214
0.000000 0.447214 0.894427
0.000000 -0.894427 0.447214
0.000000 -0.447214 0.894427
0.000000 -0.894427 -0.447214
0.000000 -0.447214 -0.894427
0.000000 0.894427 0.447214
0.000000 0.447214 -0.894427
240
0 0 1 2 0 0 1 2
0 0 2 3 0 1 2 2
0 4 5 6 3 3 3 2
0 4 6 7 3 3 3 2
0 3 2 8 2 1 2 2
0 3 8 9 2 2 4 2
0 10 11 5 3 3 3 2
0 10 5 4 3 3 3 2
0 9 8 12 4 2 5 2
0 9 12 13 4 5 6 2
0 13 12 14 6 5 7 2
0 13 14 15 6 7 8 2
0 15 14 16 8 7 9 2
0 15 16 17 8 9 10 2
0 17 16 18 10 9 11 2
0 17 18 19 10 11 12 2
0 19 18 20 12 11 13 2
0 19 20 21 12 13 14 2
0 22 9 13 0 4 6 2
0 22 13 23 0 6 15 2
0 24 25 26 3 3 3 2
0 24 26 27 3 3 3 2
0 28 15 17 16 8 10 2
0 28 17 29 16 10 17 2
0 30 31 32 18 18 18 2
0 30 32 33 18 18 18 2
0 34 35 36 3 3 3 2
0 34 36 37 3 3 3 2
0 38 39 40 19 19 19 1
0 38 40 41 19 19 20 1
0 42 43 44 21 21 21 1
0 41 45 46 20 22 23 1
0 29 46 45 24 23 22 1
0 17 19 29 25 26 24 1
0 19 21 46 26 13 23 1
0 46 29 19 23 24 26 1
0 28 23 13 27 27 27 1
0 13 15 28 27 27 27 1
0 47 48 49 0 0 0 1
0 50 51 47 0 0 0 1
0 49 52 53 0 0 0 1
0 49 53 54 0 0 0 1
0 47 49 54 0 0 0 1
0 50 47 54 0 0 0 1
0 55 56 57 28 29 30 3
0 55 57 58 28 30 31 3
0 58 57 59 31 30 32 3
0 58 59 60 31 32 33 3
0 61 62 56 34 35 29 3
0 61 56 55 34 29 28 3
0 60 59 63 33 32 36 3
0 60 63 64 33 36 37 3
0 65 66 62 38 39 35 3
0 65 62 61 38 35 34 3
0 64 63 67 37 36 40 3
0 64 67 68 37 40 41 3
0 68 67 69 41 40 42 3
0 68 69 70 41 42 43 3
0 70 69 71 43 42 44 3
0 70 71 72 43 44 45 3
0 72 71 73 45 44 46 3
0 72 73 74 45 46 47 3
0 74 73 75 47 46 48 3
0 74 75 76 47 48 49 3
0 76 75 77 49 48 50 3
0 76 77 78 49 50 51 3
0 79 80 66 52 53 39 3
0 79 66 65 52 39 38 3
0 81 82 80 54 55 53 3
0 81 80 79 54 53 52 3
0 83 84 85 56 57 58 3
0 83 85 86 56 58 59 3
0 87 88 89 60 61 62 2
0 87 89 90 60 62 63 2
0 90 89 44 63 62 64 2
0 90 44 91 63 64 65 2
0 91 44 43 65 64 66 2
0 91 43 92 65 66 67 2
0 92 43 88 67 66 61 2
0 92 88 87 67 61 60 2
0 92 43 42 67 66 68 2
0 92 42 93 67 68 69 2
0 94 95 43 70 50 66 2
0 94 43 92 70 66 67 2
0 93 42 84 69 68 71 2
0 93 84 83 69 71 72 2
0 78 77 95 73 50 50 2
0 78 95 94 73 50 70 2
0 86 85 82 74 75 76 2
0 86 82 81 74 76 77 2
0 0 55 58 78 28 31 3
0 0 58 1 78 31 79 3
0 1 58 60 79 31 33 3
0 1 60 2 79 33 80 3
0 3 61 55 81 34 28 3
0 3 55 0 81 28 78 3
0 2 60 64 80 33 37 3
0 2 64 8 80 37 82 3
0 9 65 61 83 38 34 3
0 9 61 3 83 34 81 3
0 8 64 68 82 37 41 3
0 8 68 12 82 41 84 3
0 12 68 70 84 41 43 3
0 12 70 14 84 43 85 3
0 14 70 72 85 43 45 3
0 14 72 16 85 45 86 3
0 16 72 74 86 45 47 3
0 16 74 18 86 47 87 3
0 18 74 76 87 47 49 3
0 18 76 20 87 49 88 3
0 20 76 78 88 49 51 3
0 20 78 21 88 51 89 3
0 22 79 65 90 52 38 3
0 22 65 9 90 38 83 3
0 23 81 79 91 54 52 3
0 23 79 22 91 52 90 3
0 29 83 86 92 56 59 3
0 29 86 28 92 59 92 3
0 38 87 90 93 60 63 2
0 38 90 39 93 63 94 2
0 39 90 91 94 63 65 2
0 39 91 40 94 65 95 2
0 40 91 92 95 65 67 2
0 40 92 41 95 67 96 2
0 41 92 87 96 67 60 2
0 41 87 38 96 60 93 2
0 41 92 93 96 67 69 2
0 41 93 45 96 69 97 2
0 46 94 92 98 70 67 2
0 46 92 41 98 67 96 2
0 45 93 83 97 69 72 2
0 45 83 29 97 72 17 2
0 21 78 94 14 73 70 2
0 21 94 46 14 70 98 2
0 28 86 81 16 74 77 2
0 28 81 23 16 77 15 2
0 96 97 98 99 100 101 2
0 96 98 99 99 101 102 2
0 99 98 100 102 101 103 2
0 99 100 101 102 103 104 2
0 102 103 104 105 106 107 2
0 102 104 105 105 107 108 2
0 105 104 97 108 107 100 2
0 105 97 96 108 100 99 2
0 101 100 106 104 103 109 2
0 101 106 107 104 109 110 2
0 107 106 108 110 109 111 2
0 107 108 109 110 111 112 2
0 109 108 110 112 111 113 2
0 109 110 111 112 113 114 2
0 111 110 103 114 113 106 2
0 111 103 102 114 106 105 2
0 47 96 99 115 99 102 2
0 47 99 48 115 102 116 2
0 48 99 101 116 102 104 2
0 48 101 49 116 104 117 2
0 50 102 105 118 105 108 2
0 50 105 51 118 108 119 2
0 51 105 96 119 108 99 2
0 51 96 47 119 99 115 2
0 49 101 107 117 104 110 2
0 49 107 52 117 110 120 2
0 52 107 109 120 110 112 2
0 52 109 53 120 112 121 2
0 53 109 111 121 112 114 2
0 53 111 54 121 114 122 2
0 54 111 102 122 114 105 2
0 54 102 50 122 105 118 2
0 5 112 57 123 123 30 3
0 5 57 6 123 30 124 3
0 6 57 56 124 30 29 3
0 6 56 7 124 29 125 3
0 7 56 113 125 29 21 3
0 7 113 4 125 21 21 3
0 10 103 114 126 127 128 3
0 10 114 11 126 128 129 3
0 11 114 112 129 128 123 3
0 11 112 5 129 123 123 3
0 4 113 103 21 21 127 3
0 4 103 10 21 127 126 3
0 24 97 104 126 127 128 3
0 24 104 25 126 128 129 3
0 25 104 66 129 128 39 3
0 25 66 26 129 39 124 3
0 26 66 80 124 39 53 3
0 26 80 27 124 53 125 3
0 27 80 97 125 53 127 3
0 27 97 24 125 127 126 3
0 30 100 98 126 127 128 3
0 30 98 31 126 128 129 3
0 31 98 84 129 128 57 3
0 31 84 32 129 57 124 3
0 32 84 42 124 57 130 3
0 32 42 33 124 130 125 3
0 33 42 100 125 130 127 3
0 33 100 30 125 127 126 3
0 34 108 106 126 127 128 3
0 34 106 35 126 128 129 3
0 35 106 44 129 128 131 3
0 35 44 36 129 131 124 3
0 36 44 89 124 131 130 3
0 36 89 37 124 130 125 3
0 37 89 108 125 130 127 3
0 37 108 34 125 127 126 3
0 5 5 6 123 123 124 3
0 5 6 6 123 124 124 3
0 6 6 7 124 124 125 3
0 6 7 7 124 125 125 3
0 7 7 4 125 125 21 3
0 7 4 4 125 21 21 3
0 10 10 11 126 126 129 3
0 10 11 11 126 129 129 3
0 11 11 5 129 129 123 3
0 11 5 5 129 123 123 3
0 4 4 10 21 21 126 3
0 4 10 10 21 126 126 3
0 24 24 25 126 126 129 3
0 24 25 25 126 129 129 3
0 25 25 26 129 129 124 3
0 25 26 26 129 124 124 3
0 26 26 27 124 124 125 3
0 26 27 27 124 125 125 3
0 27 27 24 125 125 126 3
0 27 24 24 125 126 126 3
0 30 30 31 126 126 129 3
0 30 31 31 126 129 129 3
0 31 31 32 129 129 124 3
0 31 32 32 129 124 124 3
0 32 32 33 124 124 125 3
0 32 33 33 124 125 125 3
0 33 33 30 125 125 126 3
0 33 30 30 125 126 126 3
0 34 34 35 126 126 129 3
0 34 35 35 126 129 129 3
0 35 35 36 129 129 124 3
0 35 36 36 129 124 124 3
0 36 36 37 124 124 125 3
0 36 37 37 124 125 125 3
0 37 37 34 125 125 126 3
0 37 34 34 125 126 126 3

Materials: 3
"Blz"
0.200000 0.200000 0.200000 1.000000
0.800000 0.800000 0.800000 1.000000
0.000000 0.000000 0.000000 1.000000
0.000000 0.000000 0.000000 1.000000
0.000000
1.000000
"..\Image\brick01.tga"
""
"Blz_Other"
0.200000 0.200000 0.200000 1.000000
0.800000 0.800000 0.800000 1.000000
0.000000 0.000000 0.000000 1.000000
0.000000 0.000000 0.000000 1.000000
0.000000
1.000000
"..\Image\Blz_Round_Gate_Windows.tga"
""
"Material01"
0.200000 0.200000 0.200000 1.000000
0.800000 0.800000 0.800000 1.000000
0.000000 0.000000 0.000000 1.000000
0.000000 0.000000 0.000000 1.000000
0.000000
1.000000
"..\Image\window.tga"
""

Bones: 0
GroupComments: 0
MaterialComments: 0
BoneComments: 0
ModelComment: 0
