// MilkShape 3D ASCII

Frames: 30
Frame: 1

Meshes: 2
"1_Blz" 0 0
65
0 -16.000000 23.833334 -0.428571 0.141939 2.954540 -1
0 -16.000000 0.000000 -0.428571 0.141939 0.000000 -1
0 -15.000000 0.000000 1.571429 0.287727 0.000000 -1
0 -13.000000 0.000000 2.571429 0.579304 0.000000 -1
0 -15.000000 23.833334 1.571429 0.287727 2.954540 -1
0 -13.000000 23.833334 2.571429 0.579304 2.954540 -1
0 13.000000 0.000000 2.571429 4.369800 0.000000 -1
0 13.000000 23.833334 2.571429 4.369800 2.954540 -1
0 14.999998 23.833334 1.571429 4.661376 2.954540 -1
0 15.000000 0.000000 1.571429 4.661376 0.000000 -1
0 16.000000 23.833334 -0.428571 4.807165 2.954540 -1
0 16.000000 0.000000 -0.428571 4.807165 0.000000 -1
0 17.322693 40.333416 -17.704712 4.999998 5.000000 -1
0 -16.973572 40.333416 -17.771667 0.000003 5.000000 -1
0 -0.882690 40.333416 -6.333679 2.345866 5.000000 -1
0 -16.973572 40.333416 -0.019653 0.000003 5.000000 -1
0 -15.901917 40.333416 2.256165 0.156238 5.000000 -1
0 -13.758362 40.333416 3.393982 0.468743 5.000000 -1
0 16.250977 40.333416 2.256165 4.843754 5.000000 -1
0 17.322693 40.333416 -0.019653 4.999998 5.000000 -1
0 14.107422 40.333416 3.393982 4.531249 5.000000 -1
0 -16.000000 23.833334 -16.029411 0.141939 2.954540 -1
0 16.000000 23.833334 -15.970589 4.807165 2.954540 -1
32 -16.000000 0.000000 -16.000000 0.141939 0.000000 -1
32 16.000000 0.000000 -16.000000 4.807165 0.000000 -1
0 17.122059 25.333332 -17.502628 4.970748 3.140489 -1
0 -16.775724 25.333332 -17.568634 0.028847 3.140489 -1
0 -16.775724 25.333332 -0.067300 0.028847 3.140489 -1
0 -15.716417 25.333332 2.176343 0.183282 3.140489 -1
0 -13.597806 25.333332 3.298166 0.492151 3.140489 -1
0 16.062754 25.333332 2.176343 4.816314 3.140489 -1
0 17.122059 25.333332 -0.067300 4.970748 3.140489 -1
0 13.944143 25.333332 3.298166 4.507445 3.140489 -1
0 17.122070 26.500004 -17.502625 4.970750 3.285118 -1
0 -16.775696 26.500004 -17.568604 0.028851 3.285118 -1
0 -16.775696 26.500004 -0.067322 0.028851 3.285118 -1
0 -15.716431 26.500004 2.176331 0.183280 3.285118 -1
0 -13.597778 26.500004 3.298157 0.492155 3.285118 -1
0 16.062744 26.500004 2.176331 4.816312 3.285118 -1
0 17.122070 26.500004 -0.067322 4.970750 3.285118 -1
0 13.944153 26.500004 3.298157 4.507446 3.285118 -1
0 16.009464 27.333332 -15.953390 4.808545 3.388423 -1
0 -15.678231 27.333332 -16.012121 0.188849 3.388423 -1
0 -15.678231 27.333332 -0.432661 0.188849 3.388423 -1
0 -14.688029 27.333332 1.564616 0.333209 3.388423 -1
0 -12.707508 27.333332 2.563254 0.621946 3.388423 -1
0 15.019206 27.333332 1.564616 4.664176 3.388423 -1
0 16.009464 27.333332 -0.432661 4.808545 3.388423 -1
0 13.038741 27.333332 2.563254 4.375448 3.388423 -1
0 16.009460 37.666710 -15.953369 4.808544 4.669417 -1
0 -15.678223 37.666710 -16.012146 0.188850 4.669417 -1
0 -15.678223 37.666710 -0.432678 0.188850 4.669417 -1
0 -14.688049 37.666710 1.564636 0.333206 4.669417 -1
0 -12.707520 37.666710 2.563232 0.621944 4.669417 -1
0 15.019226 37.666710 1.564636 4.664179 4.669417 -1
0 16.009460 37.666710 -0.432678 4.808544 4.669417 -1
0 13.038757 37.666710 2.563232 4.375450 4.669417 -1
0 17.322706 39.166748 -17.704704 5.000000 4.855372 -1
0 -16.973595 39.166748 -17.771681 0.000000 4.855372 -1
0 -16.973595 39.166748 -0.019679 0.000000 4.855372 -1
0 -15.901908 39.166748 2.256156 0.156239 4.855372 -1
0 -13.758335 39.166748 3.394005 0.468747 4.855372 -1
0 16.250952 39.166748 2.256156 4.843751 4.855372 -1
0 17.322706 39.166748 -0.019679 5.000000 4.855372 -1
0 14.107443 39.166748 3.394005 4.531252 4.855372 -1
104
-0.931410 0.000000 0.363972
-0.973249 0.000000 0.229753
-0.780869 0.000000 0.624695
-0.305393 0.000000 0.952226
-0.624695 0.000000 0.780869
-0.152697 0.000000 0.988273
0.229753 0.000000 0.973249
0.229753 0.000000 0.973249
0.624695 0.000000 0.780869
0.780869 0.000000 0.624695
0.931410 0.000000 0.363972
0.973249 0.000000 0.229753
0.000000 1.000000 0.000000
-0.894263 -0.000552 -0.447542
0.707432 0.000000 -0.706781
-0.446556 0.000000 -0.894756
0.707107 0.000873 -0.707106
0.248343 -0.625935 -0.739277
0.618416 -0.738106 -0.269744
-0.352559 -0.752486 -0.556298
-0.659970 -0.389253 -0.642590
-0.867164 -0.480229 0.131930
-0.942938 -0.259704 0.208381
-0.669751 -0.521777 0.528377
-0.697309 -0.279630 0.659975
-0.267552 -0.495891 0.826140
-0.282018 -0.294928 0.912953
0.615102 -0.622070 0.484435
0.494987 -0.610460 0.618325
0.746540 -0.623893 0.231160
0.782210 -0.612533 0.113799
0.255219 -0.539597 0.802308
0.123820 -0.494696 0.860200
0.001947 0.000015 -0.999998
-0.894253 0.000034 -0.447561
-0.956760 0.000017 0.290878
-0.642549 0.000005 0.766244
-0.467948 0.000018 0.883756
0.904279 0.000012 0.426943
0.904276 -0.000001 0.426948
0.467955 0.000003 0.883752
0.467959 0.000013 0.883750
0.000000 0.000008 1.000000
1.000000 -0.000010 0.000000
1.000000 -0.000010 0.000000
0.000921 0.880954 -0.473201
0.000876 0.881341 -0.472480
-0.604741 0.796423 0.000000
-0.531096 0.809362 0.250739
-0.513026 0.819825 0.254346
-0.295743 0.774970 0.558532
-0.278743 0.785306 0.552809
0.514399 0.822440 0.242870
0.522988 0.811940 0.259300
0.287008 0.789836 0.542020
0.285524 0.773205 0.566242
0.000000 0.661426 0.750011
0.599481 0.800389 0.000000
0.599481 0.800389 0.000000
0.001853 0.000002 -0.999998
0.001855 -0.000002 -0.999998
-1.000000 0.000001 0.000000
-1.000000 0.000001 0.000000
-0.895936 0.000001 0.444183
-0.895944 -0.000003 0.444167
-0.450233 -0.000003 0.892911
-0.450216 0.000001 0.892920
0.895926 -0.000003 0.444204
0.895933 0.000001 0.444189
0.450243 0.000001 0.892906
0.450227 -0.000003 0.892914
0.000000 0.000002 1.000000
1.000000 0.000000 0.000000
0.001206 -0.759940 -0.649993
0.001268 -0.760531 -0.649301
-0.756852 -0.653586 0.000000
-0.756852 -0.653587 0.000000
-0.667278 -0.667314 0.330805
-0.662987 -0.680426 0.312200
-0.355692 -0.613046 0.705449
-0.362974 -0.632984 0.683799
0.652656 -0.685084 0.323576
0.669339 -0.672776 0.315211
0.720522 -0.674781 0.159745
0.907462 -0.362399 0.212555
0.213348 -0.312689 0.925585
0.118673 -0.544433 0.830367
0.358257 -0.626460 0.692242
0.599424 -0.168431 0.782510
-0.198956 -0.205588 0.958201
0.000000 -0.484492 0.874796
0.752400 -0.658707 0.000000
0.917082 -0.219316 -0.332957
0.448610 0.000007 -0.893728
-0.445816 0.000011 -0.895125
-0.894253 0.000023 -0.447562
-0.989415 0.000016 0.145115
-0.956958 0.000006 0.290227
-0.795519 -0.000005 0.605929
-0.643328 -0.000005 0.765590
-0.160502 0.000016 0.987035
0.795507 -0.000013 0.605944
0.989414 0.000008 0.145119
0.321011 0.000010 0.947075
130
0 0 1 2 0 1 2 1
0 2 3 4 2 3 4 1
0 4 0 2 4 0 2 1
0 5 4 3 5 4 3 1
0 5 3 6 5 3 6 1
0 6 7 5 6 7 5 1
0 8 7 6 8 7 6 1
0 6 9 8 6 9 8 1
0 10 8 9 10 8 9 1
0 9 11 10 9 11 10 1
0 0 1 2 0 1 2 1
0 2 3 4 2 3 4 1
0 4 0 2 4 0 2 1
0 5 4 3 5 4 3 1
0 5 3 6 5 3 6 1
0 6 7 5 6 7 5 1
0 8 7 6 8 7 6 1
0 6 9 8 6 9 8 1
0 10 8 9 10 8 9 1
0 9 11 10 9 11 10 1
0 12 13 14 12 12 12 1
0 13 15 14 12 12 12 1
0 15 16 14 12 12 12 1
0 16 17 14 12 12 12 1
0 18 19 14 12 12 12 1
0 20 18 14 12 12 12 1
0 17 20 14 12 12 12 1
0 14 19 12 12 12 12 1
0 21 22 23 13 14 15 1
0 22 24 23 14 16 15 1
0 1 0 21 1 0 13 1
0 23 1 21 15 1 13 1
0 22 10 11 14 10 11 1
0 22 11 24 14 11 16 1
0 25 22 21 17 18 19 2
0 25 21 26 17 19 20 2
0 26 21 0 20 19 21 2
0 26 0 27 20 21 22 2
0 27 0 4 22 21 23 2
0 27 4 28 22 23 24 2
0 28 4 5 24 23 25 2
0 28 5 29 24 25 26 2
0 30 8 10 27 28 29 2
0 30 10 31 27 29 30 2
0 32 7 8 31 32 28 2
0 32 8 30 31 28 27 2
0 29 5 7 26 25 32 2
0 29 7 32 26 32 31 2
0 31 10 22 30 29 18 2
0 31 22 25 30 18 17 2
0 33 25 26 33 17 20 2
0 33 26 34 33 20 34 2
0 34 26 27 34 20 22 2
0 34 27 35 34 22 35 2
0 35 27 28 35 22 24 2
0 35 28 36 35 24 36 2
0 36 28 29 36 24 26 2
0 36 29 37 36 26 37 2
0 38 30 31 38 38 38 2
0 38 31 39 39 39 39 2
0 40 32 30 40 40 40 2
0 40 30 38 41 41 41 2
0 37 29 32 42 42 42 2
0 37 32 40 42 42 42 2
0 39 31 25 43 43 43 2
0 39 25 33 44 44 44 2
0 41 33 34 45 45 45 2
0 41 34 42 46 46 46 2
0 42 34 35 47 47 47 2
0 42 35 43 47 47 47 2
0 43 35 36 48 48 48 2
0 43 36 44 49 49 49 2
0 44 36 37 50 50 50 2
0 44 37 45 51 51 51 2
0 46 38 39 52 52 52 2
0 46 39 47 53 53 53 2
0 48 40 38 54 54 54 2
0 48 38 46 55 55 55 2
0 45 37 40 56 56 56 2
0 45 40 48 56 56 56 2
0 47 39 33 57 57 57 2
0 47 33 41 58 58 58 2
0 49 41 42 59 59 59 2
0 49 42 50 60 60 60 2
0 50 42 43 61 61 61 2
0 50 43 51 62 62 62 2
0 51 43 44 63 63 63 2
0 51 44 52 64 64 64 2
0 52 44 45 65 65 65 2
0 52 45 53 66 66 66 2
0 54 46 47 67 67 67 2
0 54 47 55 68 68 68 2
0 56 48 46 69 69 69 2
0 56 46 54 70 70 70 2
0 53 45 48 71 71 71 2
0 53 48 56 71 71 71 2
0 55 47 41 72 72 72 2
0 55 41 49 72 72 72 2
0 57 49 50 73 73 73 2
0 57 50 58 74 74 74 2
0 58 50 51 75 75 75 2
0 58 51 59 76 76 76 2
0 59 51 52 77 77 77 2
0 59 52 60 78 78 78 2
0 60 52 53 79 79 79 2
0 60 53 61 80 80 80 2
0 62 54 55 81 81 81 2
0 62 55 63 82 83 84 2
0 64 56 54 85 86 87 2
0 64 54 62 85 87 88 2
0 61 53 56 89 90 86 2
0 61 56 64 89 86 85 2
0 63 55 49 84 83 91 2
0 63 49 57 84 91 92 2
0 12 57 58 93 92 94 2
0 12 58 13 93 94 95 2
0 13 58 59 95 94 96 2
0 13 59 15 95 96 97 2
0 15 59 60 97 96 98 2
0 15 60 16 97 98 99 2
0 16 60 61 99 98 89 2
0 16 61 17 99 89 100 2
0 18 62 63 101 88 84 2
0 18 63 19 101 84 102 2
0 20 64 62 103 85 88 2
0 20 62 18 103 88 101 2
0 17 61 64 100 89 85 2
0 17 64 20 100 85 103 2
0 19 63 57 102 84 92 2
0 19 57 12 102 92 93 2
"1_Blz_Windows" 0 1
23
0 -1.482759 1.423133 2.885715 0.000000 0.000000 -1
0 -1.482759 14.974857 2.885715 0.000000 0.000000 -1
0 -4.068965 16.216236 2.885715 0.000000 0.000000 -1
0 -7.000000 16.423134 2.885715 0.000000 0.000000 -1
0 -8.965517 16.216236 2.885715 0.000000 0.000000 -1
0 -11.448276 14.940375 2.885715 0.000000 0.000000 -1
0 -11.413794 1.388651 2.885715 0.000000 0.000000 -1
0 11.517241 1.423133 2.885715 0.000000 0.000000 -1
0 11.517241 14.974857 2.885715 0.000000 0.000000 -1
0 8.931034 16.216236 2.885715 0.000000 0.000000 -1
0 6.000000 16.423134 2.885715 0.000000 0.000000 -1
0 4.034483 16.216236 2.885715 0.000000 0.000000 -1
0 1.551724 14.940375 2.885715 0.000000 0.000000 -1
0 1.586206 1.388651 2.885715 0.000000 0.000000 -1
0 5.599999 32.860001 3.584763 0.000000 0.000000 -1
0 0.100000 32.860001 2.584763 0.000000 0.000000 -1
0 3.989087 28.970911 3.584763 0.000000 0.000000 -1
0 0.100000 27.359999 3.584763 0.000000 0.000000 -1
0 -3.789087 28.970911 3.584763 0.000000 0.000000 -1
0 -5.400001 32.860001 3.584763 0.000000 0.000000 -1
0 -3.789087 36.749092 3.584763 0.000000 0.000000 -1
0 0.100000 38.360016 3.584763 0.000000 0.000000 -1
0 3.989087 36.749092 3.584763 0.000000 0.000000 -1
10
0.000000 0.000000 1.000000
-0.178885 0.000000 0.983870
-0.000000 0.000000 1.000000
-0.126491 0.126491 0.983870
0.000000 0.178885 0.983870
0.126491 0.126491 0.983870
0.178885 0.000000 0.983870
0.126491 -0.126491 0.983870
0.000000 -0.178885 0.983870
-0.126491 -0.126491 0.983870
18
0 0 1 2 0 0 0 1
0 0 2 3 0 0 0 1
0 0 3 4 0 0 0 1
0 0 4 5 0 0 0 1
0 5 6 0 0 0 0 1
0 7 8 9 0 0 0 1
0 7 9 10 0 0 0 1
0 7 10 11 0 0 0 1
0 7 11 12 0 0 0 1
0 12 13 7 0 0 0 1
0 14 15 16 1 2 3 2
0 16 15 17 3 2 4 2
0 17 15 18 4 2 5 2
0 18 15 19 5 2 6 2
0 19 15 20 6 2 7 2
0 20 15 21 7 2 8 2
0 21 15 22 8 2 9 2
0 22 15 14 9 2 1 2

Materials: 2
"Blz"
0.200000 0.200000 0.200000 1.000000
0.800000 0.800000 0.800000 1.000000
0.000000 0.000000 0.000000 1.000000
0.000000 0.000000 0.000000 1.000000
0.000000
1.000000
"..\Image\brick01.tga"
""
"Windows"
0.200000 0.200000 0.200000 1.000000
0.800000 0.800000 0.800000 1.000000
0.000000 0.000000 0.000000 1.000000
0.000000 0.000000 0.000000 1.000000
0.000000
1.000000
"..\Image\window.tga"
""

Bones: 0
GroupComments: 0
MaterialComments: 0
BoneComments: 0
ModelComment: 0
