// MilkShape 3D ASCII

Frames: 30
Frame: 1

Meshes: 4
"1_Blz" 0 0
24
0 -15.939260 15.000000 6.000000 0.080079 1.551724 -1
32 -16.000000 0.000000 6.000000 0.074717 0.000000 -1
32 -2.333334 0.000000 6.000000 0.869263 0.000000 -1
0 -2.312594 15.000000 6.000000 0.871094 1.551724 -1
32 -2.333334 0.000000 -4.000000 0.869263 0.000000 -1
0 -2.312594 15.000000 -4.000000 0.871094 1.551724 -1
0 -15.939260 15.000000 -16.000000 0.080079 1.551724 -1
32 -16.000000 0.000000 -16.000000 0.074717 0.000000 -1
32 16.000000 0.000000 -4.000000 2.899771 0.000000 -1
0 15.918522 15.000000 -4.000000 2.892578 1.551724 -1
0 15.918522 15.000000 -16.000000 2.892578 1.551724 -1
32 16.000000 0.000000 -16.000000 2.899771 0.000000 -1
0 -15.698975 29.000000 6.192993 0.101292 3.000000 -1
0 -15.698980 18.000000 6.193003 0.101292 1.862069 -1
0 -2.230562 18.000000 6.193003 0.878336 1.862069 -1
0 -2.230551 29.000000 6.192993 0.878337 3.000000 -1
0 -2.230562 18.000000 -3.987948 0.878336 1.862069 -1
0 -2.230551 29.000000 -3.987976 0.878337 3.000000 -1
0 -15.698975 29.000000 -16.205078 0.101292 3.000000 -1
0 -15.698980 18.000000 -16.205055 0.101292 1.862069 -1
0 15.596204 18.000000 -3.987948 2.864123 1.862069 -1
0 15.596191 29.000000 -3.987976 2.864122 3.000000 -1
0 15.596191 29.000000 -16.205078 2.864122 3.000000 -1
0 15.596204 18.000000 -16.205055 2.864123 1.862069 -1
22
-0.447210 0.001811 0.894427
-0.894420 0.003622 0.447214
0.447213 -0.000618 0.894427
0.894426 -0.001237 0.447214
-0.894420 0.003622 -0.447214
-0.447210 0.001811 -0.894427
0.447207 0.002429 0.894427
0.894414 0.004858 0.447214
0.447207 0.002429 -0.894427
0.894414 0.004858 -0.447214
-0.447214 0.000001 0.894427
-0.894427 0.000001 0.447214
0.447214 0.000000 0.894427
0.894427 -0.000000 0.447214
0.894427 0.000000 0.447214
0.447214 0.000002 0.894427
-0.894427 -0.000000 -0.447214
-0.447214 -0.000002 -0.894427
0.447214 0.000003 0.894427
0.894427 0.000002 0.447214
0.447214 -0.000001 -0.894427
0.894427 0.000000 -0.447214
24
0 0 1 2 0 1 2 2
0 0 2 3 0 2 3 2
0 3 2 4 3 2 3 2
0 3 4 5 3 3 2 2
0 6 7 1 4 5 1 2
0 6 1 0 4 1 0 2
0 5 4 8 2 3 6 2
0 5 8 9 2 6 7 2
0 10 11 7 8 9 5 2
0 10 7 6 8 5 4 2
0 9 8 11 7 6 9 2
0 9 11 10 7 9 8 2
0 12 13 14 10 11 12 2
0 12 14 15 10 12 13 2
0 15 14 16 13 12 14 2
0 15 16 17 13 14 15 2
0 18 19 13 16 17 11 2
0 18 13 12 16 11 10 2
0 17 16 20 15 14 18 2
0 17 20 21 15 18 19 2
0 22 23 19 20 21 17 2
0 22 19 18 20 17 16 2
0 21 20 23 19 18 21 2
0 21 23 22 19 21 20 2
"1_Blz_Frame" 0 1
280
0 -16.846334 16.000000 7.148607 0.000000 1.655172 -1
0 -15.939260 15.000000 6.000000 0.080079 1.551724 -1
0 -2.312594 15.000000 6.000000 0.871094 1.551724 -1
0 -2.622311 16.000000 7.148607 0.843752 1.655172 -1
0 -2.312594 15.000000 -4.000000 0.871094 1.551724 -1
0 -2.622311 16.000000 -3.928212 0.843752 1.655172 -1
0 -16.846334 16.000000 -17.220394 0.000000 1.655172 -1
0 -15.939260 15.000000 -16.000000 0.080079 1.551724 -1
0 15.918522 15.000000 -4.000000 2.892578 1.551724 -1
0 17.135309 16.000000 -3.928212 3.000000 1.655172 -1
0 17.135309 16.000000 -17.220394 3.000000 1.655172 -1
0 15.918522 15.000000 -16.000000 2.892578 1.551724 -1
0 -16.846313 17.000000 7.148621 0.000002 1.758621 -1
0 -2.622336 17.000000 7.148621 0.843749 1.758621 -1
0 -2.622336 17.000000 -3.928223 0.843749 1.758621 -1
0 -16.846313 17.000000 -17.220398 0.000002 1.758621 -1
0 17.135315 17.000000 -3.928223 3.000000 1.758621 -1
0 17.135315 17.000000 -17.220398 3.000000 1.758621 -1
0 -15.698980 18.000000 6.193003 0.101292 1.862069 -1
0 -2.230562 18.000000 6.193003 0.878336 1.862069 -1
0 -2.230562 18.000000 -3.987948 0.878336 1.862069 -1
0 -15.698980 18.000000 -16.205055 0.101292 1.862069 -1
0 15.596204 18.000000 -3.987948 2.864123 1.862069 -1
0 15.596204 18.000000 -16.205055 2.864123 1.862069 -1
0 -9.666666 15.059511 7.977674 0.000000 0.000000 -1
0 -10.749210 15.059511 7.977674 0.000000 0.000000 -1
0 -9.666666 13.941783 7.977674 0.000000 0.000000 -1
0 -10.749210 13.941783 7.977674 0.000000 0.000000 -1
0 -11.831753 13.255952 7.977674 0.000000 0.000000 -1
0 -11.831753 14.373683 7.977674 0.000000 0.000000 -1
0 -12.914297 12.824042 7.977674 0.000000 0.000000 -1
0 -12.914297 11.706308 7.977674 0.000000 0.000000 -1
0 -13.996841 10.588572 7.977674 0.000000 0.000000 -1
0 -13.996841 9.470835 7.977674 0.000000 0.000000 -1
0 -8.584124 15.059511 7.977674 0.000000 0.000000 -1
0 -8.584124 13.941783 7.977674 0.000000 0.000000 -1
0 -7.501579 14.373683 7.977674 0.000000 0.000000 -1
0 -7.501579 13.255952 7.977674 0.000000 0.000000 -1
0 -6.419036 12.824042 7.977674 0.000000 0.000000 -1
0 -6.419036 11.706308 7.977674 0.000000 0.000000 -1
0 -5.336492 10.588572 7.977674 0.000000 0.000000 -1
0 -5.336492 9.470835 7.977674 0.000000 0.000000 -1
0 -9.666666 15.059511 5.764006 0.000000 0.000000 -1
0 -10.749210 15.059511 5.764006 0.000000 0.000000 -1
0 -9.666666 13.941783 5.764006 0.000000 0.000000 -1
0 -10.749210 13.941783 5.764006 0.000000 0.000000 -1
0 -11.831753 13.255963 5.764006 0.000000 0.000000 -1
0 -11.831753 14.373706 5.764006 0.000000 0.000000 -1
0 -12.914297 12.824042 5.764006 0.000000 0.000000 -1
0 -12.914297 11.706308 5.764006 0.000000 0.000000 -1
0 -13.996841 10.588572 5.764006 0.000000 0.000000 -1
0 -13.996841 9.470835 5.764006 0.000000 0.000000 -1
0 -8.584124 15.059511 5.764006 0.000000 0.000000 -1
0 -8.584124 13.941783 5.764006 0.000000 0.000000 -1
0 -7.501579 13.255963 5.764006 0.000000 0.000000 -1
0 -7.501579 14.373706 5.764006 0.000000 0.000000 -1
0 -6.419036 12.824042 5.764006 0.000000 0.000000 -1
0 -6.419036 11.706308 5.764006 0.000000 0.000000 -1
0 -5.336492 10.588572 5.764006 0.000000 0.000000 -1
0 -5.336492 9.470835 5.764006 0.000000 0.000000 -1
0 -5.336492 4.417836 7.996683 0.000000 0.000000 -1
0 -5.877763 4.417836 7.996683 0.000000 0.000000 -1
0 -5.877763 1.064627 7.996683 0.000000 0.000000 -1
0 -5.336492 -0.053109 9.996686 0.000000 0.000000 -1
0 -13.455570 1.064627 7.996683 0.000000 0.000000 -1
0 -13.996841 -0.053109 9.996686 0.000000 0.000000 -1
0 -13.455570 4.417836 7.996683 0.000000 0.000000 -1
0 -13.996841 4.417836 7.996683 0.000000 0.000000 -1
0 -5.336492 4.417836 7.996658 0.000000 0.000000 -1
0 -5.336492 4.417836 5.764006 0.000000 0.000000 -1
0 -5.877763 4.417836 5.764006 0.000000 0.000000 -1
0 -5.877763 4.417836 7.996658 0.000000 0.000000 -1
0 -5.877763 1.064627 5.764006 0.000000 0.000000 -1
0 -5.877763 1.064627 7.996658 0.000000 0.000000 -1
0 -5.336492 -0.053109 9.996661 0.000000 0.000000 -1
0 -5.336492 -0.053109 5.764006 0.000000 0.000000 -1
0 -13.455570 1.064627 5.764006 0.000000 0.000000 -1
0 -13.455570 1.064627 7.996658 0.000000 0.000000 -1
0 -13.996841 -0.053109 9.996661 0.000000 0.000000 -1
0 -13.996841 -0.053109 5.764006 0.000000 0.000000 -1
0 -13.455570 4.417836 5.764006 0.000000 0.000000 -1
0 -13.455570 4.417836 7.996658 0.000000 0.000000 -1
0 -13.996841 4.417836 5.764006 0.000000 0.000000 -1
0 -13.996841 4.417836 7.996658 0.000000 0.000000 -1
0 -13.455570 4.417836 7.059549 0.000000 1.000000 -1
0 -13.455570 9.470835 7.059549 0.000000 0.000000 -1
0 -13.534838 4.417836 7.413102 0.125000 1.000000 -1
0 -13.534838 9.470835 7.413102 0.125000 0.000000 -1
0 -13.726206 9.470835 7.559548 0.250000 0.000000 -1
0 -13.726206 4.417836 7.559548 0.250000 1.000000 -1
0 -13.917574 4.417836 7.413102 0.375000 1.000000 -1
0 -13.917574 9.470835 7.413102 0.375000 0.000000 -1
0 -13.996841 9.470835 7.059549 0.500000 0.000000 -1
0 -13.996841 4.417836 7.059549 0.500000 1.000000 -1
0 -13.917574 4.417836 6.705996 0.625000 1.000000 -1
0 -13.917574 9.470835 6.705996 0.625000 0.000000 -1
0 -13.726206 9.470835 6.559551 0.750000 0.000000 -1
0 -13.726206 4.417836 6.559551 0.750000 1.000000 -1
0 -13.534838 4.417836 6.705996 0.875000 1.000000 -1
0 -13.534838 9.470835 6.705996 0.875000 0.000000 -1
0 -13.455570 9.470835 7.059549 1.000000 0.000000 -1
0 -13.455570 4.417836 7.059549 1.000000 1.000000 -1
0 -5.336492 4.417836 7.059549 0.000000 1.000000 -1
0 -5.336492 9.470835 7.059549 0.000000 0.000000 -1
0 -5.415760 4.417836 7.413102 0.125000 1.000000 -1
0 -5.415760 9.470835 7.413102 0.125000 0.000000 -1
0 -5.607128 9.470835 7.559548 0.250000 0.000000 -1
0 -5.607128 4.417836 7.559548 0.250000 1.000000 -1
0 -5.798495 4.417836 7.413102 0.375000 1.000000 -1
0 -5.798495 9.470835 7.413102 0.375000 0.000000 -1
0 -5.877763 9.470835 7.059549 0.500000 0.000000 -1
0 -5.877763 4.417836 7.059549 0.500000 1.000000 -1
0 -5.798495 4.417836 6.705996 0.625000 1.000000 -1
0 -5.798495 9.470835 6.705996 0.625000 0.000000 -1
0 -5.607128 9.470835 6.559551 0.750000 0.000000 -1
0 -5.607128 4.417836 6.559551 0.750000 1.000000 -1
0 -5.415760 4.417836 6.705996 0.875000 1.000000 -1
0 -5.415760 9.470835 6.705996 0.875000 0.000000 -1
0 -5.336492 9.470835 7.059549 1.000000 0.000000 -1
0 -5.336492 4.417836 7.059549 1.000000 1.000000 -1
0 -13.996841 9.470835 7.290322 0.000000 0.000000 -1
0 -13.996841 4.417836 7.290322 0.000000 1.000000 -1
0 -13.455570 9.470835 7.290322 1.000000 0.000000 -1
0 -13.455570 4.417836 7.290322 1.000000 1.000000 -1
0 -13.455570 9.470835 7.290322 0.000000 0.000000 -1
0 -13.455570 4.417836 7.290322 0.000000 1.000000 -1
0 -13.455570 9.470835 6.290322 1.000000 0.000000 -1
0 -13.455570 4.417836 6.290322 1.000000 1.000000 -1
0 -13.996841 9.470835 6.290322 0.000000 0.000000 -1
0 -13.996841 4.417836 6.290322 0.000000 1.000000 -1
0 -13.996841 9.470835 7.290322 1.000000 0.000000 -1
0 -13.996841 4.417836 7.290322 1.000000 1.000000 -1
0 -13.996841 9.470835 7.290322 0.000000 1.000000 -1
0 -13.455570 9.470835 7.290322 1.000000 1.000000 -1
0 -13.996841 4.417836 7.290322 0.000000 0.000000 -1
0 -13.455570 4.417836 7.290322 1.000000 0.000000 -1
0 -5.877763 9.470835 7.290322 0.000000 0.000000 -1
0 -5.877763 4.417836 7.290322 0.000000 1.000000 -1
0 -5.336492 9.470835 7.290322 1.000000 0.000000 -1
0 -5.336492 4.417836 7.290322 1.000000 1.000000 -1
0 -5.336492 9.470835 7.290322 0.000000 0.000000 -1
0 -5.336492 4.417836 7.290322 0.000000 1.000000 -1
0 -5.336492 9.470835 6.290322 1.000000 0.000000 -1
0 -5.336492 4.417836 6.290322 1.000000 1.000000 -1
0 -5.877763 9.470835 6.290322 0.000000 0.000000 -1
0 -5.877763 4.417836 6.290322 0.000000 1.000000 -1
0 -5.877763 9.470835 7.290322 1.000000 0.000000 -1
0 -5.877763 4.417836 7.290322 1.000000 1.000000 -1
0 -5.877763 9.470835 7.290322 0.000000 1.000000 -1
0 -5.336492 9.470835 7.290322 1.000000 1.000000 -1
0 -5.877763 4.417836 7.290322 0.000000 0.000000 -1
0 -5.336492 4.417836 7.290322 1.000000 0.000000 -1
0 -11.831753 10.508739 6.704957 0.000000 0.000000 -1
0 -7.501579 10.508739 6.704957 0.000000 0.000000 -1
0 -6.960307 11.626469 6.704957 0.000000 0.000000 -1
0 -12.373026 11.626469 6.704957 0.000000 0.000000 -1
0 -7.501579 2.342041 6.704957 0.000000 0.000000 -1
0 -6.960307 1.224303 6.704957 0.000000 0.000000 -1
0 -12.373026 1.224303 6.704957 0.000000 0.000000 -1
0 -11.831753 2.342041 6.704957 0.000000 0.000000 -1
0 -11.831753 10.508739 6.168371 0.000000 0.000000 -1
0 -7.501579 10.508739 6.168371 0.000000 0.000000 -1
0 -6.960307 11.626469 5.704957 0.000000 0.000000 -1
0 -12.373026 11.626469 5.704957 0.000000 0.000000 -1
0 -7.501579 2.342041 6.168371 0.000000 0.000000 -1
0 -6.960307 1.224303 5.704957 0.000000 0.000000 -1
0 -12.373026 1.224303 5.704957 0.000000 0.000000 -1
0 -11.831753 2.342041 6.168371 0.000000 0.000000 -1
0 0.971668 11.887274 -3.029810 0.000000 0.000000 -1
0 3.861661 11.887274 -3.029810 0.000000 0.000000 -1
0 4.222910 12.367476 -3.029810 0.000000 0.000000 -1
0 0.610420 12.367476 -3.029810 0.000000 0.000000 -1
0 3.861661 6.707968 -3.029810 0.000000 0.000000 -1
0 4.222910 6.227774 -3.029810 0.000000 0.000000 -1
0 0.610420 6.227774 -3.029810 0.000000 0.000000 -1
0 0.971668 6.707968 -3.029810 0.000000 0.000000 -1
0 0.971668 11.887274 -3.566396 0.000000 0.000000 -1
0 3.861661 11.887274 -3.566396 0.000000 0.000000 -1
0 4.222910 12.367476 -4.029810 0.000000 0.000000 -1
0 0.610420 12.367476 -4.029810 0.000000 0.000000 -1
0 3.861661 6.707968 -3.566396 0.000000 0.000000 -1
0 4.222910 6.227774 -4.029810 0.000000 0.000000 -1
0 0.610420 6.227774 -4.029810 0.000000 0.000000 -1
0 0.971668 6.707968 -3.566396 0.000000 0.000000 -1
0 9.082779 11.887274 -3.029810 0.000000 0.000000 -1
0 11.972774 11.887274 -3.029810 0.000000 0.000000 -1
0 12.334023 12.367476 -3.029810 0.000000 0.000000 -1
0 8.721532 12.367476 -3.029810 0.000000 0.000000 -1
0 11.972774 6.707968 -3.029810 0.000000 0.000000 -1
0 12.334023 6.227774 -3.029810 0.000000 0.000000 -1
0 8.721532 6.227774 -3.029810 0.000000 0.000000 -1
0 9.082779 6.707968 -3.029810 0.000000 0.000000 -1
0 9.082779 11.887274 -3.566396 0.000000 0.000000 -1
0 11.972774 11.887274 -3.566396 0.000000 0.000000 -1
0 12.334023 12.367476 -4.029810 0.000000 0.000000 -1
0 8.721532 12.367476 -4.029810 0.000000 0.000000 -1
0 11.972774 6.707968 -3.566396 0.000000 0.000000 -1
0 12.334023 6.227774 -4.029810 0.000000 0.000000 -1
0 8.721532 6.227774 -4.029810 0.000000 0.000000 -1
0 9.082779 6.707968 -3.566396 0.000000 0.000000 -1
0 0.971668 25.887274 -3.029810 0.000000 0.000000 -1
0 3.861661 25.887274 -3.029810 0.000000 0.000000 -1
0 4.222910 26.367476 -3.029810 0.000000 0.000000 -1
0 0.610420 26.367476 -3.029810 0.000000 0.000000 -1
0 3.861661 20.707968 -3.029810 0.000000 0.000000 -1
0 4.222910 20.227774 -3.029810 0.000000 0.000000 -1
0 0.610420 20.227774 -3.029810 0.000000 0.000000 -1
0 0.971668 20.707968 -3.029810 0.000000 0.000000 -1
0 0.971668 25.887274 -3.566396 0.000000 0.000000 -1
0 3.861661 25.887274 -3.566396 0.000000 0.000000 -1
0 4.222910 26.367476 -4.029810 0.000000 0.000000 -1
0 0.610420 26.367476 -4.029810 0.000000 0.000000 -1
0 3.861661 20.707968 -3.566396 0.000000 0.000000 -1
0 4.222910 20.227774 -4.029810 0.000000 0.000000 -1
0 0.610420 20.227774 -4.029810 0.000000 0.000000 -1
0 0.971668 20.707968 -3.566396 0.000000 0.000000 -1
0 9.082779 25.887274 -3.029810 0.000000 0.000000 -1
0 11.972774 25.887274 -3.029810 0.000000 0.000000 -1
0 12.334023 26.367476 -3.029810 0.000000 0.000000 -1
0 8.721532 26.367476 -3.029810 0.000000 0.000000 -1
0 11.972774 20.707968 -3.029810 0.000000 0.000000 -1
0 12.334023 20.227774 -3.029810 0.000000 0.000000 -1
0 8.721532 20.227774 -3.029810 0.000000 0.000000 -1
0 9.082779 20.707968 -3.029810 0.000000 0.000000 -1
0 9.082779 25.887274 -3.566396 0.000000 0.000000 -1
0 11.972774 25.887274 -3.566396 0.000000 0.000000 -1
0 12.334023 26.367476 -4.029810 0.000000 0.000000 -1
0 8.721532 26.367476 -4.029810 0.000000 0.000000 -1
0 11.972774 20.707968 -3.566396 0.000000 0.000000 -1
0 12.334023 20.227774 -4.029810 0.000000 0.000000 -1
0 8.721532 20.227774 -4.029810 0.000000 0.000000 -1
0 9.082779 20.707968 -3.566396 0.000000 0.000000 -1
0 -1.390923 11.887274 2.000553 0.000000 0.000000 -1
0 -1.390923 11.887274 -0.889441 0.000000 0.000000 -1
0 -1.390923 12.367476 -1.250690 0.000000 0.000000 -1
0 -1.390923 12.367476 2.361801 0.000000 0.000000 -1
0 -1.390923 6.707968 -0.889441 0.000000 0.000000 -1
0 -1.390923 6.227774 -1.250690 0.000000 0.000000 -1
0 -1.390923 6.227774 2.361801 0.000000 0.000000 -1
0 -1.390923 6.707968 2.000553 0.000000 0.000000 -1
0 -1.927508 11.887274 2.000553 0.000000 0.000000 -1
0 -1.927509 11.887274 -0.889441 0.000000 0.000000 -1
0 -2.390923 12.367476 -1.250690 0.000000 0.000000 -1
0 -2.390923 12.367476 2.361801 0.000000 0.000000 -1
0 -1.927509 6.707968 -0.889441 0.000000 0.000000 -1
0 -2.390923 6.227774 -1.250690 0.000000 0.000000 -1
0 -2.390923 6.227774 2.361801 0.000000 0.000000 -1
0 -1.927508 6.707968 2.000553 0.000000 0.000000 -1
0 -1.390923 25.744417 2.000553 0.000000 0.000000 -1
0 -1.390923 25.744417 -0.889441 0.000000 0.000000 -1
0 -1.390923 26.224619 -1.250690 0.000000 0.000000 -1
0 -1.390923 26.224619 2.361801 0.000000 0.000000 -1
0 -1.390923 20.565109 -0.889441 0.000000 0.000000 -1
0 -1.390923 20.084915 -1.250690 0.000000 0.000000 -1
0 -1.390923 20.084915 2.361801 0.000000 0.000000 -1
0 -1.390923 20.565109 2.000553 0.000000 0.000000 -1
0 -1.927508 25.744417 2.000553 0.000000 0.000000 -1
0 -1.927509 25.744417 -0.889441 0.000000 0.000000 -1
0 -2.390923 26.224619 -1.250690 0.000000 0.000000 -1
0 -2.390923 26.224619 2.361801 0.000000 0.000000 -1
0 -1.927509 20.565109 -0.889441 0.000000 0.000000 -1
0 -2.390923 20.084915 -1.250690 0.000000 0.000000 -1
0 -2.390923 20.084915 2.361801 0.000000 0.000000 -1
0 -1.927508 20.565109 2.000553 0.000000 0.000000 -1
0 -10.847776 25.887274 7.039627 0.000000 0.000000 -1
0 -7.957785 25.887274 7.039627 0.000000 0.000000 -1
0 -7.596534 26.367476 7.039627 0.000000 0.000000 -1
0 -11.209024 26.367476 7.039627 0.000000 0.000000 -1
0 -7.957785 20.707968 7.039627 0.000000 0.000000 -1
0 -7.596534 20.227774 7.039627 0.000000 0.000000 -1
0 -11.209024 20.227774 7.039627 0.000000 0.000000 -1
0 -10.847776 20.707968 7.039627 0.000000 0.000000 -1
0 -10.847776 25.887274 6.503042 0.000000 0.000000 -1
0 -7.957785 25.887274 6.503042 0.000000 0.000000 -1
0 -7.596534 26.367476 6.039631 0.000000 0.000000 -1
0 -11.209024 26.367476 6.039631 0.000000 0.000000 -1
0 -7.957785 20.707968 6.503042 0.000000 0.000000 -1
0 -7.596534 20.227774 6.039631 0.000000 0.000000 -1
0 -11.209024 20.227774 6.039631 0.000000 0.000000 -1
0 -10.847776 20.707968 6.503042 0.000000 0.000000 -1
111
-0.652988 -0.519460 0.551152
-0.558832 -0.791421 0.247708
0.471328 -0.598302 0.647985
0.737953 -0.041205 0.673593
0.861720 0.234592 0.449894
0.701919 0.036270 0.711333
-0.591866 -0.505001 -0.628227
-0.278391 -0.833968 -0.476441
0.277866 -0.400777 0.873023
0.554603 -0.395022 0.732375
0.630493 -0.555034 -0.542601
0.467114 -0.852906 -0.233144
-0.551548 0.524016 0.649001
0.741913 0.257426 0.619110
0.681663 -0.159542 0.714060
-0.633645 0.519601 -0.573158
0.628934 0.236709 0.740547
0.501305 0.573250 -0.648134
-0.246876 0.802426 0.543290
0.932036 -0.019357 0.361850
0.420068 -0.110777 0.900706
-0.491498 0.830391 -0.262452
0.477846 0.761602 0.437750
0.200421 0.832651 -0.516260
0.000000 0.000000 1.000000
-0.316228 0.948683 0.000000
0.316228 0.948683 0.000000
-0.184879 0.982761 0.000000
-0.369763 0.929126 0.000003
0.316228 -0.948683 0.000000
-0.316228 -0.948683 0.000000
0.184885 -0.982760 0.000000
0.369767 -0.929125 -0.000002
0.641182 -0.767389 -0.000002
0.737729 -0.675097 -0.000002
-0.641181 0.767390 0.000005
-0.737731 0.675095 0.000005
-0.848905 0.528545 0.000002
-0.875727 0.482807 0.000000
0.848905 -0.528546 -0.000001
0.875728 -0.482805 0.000000
-0.954803 0.297241 0.000000
-0.988894 0.148620 0.000000
0.676184 -0.736733 0.000000
-0.929681 -0.368366 0.000000
0.184884 0.982760 0.000000
0.369763 0.929126 0.000003
-0.184882 -0.982761 0.000000
-0.369766 -0.929125 -0.000002
-0.641183 -0.767388 -0.000002
-0.737731 -0.675095 -0.000002
0.641179 0.767392 0.000005
0.737727 0.675099 0.000005
0.848905 0.528545 0.000002
0.875728 0.482805 0.000000
-0.848905 -0.528545 -0.000001
-0.875727 -0.482806 0.000000
0.954803 0.297241 0.000000
0.988894 0.148620 0.000000
-0.676184 -0.736732 0.000000
0.929681 -0.368366 0.000000
-0.569012 0.091849 0.817184
-0.406402 0.447073 0.796845
-0.374121 0.762732 0.527516
0.297046 0.605597 0.738252
0.577913 0.635749 0.511703
0.569012 0.091849 0.817184
0.707107 0.707107 0.000000
0.894427 0.447214 0.000000
-0.447214 0.894427 0.000000
-0.707107 0.707107 0.000000
-0.894427 0.447214 0.000000
0.707107 -0.707107 0.000000
0.447214 -0.894427 0.000000
0.447214 0.894427 0.000000
-0.707107 -0.707107 0.000000
-0.894427 -0.447214 0.000000
0.894427 -0.447214 0.000000
-0.447214 -0.894427 0.000000
0.975776 0.000000 0.218771
0.842398 0.000000 0.538856
-0.842398 0.000000 0.538856
-1.000000 0.000000 -0.000000
-0.842397 0.000000 -0.538857
0.000000 0.000000 -1.000000
0.842397 0.000000 -0.538857
0.842397 0.000000 -0.538857
0.975776 0.000000 -0.218772
0.975776 0.000000 0.218773
0.842397 0.000000 0.538857
-0.000002 0.000000 1.000000
-0.000002 0.000000 1.000000
-0.842398 0.000000 0.538855
-1.000000 0.000000 -0.000000
-1.000000 0.000000 -0.000000
-0.842398 0.000000 -0.538856
-0.000002 0.000000 -1.000000
0.842397 0.000000 -0.538857
0.975776 0.000000 -0.218773
1.000000 0.000000 0.000000
-1.000000 0.000000 0.000000
0.000000 1.000000 0.000000
0.000000 -1.000000 0.000000
0.000000 -0.894427 -0.447214
0.000000 -0.447214 -0.894427
0.000000 -0.894427 0.447214
0.000000 -0.447214 0.894427
0.000000 0.894427 -0.447214
0.000000 0.447214 -0.894427
0.000000 0.894427 0.447214
0.000000 0.447214 0.894427
374
0 0 1 2 0 1 2 2
0 0 2 3 0 2 3 2
0 3 2 4 3 2 4 2
0 3 4 5 3 4 5 2
0 6 7 1 6 7 1 2
0 6 1 0 6 1 0 2
0 5 4 8 5 4 8 2
0 5 8 9 5 8 9 2
0 10 11 7 10 11 7 2
0 10 7 6 10 7 6 2
0 9 8 11 9 8 11 2
0 9 11 10 9 11 10 2
0 12 0 3 12 0 3 2
0 12 3 13 12 3 13 2
0 13 3 5 13 3 5 2
0 13 5 14 13 5 14 2
0 15 6 0 15 6 0 2
0 15 0 12 15 0 12 2
0 14 5 9 14 5 9 2
0 14 9 16 14 9 16 2
0 17 10 6 17 10 6 2
0 17 6 15 17 6 15 2
0 16 9 10 16 9 10 2
0 16 10 17 16 10 17 2
0 18 12 13 18 12 13 2
0 18 13 19 18 13 19 2
0 19 13 14 19 13 14 2
0 19 14 20 19 14 20 2
0 21 15 12 21 15 12 2
0 21 12 18 21 12 18 2
0 20 14 16 20 14 16 2
0 20 16 22 20 16 22 2
0 23 17 15 23 17 15 2
0 23 15 21 23 15 21 2
0 22 16 17 22 16 17 2
0 22 17 23 22 17 23 2
0 24 25 26 24 24 24 1
0 27 26 25 24 24 24 1
0 28 27 29 24 24 24 1
0 25 29 27 24 24 24 1
0 28 29 30 24 24 24 1
0 30 31 28 24 24 24 1
0 31 30 32 24 24 24 1
0 33 31 32 24 24 24 1
0 26 34 24 24 24 24 1
0 34 26 35 24 24 24 1
0 36 35 37 24 24 24 1
0 35 36 34 24 24 24 1
0 38 36 37 24 24 24 1
0 37 39 38 24 24 24 1
0 40 38 39 24 24 24 1
0 40 39 41 24 24 24 1
0 24 42 43 25 26 27 2
0 24 43 25 25 27 28 2
0 26 44 42 29 30 26 2
0 26 42 24 29 26 25 2
0 27 45 44 31 32 30 2
0 27 44 26 31 30 29 2
0 28 46 45 33 34 32 2
0 28 45 27 33 32 31 2
0 25 43 47 28 27 35 2
0 25 47 29 28 35 36 2
0 29 47 48 36 35 37 2
0 29 48 30 36 37 38 2
0 31 49 46 39 40 34 2
0 31 46 28 39 34 33 2
0 30 48 50 38 37 41 2
0 30 50 32 38 41 42 2
0 33 51 49 43 44 40 2
0 33 49 31 43 40 39 2
0 32 50 51 42 41 44 2
0 32 51 33 42 44 43 2
0 34 52 42 45 46 26 2
0 34 42 24 45 26 25 2
0 24 42 44 25 26 30 2
0 24 44 26 25 30 29 2
0 26 44 53 29 30 47 2
0 26 53 35 29 47 48 2
0 35 53 54 48 47 49 2
0 35 54 37 48 49 50 2
0 36 55 52 51 52 46 2
0 36 52 34 51 46 45 2
0 38 56 55 53 54 52 2
0 38 55 36 53 52 51 2
0 37 54 57 50 49 55 2
0 37 57 39 50 55 56 2
0 40 58 56 57 58 54 2
0 40 56 38 57 54 53 2
0 39 57 59 56 55 59 2
0 39 59 41 56 59 60 2
0 41 59 58 60 59 58 2
0 41 58 40 60 58 57 2
0 60 61 62 61 24 62 1
0 60 62 63 61 62 63 1
0 63 62 64 63 62 64 1
0 63 64 65 63 64 65 1
0 64 66 67 64 24 66 1
0 67 65 64 66 65 64 1
0 68 69 70 67 68 69 2
0 68 70 71 67 69 70 2
0 71 70 72 70 69 71 2
0 71 72 73 70 71 70 2
0 74 75 69 72 73 68 2
0 74 69 68 72 68 67 2
0 73 72 76 70 71 74 2
0 73 76 77 70 74 67 2
0 78 79 75 75 76 73 2
0 78 75 74 75 73 72 2
0 77 76 80 67 74 68 2
0 77 80 81 67 68 67 2
0 81 80 82 67 68 69 2
0 81 82 83 67 69 70 2
0 83 82 79 70 69 76 2
0 83 79 78 70 76 75 2
0 60 68 71 74 67 70 2
0 60 71 61 74 70 71 2
0 61 71 73 71 70 70 2
0 61 73 62 71 70 69 2
0 63 74 68 77 72 67 2
0 63 68 60 77 67 74 2
0 62 73 77 69 70 67 2
0 62 77 64 69 67 68 2
0 65 78 74 78 75 72 2
0 65 74 63 78 72 77 2
0 64 77 81 68 67 67 2
0 64 81 66 68 67 74 2
0 66 81 83 74 67 70 2
0 66 83 67 74 70 71 2
0 67 83 78 71 70 75 2
0 67 78 65 71 75 78 2
0 84 85 86 79 79 80 1
0 85 87 86 79 80 80 1
0 86 87 88 80 80 24 1
0 86 88 89 80 24 24 1
0 89 88 90 24 24 81 1
0 88 91 90 24 81 81 1
0 90 91 92 81 81 82 1
0 90 92 93 81 82 82 1
0 93 92 94 82 82 83 1
0 92 95 94 82 83 83 1
0 94 95 96 83 83 84 1
0 94 96 97 83 84 84 1
0 97 96 98 84 84 85 1
0 96 99 98 84 86 85 1
0 98 99 100 85 86 87 1
0 98 100 101 85 87 87 1
0 102 103 104 88 88 89 1
0 103 105 104 88 89 89 1
0 104 105 106 89 89 90 1
0 104 106 107 89 90 91 1
0 107 106 108 91 90 92 1
0 106 109 108 90 92 92 1
0 108 109 110 92 92 93 1
0 108 110 111 92 93 94 1
0 111 110 112 94 93 95 1
0 110 113 112 93 95 95 1
0 112 113 114 95 95 96 1
0 112 114 115 95 96 96 1
0 115 114 116 96 96 97 1
0 114 117 116 96 97 97 1
0 116 117 118 97 97 98 1
0 116 118 119 97 98 98 1
0 120 121 122 24 24 24 1
0 121 123 122 24 24 24 1
0 124 125 126 99 99 99 2
0 125 127 126 99 99 99 2
0 128 129 130 100 100 100 2
0 129 131 130 100 100 100 2
0 128 132 126 101 101 101 3
0 132 133 126 101 101 101 3
0 134 129 135 102 102 102 3
0 129 127 135 102 102 102 3
0 136 137 138 24 24 24 1
0 137 139 138 24 24 24 1
0 140 141 142 99 99 99 2
0 141 143 142 99 99 99 2
0 144 145 146 100 100 100 2
0 145 147 146 100 100 100 2
0 144 148 142 101 101 101 3
0 148 149 142 101 101 101 3
0 150 145 151 102 102 102 3
0 145 143 151 102 102 102 3
0 152 153 154 24 24 24 1
0 154 155 152 24 24 24 1
0 154 153 156 24 24 24 1
0 156 157 154 24 24 24 1
0 158 157 156 24 24 24 1
0 156 159 158 24 24 24 1
0 158 159 152 24 24 24 1
0 155 158 152 24 24 24 1
0 152 160 161 73 77 78 2
0 152 161 153 73 78 76 2
0 154 162 163 74 68 69 2
0 154 163 155 74 69 71 2
0 153 161 164 76 78 71 2
0 153 164 156 76 71 69 2
0 157 165 162 77 73 68 2
0 157 162 154 77 68 74 2
0 158 166 165 78 76 73 2
0 158 165 157 78 73 77 2
0 156 164 167 69 71 74 2
0 156 167 159 69 74 68 2
0 159 167 160 68 74 77 2
0 159 160 152 68 77 73 2
0 155 163 166 71 69 76 2
0 155 166 158 71 76 78 2
0 168 169 170 24 24 24 1
0 170 171 168 24 24 24 1
0 170 169 172 24 24 24 1
0 172 173 170 24 24 24 1
0 174 173 172 24 24 24 1
0 172 175 174 24 24 24 1
0 174 175 168 24 24 24 1
0 171 174 168 24 24 24 1
0 168 176 177 73 77 78 2
0 168 177 169 73 78 76 2
0 170 178 179 74 68 69 2
0 170 179 171 74 69 71 2
0 169 177 180 76 78 71 2
0 169 180 172 76 71 69 2
0 173 181 178 77 73 68 2
0 173 178 170 77 68 74 2
0 174 182 181 78 76 73 2
0 174 181 173 78 73 77 2
0 172 180 183 69 71 74 2
0 172 183 175 69 74 68 2
0 175 183 176 68 74 77 2
0 175 176 168 68 77 73 2
0 171 179 182 71 69 76 2
0 171 182 174 71 76 78 2
0 184 185 186 24 24 24 1
0 186 187 184 24 24 24 1
0 186 185 188 24 24 24 1
0 188 189 186 24 24 24 1
0 190 189 188 24 24 24 1
0 188 191 190 24 24 24 1
0 190 191 184 24 24 24 1
0 187 190 184 24 24 24 1
0 184 192 193 73 77 78 2
0 184 193 185 73 78 76 2
0 186 194 195 74 68 69 2
0 186 195 187 74 69 71 2
0 185 193 196 76 78 71 2
0 185 196 188 76 71 69 2
0 189 197 194 77 73 68 2
0 189 194 186 77 68 74 2
0 190 198 197 78 76 73 2
0 190 197 189 78 73 77 2
0 188 196 199 69 71 74 2
0 188 199 191 69 74 68 2
0 191 199 192 68 74 77 2
0 191 192 184 68 77 73 2
0 187 195 198 71 69 76 2
0 187 198 190 71 76 78 2
0 200 201 202 24 24 24 1
0 202 203 200 24 24 24 1
0 202 201 204 24 24 24 1
0 204 205 202 24 24 24 1
0 206 205 204 24 24 24 1
0 204 207 206 24 24 24 1
0 206 207 200 24 24 24 1
0 203 206 200 24 24 24 1
0 200 208 209 73 77 78 2
0 200 209 201 73 78 76 2
0 202 210 211 74 68 69 2
0 202 211 203 74 69 71 2
0 201 209 212 76 78 71 2
0 201 212 204 76 71 69 2
0 205 213 210 77 73 68 2
0 205 210 202 77 68 74 2
0 206 214 213 78 76 73 2
0 206 213 205 78 73 77 2
0 204 212 215 69 71 74 2
0 204 215 207 69 74 68 2
0 207 215 208 68 74 77 2
0 207 208 200 68 77 73 2
0 203 211 214 71 69 76 2
0 203 214 206 71 76 78 2
0 216 217 218 24 24 24 1
0 218 219 216 24 24 24 1
0 218 217 220 24 24 24 1
0 220 221 218 24 24 24 1
0 222 221 220 24 24 24 1
0 220 223 222 24 24 24 1
0 222 223 216 24 24 24 1
0 219 222 216 24 24 24 1
0 216 224 225 73 77 78 2
0 216 225 217 73 78 76 2
0 218 226 227 74 68 69 2
0 218 227 219 74 69 71 2
0 217 225 228 76 78 71 2
0 217 228 220 76 71 69 2
0 221 229 226 77 73 68 2
0 221 226 218 77 68 74 2
0 222 230 229 78 76 73 2
0 222 229 221 78 73 77 2
0 220 228 231 69 71 74 2
0 220 231 223 69 74 68 2
0 223 231 224 68 74 77 2
0 223 224 216 68 77 73 2
0 219 227 230 71 69 76 2
0 219 230 222 71 76 78 2
0 232 233 234 99 99 99 1
0 234 235 232 99 99 99 1
0 234 233 236 99 99 99 1
0 236 237 234 99 99 99 1
0 238 237 236 99 99 99 1
0 236 239 238 99 99 99 1
0 238 239 232 99 99 99 1
0 235 238 232 99 99 99 1
0 232 240 241 103 104 105 2
0 232 241 233 103 105 106 2
0 234 242 243 107 108 109 2
0 234 243 235 107 109 110 2
0 233 241 244 106 105 110 2
0 233 244 236 106 110 109 2
0 237 245 242 104 103 108 2
0 237 242 234 104 108 107 2
0 238 246 245 105 106 103 2
0 238 245 237 105 103 104 2
0 236 244 247 109 110 107 2
0 236 247 239 109 107 108 2
0 239 247 240 108 107 104 2
0 239 240 232 108 104 103 2
0 235 243 246 110 109 106 2
0 235 246 238 110 106 105 2
0 248 249 250 99 99 99 1
0 250 251 248 99 99 99 1
0 250 249 252 99 99 99 1
0 252 253 250 99 99 99 1
0 254 253 252 99 99 99 1
0 252 255 254 99 99 99 1
0 254 255 248 99 99 99 1
0 251 254 248 99 99 99 1
0 248 256 257 103 104 105 2
0 248 257 249 103 105 106 2
0 250 258 259 107 108 109 2
0 250 259 251 107 109 110 2
0 249 257 260 106 105 110 2
0 249 260 252 106 110 109 2
0 253 261 258 104 103 108 2
0 253 258 250 104 108 107 2
0 254 262 261 105 106 103 2
0 254 261 253 105 103 104 2
0 252 260 263 109 110 107 2
0 252 263 255 109 107 108 2
0 255 263 256 108 107 104 2
0 255 256 248 108 104 103 2
0 251 259 262 110 109 106 2
0 251 262 254 110 106 105 2
0 264 265 266 24 24 24 1
0 266 267 264 24 24 24 1
0 266 265 268 24 24 24 1
0 268 269 266 24 24 24 1
0 270 269 268 24 24 24 1
0 268 271 270 24 24 24 1
0 270 271 264 24 24 24 1
0 267 270 264 24 24 24 1
0 264 272 273 73 77 78 2
0 264 273 265 73 78 76 2
0 266 274 275 74 68 69 2
0 266 275 267 74 69 71 2
0 265 273 276 76 78 71 2
0 265 276 268 76 71 69 2
0 269 277 274 77 73 68 2
0 269 274 266 77 68 74 2
0 270 278 277 78 76 73 2
0 270 277 269 78 73 77 2
0 268 276 279 69 71 74 2
0 268 279 271 69 74 68 2
0 271 279 272 68 74 77 2
0 271 272 264 68 77 73 2
0 267 275 278 71 69 76 2
0 267 278 270 71 76 78 2
"1_Blz_Windows" 0 2
32
0 -11.831753 2.342041 6.168371 0.000000 0.000000 -1
0 -7.501579 2.342041 6.168371 0.000000 0.000000 -1
0 -11.831753 10.508739 6.168371 0.000000 0.000000 -1
0 -7.501579 10.508739 6.168371 0.000000 0.000000 -1
0 0.971668 6.707968 -3.566396 0.000000 0.000000 -1
0 3.861661 6.707968 -3.566396 0.000000 0.000000 -1
0 0.971668 11.887274 -3.566396 0.000000 0.000000 -1
0 3.861661 11.887274 -3.566396 0.000000 0.000000 -1
0 9.082779 6.707968 -3.566396 0.000000 0.000000 -1
0 11.972774 6.707968 -3.566396 0.000000 0.000000 -1
0 9.082779 11.887274 -3.566396 0.000000 0.000000 -1
0 11.972774 11.887274 -3.566396 0.000000 0.000000 -1
0 0.971668 20.707968 -3.566396 0.000000 0.000000 -1
0 3.861661 20.707968 -3.566396 0.000000 0.000000 -1
0 0.971668 25.887274 -3.566396 0.000000 0.000000 -1
0 3.861661 25.887274 -3.566396 0.000000 0.000000 -1
0 9.082779 20.707968 -3.566396 0.000000 0.000000 -1
0 11.972774 20.707968 -3.566396 0.000000 0.000000 -1
0 9.082779 25.887274 -3.566396 0.000000 0.000000 -1
0 11.972774 25.887274 -3.566396 0.000000 0.000000 -1
0 -1.927508 6.707968 2.000553 0.000000 0.000000 -1
0 -1.927509 6.707968 -0.889441 0.000000 0.000000 -1
0 -1.927508 11.887274 2.000553 0.000000 0.000000 -1
0 -1.927509 11.887274 -0.889441 0.000000 0.000000 -1
0 -1.927508 20.565109 2.000553 0.000000 0.000000 -1
0 -1.927509 20.565109 -0.889441 0.000000 0.000000 -1
0 -1.927508 25.744417 2.000553 0.000000 0.000000 -1
0 -1.927509 25.744417 -0.889441 0.000000 0.000000 -1
0 -10.847776 20.707968 6.503042 0.000000 0.000000 -1
0 -7.957785 20.707968 6.503042 0.000000 0.000000 -1
0 -10.847776 25.887274 6.503042 0.000000 0.000000 -1
0 -7.957785 25.887274 6.503042 0.000000 0.000000 -1
2
0.000000 0.000000 1.000000
1.000000 0.000000 -0.000000
16
0 0 1 2 0 0 0 1
0 2 1 3 0 0 0 1
0 4 5 6 0 0 0 1
0 6 5 7 0 0 0 1
0 8 9 10 0 0 0 1
0 10 9 11 0 0 0 1
0 12 13 14 0 0 0 1
0 14 13 15 0 0 0 1
0 16 17 18 0 0 0 1
0 18 17 19 0 0 0 1
0 20 21 22 1 1 1 1
0 22 21 23 1 1 1 1
0 24 25 26 1 1 1 1
0 26 25 27 1 1 1 1
0 28 29 30 0 0 0 1
0 30 29 31 0 0 0 1
"1_Blz_Top" 0 1
11
0 -8.800005 35.000000 6.014273 0.000000 0.000000 -1
0 -15.698975 29.000000 6.192993 0.000000 0.000000 -1
0 -2.230551 29.000000 6.192993 0.000000 0.000000 -1
0 -8.799997 35.000000 -16.199999 0.000000 0.000000 -1
0 -15.698975 29.000000 -16.205078 0.000000 0.000000 -1
0 -2.266668 29.020836 -16.199999 0.000000 0.000000 -1
0 15.596191 29.000000 -3.987976 0.000000 0.000000 -1
0 15.596191 29.000000 -16.205078 0.000000 0.000000 -1
0 15.571412 34.949463 -10.262695 0.000000 0.000000 -1
0 -2.230551 29.000000 -3.987976 0.000000 0.000000 -1
0 -8.761898 34.949406 -10.262721 0.000000 0.000000 -1
13
0.000000 0.029773 0.999557
-0.273117 0.961981 0.000000
0.296792 0.954942 -0.000172
-0.932169 0.362023 -0.000000
-0.465294 -0.885156 -0.000661
0.247140 -0.933653 -0.259256
0.943036 0.332689 -0.000931
0.999991 0.004165 0.000000
-0.000806 -0.880424 0.474187
-0.000002 0.311997 0.950083
-0.000368 0.281440 -0.959579
0.000275 0.947040 -0.321117
-0.000001 0.955210 0.295930
14
0 0 1 2 0 0 0 1
0 0 3 4 1 2 3 2
0 0 4 1 1 3 4 2
0 1 4 5 4 3 5 2
0 1 5 2 4 5 6 2
0 2 5 3 6 5 2 2
0 2 3 0 6 2 1 2
0 6 7 8 7 7 7 1
0 6 9 5 8 9 5 2
0 6 5 7 8 5 10 2
0 7 5 10 10 5 11 2
0 7 10 8 10 11 12 2
0 8 10 9 12 11 9 2
0 8 9 6 12 9 8 2

Materials: 3
"Blz"
0.200000 0.200000 0.200000 1.000000
0.800000 0.800000 0.800000 1.000000
0.000000 0.000000 0.000000 1.000000
0.000000 0.000000 0.000000 1.000000
0.000000
1.000000
"..\Image\brick01.tga"
""
"Blz_Other"
0.200000 0.200000 0.200000 1.000000
0.800000 0.800000 0.800000 1.000000
0.000000 0.000000 0.000000 1.000000
0.000000 0.000000 0.000000 1.000000
0.000000
1.000000
"..\Image\Blz_Round_Gate_Windows.tga"
""
"Widnwos"
0.200000 0.200000 0.200000 1.000000
0.800000 0.800000 0.800000 1.000000
0.000000 0.000000 0.000000 1.000000
0.000000 0.000000 0.000000 1.000000
0.000000
1.000000
"..\Image\window.tga"
""

Bones: 0
GroupComments: 0
MaterialComments: 0
BoneComments: 0
ModelComment: 0
