// MilkShape 3D ASCII

Frames: 30
Frame: 1

Meshes: 4
"1_Blz" 0 0
34
0 -6.000000 30.000000 2.000000 0.937500 3.000000 -1
0 -6.000000 0.000000 2.000000 0.937500 0.000000 -1
0 -6.000000 0.000000 4.000000 0.937500 0.000000 -1
0 -6.000000 30.000000 4.000000 0.937500 3.000000 -1
0 6.000000 0.000000 4.000000 2.062500 0.000000 -1
0 6.000000 30.000000 4.000000 2.062500 3.000000 -1
0 6.000000 0.000000 2.000000 2.062500 0.000000 -1
0 6.000000 30.000000 2.000000 2.062500 3.000000 -1
0 -13.000000 30.000000 0.000000 0.281250 3.000000 -1
0 -13.000000 0.000000 0.000000 0.281250 0.000000 -1
0 -13.000000 0.000000 2.000000 0.281250 0.000000 -1
0 -13.000000 30.000000 2.000000 0.281250 3.000000 -1
0 13.000000 0.000000 2.000000 2.718750 0.000000 -1
0 13.000000 30.000000 2.000000 2.718750 3.000000 -1
0 13.000000 0.000000 0.000000 2.718750 0.000000 -1
0 13.000000 30.000000 0.000000 2.718750 3.000000 -1
0 16.000000 0.000000 0.000000 3.000000 0.000000 -1
0 16.000000 30.000000 0.000000 3.000000 3.000000 -1
0 16.000000 0.000000 -13.000000 3.000000 0.000000 -1
0 16.000000 30.000000 -13.000000 3.000000 3.000000 -1
0 13.000000 0.000000 -13.000000 2.718750 0.000000 -1
0 13.000000 30.000000 -13.000000 2.718750 3.000000 -1
0 -16.000000 30.000000 -13.000000 0.000000 3.000000 -1
0 -16.000000 0.000000 -13.000000 0.000000 0.000000 -1
0 -16.000000 0.000000 0.000000 0.000000 0.000000 -1
0 -16.000000 30.000000 0.000000 0.000000 3.000000 -1
0 -13.000000 30.000000 -13.000000 0.281250 3.000000 -1
0 -13.000000 0.000000 -13.000000 0.281250 0.000000 -1
0 -13.000000 30.000000 -16.000000 0.281250 3.000000 -1
0 -13.000000 0.000000 -16.000000 0.281250 0.000000 -1
0 13.000000 0.000000 -16.000000 2.718750 0.000000 -1
0 13.000000 30.000000 -16.000000 2.718750 3.000000 -1
0 -6.000000 30.000000 0.000000 0.937500 3.000000 -1
0 6.000000 30.000000 0.000000 2.062500 3.000000 -1
9
-0.894427 0.000000 0.447214
-0.447214 0.000000 0.894427
0.447214 0.000000 0.894427
0.894427 0.000000 0.447214
0.894427 0.000000 -0.447214
0.447214 0.000000 -0.894427
-0.894427 0.000000 -0.447214
-0.447214 0.000000 -0.894427
0.000000 1.000000 0.000000
38
0 0 1 2 0 1 0 2
0 0 2 3 0 0 1 2
0 3 2 4 1 0 2 2
0 3 4 5 1 2 3 2
0 5 4 6 3 2 3 2
0 5 6 7 3 3 2 2
0 8 9 10 0 1 0 2
0 8 10 11 0 0 1 2
0 11 10 1 1 0 1 2
0 11 1 0 1 1 0 2
0 7 6 12 2 3 2 2
0 7 12 13 2 2 3 2
0 13 12 14 3 2 3 2
0 13 14 15 3 3 2 2
0 15 14 16 2 3 2 2
0 15 16 17 2 2 3 2
0 17 16 18 3 2 4 2
0 17 18 19 3 4 5 2
0 19 18 20 5 4 5 2
0 19 20 21 5 5 4 2
0 22 23 24 6 7 0 2
0 22 24 25 6 0 1 2
0 25 24 9 1 0 1 2
0 25 9 8 1 1 0 2
0 26 27 23 7 6 7 2
0 26 23 22 7 7 6 2
0 28 29 27 6 7 6 2
0 28 27 26 6 6 7 2
0 21 20 30 4 5 4 2
0 21 30 31 4 4 5 2
0 31 30 29 5 4 7 2
0 31 29 28 5 7 6 2
0 32 8 0 8 8 8 1
0 0 8 11 8 8 8 1
0 13 15 33 8 8 8 1
0 7 13 33 8 8 8 1
0 31 28 26 8 8 8 1
0 31 26 21 8 8 8 1
"1_Blz_Windows" 0 2
40
0 -16.155825 26.458702 -4.221671 0.993211 0.022755 -1
0 -16.155825 21.279396 -7.111666 0.002522 0.946698 -1
0 -16.155825 21.279396 -4.221671 0.993211 0.946698 -1
0 -16.155825 26.458702 -7.111666 0.002522 0.022755 -1
0 -2.165087 2.342041 4.168371 0.005469 0.996667 -1
0 2.165088 2.342041 4.168371 0.996856 0.996667 -1
0 -2.165087 14.397628 4.168371 0.005469 0.019865 -1
0 2.165088 14.397628 4.168371 0.996856 0.019865 -1
0 -1.611665 31.279396 4.211382 0.024942 0.971376 -1
0 1.278330 31.279396 4.211382 0.989205 0.971376 -1
0 -1.611665 36.458702 4.211382 0.024942 0.044069 -1
0 1.278330 36.458702 4.211382 0.989205 0.044069 -1
0 7.971668 21.279396 2.211382 0.002317 0.976133 -1
0 10.861663 21.279396 2.211382 0.966580 0.976133 -1
0 7.971668 26.458702 2.211382 0.002317 0.048826 -1
0 10.861663 26.458702 2.211382 0.966580 0.048826 -1
0 16.155825 21.279396 -4.221671 0.002522 0.965591 -1
0 16.155825 21.279396 -7.111666 0.993211 0.965591 -1
0 16.155825 26.458702 -4.221671 0.002522 0.041648 -1
0 16.155825 26.458702 -7.111666 0.993211 0.041648 -1
0 -11.028332 21.279396 2.211382 0.011389 0.976133 -1
0 -8.138337 21.279396 2.211382 0.975652 0.976133 -1
0 -11.028332 26.458702 2.211382 0.011389 0.048826 -1
0 -8.138337 26.458702 2.211382 0.975652 0.048826 -1
0 -16.155825 15.458702 -4.221671 0.995964 0.019828 -1
0 -16.155825 10.279396 -7.111666 0.005276 0.943772 -1
0 -16.155825 10.279396 -4.221671 0.995964 0.943772 -1
0 -16.155825 15.458702 -7.111666 0.005276 0.019828 -1
0 7.971668 10.279396 2.211382 0.002317 0.961525 -1
0 10.861663 10.279396 2.211382 0.966580 0.961525 -1
0 7.971668 15.458702 2.211382 0.002317 0.034217 -1
0 10.861663 15.458702 2.211382 0.966580 0.034217 -1
0 16.155825 10.279396 -4.221671 0.008029 0.927779 -1
0 16.155825 10.279396 -7.111666 0.998718 0.927779 -1
0 16.155825 15.458702 -4.221671 0.008029 0.003835 -1
0 16.155825 15.458702 -7.111666 0.998718 0.003835 -1
0 -11.028332 10.279396 2.211382 0.026687 0.973196 -1
0 -8.138337 10.279396 2.211382 0.990950 0.973196 -1
0 -11.028332 15.458702 2.211382 0.026687 0.045888 -1
0 -8.138337 15.458702 2.211382 0.990950 0.045888 -1
3
-1.000000 0.000000 0.000000
0.000000 0.000000 1.000000
1.000000 0.000000 0.000000
20
0 0 1 2 0 0 0 1
0 3 1 0 0 0 0 1
0 4 5 6 1 1 1 1
0 6 5 7 1 1 1 1
0 8 9 10 1 1 1 1
0 10 9 11 1 1 1 1
0 12 13 14 1 1 1 1
0 14 13 15 1 1 1 1
0 16 17 18 2 2 2 1
0 18 17 19 2 2 2 1
0 20 21 22 1 1 1 1
0 22 21 23 1 1 1 1
0 24 25 26 0 0 0 1
0 27 25 24 0 0 0 1
0 28 29 30 1 1 1 1
0 30 29 31 1 1 1 1
0 32 33 34 2 2 2 1
0 34 33 35 2 2 2 1
0 36 37 38 1 1 1 1
0 38 37 39 1 1 1 1
"1_Blz_Frame" 0 1
622
0 -16.692411 26.938904 -7.472916 0.017397 0.191730 -1
0 -16.692411 26.458702 -7.111666 0.024582 0.197838 -1
0 -16.692411 26.458702 -4.221671 0.082064 0.197838 -1
0 -16.692411 26.938904 -3.860423 0.089249 0.191730 -1
0 -16.692411 21.279396 -7.111666 0.024582 0.263726 -1
0 -16.692411 20.799202 -7.472916 0.017397 0.269835 -1
0 -16.692411 20.799202 -3.860423 0.089249 0.269835 -1
0 -16.692411 21.279396 -4.221671 0.082064 0.263726 -1
0 -16.155825 26.458702 -7.111666 0.174135 0.448987 -1
0 -16.155825 26.458702 -4.221671 0.174135 0.361073 -1
0 -16.692411 26.458702 -4.221671 0.169189 0.361073 -1
0 -16.692411 26.458702 -7.111666 0.169189 0.448987 -1
0 -15.692410 26.938904 -3.860423 0.249791 0.351231 -1
0 -15.692410 26.938904 -7.472916 0.249791 0.241338 -1
0 -16.692411 26.938904 -7.472916 0.240575 0.241338 -1
0 -16.692411 26.938904 -3.860423 0.240575 0.351231 -1
0 -16.155825 21.279396 -7.111666 0.246143 0.255245 -1
0 -16.155825 26.458702 -7.111666 0.246143 0.189357 -1
0 -16.692411 26.458702 -7.111666 0.241198 0.189357 -1
0 -16.692411 21.279396 -7.111666 0.241198 0.255245 -1
0 -15.692410 26.938904 -7.472916 0.264929 0.193689 -1
0 -15.692410 20.799202 -7.472916 0.264929 0.271794 -1
0 -16.692411 20.799202 -7.472916 0.274145 0.271794 -1
0 -16.692411 26.938904 -7.472916 0.274145 0.193689 -1
0 -15.692410 20.799202 -7.472916 0.178406 0.459976 -1
0 -15.692410 20.799202 -3.860423 0.178406 0.350083 -1
0 -16.692411 20.799202 -3.860423 0.169189 0.350083 -1
0 -16.692411 20.799202 -7.472916 0.169189 0.459976 -1
0 -16.155825 21.279396 -4.221671 0.245520 0.340242 -1
0 -16.155825 21.279396 -7.111666 0.245520 0.252327 -1
0 -16.692411 21.279396 -7.111666 0.240575 0.252327 -1
0 -16.692411 21.279396 -4.221671 0.240575 0.340242 -1
0 -16.155825 26.458702 -4.221671 0.269200 0.199798 -1
0 -16.155825 21.279396 -4.221671 0.269200 0.265685 -1
0 -16.692411 21.279396 -4.221671 0.274145 0.265685 -1
0 -16.692411 26.458702 -4.221671 0.274145 0.199798 -1
0 -15.692410 20.799202 -3.860423 0.250414 0.261354 -1
0 -15.692410 26.938904 -3.860423 0.250414 0.183248 -1
0 -16.692411 26.938904 -3.860423 0.241198 0.183248 -1
0 -16.692411 20.799202 -3.860423 0.241198 0.261354 -1
0 -0.000000 18.948402 5.977674 0.520100 0.602168 -1
0 -1.082544 18.948402 5.977674 0.510052 0.602168 -1
0 -0.000000 17.830673 5.977674 0.520100 0.609784 -1
0 -1.082544 17.830673 5.977674 0.510052 0.609784 -1
0 -2.165087 17.144842 5.977674 0.500004 0.614457 -1
0 -2.165087 18.262573 5.977674 0.500004 0.606841 -1
0 -3.247631 16.712933 5.977674 0.489956 0.617401 -1
0 -3.247631 15.595198 5.977674 0.489956 0.625017 -1
0 -4.330175 14.477461 5.977674 0.479908 0.632634 -1
0 -4.330175 13.359724 5.977674 0.479908 0.640250 -1
0 1.082543 18.948402 5.977674 0.530148 0.602168 -1
0 1.082543 17.830673 5.977674 0.530148 0.609784 -1
0 2.165088 18.262573 5.977674 0.540196 0.606841 -1
0 2.165088 17.144842 5.977674 0.540196 0.614457 -1
0 3.247631 16.712933 5.977674 0.550244 0.617401 -1
0 3.247631 15.595198 5.977674 0.550244 0.625017 -1
0 4.330175 14.477461 5.977674 0.560292 0.632634 -1
0 4.330175 13.359724 5.977674 0.560292 0.640250 -1
0 -0.000000 18.948402 5.977674 0.155669 0.329122 -1
0 -0.000000 18.948402 3.764007 0.155669 0.261782 -1
0 -1.082544 18.948402 3.764007 0.145692 0.261782 -1
0 -1.082544 18.948402 5.977674 0.145692 0.329122 -1
0 -0.000000 17.830673 5.977674 0.594331 0.618368 -1
0 -0.000000 17.830673 3.764007 0.638887 0.618368 -1
0 -0.000000 18.948402 3.764007 0.638887 0.612394 -1
0 -0.000000 18.948402 5.977674 0.594331 0.612394 -1
0 -1.082544 17.830673 5.977674 0.375446 0.572909 -1
0 -1.082544 17.830673 3.764007 0.375446 0.640249 -1
0 -0.000000 17.830673 3.764007 0.385423 0.640249 -1
0 -0.000000 17.830673 5.977674 0.385423 0.572909 -1
0 -2.165087 17.144842 5.977674 0.365468 0.572909 -1
0 -2.165087 17.144855 3.764007 0.365468 0.640249 -1
0 -2.165087 18.262594 3.764007 0.135714 0.261782 -1
0 -2.165087 18.262573 5.977674 0.135714 0.329122 -1
0 -2.165087 18.262573 5.977674 0.216920 0.325159 -1
0 -2.165087 18.262594 3.764007 0.216921 0.239075 -1
0 -3.247631 16.712933 3.764007 0.206837 0.239075 -1
0 -3.247631 16.712933 5.977674 0.206837 0.325159 -1
0 -3.247631 15.595198 5.977674 0.594331 0.630315 -1
0 -3.247631 15.595198 3.764007 0.638887 0.630315 -1
0 -2.165087 17.144855 3.764007 0.638887 0.622033 -1
0 -2.165087 17.144842 5.977674 0.594331 0.622033 -1
0 -4.330175 14.477461 3.764007 0.192292 0.239075 -1
0 -4.330175 14.477461 5.977674 0.192292 0.325159 -1
0 -4.330175 13.359724 5.977674 0.594331 0.642263 -1
0 -4.330175 13.359724 3.764007 0.638887 0.642263 -1
0 -4.330175 13.359724 3.764007 0.185019 0.239075 -1
0 -4.330175 13.359724 5.977674 0.185019 0.325159 -1
0 1.082543 18.948402 5.977674 0.165646 0.329122 -1
0 1.082543 18.948402 3.764007 0.165646 0.261782 -1
0 -0.000000 18.948402 5.977674 0.221383 0.325159 -1
0 -0.000000 18.948402 3.764007 0.221383 0.239075 -1
0 -0.000000 17.830673 3.764007 0.214110 0.239075 -1
0 -0.000000 17.830673 5.977674 0.214110 0.325159 -1
0 1.082543 17.830673 3.764007 0.395400 0.640249 -1
0 1.082543 17.830673 5.977674 0.395400 0.572909 -1
0 2.165088 17.144855 3.764007 0.405377 0.640249 -1
0 2.165088 17.144842 5.977674 0.405377 0.572909 -1
0 2.165088 18.262573 5.977674 0.175624 0.329122 -1
0 2.165088 18.262594 3.764007 0.175624 0.261782 -1
0 3.247631 16.712933 5.977674 0.594331 0.624342 -1
0 3.247631 16.712933 3.764007 0.638887 0.624342 -1
0 2.165088 18.262594 3.764007 0.638887 0.616060 -1
0 2.165088 18.262573 5.977674 0.594331 0.616060 -1
0 2.165088 17.144842 5.977674 0.209648 0.325159 -1
0 2.165088 17.144855 3.764007 0.209648 0.239075 -1
0 3.247631 15.595198 3.764007 0.199565 0.239075 -1
0 3.247631 15.595198 5.977674 0.199565 0.325159 -1
0 4.330175 14.477461 5.977674 0.594331 0.636289 -1
0 4.330175 14.477461 3.764007 0.638887 0.636289 -1
0 4.330175 13.359724 3.764007 0.185019 0.239075 -1
0 4.330175 13.359724 5.977674 0.185019 0.325159 -1
0 4.330175 13.359724 5.977674 0.594331 0.642263 -1
0 4.330175 13.359724 3.764007 0.638887 0.642263 -1
0 4.330175 4.417836 5.996682 0.560292 0.701182 -1
0 3.788903 4.417836 5.996682 0.555268 0.701182 -1
0 3.788903 1.064627 5.996682 0.555268 0.724031 -1
0 4.330175 4.417836 5.996682 0.126837 0.325898 -1
0 3.788903 1.064627 5.996682 0.105019 0.325898 -1
0 4.330175 -0.053109 7.996682 0.097746 0.403673 -1
0 4.330175 -0.053109 7.996682 0.195578 0.390540 -1
0 3.788903 1.064627 5.996682 0.190589 0.329700 -1
0 -3.788903 1.064627 5.996682 0.120748 0.329700 -1
0 -4.330175 -0.053109 7.996682 0.115760 0.390540 -1
0 -3.788903 1.064627 5.996682 0.484932 0.724031 -1
0 -3.788903 4.417836 5.996682 0.484932 0.701182 -1
0 -4.330175 4.417836 5.996682 0.479908 0.701182 -1
0 -4.330175 4.417836 5.996682 0.593948 0.690053 -1
0 -4.330175 -0.053109 7.996682 0.553693 0.713948 -1
0 -3.788903 1.064627 5.996682 0.593948 0.707974 -1
0 4.330175 4.417836 5.996657 0.195578 0.329699 -1
0 4.330175 4.417836 3.764007 0.195578 0.261782 -1
0 3.788903 4.417836 3.764007 0.190589 0.261782 -1
0 3.788903 4.417836 5.996657 0.190589 0.329699 -1
0 3.788903 4.417836 5.996657 0.126837 0.325897 -1
0 3.788903 4.417836 3.764007 0.126837 0.239075 -1
0 3.788903 1.064627 3.764007 0.105019 0.239075 -1
0 3.788903 1.064627 5.996657 0.105019 0.325897 -1
0 4.330175 -0.053109 7.996657 0.553693 0.713948 -1
0 4.330175 -0.053109 3.764007 0.638887 0.713948 -1
0 4.330175 4.417836 3.764007 0.638887 0.690053 -1
0 4.330175 4.417836 5.996657 0.593949 0.690053 -1
0 3.788903 1.064627 5.996657 0.190589 0.329699 -1
0 3.788903 1.064627 3.764007 0.190589 0.261782 -1
0 -3.788903 1.064627 3.764007 0.120748 0.261782 -1
0 -3.788903 1.064627 5.996657 0.120748 0.329699 -1
0 -4.330175 -0.053109 7.996657 0.345514 0.511491 -1
0 -4.330175 -0.053109 3.764007 0.345514 0.640249 -1
0 4.330175 -0.053109 3.764007 0.425332 0.640249 -1
0 4.330175 -0.053109 7.996657 0.425332 0.511491 -1
0 -3.788903 1.064627 5.996657 0.593949 0.707974 -1
0 -3.788903 1.064627 3.764007 0.638887 0.707974 -1
0 -3.788903 4.417836 3.764007 0.638887 0.690053 -1
0 -3.788903 4.417836 5.996657 0.593949 0.690053 -1
0 -3.788903 4.417836 5.996657 0.120748 0.329699 -1
0 -3.788903 4.417836 3.764007 0.120748 0.261782 -1
0 -4.330175 4.417836 3.764007 0.115760 0.261782 -1
0 -4.330175 4.417836 5.996657 0.115760 0.329699 -1
0 -4.330175 4.417836 5.996657 0.126837 0.325897 -1
0 -4.330175 4.417836 3.764007 0.126837 0.239075 -1
0 -4.330175 -0.053109 3.764007 0.097746 0.239075 -1
0 -4.330175 -0.053109 7.996657 0.097746 0.403672 -1
0 4.330175 4.417836 5.996682 0.195578 0.329700 -1
0 3.788903 4.417836 5.996682 0.190589 0.329700 -1
0 3.788903 4.417836 5.996682 0.126837 0.325898 -1
0 4.330175 -0.053109 7.996682 0.553693 0.713948 -1
0 4.330175 4.417836 5.996682 0.593948 0.690053 -1
0 -4.330175 -0.053109 7.996682 0.345514 0.511491 -1
0 4.330175 -0.053109 7.996682 0.425332 0.511491 -1
0 -3.788903 4.417836 5.996682 0.593948 0.690053 -1
0 -3.788903 4.417836 5.996682 0.120748 0.329700 -1
0 -4.330175 4.417836 5.996682 0.115760 0.329700 -1
0 -4.330175 4.417836 5.996682 0.126837 0.325898 -1
0 -4.330175 -0.053109 7.996682 0.097746 0.403673 -1
0 -3.788903 4.417836 5.059549 0.612811 0.690053 -1
0 -3.788903 13.359724 5.059549 0.612811 0.642263 -1
0 -3.868171 4.417836 5.413102 0.605694 0.690053 -1
0 -3.868171 13.359724 5.413102 0.605694 0.642263 -1
0 -3.868171 4.417836 5.413102 0.484196 0.701182 -1
0 -3.868171 13.359724 5.413102 0.484196 0.640250 -1
0 -4.059539 13.359724 5.559548 0.482420 0.640250 -1
0 -4.059539 4.417836 5.559548 0.482420 0.701182 -1
0 -4.250907 4.417836 5.413102 0.480644 0.701182 -1
0 -4.250907 13.359724 5.413102 0.480644 0.640250 -1
0 -4.250907 4.417836 5.413102 0.126837 0.303204 -1
0 -4.250907 13.359724 5.413102 0.185019 0.303204 -1
0 -4.330175 13.359724 5.059549 0.185019 0.289455 -1
0 -4.330175 4.417836 5.059549 0.126837 0.289455 -1
0 -4.250907 4.417836 4.705997 0.126837 0.275706 -1
0 -4.250907 13.359724 4.705997 0.185019 0.275706 -1
0 -4.250907 4.417836 4.705997 0.166076 0.348766 -1
0 -4.250907 13.359724 4.705997 0.166076 0.235013 -1
0 -4.059539 13.359724 4.559551 0.164313 0.235013 -1
0 -4.059539 4.417836 4.559551 0.164313 0.348766 -1
0 -3.868171 4.417836 4.705997 0.162549 0.348766 -1
0 -3.868171 13.359724 4.705997 0.162549 0.235013 -1
0 -3.868171 4.417836 4.705997 0.619927 0.690053 -1
0 -3.868171 13.359724 4.705997 0.619927 0.642263 -1
0 4.330175 4.417836 5.059549 0.612811 0.690053 -1
0 4.330175 13.359724 5.059549 0.612811 0.642263 -1
0 4.250907 4.417836 5.413102 0.605694 0.690053 -1
0 4.250907 13.359724 5.413102 0.605694 0.642263 -1
0 4.250907 4.417836 5.413102 0.559556 0.701182 -1
0 4.250907 13.359724 5.413102 0.559556 0.640250 -1
0 4.059539 13.359724 5.559548 0.557780 0.640250 -1
0 4.059539 4.417836 5.559548 0.557780 0.701182 -1
0 3.868171 4.417836 5.413102 0.556004 0.701182 -1
0 3.868171 13.359724 5.413102 0.556004 0.640250 -1
0 3.868171 4.417836 5.413102 0.126837 0.303204 -1
0 3.868171 13.359724 5.413102 0.185019 0.303204 -1
0 3.788903 13.359724 5.059549 0.185019 0.289455 -1
0 3.788903 4.417836 5.059549 0.126837 0.289455 -1
0 3.868171 4.417836 4.705997 0.126837 0.275706 -1
0 3.868171 13.359724 4.705997 0.185019 0.275706 -1
0 3.868171 4.417836 4.705997 0.091247 0.348766 -1
0 3.868171 13.359724 4.705997 0.091247 0.235013 -1
0 4.059539 13.359724 4.559551 0.089483 0.235013 -1
0 4.059539 4.417836 4.559551 0.089483 0.348766 -1
0 4.250907 4.417836 4.705997 0.087719 0.348766 -1
0 4.250907 13.359724 4.705997 0.087719 0.235013 -1
0 4.250907 4.417836 4.705997 0.619927 0.690053 -1
0 4.250907 13.359724 4.705997 0.619927 0.642263 -1
0 -4.330175 13.359724 5.290322 0.479908 0.640250 -1
0 -4.330175 4.417836 5.290322 0.479908 0.701182 -1
0 -3.788903 13.359724 5.290322 0.484932 0.640250 -1
0 -3.788903 4.417836 5.290322 0.484932 0.701182 -1
0 -3.788903 13.359724 5.290322 0.608166 0.642263 -1
0 -3.788903 4.417836 5.290322 0.608166 0.690053 -1
0 -3.788903 13.359724 4.290322 0.628293 0.642263 -1
0 -3.788903 4.417836 4.290322 0.628293 0.690053 -1
0 -4.330175 13.359724 4.290322 0.185019 0.259542 -1
0 -4.330175 4.417836 4.290322 0.126837 0.259542 -1
0 -4.330175 13.359724 5.290322 0.185019 0.298429 -1
0 -4.330175 4.417836 5.290322 0.126837 0.298429 -1
0 -4.330175 13.359724 4.290322 0.115760 0.277792 -1
0 -4.330175 13.359724 5.290322 0.115760 0.308212 -1
0 -3.788903 13.359724 4.290322 0.120748 0.277792 -1
0 -3.788903 13.359724 5.290322 0.120748 0.308212 -1
0 -4.330175 4.417836 5.290322 0.345514 0.593819 -1
0 -4.330175 4.417836 4.290322 0.345514 0.624239 -1
0 -3.788903 4.417836 5.290322 0.350502 0.593819 -1
0 -3.788903 4.417836 4.290322 0.350502 0.624239 -1
0 3.788903 13.359724 5.290322 0.555268 0.640250 -1
0 3.788903 4.417836 5.290322 0.555268 0.701182 -1
0 4.330175 13.359724 5.290322 0.560292 0.640250 -1
0 4.330175 4.417836 5.290322 0.560292 0.701182 -1
0 4.330175 13.359724 5.290322 0.608166 0.642263 -1
0 4.330175 4.417836 5.290322 0.608166 0.690053 -1
0 4.330175 13.359724 4.290322 0.628293 0.642263 -1
0 4.330175 4.417836 4.290322 0.628293 0.690053 -1
0 3.788903 13.359724 4.290322 0.185019 0.259542 -1
0 3.788903 4.417836 4.290322 0.126837 0.259542 -1
0 3.788903 13.359724 5.290322 0.185019 0.298429 -1
0 3.788903 4.417836 5.290322 0.126837 0.298429 -1
0 3.788903 13.359724 4.290322 0.190589 0.277792 -1
0 3.788903 13.359724 5.290322 0.190589 0.308212 -1
0 4.330175 13.359724 4.290322 0.195578 0.277792 -1
0 4.330175 13.359724 5.290322 0.195578 0.308212 -1
0 3.788903 4.417836 5.290322 0.420343 0.593819 -1
0 3.788903 4.417836 4.290322 0.420343 0.624239 -1
0 4.330175 4.417836 5.290322 0.425332 0.593819 -1
0 4.330175 4.417836 4.290322 0.425332 0.624239 -1
0 -2.165087 14.397628 4.704957 0.500004 0.633178 -1
0 2.165088 14.397628 4.704957 0.540196 0.633178 -1
0 2.706360 15.515358 4.704957 0.545220 0.625561 -1
0 -2.706360 15.515358 4.704957 0.494980 0.625561 -1
0 2.165088 2.342041 4.704957 0.540196 0.715327 -1
0 2.706360 1.224303 4.704957 0.545220 0.722943 -1
0 -2.706360 1.224303 4.704957 0.494980 0.722943 -1
0 -2.165087 2.342041 4.704957 0.500004 0.715327 -1
0 -2.165087 14.397628 4.704957 0.365468 0.611626 -1
0 -2.165087 14.397628 4.168371 0.365468 0.627949 -1
0 2.165088 14.397628 4.168371 0.405377 0.627949 -1
0 2.165088 14.397628 4.704957 0.405377 0.611626 -1
0 2.706360 15.515358 4.704957 0.180612 0.290406 -1
0 2.706360 15.515358 3.704957 0.180612 0.259985 -1
0 -2.706360 15.515358 3.704957 0.130726 0.259985 -1
0 -2.706360 15.515358 4.704957 0.130726 0.290406 -1
0 2.165088 14.397628 4.704957 0.191772 0.275666 -1
0 2.165088 14.397628 4.168371 0.191772 0.254799 -1
0 2.165088 2.342041 4.168371 0.113331 0.254799 -1
0 2.165088 2.342041 4.704957 0.113331 0.275666 -1
0 2.706360 1.224303 4.704957 0.619948 0.707120 -1
0 2.706360 1.224303 3.704957 0.640076 0.707120 -1
0 2.706360 15.515358 3.704957 0.640076 0.630742 -1
0 2.706360 15.515358 4.704957 0.619948 0.630742 -1
0 -2.706360 1.224303 4.704957 0.360480 0.611626 -1
0 -2.706360 1.224303 3.704957 0.360480 0.642046 -1
0 2.706360 1.224303 3.704957 0.410366 0.642046 -1
0 2.706360 1.224303 4.704957 0.410366 0.611626 -1
0 2.165088 2.342041 4.704957 0.175624 0.290406 -1
0 2.165088 2.342041 4.168371 0.175624 0.274082 -1
0 -2.165087 2.342041 4.168371 0.135714 0.274082 -1
0 -2.165087 2.342041 4.704957 0.135714 0.290406 -1
0 -2.165087 2.342041 4.704957 0.619948 0.701147 -1
0 -2.165087 2.342041 4.168371 0.630748 0.701147 -1
0 -2.165087 14.397628 4.168371 0.630748 0.636716 -1
0 -2.165087 14.397628 4.704957 0.619948 0.636716 -1
0 -2.706360 15.515358 4.704957 0.199045 0.275666 -1
0 -2.706360 15.515358 3.704957 0.199045 0.236778 -1
0 -2.706360 1.224303 3.704957 0.106058 0.236778 -1
0 -2.706360 1.224303 4.704957 0.106058 0.275666 -1
0 -1.611665 36.458702 4.747968 0.119842 0.198345 -1
0 1.278330 36.458702 4.747968 0.146478 0.198345 -1
0 1.639579 36.938904 4.747968 0.149807 0.192236 -1
0 -1.972913 36.938904 4.747968 0.116513 0.192236 -1
0 1.278330 31.279396 4.747968 0.146478 0.264232 -1
0 1.639579 30.799202 4.747968 0.149807 0.270341 -1
0 -1.972913 30.799202 4.747968 0.116513 0.270341 -1
0 -1.611665 31.279396 4.747968 0.119842 0.264232 -1
0 -1.611665 36.458702 4.747968 0.370569 0.610317 -1
0 -1.611665 36.458702 4.211382 0.370569 0.626640 -1
0 1.278330 36.458702 4.211382 0.397205 0.626640 -1
0 1.278330 36.458702 4.747968 0.397205 0.610317 -1
0 1.639579 36.938904 4.747968 0.170780 0.291714 -1
0 1.639579 36.938904 3.747968 0.170780 0.261294 -1
0 -1.972913 36.938904 3.747968 0.137486 0.261294 -1
0 -1.972913 36.938904 4.747968 0.137486 0.291714 -1
0 1.278330 36.458702 4.747968 0.150693 0.339442 -1
0 1.278330 36.458702 4.211382 0.140021 0.339442 -1
0 1.278330 31.279396 4.211382 0.140021 0.405330 -1
0 1.278330 31.279396 4.747968 0.150693 0.405330 -1
0 1.639579 30.799202 4.747968 0.261978 0.302858 -1
0 1.639579 30.799202 3.747968 0.281868 0.302858 -1
0 1.639579 36.938904 3.747968 0.281868 0.224752 -1
0 1.639579 36.938904 4.747968 0.261978 0.224752 -1
0 -1.972913 30.799202 4.747968 0.367239 0.610317 -1
0 -1.972913 30.799202 3.747968 0.367239 0.640737 -1
0 1.639579 30.799202 3.747968 0.400534 0.640737 -1
0 1.639579 30.799202 4.747968 0.400534 0.610317 -1
0 1.278330 31.279396 4.747968 0.167451 0.291714 -1
0 1.278330 31.279396 4.211382 0.167451 0.275391 -1
0 -1.611665 31.279396 4.211382 0.140815 0.275391 -1
0 -1.611665 31.279396 4.747968 0.140815 0.291714 -1
0 -1.611665 31.279396 4.747968 0.261978 0.296749 -1
0 -1.611665 31.279396 4.211382 0.272651 0.296749 -1
0 -1.611665 36.458702 4.211382 0.272651 0.230861 -1
0 -1.611665 36.458702 4.747968 0.261978 0.230861 -1
0 -1.972913 36.938904 4.747968 0.150693 0.333333 -1
0 -1.972913 36.938904 3.747968 0.130803 0.333333 -1
0 -1.972913 30.799202 3.747968 0.130803 0.411439 -1
0 -1.972913 30.799202 4.747968 0.150693 0.411439 -1
0 7.971668 26.458702 2.747967 0.208167 0.325558 -1
0 10.861663 26.458702 2.747967 0.234803 0.325558 -1
0 11.222912 26.938904 2.747967 0.238132 0.319449 -1
0 7.610420 26.938904 2.747967 0.204838 0.319449 -1
0 10.861663 21.279396 2.747967 0.234803 0.391446 -1
0 11.222912 20.799202 2.747967 0.238132 0.397555 -1
0 7.610420 20.799202 2.747967 0.204838 0.397555 -1
0 7.971668 21.279396 2.747967 0.208167 0.391446 -1
0 7.971668 26.458702 2.747967 0.163153 0.352161 -1
0 7.971668 26.458702 2.211382 0.163153 0.368484 -1
0 10.861663 26.458702 2.211382 0.189789 0.368484 -1
0 10.861663 26.458702 2.747967 0.189789 0.352161 -1
0 11.222912 26.938904 2.747967 0.259105 0.230873 -1
0 11.222912 26.938904 1.747968 0.259105 0.200453 -1
0 7.610420 26.938904 1.747968 0.225811 0.200453 -1
0 7.610420 26.938904 2.747967 0.225811 0.230873 -1
0 10.861663 26.458702 2.747967 0.270250 0.199563 -1
0 10.861663 26.458702 2.211382 0.270250 0.178697 -1
0 10.861663 21.279396 2.211382 0.236550 0.178697 -1
0 10.861663 21.279396 2.747967 0.236550 0.199563 -1
0 11.222912 20.799202 2.747967 0.301758 0.430071 -1
0 11.222912 20.799202 1.747968 0.321648 0.430071 -1
0 11.222912 26.938904 1.747968 0.321648 0.351966 -1
0 11.222912 26.938904 2.747967 0.301758 0.351966 -1
0 7.610420 20.799202 2.747967 0.159824 0.352161 -1
0 7.610420 20.799202 1.747968 0.159824 0.382581 -1
0 11.222912 20.799202 1.747968 0.193118 0.382581 -1
0 11.222912 20.799202 2.747967 0.193118 0.352161 -1
0 10.861663 21.279396 2.747967 0.255776 0.230873 -1
0 10.861663 21.279396 2.211382 0.255776 0.214550 -1
0 7.971668 21.279396 2.211382 0.229140 0.214550 -1
0 7.971668 21.279396 2.747967 0.229140 0.230873 -1
0 7.971668 21.279396 2.747967 0.301758 0.423962 -1
0 7.971668 21.279396 2.211382 0.312431 0.423962 -1
0 7.971668 26.458702 2.211382 0.312431 0.358075 -1
0 7.971668 26.458702 2.747967 0.301758 0.358075 -1
0 7.610420 26.938904 2.747967 0.273374 0.199563 -1
0 7.610420 26.938904 1.747968 0.273374 0.160676 -1
0 7.610420 20.799202 1.747968 0.233425 0.160676 -1
0 7.610420 20.799202 2.747967 0.233425 0.199563 -1
0 16.692411 26.458702 -4.221671 0.055862 0.188421 -1
0 16.692411 26.458702 -7.111666 0.113344 0.188421 -1
0 16.692411 26.938904 -7.472916 0.120530 0.182312 -1
0 16.692411 26.938904 -3.860423 0.048677 0.182312 -1
0 16.692411 21.279396 -7.111666 0.113344 0.254309 -1
0 16.692411 20.799202 -7.472916 0.120530 0.260418 -1
0 16.692411 20.799202 -3.860423 0.048677 0.260418 -1
0 16.692411 21.279396 -4.221671 0.055862 0.254309 -1
0 16.692411 26.458702 -4.221671 0.054566 0.300141 -1
0 16.155825 26.458702 -4.221671 0.049621 0.300141 -1
0 16.155825 26.458702 -7.111666 0.049621 0.388055 -1
0 16.692411 26.458702 -7.111666 0.054566 0.388055 -1
0 16.692411 26.938904 -7.472916 0.290919 0.242533 -1
0 15.692410 26.938904 -7.472916 0.281702 0.242533 -1
0 15.692410 26.938904 -3.860423 0.281702 0.352426 -1
0 16.692411 26.938904 -3.860423 0.290919 0.352426 -1
0 16.692411 26.458702 -7.111666 0.187762 0.167852 -1
0 16.155825 26.458702 -7.111666 0.182817 0.167852 -1
0 16.155825 21.279396 -7.111666 0.182817 0.233740 -1
0 16.692411 21.279396 -7.111666 0.187762 0.233740 -1
0 16.692411 20.799202 -7.472916 0.281990 0.270599 -1
0 15.692410 20.799202 -7.472916 0.291206 0.270599 -1
0 15.692410 26.938904 -7.472916 0.291206 0.192494 -1
0 16.692411 26.938904 -7.472916 0.281990 0.192494 -1
0 16.692411 20.799202 -3.860423 0.054566 0.289151 -1
0 15.692410 20.799202 -3.860423 0.045349 0.289151 -1
0 15.692410 20.799202 -7.472916 0.045349 0.399044 -1
0 16.692411 20.799202 -7.472916 0.054566 0.399044 -1
0 16.692411 21.279396 -7.111666 0.290919 0.253522 -1
0 16.155825 21.279396 -7.111666 0.285973 0.253522 -1
0 16.155825 21.279396 -4.221671 0.285973 0.341436 -1
0 16.692411 21.279396 -4.221671 0.290919 0.341436 -1
0 16.692411 21.279396 -4.221671 0.281990 0.264491 -1
0 16.155825 21.279396 -4.221671 0.286935 0.264491 -1
0 16.155825 26.458702 -4.221671 0.286935 0.198603 -1
0 16.692411 26.458702 -4.221671 0.281990 0.198603 -1
0 16.692411 26.938904 -3.860423 0.187762 0.161743 -1
0 15.692410 26.938904 -3.860423 0.178546 0.161743 -1
0 15.692410 20.799202 -3.860423 0.178546 0.239848 -1
0 16.692411 20.799202 -3.860423 0.187762 0.239848 -1
0 -11.028332 26.458702 2.747967 0.293401 0.189357 -1
0 -8.138337 26.458702 2.747967 0.320037 0.189357 -1
0 -7.777088 26.938904 2.747967 0.323366 0.183248 -1
0 -11.389580 26.938904 2.747967 0.290072 0.183248 -1
0 -8.138337 21.279396 2.747967 0.320037 0.255245 -1
0 -7.777088 20.799202 2.747967 0.323366 0.261354 -1
0 -11.389580 20.799202 2.747967 0.290072 0.261354 -1
0 -11.028332 21.279396 2.747967 0.293401 0.255245 -1
0 -11.028332 26.458702 2.747967 0.221392 0.149055 -1
0 -11.028332 26.458702 2.211382 0.221392 0.165378 -1
0 -8.138337 26.458702 2.211382 0.248028 0.165378 -1
0 -8.138337 26.458702 2.747967 0.248028 0.149055 -1
0 -7.777088 26.938904 2.747967 0.083991 0.230873 -1
0 -7.777088 26.938904 1.747968 0.083991 0.200453 -1
0 -11.389580 26.938904 1.747968 0.050696 0.200453 -1
0 -11.389580 26.938904 2.747967 0.050696 0.230873 -1
0 -8.138337 26.458702 2.747967 0.270250 0.199563 -1
0 -8.138337 26.458702 2.211382 0.270250 0.178697 -1
0 -8.138337 21.279396 2.211382 0.236550 0.178697 -1
0 -8.138337 21.279396 2.747967 0.236550 0.199563 -1
0 -7.777088 20.799202 2.747967 0.301758 0.430071 -1
0 -7.777088 20.799202 1.747968 0.321648 0.430071 -1
0 -7.777088 26.938904 1.747968 0.321648 0.351966 -1
0 -7.777088 26.938904 2.747967 0.301758 0.351966 -1
0 -11.389580 20.799202 2.747967 0.218063 0.149055 -1
0 -11.389580 20.799202 1.747968 0.218063 0.179475 -1
0 -7.777088 20.799202 1.747968 0.251358 0.179475 -1
0 -7.777088 20.799202 2.747967 0.251358 0.149055 -1
0 -8.138337 21.279396 2.747967 0.080662 0.230873 -1
0 -8.138337 21.279396 2.211382 0.080662 0.214550 -1
0 -11.028332 21.279396 2.211382 0.054026 0.214550 -1
0 -11.028332 21.279396 2.747967 0.054026 0.230873 -1
0 -11.028332 21.279396 2.747967 0.301758 0.423962 -1
0 -11.028332 21.279396 2.211382 0.312431 0.423962 -1
0 -11.028332 26.458702 2.211382 0.312431 0.358075 -1
0 -11.028332 26.458702 2.747967 0.301758 0.358075 -1
0 -11.389580 26.938904 2.747967 0.273374 0.199563 -1
0 -11.389580 26.938904 1.747968 0.273374 0.160676 -1
0 -11.389580 20.799202 1.747968 0.233425 0.160676 -1
0 -11.389580 20.799202 2.747967 0.233425 0.199563 -1
0 -16.692411 15.938904 -7.472916 0.017397 0.331664 -1
0 -16.692411 15.458702 -7.111666 0.024582 0.337773 -1
0 -16.692411 15.458702 -4.221671 0.082064 0.337773 -1
0 -16.692411 15.938904 -3.860423 0.089249 0.331664 -1
0 -16.692411 10.279396 -7.111666 0.024582 0.403661 -1
0 -16.692411 9.799202 -7.472916 0.017397 0.409770 -1
0 -16.692411 9.799202 -3.860423 0.089249 0.409770 -1
0 -16.692411 10.279396 -4.221671 0.082064 0.403661 -1
0 -16.155825 15.458702 -7.111666 0.174135 0.448987 -1
0 -16.155825 15.458702 -4.221671 0.174135 0.361073 -1
0 -16.692411 15.458702 -4.221671 0.169189 0.361073 -1
0 -16.692411 15.458702 -7.111666 0.169189 0.448987 -1
0 -15.692410 15.938904 -3.860423 0.249791 0.351231 -1
0 -15.692410 15.938904 -7.472916 0.249791 0.241338 -1
0 -16.692411 15.938904 -7.472916 0.240575 0.241338 -1
0 -16.692411 15.938904 -3.860423 0.240575 0.351231 -1
0 -16.155825 10.279396 -7.111666 0.246143 0.395180 -1
0 -16.155825 15.458702 -7.111666 0.246143 0.329292 -1
0 -16.692411 15.458702 -7.111666 0.241198 0.329292 -1
0 -16.692411 10.279396 -7.111666 0.241198 0.395180 -1
0 -15.692410 15.938904 -7.472916 0.264929 0.333624 -1
0 -15.692410 9.799202 -7.472916 0.264929 0.411729 -1
0 -16.692411 9.799202 -7.472916 0.274145 0.411729 -1
0 -16.692411 15.938904 -7.472916 0.274145 0.333624 -1
0 -15.692410 9.799202 -7.472916 0.178406 0.459976 -1
0 -15.692410 9.799202 -3.860423 0.178406 0.350083 -1
0 -16.692411 9.799202 -3.860423 0.169189 0.350083 -1
0 -16.692411 9.799202 -7.472916 0.169189 0.459976 -1
0 -16.155825 10.279396 -4.221671 0.245520 0.340242 -1
0 -16.155825 10.279396 -7.111666 0.245520 0.252327 -1
0 -16.692411 10.279396 -7.111666 0.240575 0.252327 -1
0 -16.692411 10.279396 -4.221671 0.240575 0.340242 -1
0 -16.155825 15.458702 -4.221671 0.269200 0.339733 -1
0 -16.155825 10.279396 -4.221671 0.269200 0.405620 -1
0 -16.692411 10.279396 -4.221671 0.274145 0.405620 -1
0 -16.692411 15.458702 -4.221671 0.274145 0.339733 -1
0 -15.692410 9.799202 -3.860423 0.250414 0.401289 -1
0 -15.692410 15.938904 -3.860423 0.250414 0.323183 -1
0 -16.692411 15.938904 -3.860423 0.241198 0.323183 -1
0 -16.692411 9.799202 -3.860423 0.241198 0.401289 -1
0 7.971668 15.458702 2.747967 0.107388 0.307787 -1
0 10.861663 15.458702 2.747967 0.134023 0.307787 -1
0 11.222912 15.938904 2.747967 0.137353 0.301678 -1
0 7.610420 15.938904 2.747967 0.104058 0.301678 -1
0 10.861663 10.279396 2.747967 0.134023 0.373675 -1
0 11.222912 9.799202 2.747967 0.137353 0.379783 -1
0 7.610420 9.799202 2.747967 0.104058 0.379783 -1
0 7.971668 10.279396 2.747967 0.107388 0.373675 -1
0 7.971668 15.458702 2.747967 0.163153 0.352161 -1
0 7.971668 15.458702 2.211382 0.163153 0.368484 -1
0 10.861663 15.458702 2.211382 0.189789 0.368484 -1
0 10.861663 15.458702 2.747967 0.189789 0.352161 -1
0 11.222912 15.938904 2.747967 0.259105 0.230873 -1
0 11.222912 15.938904 1.747968 0.259105 0.200453 -1
0 7.610420 15.938904 1.747968 0.225811 0.200453 -1
0 7.610420 15.938904 2.747967 0.225811 0.230873 -1
0 10.861663 15.458702 2.747967 0.198677 0.199563 -1
0 10.861663 15.458702 2.211382 0.198677 0.178697 -1
0 10.861663 10.279396 2.211382 0.164976 0.178697 -1
0 10.861663 10.279396 2.747967 0.164976 0.199563 -1
0 11.222912 9.799202 2.747967 0.251968 0.424247 -1
0 11.222912 9.799202 1.747968 0.271858 0.424247 -1
0 11.222912 15.938904 1.747968 0.271858 0.346142 -1
0 11.222912 15.938904 2.747967 0.251968 0.346142 -1
0 7.610420 9.799202 2.747967 0.159824 0.352161 -1
0 7.610420 9.799202 1.747968 0.159824 0.382581 -1
0 11.222912 9.799202 1.747968 0.193118 0.382581 -1
0 11.222912 9.799202 2.747967 0.193118 0.352161 -1
0 10.861663 10.279396 2.747967 0.255776 0.230873 -1
0 10.861663 10.279396 2.211382 0.255776 0.214550 -1
0 7.971668 10.279396 2.211382 0.229140 0.214550 -1
0 7.971668 10.279396 2.747967 0.229140 0.230873 -1
0 7.971668 10.279396 2.747967 0.251968 0.418138 -1
0 7.971668 10.279396 2.211382 0.262641 0.418138 -1
0 7.971668 15.458702 2.211382 0.262641 0.352251 -1
0 7.971668 15.458702 2.747967 0.251968 0.352251 -1
0 7.610420 15.938904 2.747967 0.201801 0.199563 -1
0 7.610420 15.938904 1.747968 0.201801 0.160676 -1
0 7.610420 9.799202 1.747968 0.161852 0.160676 -1
0 7.610420 9.799202 2.747967 0.161852 0.199563 -1
0 16.692411 15.458702 -4.221671 0.055862 0.328356 -1
0 16.692411 15.458702 -7.111666 0.113344 0.328356 -1
0 16.692411 15.938904 -7.472916 0.120530 0.322247 -1
0 16.692411 15.938904 -3.860423 0.048677 0.322247 -1
0 16.692411 10.279396 -7.111666 0.113344 0.394244 -1
0 16.692411 9.799202 -7.472916 0.120530 0.400352 -1
0 16.692411 9.799202 -3.860423 0.048677 0.400352 -1
0 16.692411 10.279396 -4.221671 0.055862 0.394244 -1
0 16.692411 15.458702 -4.221671 0.054566 0.300141 -1
0 16.155825 15.458702 -4.221671 0.049621 0.300141 -1
0 16.155825 15.458702 -7.111666 0.049621 0.388055 -1
0 16.692411 15.458702 -7.111666 0.054566 0.388055 -1
0 16.692411 15.938904 -7.472916 0.290919 0.242533 -1
0 15.692410 15.938904 -7.472916 0.281702 0.242533 -1
0 15.692410 15.938904 -3.860423 0.281702 0.352426 -1
0 16.692411 15.938904 -3.860423 0.290919 0.352426 -1
0 16.692411 15.458702 -7.111666 0.187762 0.307787 -1
0 16.155825 15.458702 -7.111666 0.182817 0.307787 -1
0 16.155825 10.279396 -7.111666 0.182817 0.373675 -1
0 16.692411 10.279396 -7.111666 0.187762 0.373675 -1
0 16.692411 9.799202 -7.472916 0.281990 0.410534 -1
0 15.692410 9.799202 -7.472916 0.291206 0.410534 -1
0 15.692410 15.938904 -7.472916 0.291206 0.332429 -1
0 16.692411 15.938904 -7.472916 0.281990 0.332429 -1
0 16.692411 9.799202 -3.860423 0.054566 0.289151 -1
0 15.692410 9.799202 -3.860423 0.045349 0.289151 -1
0 15.692410 9.799202 -7.472916 0.045349 0.399044 -1
0 16.692411 9.799202 -7.472916 0.054566 0.399044 -1
0 16.692411 10.279396 -7.111666 0.290919 0.253522 -1
0 16.155825 10.279396 -7.111666 0.285973 0.253522 -1
0 16.155825 10.279396 -4.221671 0.285973 0.341436 -1
0 16.692411 10.279396 -4.221671 0.290919 0.341436 -1
0 16.692411 10.279396 -4.221671 0.281990 0.404426 -1
0 16.155825 10.279396 -4.221671 0.286935 0.404426 -1
0 16.155825 15.458702 -4.221671 0.286935 0.338538 -1
0 16.692411 15.458702 -4.221671 0.281990 0.338538 -1
0 16.692411 15.938904 -3.860423 0.187762 0.301678 -1
0 15.692410 15.938904 -3.860423 0.178546 0.301678 -1
0 15.692410 9.799202 -3.860423 0.178546 0.379783 -1
0 16.692411 9.799202 -3.860423 0.187762 0.379783 -1
0 -11.028332 15.458702 2.747967 0.293401 0.329292 -1
0 -8.138337 15.458702 2.747967 0.320037 0.329292 -1
0 -7.777088 15.938904 2.747967 0.323366 0.323183 -1
0 -11.389580 15.938904 2.747967 0.290072 0.323183 -1
0 -8.138337 10.279396 2.747967 0.320037 0.395180 -1
0 -7.777088 9.799202 2.747967 0.323366 0.401289 -1
0 -11.389580 9.799202 2.747967 0.290072 0.401289 -1
0 -11.028332 10.279396 2.747967 0.293401 0.395180 -1
0 -11.028332 15.458702 2.747967 0.221392 0.149055 -1
0 -11.028332 15.458702 2.211382 0.221392 0.165378 -1
0 -8.138337 15.458702 2.211382 0.248028 0.165378 -1
0 -8.138337 15.458702 2.747967 0.248028 0.149055 -1
0 -7.777088 15.938904 2.747967 0.083991 0.230873 -1
0 -7.777088 15.938904 1.747968 0.083991 0.200453 -1
0 -11.389580 15.938904 1.747968 0.050696 0.200453 -1
0 -11.389580 15.938904 2.747967 0.050696 0.230873 -1
0 -8.138337 15.458702 2.747967 0.198677 0.199563 -1
0 -8.138337 15.458702 2.211382 0.198677 0.178697 -1
0 -8.138337 10.279396 2.211382 0.164976 0.178697 -1
0 -8.138337 10.279396 2.747967 0.164976 0.199563 -1
0 -7.777088 9.799202 2.747967 0.251968 0.424247 -1
0 -7.777088 9.799202 1.747968 0.271858 0.424247 -1
0 -7.777088 15.938904 1.747968 0.271858 0.346142 -1
0 -7.777088 15.938904 2.747967 0.251968 0.346142 -1
0 -11.389580 9.799202 2.747967 0.218063 0.149055 -1
0 -11.389580 9.799202 1.747968 0.218063 0.179475 -1
0 -7.777088 9.799202 1.747968 0.251358 0.179475 -1
0 -7.777088 9.799202 2.747967 0.251358 0.149055 -1
0 -8.138337 10.279396 2.747967 0.080662 0.230873 -1
0 -8.138337 10.279396 2.211382 0.080662 0.214550 -1
0 -11.028332 10.279396 2.211382 0.054026 0.214550 -1
0 -11.028332 10.279396 2.747967 0.054026 0.230873 -1
0 -11.028332 10.279396 2.747967 0.251968 0.418138 -1
0 -11.028332 10.279396 2.211382 0.262641 0.418138 -1
0 -11.028332 15.458702 2.211382 0.262641 0.352251 -1
0 -11.028332 15.458702 2.747967 0.251968 0.352251 -1
0 -11.389580 15.938904 2.747967 0.201801 0.199563 -1
0 -11.389580 15.938904 1.747968 0.201801 0.160676 -1
0 -11.389580 9.799202 1.747968 0.161852 0.160676 -1
0 -11.389580 9.799202 2.747967 0.161852 0.199563 -1
70
-1.000000 0.000000 0.000000
0.000000 -1.000000 0.000000
0.000000 1.000000 0.000000
0.000000 0.000000 1.000000
0.000000 0.000000 -1.000000
-0.184880 0.982761 0.000000
-0.369764 0.929126 0.000003
1.000000 0.000000 0.000000
0.184885 -0.982760 0.000000
0.369766 -0.929125 -0.000002
0.535171 -0.844744 -0.000003
0.535167 -0.844746 -0.000005
-0.535168 0.844746 0.000004
-0.535174 0.844742 0.000008
-0.819781 0.572677 0.000003
-0.819783 0.572674 0.000005
-0.848905 0.528545 0.000002
-0.875727 0.482807 0.000000
0.848905 -0.528545 -0.000001
0.875728 -0.482805 0.000000
0.819781 -0.572677 -0.000002
0.819780 -0.572679 -0.000003
-0.954803 0.297241 0.000000
-0.988894 0.148620 0.000000
0.900023 -0.435842 0.000000
0.184884 0.982760 0.000000
0.369763 0.929126 0.000003
-0.184881 -0.982761 0.000000
-0.369766 -0.929125 -0.000002
-0.535171 -0.844744 -0.000003
-0.535174 -0.844742 -0.000005
0.535167 0.844746 0.000004
0.535161 0.844750 0.000008
0.848905 0.528545 0.000002
0.875728 0.482805 0.000000
0.819781 0.572677 0.000003
0.819780 0.572679 0.000005
-0.819781 -0.572676 -0.000002
-0.819783 -0.572675 -0.000003
-0.848905 -0.528545 -0.000001
-0.875727 -0.482806 0.000000
0.954803 0.297241 0.000000
0.988894 0.148620 0.000000
-0.900023 -0.435842 0.000000
-0.929974 0.150116 0.335579
0.000000 0.872927 0.487851
0.000000 0.872927 0.487851
0.929974 0.150116 0.335579
1.000000 0.000000 -0.000000
1.000000 0.000000 -0.000000
0.975776 0.000000 0.218773
0.607727 0.000000 0.794146
0.000000 0.000000 1.000000
0.000000 0.000000 1.000000
-0.607726 0.000000 0.794147
-0.975776 0.000000 0.218773
-1.000000 0.000000 -0.000000
-1.000000 0.000000 -0.000000
-0.975776 0.000000 -0.218773
-0.607727 0.000000 -0.794146
0.000000 0.000000 -1.000000
0.607728 0.000000 -0.794145
0.975776 0.000000 -0.218773
0.607726 0.000000 0.794147
-0.000000 0.000000 1.000000
-0.607727 0.000000 0.794146
-0.607728 0.000000 -0.794145
-0.000000 0.000000 -1.000000
-0.000000 0.000000 -1.000000
0.607727 0.000000 -0.794146
386
0 0 1 2 0 0 0 1
0 2 3 0 0 0 0 1
0 4 1 0 0 0 0 1
0 0 5 4 0 0 0 1
0 4 5 6 0 0 0 1
0 6 7 4 0 0 0 1
0 2 7 6 0 0 0 1
0 2 6 3 0 0 0 1
0 8 9 10 1 1 1 2
0 11 8 10 1 1 1 2
0 12 13 14 2 2 2 2
0 15 12 14 2 2 2 2
0 16 17 18 3 3 3 2
0 19 16 18 3 3 3 2
0 20 21 22 4 4 4 2
0 23 20 22 4 4 4 2
0 24 25 26 1 1 1 2
0 27 24 26 1 1 1 2
0 28 29 30 2 2 2 2
0 31 28 30 2 2 2 2
0 32 33 34 4 4 4 2
0 35 32 34 4 4 4 2
0 36 37 38 3 3 3 2
0 39 36 38 3 3 3 2
0 40 41 42 3 3 3 1
0 43 42 41 3 3 3 1
0 44 43 45 3 3 3 1
0 41 45 43 3 3 3 1
0 44 45 46 3 3 3 1
0 46 47 44 3 3 3 1
0 47 46 48 3 3 3 1
0 49 47 48 3 3 3 1
0 42 50 40 3 3 3 1
0 50 42 51 3 3 3 1
0 52 51 53 3 3 3 1
0 51 52 50 3 3 3 1
0 54 52 53 3 3 3 1
0 53 55 54 3 3 3 1
0 56 54 55 3 3 3 1
0 56 55 57 3 3 3 1
0 58 59 60 2 2 5 2
0 58 60 61 2 5 6 2
0 62 63 64 7 7 7 2
0 62 64 65 7 7 7 2
0 66 67 68 8 9 1 2
0 66 68 69 8 1 1 2
0 70 71 67 10 11 9 2
0 70 67 66 10 9 8 2
0 61 60 72 6 5 12 2
0 61 72 73 6 12 13 2
0 74 75 76 14 15 16 2
0 74 76 77 14 16 17 2
0 78 79 80 18 19 20 2
0 78 80 81 18 20 21 2
0 77 76 82 17 16 22 2
0 77 82 83 17 22 23 2
0 84 85 79 24 24 19 2
0 84 79 78 24 19 18 2
0 83 82 86 23 22 0 2
0 83 86 87 23 0 0 2
0 88 89 59 25 26 2 2
0 88 59 58 25 2 2 2
0 90 91 92 0 0 0 2
0 90 92 93 0 0 0 2
0 69 68 94 1 1 27 2
0 69 94 95 1 27 28 2
0 95 94 96 28 27 29 2
0 95 96 97 28 29 30 2
0 98 99 89 31 32 26 2
0 98 89 88 31 26 25 2
0 100 101 102 33 34 35 2
0 100 102 103 33 35 36 2
0 104 105 106 37 38 39 2
0 104 106 107 37 39 40 2
0 108 109 101 41 42 34 2
0 108 101 100 41 34 33 2
0 107 106 110 40 39 43 2
0 107 110 111 40 43 43 2
0 112 113 109 7 7 42 2
0 112 109 108 7 42 41 2
0 114 115 116 3 3 3 1
0 117 118 119 44 44 44 1
0 120 121 122 45 45 45 1
0 120 122 123 45 45 46 1
0 124 125 126 3 3 3 1
0 127 128 129 47 47 47 1
0 130 131 132 2 2 2 2
0 130 132 133 2 2 2 2
0 134 135 136 0 0 0 2
0 134 136 137 0 0 0 2
0 138 139 140 7 7 7 2
0 138 140 141 7 7 7 2
0 142 143 144 2 2 2 2
0 142 144 145 2 2 2 2
0 146 147 148 1 1 1 2
0 146 148 149 1 1 1 2
0 150 151 152 7 7 7 2
0 150 152 153 7 7 7 2
0 154 155 156 2 2 2 2
0 154 156 157 2 2 2 2
0 158 159 160 0 0 0 2
0 158 160 161 0 0 0 2
0 162 130 133 2 2 2 2
0 162 133 163 2 2 2 2
0 164 134 137 0 0 0 2
0 164 137 118 0 0 0 2
0 165 138 141 7 7 7 2
0 165 141 166 7 7 7 2
0 121 142 145 2 2 2 2
0 121 145 122 2 2 2 2
0 167 146 149 1 1 1 2
0 167 149 168 1 1 1 2
0 129 150 153 7 7 7 2
0 129 153 169 7 7 7 2
0 170 154 157 2 2 2 2
0 170 157 171 2 2 2 2
0 172 158 161 0 0 0 2
0 172 161 173 0 0 0 2
0 174 175 176 48 49 50 1
0 175 177 176 49 50 50 1
0 178 179 180 51 51 52 1
0 178 180 181 51 52 53 1
0 181 180 182 53 52 54 1
0 180 183 182 52 54 54 1
0 184 185 186 55 55 56 1
0 184 186 187 55 56 57 1
0 187 186 188 57 56 58 1
0 186 189 188 56 58 58 1
0 190 191 192 59 59 60 1
0 190 192 193 59 60 60 1
0 193 192 194 60 60 61 1
0 192 195 194 60 61 61 1
0 196 197 175 62 62 49 1
0 196 175 174 62 49 48 1
0 198 199 200 48 49 50 1
0 199 201 200 49 50 50 1
0 202 203 204 63 63 64 1
0 202 204 205 63 64 64 1
0 205 204 206 64 64 65 1
0 204 207 206 64 65 65 1
0 208 209 210 55 55 56 1
0 208 210 211 55 56 57 1
0 211 210 212 57 56 58 1
0 210 213 212 56 58 58 1
0 214 215 216 66 66 67 1
0 214 216 217 66 67 68 1
0 217 216 218 68 67 69 1
0 216 219 218 67 69 69 1
0 220 221 199 62 62 49 1
0 220 199 198 62 49 48 1
0 222 223 224 3 3 3 1
0 223 225 224 3 3 3 1
0 226 227 228 7 7 7 2
0 227 229 228 7 7 7 2
0 230 231 232 0 0 0 2
0 231 233 232 0 0 0 2
0 234 235 236 2 2 2 3
0 235 237 236 2 2 2 3
0 238 239 240 1 1 1 3
0 239 241 240 1 1 1 3
0 242 243 244 3 3 3 1
0 243 245 244 3 3 3 1
0 246 247 248 7 7 7 2
0 247 249 248 7 7 7 2
0 250 251 252 0 0 0 2
0 251 253 252 0 0 0 2
0 254 255 256 2 2 2 3
0 255 257 256 2 2 2 3
0 258 259 260 1 1 1 3
0 259 261 260 1 1 1 3
0 262 263 264 3 3 3 1
0 264 265 262 3 3 3 1
0 264 263 266 3 3 3 1
0 266 267 264 3 3 3 1
0 268 267 266 3 3 3 1
0 266 269 268 3 3 3 1
0 268 269 262 3 3 3 1
0 265 268 262 3 3 3 1
0 270 271 272 1 1 1 2
0 270 272 273 1 1 1 2
0 274 275 276 2 2 2 2
0 274 276 277 2 2 2 2
0 278 279 280 0 0 0 2
0 278 280 281 0 0 0 2
0 282 283 284 7 7 7 2
0 282 284 285 7 7 7 2
0 286 287 288 1 1 1 2
0 286 288 289 1 1 1 2
0 290 291 292 2 2 2 2
0 290 292 293 2 2 2 2
0 294 295 296 7 7 7 2
0 294 296 297 7 7 7 2
0 298 299 300 0 0 0 2
0 298 300 301 0 0 0 2
0 302 303 304 3 3 3 1
0 304 305 302 3 3 3 1
0 304 303 306 3 3 3 1
0 306 307 304 3 3 3 1
0 308 307 306 3 3 3 1
0 306 309 308 3 3 3 1
0 308 309 302 3 3 3 1
0 305 308 302 3 3 3 1
0 310 311 312 1 1 1 2
0 310 312 313 1 1 1 2
0 314 315 316 2 2 2 2
0 314 316 317 2 2 2 2
0 318 319 320 0 0 0 2
0 318 320 321 0 0 0 2
0 322 323 324 7 7 7 2
0 322 324 325 7 7 7 2
0 326 327 328 1 1 1 2
0 326 328 329 1 1 1 2
0 330 331 332 2 2 2 2
0 330 332 333 2 2 2 2
0 334 335 336 7 7 7 2
0 334 336 337 7 7 7 2
0 338 339 340 0 0 0 2
0 338 340 341 0 0 0 2
0 342 343 344 3 3 3 1
0 344 345 342 3 3 3 1
0 344 343 346 3 3 3 1
0 346 347 344 3 3 3 1
0 348 347 346 3 3 3 1
0 346 349 348 3 3 3 1
0 348 349 342 3 3 3 1
0 345 348 342 3 3 3 1
0 350 351 352 1 1 1 2
0 350 352 353 1 1 1 2
0 354 355 356 2 2 2 2
0 354 356 357 2 2 2 2
0 358 359 360 0 0 0 2
0 358 360 361 0 0 0 2
0 362 363 364 7 7 7 2
0 362 364 365 7 7 7 2
0 366 367 368 1 1 1 2
0 366 368 369 1 1 1 2
0 370 371 372 2 2 2 2
0 370 372 373 2 2 2 2
0 374 375 376 7 7 7 2
0 374 376 377 7 7 7 2
0 378 379 380 0 0 0 2
0 378 380 381 0 0 0 2
0 382 383 384 7 7 7 1
0 384 385 382 7 7 7 1
0 384 383 386 7 7 7 1
0 386 387 384 7 7 7 1
0 388 387 386 7 7 7 1
0 386 389 388 7 7 7 1
0 388 389 382 7 7 7 1
0 385 388 382 7 7 7 1
0 390 391 392 1 1 1 2
0 390 392 393 1 1 1 2
0 394 395 396 2 2 2 2
0 394 396 397 2 2 2 2
0 398 399 400 3 3 3 2
0 398 400 401 3 3 3 2
0 402 403 404 4 4 4 2
0 402 404 405 4 4 4 2
0 406 407 408 1 1 1 2
0 406 408 409 1 1 1 2
0 410 411 412 2 2 2 2
0 410 412 413 2 2 2 2
0 414 415 416 4 4 4 2
0 414 416 417 4 4 4 2
0 418 419 420 3 3 3 2
0 418 420 421 3 3 3 2
0 422 423 424 3 3 3 1
0 424 425 422 3 3 3 1
0 424 423 426 3 3 3 1
0 426 427 424 3 3 3 1
0 428 427 426 3 3 3 1
0 426 429 428 3 3 3 1
0 428 429 422 3 3 3 1
0 425 428 422 3 3 3 1
0 430 431 432 1 1 1 2
0 430 432 433 1 1 1 2
0 434 435 436 2 2 2 2
0 434 436 437 2 2 2 2
0 438 439 440 0 0 0 2
0 438 440 441 0 0 0 2
0 442 443 444 7 7 7 2
0 442 444 445 7 7 7 2
0 446 447 448 1 1 1 2
0 446 448 449 1 1 1 2
0 450 451 452 2 2 2 2
0 450 452 453 2 2 2 2
0 454 455 456 7 7 7 2
0 454 456 457 7 7 7 2
0 458 459 460 0 0 0 2
0 458 460 461 0 0 0 2
0 462 463 464 0 0 0 1
0 464 465 462 0 0 0 1
0 466 463 462 0 0 0 1
0 462 467 466 0 0 0 1
0 466 467 468 0 0 0 1
0 468 469 466 0 0 0 1
0 464 469 468 0 0 0 1
0 464 468 465 0 0 0 1
0 470 471 472 1 1 1 2
0 473 470 472 1 1 1 2
0 474 475 476 2 2 2 2
0 477 474 476 2 2 2 2
0 478 479 480 3 3 3 2
0 481 478 480 3 3 3 2
0 482 483 484 4 4 4 2
0 485 482 484 4 4 4 2
0 486 487 488 1 1 1 2
0 489 486 488 1 1 1 2
0 490 491 492 2 2 2 2
0 493 490 492 2 2 2 2
0 494 495 496 4 4 4 2
0 497 494 496 4 4 4 2
0 498 499 500 3 3 3 2
0 501 498 500 3 3 3 2
0 502 503 504 3 3 3 1
0 504 505 502 3 3 3 1
0 504 503 506 3 3 3 1
0 506 507 504 3 3 3 1
0 508 507 506 3 3 3 1
0 506 509 508 3 3 3 1
0 508 509 502 3 3 3 1
0 505 508 502 3 3 3 1
0 510 511 512 1 1 1 2
0 510 512 513 1 1 1 2
0 514 515 516 2 2 2 2
0 514 516 517 2 2 2 2
0 518 519 520 0 0 0 2
0 518 520 521 0 0 0 2
0 522 523 524 7 7 7 2
0 522 524 525 7 7 7 2
0 526 527 528 1 1 1 2
0 526 528 529 1 1 1 2
0 530 531 532 2 2 2 2
0 530 532 533 2 2 2 2
0 534 535 536 7 7 7 2
0 534 536 537 7 7 7 2
0 538 539 540 0 0 0 2
0 538 540 541 0 0 0 2
0 542 543 544 7 7 7 1
0 544 545 542 7 7 7 1
0 544 543 546 7 7 7 1
0 546 547 544 7 7 7 1
0 548 547 546 7 7 7 1
0 546 549 548 7 7 7 1
0 548 549 542 7 7 7 1
0 545 548 542 7 7 7 1
0 550 551 552 1 1 1 2
0 550 552 553 1 1 1 2
0 554 555 556 2 2 2 2
0 554 556 557 2 2 2 2
0 558 559 560 3 3 3 2
0 558 560 561 3 3 3 2
0 562 563 564 4 4 4 2
0 562 564 565 4 4 4 2
0 566 567 568 1 1 1 2
0 566 568 569 1 1 1 2
0 570 571 572 2 2 2 2
0 570 572 573 2 2 2 2
0 574 575 576 4 4 4 2
0 574 576 577 4 4 4 2
0 578 579 580 3 3 3 2
0 578 580 581 3 3 3 2
0 582 583 584 3 3 3 1
0 584 585 582 3 3 3 1
0 584 583 586 3 3 3 1
0 586 587 584 3 3 3 1
0 588 587 586 3 3 3 1
0 586 589 588 3 3 3 1
0 588 589 582 3 3 3 1
0 585 588 582 3 3 3 1
0 590 591 592 1 1 1 2
0 590 592 593 1 1 1 2
0 594 595 596 2 2 2 2
0 594 596 597 2 2 2 2
0 598 599 600 0 0 0 2
0 598 600 601 0 0 0 2
0 602 603 604 7 7 7 2
0 602 604 605 7 7 7 2
0 606 607 608 1 1 1 2
0 606 608 609 1 1 1 2
0 610 611 612 2 2 2 2
0 610 612 613 2 2 2 2
0 614 615 616 7 7 7 2
0 614 616 617 7 7 7 2
0 618 619 620 0 0 0 2
0 618 620 621 0 0 0 2
"1_Blz_Top" 1 1
16
1 -6.000000 30.000000 4.000000 0.436845 0.564533 -1
1 6.000000 30.000000 4.000000 0.553597 0.564533 -1
1 0.000000 40.000000 4.000000 0.495221 0.648165 -1
1 -6.000000 30.000000 0.000000 0.436845 0.564533 -1
1 6.000000 30.000000 0.000000 0.553597 0.564533 -1
1 0.000000 40.000000 0.000000 0.495221 0.648165 -1
1 -16.000000 30.000000 0.000000 0.339552 0.564533 -1
1 -16.000000 40.000000 -6.000000 0.339552 0.648165 -1
1 -16.000000 30.000000 -13.000000 0.339552 0.564533 -1
1 -6.000000 40.000000 -6.000000 0.436845 0.648165 -1
1 -6.000000 30.000000 -13.000000 0.436845 0.564533 -1
1 16.000000 30.000000 -13.000000 0.650890 0.564533 -1
1 16.000000 40.000000 -6.000000 0.650890 0.648165 -1
1 16.000000 30.000000 0.000000 0.650890 0.564533 -1
1 6.000000 30.000000 -13.000000 0.553597 0.564533 -1
1 6.000000 40.000000 -6.000000 0.553597 0.648165 -1
21
0.000000 0.000000 1.000000
-0.499929 -0.866067 0.000000
-0.712238 -0.604894 0.356119
0.356119 -0.604894 0.712238
0.999857 0.016902 0.000000
0.485643 0.874157 0.000000
-0.485643 0.874157 0.000000
-1.000000 0.000000 0.000000
0.000000 0.016902 0.999857
0.000000 0.872882 0.487931
0.000000 0.905002 -0.425407
0.000000 0.089314 -0.996004
0.000000 -0.867176 -0.498002
1.000000 0.000000 0.000000
0.000000 -0.866067 0.499929
-0.313569 0.946099 -0.081066
-0.650945 0.390567 0.650945
0.000000 0.807328 0.590103
0.650945 0.390567 0.650945
0.232513 0.906375 -0.352735
0.000000 0.573462 -0.819232
26
1 0 1 2 0 0 0 1
1 0 3 4 1 2 3 2
1 0 4 1 1 3 4 2
1 1 4 5 4 3 5 2
1 1 5 2 4 5 6 2
1 2 5 3 6 5 2 2
1 2 3 0 6 2 1 2
1 6 7 8 7 7 7 1
1 6 3 9 8 2 9 2
1 6 9 7 8 9 10 2
1 7 9 10 10 9 11 2
1 7 10 8 10 11 12 2
1 8 10 3 12 11 2 2
1 8 3 6 12 2 8 2
1 11 12 13 13 13 13 1
1 11 14 15 11 12 10 2
1 11 15 12 11 10 9 2
1 12 15 4 9 10 3 2
1 12 4 13 9 3 14 2
1 13 4 14 14 3 12 2
1 13 14 11 14 12 11 2
1 9 3 5 15 16 17 1
1 5 4 15 17 18 19 1
1 15 9 5 19 15 17 1
1 10 15 14 20 19 20 1
1 15 10 9 19 20 15 1

Materials: 3
"Blz"
0.200000 0.200000 0.200000 1.000000
0.800000 0.800000 0.800000 1.000000
0.000000 0.000000 0.000000 1.000000
0.000000 0.000000 0.000000 1.000000
0.000000
1.000000
"..\Image\brick01.tga"
""
"Blz_Other"
0.200000 0.200000 0.200000 1.000000
0.800000 0.800000 0.800000 1.000000
0.000000 0.000000 0.000000 1.000000
0.000000 0.000000 0.000000 1.000000
0.000000
1.000000
"..\Image\House1.tga"
""
"Widnwos"
0.200000 0.200000 0.200000 1.000000
0.800000 0.800000 0.800000 1.000000
0.000000 0.000000 0.000000 1.000000
0.000000 0.000000 0.000000 1.000000
0.000000
1.000000
"..\Image\window.tga"
""

Bones: 0
GroupComments: 0
MaterialComments: 0
BoneComments: 0
ModelComment: 0
