// MilkShape 3D ASCII

Frames: 30
Frame: 1

Meshes: 4
"1_Blz" 1 0
48
1 -15.939260 15.000000 6.000000 0.005549 0.468100 -1
1 -16.000000 0.000000 6.000000 0.004927 0.756033 -1
1 5.766665 0.000000 6.000000 0.228008 0.756033 -1
1 5.787406 15.000000 6.000000 0.228221 0.468100 -1
1 5.787406 15.000000 6.000000 0.006690 0.474246 -1
1 5.766665 0.000000 6.000000 0.006690 0.754918 -1
1 5.766665 0.000000 -4.000000 0.153191 0.754918 -1
1 5.787406 15.000000 -4.000000 0.153191 0.474246 -1
1 -15.939260 15.000000 -16.000000 0.005676 0.469414 -1
1 -16.000000 0.000000 -16.000000 0.005676 0.753459 -1
1 -16.000000 0.000000 6.000000 0.333061 0.753459 -1
1 -15.939260 15.000000 6.000000 0.333061 0.469414 -1
1 5.787406 15.000000 -4.000000 0.228221 0.468100 -1
1 5.766665 0.000000 -4.000000 0.228008 0.756033 -1
1 16.000000 0.000000 -4.000000 0.332887 0.756033 -1
1 15.918522 15.000000 -4.000000 0.332052 0.468100 -1
1 15.918522 15.000000 -16.000000 0.006962 0.475533 -1
1 16.000000 0.000000 -16.000000 0.006126 0.756205 -1
1 -16.000000 0.000000 -16.000000 0.334261 0.756205 -1
1 -15.939260 15.000000 -16.000000 0.333638 0.475533 -1
1 15.918522 15.000000 -4.000000 0.153191 0.474246 -1
1 16.000000 0.000000 -4.000000 0.153191 0.754918 -1
1 16.000000 0.000000 -16.000000 0.328993 0.754918 -1
1 15.918522 15.000000 -16.000000 0.328993 0.474246 -1
1 -15.698975 27.100000 6.192993 0.009348 0.472850 -1
1 -15.698980 16.100000 6.193003 0.009348 0.749495 -1
1 5.869437 16.100000 6.193003 0.228493 0.749495 -1
1 5.869449 27.100000 6.192993 0.228493 0.472850 -1
1 5.869449 27.100000 6.192993 0.006678 0.474248 -1
1 5.869437 16.100000 6.193003 0.006678 0.751428 -1
1 5.869437 16.100000 -3.987948 0.155012 0.751428 -1
1 5.869449 27.100000 -3.987976 0.155013 0.474248 -1
1 -15.698975 27.100000 -16.205078 0.006679 0.474581 -1
1 -15.698980 16.100000 -16.205055 0.006680 0.751226 -1
1 -15.698980 16.100000 6.193003 0.331814 0.751226 -1
1 -15.698975 27.100000 6.192993 0.331814 0.474581 -1
1 5.869449 27.100000 -3.987976 0.228493 0.472850 -1
1 5.869437 16.100000 -3.987948 0.228493 0.749495 -1
1 15.596204 16.100000 -3.987948 0.327321 0.749495 -1
1 15.596191 27.100000 -3.987976 0.327321 0.472850 -1
1 15.596191 27.100000 -16.205078 0.006881 0.474248 -1
1 15.596204 16.100000 -16.205055 0.006881 0.751428 -1
1 -15.698980 16.100000 -16.205055 0.326028 0.751428 -1
1 -15.698975 27.100000 -16.205078 0.326028 0.474248 -1
1 15.596191 27.100000 -3.987976 0.155013 0.474248 -1
1 15.596204 16.100000 -3.987948 0.155012 0.751428 -1
1 15.596204 16.100000 -16.205055 0.333013 0.751428 -1
1 15.596191 27.100000 -16.205078 0.333013 0.474248 -1
13
0.000000 0.000000 1.000000
0.999999 -0.001383 0.000000
-0.999992 0.004049 0.000000
0.000000 0.000000 -1.000000
0.999985 0.005432 0.000000
0.000000 0.000001 1.000000
1.000000 -0.000001 0.000000
-1.000000 0.000001 0.000000
0.000000 0.000003 1.000000
0.000000 0.000003 1.000000
0.000000 -0.000002 -1.000000
1.000000 0.000001 0.000000
1.000000 0.000001 0.000000
24
1 0 1 2 0 0 0 2
1 0 2 3 0 0 0 2
1 4 5 6 1 1 1 2
1 4 6 7 1 1 1 2
1 8 9 10 2 2 2 2
1 8 10 11 2 2 2 2
1 12 13 14 0 0 0 2
1 12 14 15 0 0 0 2
1 16 17 18 3 3 3 2
1 16 18 19 3 3 3 2
1 20 21 22 4 4 4 2
1 20 22 23 4 4 4 2
1 24 25 26 5 5 5 2
1 24 26 27 5 5 5 2
1 28 29 30 6 6 6 2
1 28 30 31 6 6 6 2
1 32 33 34 7 7 7 2
1 32 34 35 7 7 7 2
1 36 37 38 8 9 8 2
1 36 38 39 8 8 8 2
1 40 41 42 10 10 10 2
1 40 42 43 10 10 10 2
1 44 45 46 11 11 11 2
1 44 46 47 11 11 12 2
"1_Blz_Windows" 1 0
48
1 -11.831753 2.342041 6.168371 0.661850 0.635673 -1
1 -7.501579 2.342041 6.168371 0.730236 0.635673 -1
1 -11.831753 10.508739 6.168371 0.661850 0.483941 -1
1 -7.501579 10.508739 6.168371 0.730236 0.483941 -1
1 9.082779 6.707968 -3.566396 0.671830 0.459507 -1
1 11.972774 6.707968 -3.566396 0.727654 0.459507 -1
1 9.082779 11.887274 -3.566396 0.671830 0.334666 -1
1 11.972774 11.887274 -3.566396 0.727654 0.334666 -1
1 9.082779 18.807968 -3.566396 0.667631 0.452200 -1
1 11.972774 18.807968 -3.566396 0.723455 0.452200 -1
1 9.082779 23.987274 -3.566396 0.667631 0.327360 -1
1 11.972774 23.987274 -3.566396 0.723455 0.327360 -1
1 6.172491 6.707968 2.000553 0.665252 0.457587 -1
1 6.172491 6.707968 -0.889441 0.757829 0.457587 -1
1 6.172491 11.887274 2.000553 0.665252 0.332746 -1
1 6.172491 11.887274 -0.889441 0.757829 0.332746 -1
1 6.172491 18.665110 2.000553 0.667652 0.460892 -1
1 6.172491 18.665110 -0.889441 0.760228 0.460892 -1
1 6.172491 23.844418 2.000553 0.667652 0.336051 -1
1 6.172491 23.844418 -0.889441 0.760228 0.336051 -1
1 -10.847776 18.807968 6.503042 0.669567 0.456979 -1
1 -7.957785 18.807968 6.503042 0.725391 0.456979 -1
1 -10.847776 23.987274 6.503042 0.669567 0.332139 -1
1 -7.957785 23.987274 6.503042 0.725391 0.332139 -1
1 -16.372501 11.887274 2.000553 0.765027 0.324011 -1
1 -16.372501 6.707968 -0.889441 0.672451 0.448852 -1
1 -16.372501 6.707968 2.000553 0.765027 0.448852 -1
1 -16.372501 11.887274 -0.889441 0.672451 0.324011 -1
1 -16.372501 23.844418 2.000553 0.754829 0.350017 -1
1 -16.372501 18.665110 -0.889441 0.662253 0.474857 -1
1 -16.372501 18.665110 2.000553 0.754829 0.474857 -1
1 -16.372501 23.844418 -0.889441 0.662253 0.350017 -1
1 -16.372501 11.887274 -7.699447 0.760842 0.339543 -1
1 -16.372501 6.707968 -10.589441 0.668266 0.464383 -1
1 -16.372501 6.707968 -7.699447 0.760842 0.464383 -1
1 -16.372501 11.887274 -10.589441 0.668266 0.339543 -1
1 -16.372501 23.844418 -7.699447 0.755444 0.334485 -1
1 -16.372501 18.665110 -10.589441 0.662867 0.459326 -1
1 -16.372501 18.665110 -7.699447 0.755444 0.459326 -1
1 -16.372501 23.844418 -10.589441 0.662867 0.334485 -1
1 -1.517221 6.707968 6.433603 0.662637 0.452338 -1
1 1.372773 6.707968 6.433603 0.718461 0.452338 -1
1 -1.517221 11.887274 6.433603 0.662637 0.327497 -1
1 1.372773 11.887274 6.433603 0.718461 0.327497 -1
1 -1.517221 18.807968 6.433603 0.666236 0.461758 -1
1 1.372773 18.807968 6.433603 0.722061 0.461758 -1
1 -1.517221 23.987274 6.433603 0.666236 0.336918 -1
1 1.372773 23.987274 6.433603 0.722061 0.336918 -1
3
0.000000 0.000000 1.000000
1.000000 0.000000 0.000000
-1.000000 0.000000 0.000000
24
1 0 1 2 0 0 0 1
1 2 1 3 0 0 0 1
1 4 5 6 0 0 0 1
1 6 5 7 0 0 0 1
1 8 9 10 0 0 0 1
1 10 9 11 0 0 0 1
1 12 13 14 1 1 1 1
1 14 13 15 1 1 1 1
1 16 17 18 1 1 1 1
1 18 17 19 1 1 1 1
1 20 21 22 0 0 0 1
1 22 21 23 0 0 0 1
1 24 25 26 2 2 2 1
1 27 25 24 2 2 2 1
1 28 29 30 2 2 2 1
1 31 29 28 2 2 2 1
1 32 33 34 2 2 2 1
1 35 33 32 2 2 2 1
1 36 37 38 2 2 2 1
1 39 37 36 2 2 2 1
1 40 41 42 0 0 0 1
1 42 41 43 0 0 0 1
1 44 45 46 0 0 0 1
1 46 45 47 0 0 0 1
"1_Blz_Frame" 1 0
758
1 -16.846334 15.000000 7.148607 0.055609 0.313787 -1
1 -15.939260 15.000000 6.000000 0.060541 0.320454 -1
1 5.787406 15.000000 6.000000 0.178660 0.320454 -1
1 5.477689 15.000000 7.148607 0.176976 0.313787 -1
1 5.477689 15.000000 7.148607 0.209970 0.312348 -1
1 5.787406 15.000000 6.000000 0.211654 0.305680 -1
1 5.787406 15.000000 -4.000000 0.211654 0.247633 -1
1 5.477689 15.000000 -3.928212 0.209970 0.248050 -1
1 -16.846334 15.000000 -17.220394 0.055609 0.455242 -1
1 -15.939260 15.000000 -16.000000 0.060541 0.448158 -1
1 5.477689 15.000000 -3.928212 0.176976 0.378085 -1
1 5.787406 15.000000 -4.000000 0.178660 0.378501 -1
1 15.918522 15.000000 -4.000000 0.233739 0.378501 -1
1 17.135309 15.000000 -3.928212 0.240354 0.378085 -1
1 17.135309 15.000000 -17.220394 0.240354 0.455242 -1
1 15.918522 15.000000 -16.000000 0.233739 0.448158 -1
1 -16.846313 16.000000 7.148621 0.140256 0.215924 -1
1 -16.846334 15.000000 7.148607 0.140256 0.222367 -1
1 5.477689 15.000000 7.148607 0.261623 0.222367 -1
1 5.477664 16.000000 7.148621 0.261623 0.215924 -1
1 5.477664 16.000000 7.148621 0.032581 0.219194 -1
1 5.477689 15.000000 7.148607 0.032581 0.225637 -1
1 5.477689 15.000000 -3.928212 0.107908 0.225637 -1
1 5.477664 16.000000 -3.928223 0.107908 0.219194 -1
1 -16.846313 16.000000 -17.220398 0.012613 0.220670 -1
1 -16.846334 15.000000 -17.220394 0.012613 0.227113 -1
1 -16.846334 15.000000 7.148607 0.178331 0.227113 -1
1 -16.846313 16.000000 7.148621 0.178331 0.220670 -1
1 5.477664 16.000000 -3.928223 0.261623 0.215924 -1
1 5.477689 15.000000 -3.928212 0.261623 0.222367 -1
1 17.135309 15.000000 -3.928212 0.325001 0.222367 -1
1 17.135315 16.000000 -3.928223 0.325001 0.215924 -1
1 17.135315 16.000000 -17.220398 0.139915 0.385538 -1
1 17.135309 15.000000 -17.220394 0.139915 0.391981 -1
1 -16.846334 15.000000 -17.220394 0.324659 0.391981 -1
1 -16.846313 16.000000 -17.220398 0.324659 0.385538 -1
1 17.135315 16.000000 -3.928223 0.107908 0.219194 -1
1 17.135309 15.000000 -3.928212 0.107908 0.225637 -1
1 17.135309 15.000000 -17.220394 0.198299 0.225637 -1
1 17.135315 16.000000 -17.220398 0.198299 0.219194 -1
1 -15.698980 16.100000 6.193003 0.094840 0.306801 -1
1 -16.846313 16.000000 7.148621 0.088603 0.312348 -1
1 5.477664 16.000000 7.148621 0.209970 0.312348 -1
1 5.869437 16.100000 6.193003 0.212099 0.306801 -1
1 5.869437 16.100000 6.193003 0.179106 0.319334 -1
1 5.477664 16.000000 7.148621 0.176976 0.313787 -1
1 5.477664 16.000000 -3.928223 0.176976 0.378085 -1
1 5.869437 16.100000 -3.987948 0.179106 0.378431 -1
1 -15.698980 16.100000 -16.205055 0.094840 0.176787 -1
1 -16.846313 16.000000 -17.220398 0.088603 0.170893 -1
1 5.869437 16.100000 -3.987948 0.263753 0.215280 -1
1 15.596204 16.100000 -3.987948 0.316633 0.215280 -1
1 15.596204 16.100000 -16.205055 0.264980 0.176787 -1
1 17.135315 16.000000 -17.220398 0.273348 0.170893 -1
1 15.596204 16.100000 -3.987948 0.264980 0.247703 -1
1 17.135315 16.000000 -3.928223 0.273348 0.248050 -1
1 -9.666666 15.059511 7.977674 0.179289 0.221984 -1
1 -10.749210 15.059511 7.977674 0.173404 0.221984 -1
1 -9.666666 13.941783 7.977674 0.179289 0.229186 -1
1 -10.749210 13.941783 7.977674 0.173404 0.229186 -1
1 -11.831753 13.255952 7.977674 0.167518 0.233604 -1
1 -11.831753 14.373683 7.977674 0.167518 0.226403 -1
1 -12.914297 12.824042 7.977674 0.161633 0.236387 -1
1 -12.914297 11.706308 7.977674 0.161633 0.243589 -1
1 -13.996841 10.588572 7.977674 0.155748 0.250790 -1
1 -13.996841 9.470835 7.977674 0.155748 0.257992 -1
1 -8.584124 15.059511 7.977674 0.185175 0.221984 -1
1 -8.584124 13.941783 7.977674 0.185175 0.229186 -1
1 -7.501579 14.373683 7.977674 0.191060 0.226403 -1
1 -7.501579 13.255952 7.977674 0.191060 0.233604 -1
1 -6.419036 12.824042 7.977674 0.196945 0.236387 -1
1 -6.419036 11.706308 7.977674 0.196945 0.243589 -1
1 -5.336492 10.588572 7.977674 0.202831 0.250790 -1
1 -5.336492 9.470835 7.977674 0.202831 0.257992 -1
1 -9.666666 15.059511 7.977674 0.127636 0.317160 -1
1 -9.666666 15.059511 5.764006 0.127636 0.304311 -1
1 -10.749210 15.059511 5.764006 0.121750 0.304311 -1
1 -10.749210 15.059511 7.977674 0.121750 0.317160 -1
1 -9.666666 13.941783 7.977674 0.026943 0.232456 -1
1 -9.666666 13.941783 5.764006 0.041997 0.232456 -1
1 -9.666666 15.059511 5.764006 0.041997 0.225254 -1
1 -9.666666 15.059511 7.977674 0.026943 0.225254 -1
1 -10.749210 13.941783 7.977674 0.088757 0.308974 -1
1 -10.749210 13.941783 5.764006 0.088757 0.321824 -1
1 -9.666666 13.941783 5.764006 0.094642 0.321824 -1
1 -9.666666 13.941783 7.977674 0.094642 0.308974 -1
1 -11.831753 13.255952 7.977674 0.082872 0.308974 -1
1 -11.831753 13.255963 5.764006 0.082872 0.321824 -1
1 -11.831753 14.373706 5.764006 0.115865 0.304311 -1
1 -11.831753 14.373683 7.977674 0.115865 0.317160 -1
1 -11.831753 14.373683 7.977674 0.183969 0.231149 -1
1 -11.831753 14.373706 5.764006 0.168916 0.231148 -1
1 -12.914297 12.824042 5.764006 0.168916 0.241133 -1
1 -12.914297 12.824042 7.977674 0.183969 0.241133 -1
1 -12.914297 11.706308 7.977674 0.026943 0.246859 -1
1 -12.914297 11.706308 5.764006 0.041997 0.246859 -1
1 -11.831753 13.255963 5.764006 0.041997 0.236874 -1
1 -11.831753 13.255952 7.977674 0.026943 0.236874 -1
1 -13.996841 10.588572 5.764006 0.168916 0.255536 -1
1 -13.996841 10.588572 7.977674 0.183969 0.255536 -1
1 -13.996841 9.470835 7.977674 0.026943 0.261262 -1
1 -13.996841 9.470835 5.764006 0.041997 0.261262 -1
1 -13.996841 9.470835 5.764006 0.168916 0.262738 -1
1 -13.996841 9.470835 7.977674 0.183969 0.262738 -1
1 -8.584124 15.059511 7.977674 0.133521 0.317160 -1
1 -8.584124 15.059511 5.764006 0.133521 0.304311 -1
1 -9.666666 15.059511 7.977674 0.183969 0.226730 -1
1 -9.666666 15.059511 5.764006 0.168916 0.226730 -1
1 -9.666666 13.941783 5.764006 0.168916 0.233931 -1
1 -9.666666 13.941783 7.977674 0.183969 0.233931 -1
1 -8.584124 13.941783 5.764006 0.100528 0.321824 -1
1 -8.584124 13.941783 7.977674 0.100528 0.308974 -1
1 -7.501579 13.255963 5.764006 0.106413 0.321824 -1
1 -7.501579 13.255952 7.977674 0.106413 0.308974 -1
1 -7.501579 14.373683 7.977674 0.139406 0.317160 -1
1 -7.501579 14.373706 5.764006 0.139406 0.304311 -1
1 -6.419036 12.824042 7.977674 0.026943 0.239657 -1
1 -6.419036 12.824042 5.764006 0.041997 0.239657 -1
1 -7.501579 14.373706 5.764006 0.041997 0.229673 -1
1 -7.501579 14.373683 7.977674 0.026943 0.229673 -1
1 -7.501579 13.255952 7.977674 0.183969 0.238350 -1
1 -7.501579 13.255963 5.764006 0.168916 0.238350 -1
1 -6.419036 11.706308 5.764006 0.168916 0.248335 -1
1 -6.419036 11.706308 7.977674 0.183969 0.248335 -1
1 -5.336492 10.588572 7.977674 0.026943 0.254060 -1
1 -5.336492 10.588572 5.764006 0.041997 0.254060 -1
1 -5.336492 9.470835 5.764006 0.168916 0.262738 -1
1 -5.336492 9.470835 7.977674 0.183969 0.262738 -1
1 -5.336492 9.470835 7.977674 0.026943 0.261262 -1
1 -5.336492 9.470835 5.764006 0.041997 0.261262 -1
1 -5.336492 4.417836 7.996683 0.202831 0.290549 -1
1 -5.877763 4.417836 7.996683 0.199888 0.290549 -1
1 -5.877763 1.064627 7.996683 0.199888 0.312154 -1
1 -5.336492 4.417836 7.996683 0.184099 0.295295 -1
1 -5.877763 1.064627 7.996683 0.184099 0.316899 -1
1 -5.336492 -0.053109 9.996686 0.197699 0.324101 -1
1 -5.336492 -0.053109 9.996686 0.151177 0.328880 -1
1 -5.877763 1.064627 7.996683 0.148235 0.317271 -1
1 -13.455570 1.064627 7.996683 0.107037 0.317271 -1
1 -13.996841 -0.053109 9.996686 0.104094 0.328880 -1
1 -13.455570 1.064627 7.996683 0.158690 0.312154 -1
1 -13.455570 4.417836 7.996683 0.158690 0.290549 -1
1 -13.996841 4.417836 7.996683 0.155748 0.290549 -1
1 -13.996841 4.417836 7.996683 0.026814 0.293819 -1
1 -13.996841 -0.053109 9.996686 0.013213 0.322625 -1
1 -13.455570 1.064627 7.996683 0.026814 0.315424 -1
1 -5.336492 4.417836 7.996658 0.151177 0.317270 -1
1 -5.336492 4.417836 5.764006 0.151177 0.304311 -1
1 -5.877763 4.417836 5.764006 0.148235 0.304311 -1
1 -5.877763 4.417836 7.996658 0.148235 0.317270 -1
1 -5.877763 4.417836 7.996658 0.184098 0.295295 -1
1 -5.877763 4.417836 5.764006 0.168916 0.295295 -1
1 -5.877763 1.064627 5.764006 0.168916 0.316899 -1
1 -5.877763 1.064627 7.996658 0.184098 0.316899 -1
1 -5.336492 -0.053109 9.996661 0.013213 0.322625 -1
1 -5.336492 -0.053109 5.764006 0.041997 0.322625 -1
1 -5.336492 4.417836 5.764006 0.041997 0.293819 -1
1 -5.336492 4.417836 7.996658 0.026814 0.293819 -1
1 -5.877763 1.064627 7.996658 0.148235 0.317270 -1
1 -5.877763 1.064627 5.764006 0.148235 0.304311 -1
1 -13.455570 1.064627 5.764006 0.107037 0.304311 -1
1 -13.455570 1.064627 7.996658 0.107037 0.317270 -1
1 -13.996841 -0.053109 9.996661 0.071101 0.297255 -1
1 -13.996841 -0.053109 5.764006 0.071101 0.321824 -1
1 -5.336492 -0.053109 5.764006 0.118184 0.321824 -1
1 -5.336492 -0.053109 9.996661 0.118184 0.297255 -1
1 -13.455570 1.064627 7.996658 0.026814 0.315424 -1
1 -13.455570 1.064627 5.764006 0.041997 0.315424 -1
1 -13.455570 4.417836 5.764006 0.041997 0.293819 -1
1 -13.455570 4.417836 7.996658 0.026814 0.293819 -1
1 -13.455570 4.417836 7.996658 0.107037 0.317270 -1
1 -13.455570 4.417836 5.764006 0.107037 0.304311 -1
1 -13.996841 4.417836 5.764006 0.104094 0.304311 -1
1 -13.996841 4.417836 7.996658 0.104094 0.317270 -1
1 -13.996841 4.417836 7.996658 0.184098 0.295295 -1
1 -13.996841 4.417836 5.764006 0.168916 0.295295 -1
1 -13.996841 -0.053109 5.764006 0.168916 0.324101 -1
1 -13.996841 -0.053109 9.996661 0.197699 0.324101 -1
1 -5.336492 4.417836 7.996683 0.151177 0.317271 -1
1 -5.877763 4.417836 7.996683 0.148235 0.317271 -1
1 -5.877763 4.417836 7.996683 0.184099 0.295295 -1
1 -5.336492 -0.053109 9.996686 0.013213 0.322625 -1
1 -5.336492 4.417836 7.996683 0.026814 0.293819 -1
1 -13.996841 -0.053109 9.996686 0.071101 0.297255 -1
1 -5.336492 -0.053109 9.996686 0.118184 0.297255 -1
1 -13.455570 4.417836 7.996683 0.026814 0.293819 -1
1 -13.455570 4.417836 7.996683 0.107037 0.317271 -1
1 -13.996841 4.417836 7.996683 0.104094 0.317271 -1
1 -13.996841 4.417836 7.996683 0.184099 0.295295 -1
1 -13.996841 -0.053109 9.996686 0.197699 0.324101 -1
1 -13.455570 4.417836 7.059549 0.033187 0.293819 -1
1 -13.455570 9.470835 7.059549 0.033187 0.261262 -1
1 -13.534838 4.417836 7.413102 0.030783 0.293819 -1
1 -13.534838 9.470835 7.413102 0.030783 0.261262 -1
1 -13.534838 4.417836 7.413102 0.158260 0.290549 -1
1 -13.534838 9.470835 7.413102 0.158260 0.257992 -1
1 -13.726206 9.470835 7.559548 0.157219 0.257992 -1
1 -13.726206 4.417836 7.559548 0.157219 0.290549 -1
1 -13.917574 4.417836 7.413102 0.156179 0.290549 -1
1 -13.917574 9.470835 7.413102 0.156179 0.257992 -1
1 -13.917574 4.417836 7.413102 0.180130 0.295295 -1
1 -13.917574 9.470835 7.413102 0.180130 0.262738 -1
1 -13.996841 9.470835 7.059549 0.177726 0.262738 -1
1 -13.996841 4.417836 7.059549 0.177726 0.295295 -1
1 -13.917574 4.417836 6.705996 0.175321 0.295295 -1
1 -13.917574 9.470835 6.705996 0.175321 0.262738 -1
1 -13.917574 4.417836 6.705996 0.308737 0.460162 -1
1 -13.917574 9.470835 6.705996 0.308737 0.427606 -1
1 -13.726206 9.470835 6.559551 0.307696 0.427606 -1
1 -13.726206 4.417836 6.559551 0.307696 0.460162 -1
1 -13.534838 4.417836 6.705996 0.306656 0.460162 -1
1 -13.534838 9.470835 6.705996 0.306656 0.427606 -1
1 -13.534838 4.417836 6.705996 0.035591 0.293819 -1
1 -13.534838 9.470835 6.705996 0.035591 0.261262 -1
1 -5.336492 4.417836 7.059549 0.033187 0.293819 -1
1 -5.336492 9.470835 7.059549 0.033187 0.261262 -1
1 -5.415760 4.417836 7.413102 0.030783 0.293819 -1
1 -5.415760 9.470835 7.413102 0.030783 0.261262 -1
1 -5.415760 4.417836 7.413102 0.202400 0.290549 -1
1 -5.415760 9.470835 7.413102 0.202400 0.257992 -1
1 -5.607128 9.470835 7.559548 0.201359 0.257992 -1
1 -5.607128 4.417836 7.559548 0.201359 0.290549 -1
1 -5.798495 4.417836 7.413102 0.200319 0.290549 -1
1 -5.798495 9.470835 7.413102 0.200319 0.257992 -1
1 -5.798495 4.417836 7.413102 0.180130 0.295295 -1
1 -5.798495 9.470835 7.413102 0.180130 0.262738 -1
1 -5.877763 9.470835 7.059549 0.177726 0.262738 -1
1 -5.877763 4.417836 7.059549 0.177726 0.295295 -1
1 -5.798495 4.417836 6.705996 0.175321 0.295295 -1
1 -5.798495 9.470835 6.705996 0.175321 0.262738 -1
1 -5.798495 4.417836 6.705996 0.264597 0.460162 -1
1 -5.798495 9.470835 6.705996 0.264597 0.427606 -1
1 -5.607128 9.470835 6.559551 0.263557 0.427606 -1
1 -5.607128 4.417836 6.559551 0.263557 0.460162 -1
1 -5.415760 4.417836 6.705996 0.262516 0.460162 -1
1 -5.415760 9.470835 6.705996 0.262516 0.427606 -1
1 -5.415760 4.417836 6.705996 0.035591 0.293819 -1
1 -5.415760 9.470835 6.705996 0.035591 0.261262 -1
1 -13.996841 9.470835 7.290322 0.155748 0.257992 -1
1 -13.996841 4.417836 7.290322 0.155748 0.290549 -1
1 -13.455570 9.470835 7.290322 0.158690 0.257992 -1
1 -13.455570 4.417836 7.290322 0.158690 0.290549 -1
1 -13.455570 9.470835 7.290322 0.031617 0.261262 -1
1 -13.455570 4.417836 7.290322 0.031617 0.293819 -1
1 -13.455570 9.470835 6.290322 0.038418 0.261262 -1
1 -13.455570 4.417836 6.290322 0.038418 0.293819 -1
1 -13.996841 9.470835 6.290322 0.172495 0.262738 -1
1 -13.996841 4.417836 6.290322 0.172495 0.295295 -1
1 -13.996841 9.470835 7.290322 0.179295 0.262738 -1
1 -13.996841 4.417836 7.290322 0.179295 0.295295 -1
1 -13.996841 9.470835 6.290322 0.104094 0.307366 -1
1 -13.996841 9.470835 7.290322 0.104094 0.313170 -1
1 -13.455570 9.470835 6.290322 0.107037 0.307366 -1
1 -13.455570 9.470835 7.290322 0.107037 0.313170 -1
1 -13.996841 4.417836 7.290322 0.071101 0.312964 -1
1 -13.996841 4.417836 6.290322 0.071101 0.318769 -1
1 -13.455570 4.417836 7.290322 0.074044 0.312964 -1
1 -13.455570 4.417836 6.290322 0.074044 0.318769 -1
1 -5.877763 9.470835 7.290322 0.199888 0.257992 -1
1 -5.877763 4.417836 7.290322 0.199888 0.290549 -1
1 -5.336492 9.470835 7.290322 0.202831 0.257992 -1
1 -5.336492 4.417836 7.290322 0.202831 0.290549 -1
1 -5.336492 9.470835 7.290322 0.031617 0.261262 -1
1 -5.336492 4.417836 7.290322 0.031617 0.293819 -1
1 -5.336492 9.470835 6.290322 0.038418 0.261262 -1
1 -5.336492 4.417836 6.290322 0.038418 0.293819 -1
1 -5.877763 9.470835 6.290322 0.172495 0.262738 -1
1 -5.877763 4.417836 6.290322 0.172495 0.295295 -1
1 -5.877763 9.470835 7.290322 0.179295 0.262738 -1
1 -5.877763 4.417836 7.290322 0.179295 0.295295 -1
1 -5.877763 9.470835 6.290322 0.148235 0.307366 -1
1 -5.877763 9.470835 7.290322 0.148235 0.313170 -1
1 -5.336492 9.470835 6.290322 0.151177 0.307366 -1
1 -5.336492 9.470835 7.290322 0.151177 0.313170 -1
1 -5.877763 4.417836 7.290322 0.115241 0.312964 -1
1 -5.877763 4.417836 6.290322 0.115241 0.318769 -1
1 -5.336492 4.417836 7.290322 0.118184 0.312964 -1
1 -5.336492 4.417836 6.290322 0.118184 0.318769 -1
1 -11.831753 10.508739 6.704957 0.167518 0.251305 -1
1 -7.501579 10.508739 6.704957 0.191060 0.251305 -1
1 -6.960307 11.626469 6.704957 0.194003 0.244103 -1
1 -12.373026 11.626469 6.704957 0.164576 0.244103 -1
1 -7.501579 2.342041 6.704957 0.191060 0.303923 -1
1 -6.960307 1.224303 6.704957 0.194003 0.311125 -1
1 -12.373026 1.224303 6.704957 0.164576 0.311125 -1
1 -11.831753 2.342041 6.704957 0.167518 0.303923 -1
1 -11.831753 10.508739 6.704957 0.082872 0.316362 -1
1 -11.831753 10.508739 6.168371 0.082872 0.319477 -1
1 -7.501579 10.508739 6.168371 0.106413 0.319477 -1
1 -7.501579 10.508739 6.704957 0.106413 0.316362 -1
1 -6.960307 11.626469 6.704957 0.142349 0.309772 -1
1 -6.960307 11.626469 5.704957 0.142349 0.303968 -1
1 -12.373026 11.626469 5.704957 0.112922 0.303968 -1
1 -12.373026 11.626469 6.704957 0.112922 0.309772 -1
1 -7.501579 10.508739 6.704957 0.175314 0.256051 -1
1 -7.501579 10.508739 6.168371 0.171665 0.256051 -1
1 -7.501579 2.342041 6.168371 0.171665 0.308669 -1
1 -7.501579 2.342041 6.704957 0.175314 0.308669 -1
1 -6.960307 1.224303 6.704957 0.035598 0.314395 -1
1 -6.960307 1.224303 5.704957 0.042399 0.314395 -1
1 -6.960307 11.626469 5.704957 0.042399 0.247373 -1
1 -6.960307 11.626469 6.704957 0.035598 0.247373 -1
1 -12.373026 1.224303 6.704957 0.079929 0.316362 -1
1 -12.373026 1.224303 5.704957 0.079929 0.322167 -1
1 -6.960307 1.224303 5.704957 0.109356 0.322167 -1
1 -6.960307 1.224303 6.704957 0.109356 0.316362 -1
1 -7.501579 2.342041 6.704957 0.139406 0.309772 -1
1 -7.501579 2.342041 6.168371 0.139406 0.306658 -1
1 -11.831753 2.342041 6.168371 0.115865 0.306658 -1
1 -11.831753 2.342041 6.704957 0.115865 0.309772 -1
1 -11.831753 2.342041 6.704957 0.035598 0.307193 -1
1 -11.831753 2.342041 6.168371 0.039247 0.307193 -1
1 -11.831753 10.508739 6.168371 0.039247 0.254575 -1
1 -11.831753 10.508739 6.704957 0.035598 0.254575 -1
1 -12.373026 11.626469 6.704957 0.175314 0.248849 -1
1 -12.373026 11.626469 5.704957 0.168514 0.248849 -1
1 -12.373026 1.224303 5.704957 0.168514 0.315871 -1
1 -12.373026 1.224303 6.704957 0.175314 0.315871 -1
1 9.082779 11.887274 -3.029810 0.281222 0.242423 -1
1 11.972774 11.887274 -3.029810 0.296934 0.242423 -1
1 12.334023 12.367476 -3.029810 0.298898 0.239329 -1
1 8.721532 12.367476 -3.029810 0.279258 0.239329 -1
1 11.972774 6.707968 -3.029810 0.296934 0.275793 -1
1 12.334023 6.227774 -3.029810 0.298898 0.278887 -1
1 8.721532 6.227774 -3.029810 0.279258 0.278887 -1
1 9.082779 6.707968 -3.029810 0.281222 0.275793 -1
1 9.082779 11.887274 -3.029810 0.196576 0.372870 -1
1 9.082779 11.887274 -3.566396 0.196576 0.375984 -1
1 11.972774 11.887274 -3.566396 0.212288 0.375984 -1
1 11.972774 11.887274 -3.029810 0.212288 0.372870 -1
1 12.334023 12.367476 -3.029810 0.247245 0.253265 -1
1 12.334023 12.367476 -4.029810 0.247245 0.247460 -1
1 8.721532 12.367476 -4.029810 0.227605 0.247460 -1
1 8.721532 12.367476 -3.029810 0.227605 0.253265 -1
1 11.972774 11.887274 -3.029810 0.109114 0.247169 -1
1 11.972774 11.887274 -3.566396 0.105465 0.247169 -1
1 11.972774 6.707968 -3.566396 0.105465 0.280539 -1
1 11.972774 6.707968 -3.029810 0.109114 0.280539 -1
1 12.334023 6.227774 -3.029810 0.101798 0.282157 -1
1 12.334023 6.227774 -4.029810 0.108598 0.282157 -1
1 12.334023 12.367476 -4.029810 0.108598 0.242599 -1
1 12.334023 12.367476 -3.029810 0.101798 0.242599 -1
1 8.721532 6.227774 -3.029810 0.194612 0.372870 -1
1 8.721532 6.227774 -4.029810 0.194612 0.378674 -1
1 12.334023 6.227774 -4.029810 0.214252 0.378674 -1
1 12.334023 6.227774 -3.029810 0.214252 0.372870 -1
1 11.972774 6.707968 -3.029810 0.245281 0.253265 -1
1 11.972774 6.707968 -3.566396 0.245281 0.250150 -1
1 9.082779 6.707968 -3.566396 0.229569 0.250150 -1
1 9.082779 6.707968 -3.029810 0.229569 0.253265 -1
1 9.082779 6.707968 -3.029810 0.101798 0.279063 -1
1 9.082779 6.707968 -3.566396 0.105447 0.279063 -1
1 9.082779 11.887274 -3.566396 0.105447 0.245693 -1
1 9.082779 11.887274 -3.029810 0.101798 0.245693 -1
1 8.721532 12.367476 -3.029810 0.109114 0.244075 -1
1 8.721532 12.367476 -4.029810 0.102314 0.244075 -1
1 8.721532 6.227774 -4.029810 0.102314 0.283633 -1
1 8.721532 6.227774 -3.029810 0.109114 0.283633 -1
1 9.082779 23.987274 -3.029810 0.281222 0.164462 -1
1 11.972774 23.987274 -3.029810 0.296934 0.164462 -1
1 12.334023 24.467476 -3.029810 0.298898 0.161368 -1
1 8.721532 24.467476 -3.029810 0.279258 0.161368 -1
1 11.972774 18.807968 -3.029810 0.296934 0.197833 -1
1 12.334023 18.327774 -3.029810 0.298898 0.200926 -1
1 8.721532 18.327774 -3.029810 0.279258 0.200926 -1
1 9.082779 18.807968 -3.029810 0.281222 0.197833 -1
1 9.082779 23.987274 -3.029810 0.196576 0.372870 -1
1 9.082779 23.987274 -3.566396 0.196576 0.375984 -1
1 11.972774 23.987274 -3.566396 0.212288 0.375984 -1
1 11.972774 23.987274 -3.029810 0.212288 0.372870 -1
1 12.334023 24.467476 -3.029810 0.247245 0.253265 -1
1 12.334023 24.467476 -4.029810 0.247245 0.247460 -1
1 8.721532 24.467476 -4.029810 0.227605 0.247460 -1
1 8.721532 24.467476 -3.029810 0.227605 0.253265 -1
1 11.972774 23.987274 -3.029810 0.109114 0.169208 -1
1 11.972774 23.987274 -3.566396 0.105465 0.169208 -1
1 11.972774 18.807968 -3.566396 0.105465 0.202578 -1
1 11.972774 18.807968 -3.029810 0.109114 0.202578 -1
1 12.334023 18.327774 -3.029810 0.101798 0.204196 -1
1 12.334023 18.327774 -4.029810 0.108598 0.204196 -1
1 12.334023 24.467476 -4.029810 0.108598 0.164638 -1
1 12.334023 24.467476 -3.029810 0.101798 0.164638 -1
1 8.721532 18.327774 -3.029810 0.194612 0.372870 -1
1 8.721532 18.327774 -4.029810 0.194612 0.378674 -1
1 12.334023 18.327774 -4.029810 0.214252 0.378674 -1
1 12.334023 18.327774 -3.029810 0.214252 0.372870 -1
1 11.972774 18.807968 -3.029810 0.245281 0.253265 -1
1 11.972774 18.807968 -3.566396 0.245281 0.250150 -1
1 9.082779 18.807968 -3.566396 0.229569 0.250150 -1
1 9.082779 18.807968 -3.029810 0.229569 0.253265 -1
1 9.082779 18.807968 -3.029810 0.101798 0.201103 -1
1 9.082779 18.807968 -3.566396 0.105447 0.201103 -1
1 9.082779 23.987274 -3.566396 0.105447 0.167732 -1
1 9.082779 23.987274 -3.029810 0.101798 0.167732 -1
1 8.721532 24.467476 -3.029810 0.109114 0.166114 -1
1 8.721532 24.467476 -4.029810 0.102314 0.166114 -1
1 8.721532 18.327774 -4.029810 0.102314 0.205672 -1
1 8.721532 18.327774 -3.029810 0.109114 0.205672 -1
1 6.709077 11.887274 2.000553 0.067590 0.245693 -1
1 6.709077 11.887274 -0.889441 0.087243 0.245693 -1
1 6.709077 12.367476 -1.250690 0.089699 0.242599 -1
1 6.709077 12.367476 2.361801 0.065133 0.242599 -1
1 6.709077 6.707968 -0.889441 0.087243 0.279063 -1
1 6.709077 6.227774 -1.250690 0.089699 0.282157 -1
1 6.709077 6.227774 2.361801 0.065133 0.282157 -1
1 6.709077 6.707968 2.000553 0.067590 0.279063 -1
1 6.709077 11.887274 2.000553 0.183671 0.343670 -1
1 6.172491 11.887274 2.000553 0.180754 0.343670 -1
1 6.172491 11.887274 -0.889441 0.180754 0.360445 -1
1 6.709077 11.887274 -0.889441 0.183671 0.360445 -1
1 6.709077 12.367476 -1.250690 0.216664 0.263592 -1
1 5.709077 12.367476 -1.250690 0.211228 0.263592 -1
1 5.709077 12.367476 2.361801 0.211228 0.284562 -1
1 6.709077 12.367476 2.361801 0.216664 0.284562 -1
1 6.709077 11.887274 -0.889441 0.268317 0.242423 -1
1 6.172491 11.887274 -0.889441 0.265400 0.242423 -1
1 6.172491 6.707968 -0.889441 0.265400 0.275793 -1
1 6.709077 6.707968 -0.889441 0.268317 0.275793 -1
1 6.709077 6.227774 -1.250690 0.196598 0.448501 -1
1 5.709077 6.227774 -1.250690 0.202035 0.448501 -1
1 5.709077 12.367476 -1.250690 0.202035 0.408942 -1
1 6.709077 12.367476 -1.250690 0.196598 0.408942 -1
1 6.709077 6.227774 2.361801 0.183671 0.341573 -1
1 5.709077 6.227774 2.361801 0.178234 0.341573 -1
1 5.709077 6.227774 -1.250690 0.178234 0.362542 -1
1 6.709077 6.227774 -1.250690 0.183671 0.362542 -1
1 6.709077 6.707968 -0.889441 0.216664 0.265689 -1
1 6.172491 6.707968 -0.889441 0.213747 0.265689 -1
1 6.172491 6.707968 2.000553 0.213747 0.282465 -1
1 6.709077 6.707968 2.000553 0.216664 0.282465 -1
1 6.709077 6.707968 2.000553 0.196598 0.445407 -1
1 6.172491 6.707968 2.000553 0.199516 0.445407 -1
1 6.172491 11.887274 2.000553 0.199516 0.412036 -1
1 6.709077 11.887274 2.000553 0.196598 0.412036 -1
1 6.709077 12.367476 2.361801 0.268317 0.239329 -1
1 5.709077 12.367476 2.361801 0.262881 0.239329 -1
1 5.709077 6.227774 2.361801 0.262881 0.278887 -1
1 6.709077 6.227774 2.361801 0.268317 0.278887 -1
1 6.709077 23.844418 2.000553 0.067590 0.168652 -1
1 6.709077 23.844418 -0.889441 0.087243 0.168652 -1
1 6.709077 24.324619 -1.250690 0.089699 0.165558 -1
1 6.709077 24.324619 2.361801 0.065133 0.165558 -1
1 6.709077 18.665110 -0.889441 0.087243 0.202023 -1
1 6.709077 18.184916 -1.250690 0.089699 0.205117 -1
1 6.709077 18.184916 2.361801 0.065133 0.205117 -1
1 6.709077 18.665110 2.000553 0.067590 0.202023 -1
1 6.709077 23.844418 2.000553 0.183671 0.343670 -1
1 6.172491 23.844418 2.000553 0.180754 0.343670 -1
1 6.172491 23.844418 -0.889441 0.180754 0.360445 -1
1 6.709077 23.844418 -0.889441 0.183671 0.360445 -1
1 6.709077 24.324619 -1.250690 0.216664 0.263592 -1
1 5.709077 24.324619 -1.250690 0.211228 0.263592 -1
1 5.709077 24.324619 2.361801 0.211228 0.284562 -1
1 6.709077 24.324619 2.361801 0.216664 0.284562 -1
1 6.709077 23.844418 -0.889441 0.268317 0.165382 -1
1 6.172491 23.844418 -0.889441 0.265400 0.165382 -1
1 6.172491 18.665110 -0.889441 0.265400 0.198753 -1
1 6.709077 18.665110 -0.889441 0.268317 0.198753 -1
1 6.709077 18.184916 -1.250690 0.196598 0.371460 -1
1 5.709077 18.184916 -1.250690 0.202035 0.371460 -1
1 5.709077 24.324619 -1.250690 0.202035 0.331902 -1
1 6.709077 24.324619 -1.250690 0.196598 0.331902 -1
1 6.709077 18.184916 2.361801 0.183671 0.341573 -1
1 5.709077 18.184916 2.361801 0.178234 0.341573 -1
1 5.709077 18.184916 -1.250690 0.178234 0.362542 -1
1 6.709077 18.184916 -1.250690 0.183671 0.362542 -1
1 6.709077 18.665110 -0.889441 0.216664 0.265689 -1
1 6.172491 18.665110 -0.889441 0.213747 0.265689 -1
1 6.172491 18.665110 2.000553 0.213747 0.282465 -1
1 6.709077 18.665110 2.000553 0.216664 0.282465 -1
1 6.709077 18.665110 2.000553 0.196598 0.368367 -1
1 6.172491 18.665110 2.000553 0.199516 0.368367 -1
1 6.172491 23.844418 2.000553 0.199516 0.334996 -1
1 6.709077 23.844418 2.000553 0.196598 0.334996 -1
1 6.709077 24.324619 2.361801 0.268317 0.162288 -1
1 5.709077 24.324619 2.361801 0.262881 0.162288 -1
1 5.709077 18.184916 2.361801 0.262881 0.201847 -1
1 6.709077 18.184916 2.361801 0.268317 0.201847 -1
1 -10.847776 23.987274 7.039627 0.172868 0.164462 -1
1 -7.957785 23.987274 7.039627 0.188580 0.164462 -1
1 -7.596534 24.467476 7.039627 0.190544 0.161368 -1
1 -11.209024 24.467476 7.039627 0.170904 0.161368 -1
1 -7.957785 18.807968 7.039627 0.188580 0.197833 -1
1 -7.596534 18.327774 7.039627 0.190544 0.200926 -1
1 -11.209024 18.327774 7.039627 0.170904 0.200926 -1
1 -10.847776 18.807968 7.039627 0.172868 0.197833 -1
1 -10.847776 23.987274 7.039627 0.088221 0.314419 -1
1 -10.847776 23.987274 6.503042 0.088221 0.317534 -1
1 -7.957785 23.987274 6.503042 0.103933 0.317534 -1
1 -7.957785 23.987274 7.039627 0.103933 0.314419 -1
1 -7.596534 24.467476 7.039627 0.138890 0.311715 -1
1 -7.596534 24.467476 6.039631 0.138890 0.305910 -1
1 -11.209024 24.467476 6.039631 0.119251 0.305910 -1
1 -11.209024 24.467476 7.039627 0.119251 0.311715 -1
1 -7.957785 23.987274 7.039627 0.177590 0.169208 -1
1 -7.957785 23.987274 6.503042 0.173941 0.169208 -1
1 -7.957785 18.807968 6.503042 0.173941 0.202578 -1
1 -7.957785 18.807968 7.039627 0.177590 0.202578 -1
1 -7.596534 18.327774 7.039627 0.033322 0.204196 -1
1 -7.596534 18.327774 6.039631 0.040123 0.204196 -1
1 -7.596534 24.467476 6.039631 0.040123 0.164638 -1
1 -7.596534 24.467476 7.039627 0.033322 0.164638 -1
1 -11.209024 18.327774 7.039627 0.086257 0.314419 -1
1 -11.209024 18.327774 6.039631 0.086257 0.320224 -1
1 -7.596534 18.327774 6.039631 0.105897 0.320224 -1
1 -7.596534 18.327774 7.039627 0.105897 0.314419 -1
1 -7.957785 18.807968 7.039627 0.136926 0.311715 -1
1 -7.957785 18.807968 6.503042 0.136926 0.308600 -1
1 -10.847776 18.807968 6.503042 0.121215 0.308600 -1
1 -10.847776 18.807968 7.039627 0.121215 0.311715 -1
1 -10.847776 18.807968 7.039627 0.033322 0.201103 -1
1 -10.847776 18.807968 6.503042 0.036971 0.201103 -1
1 -10.847776 23.987274 6.503042 0.036971 0.167732 -1
1 -10.847776 23.987274 7.039627 0.033322 0.167732 -1
1 -11.209024 24.467476 7.039627 0.177590 0.166114 -1
1 -11.209024 24.467476 6.039631 0.170790 0.166114 -1
1 -11.209024 18.327774 6.039631 0.170790 0.205672 -1
1 -11.209024 18.327774 7.039627 0.177590 0.205672 -1
1 -16.909086 12.367476 -1.250690 0.121213 0.244075 -1
1 -16.909086 11.887274 -0.889441 0.123670 0.247169 -1
1 -16.909086 11.887274 2.000553 0.143323 0.247169 -1
1 -16.909086 12.367476 2.361801 0.145779 0.244075 -1
1 -16.909086 6.707968 -0.889441 0.123670 0.280539 -1
1 -16.909086 6.227774 -1.250690 0.121213 0.283633 -1
1 -16.909086 6.227774 2.361801 0.145779 0.283633 -1
1 -16.909086 6.707968 2.000553 0.143323 0.280539 -1
1 -16.372501 11.887274 -0.889441 0.058185 0.360445 -1
1 -16.372501 11.887274 2.000553 0.058185 0.343670 -1
1 -16.909086 11.887274 2.000553 0.055268 0.343670 -1
1 -16.909086 11.887274 -0.889441 0.055268 0.360445 -1
1 -15.909086 12.367476 2.361801 0.093698 0.284562 -1
1 -15.909086 12.367476 -1.250690 0.093698 0.263592 -1
1 -16.909086 12.367476 -1.250690 0.088262 0.263592 -1
1 -16.909086 12.367476 2.361801 0.088262 0.284562 -1
1 -16.372501 6.707968 -0.889441 0.142832 0.275793 -1
1 -16.372501 11.887274 -0.889441 0.142832 0.242423 -1
1 -16.909086 11.887274 -0.889441 0.139915 0.242423 -1
1 -16.909086 6.707968 -0.889441 0.139915 0.275793 -1
1 -15.909086 12.367476 -1.250690 0.319564 0.408942 -1
1 -15.909086 6.227774 -1.250690 0.319564 0.448501 -1
1 -16.909086 6.227774 -1.250690 0.325001 0.448501 -1
1 -16.909086 12.367476 -1.250690 0.325001 0.408942 -1
1 -15.909086 6.227774 -1.250690 0.060705 0.362542 -1
1 -15.909086 6.227774 2.361801 0.060705 0.341573 -1
1 -16.909086 6.227774 2.361801 0.055268 0.341573 -1
1 -16.909086 6.227774 -1.250690 0.055268 0.362542 -1
1 -16.372501 6.707968 2.000553 0.091179 0.282465 -1
1 -16.372501 6.707968 -0.889441 0.091179 0.265689 -1
1 -16.909086 6.707968 -0.889441 0.088262 0.265689 -1
1 -16.909086 6.707968 2.000553 0.088262 0.282465 -1
1 -16.372501 11.887274 2.000553 0.322083 0.412036 -1
1 -16.372501 6.707968 2.000553 0.322083 0.445407 -1
1 -16.909086 6.707968 2.000553 0.325001 0.445407 -1
1 -16.909086 11.887274 2.000553 0.325001 0.412036 -1
1 -15.909086 6.227774 2.361801 0.145352 0.278887 -1
1 -15.909086 12.367476 2.361801 0.145352 0.239329 -1
1 -16.909086 12.367476 2.361801 0.139915 0.239329 -1
1 -16.909086 6.227774 2.361801 0.139915 0.278887 -1
1 -16.909086 24.324619 -1.250690 0.121213 0.167034 -1
1 -16.909086 23.844418 -0.889441 0.123670 0.170128 -1
1 -16.909086 23.844418 2.000553 0.143323 0.170128 -1
1 -16.909086 24.324619 2.361801 0.145779 0.167034 -1
1 -16.909086 18.665110 -0.889441 0.123670 0.203499 -1
1 -16.909086 18.184916 -1.250690 0.121213 0.206593 -1
1 -16.909086 18.184916 2.361801 0.145779 0.206593 -1
1 -16.909086 18.665110 2.000553 0.143323 0.203499 -1
1 -16.372501 23.844418 -0.889441 0.058185 0.360445 -1
1 -16.372501 23.844418 2.000553 0.058185 0.343670 -1
1 -16.909086 23.844418 2.000553 0.055268 0.343670 -1
1 -16.909086 23.844418 -0.889441 0.055268 0.360445 -1
1 -15.909086 24.324619 2.361801 0.093698 0.284562 -1
1 -15.909086 24.324619 -1.250690 0.093698 0.263592 -1
1 -16.909086 24.324619 -1.250690 0.088262 0.263592 -1
1 -16.909086 24.324619 2.361801 0.088262 0.284562 -1
1 -16.372501 18.665110 -0.889441 0.142832 0.198753 -1
1 -16.372501 23.844418 -0.889441 0.142832 0.165382 -1
1 -16.909086 23.844418 -0.889441 0.139915 0.165382 -1
1 -16.909086 18.665110 -0.889441 0.139915 0.198753 -1
1 -15.909086 24.324619 -1.250690 0.319564 0.331902 -1
1 -15.909086 18.184916 -1.250690 0.319564 0.371460 -1
1 -16.909086 18.184916 -1.250690 0.325001 0.371460 -1
1 -16.909086 24.324619 -1.250690 0.325001 0.331902 -1
1 -15.909086 18.184916 -1.250690 0.060705 0.362542 -1
1 -15.909086 18.184916 2.361801 0.060705 0.341573 -1
1 -16.909086 18.184916 2.361801 0.055268 0.341573 -1
1 -16.909086 18.184916 -1.250690 0.055268 0.362542 -1
1 -16.372501 18.665110 2.000553 0.091179 0.282465 -1
1 -16.372501 18.665110 -0.889441 0.091179 0.265689 -1
1 -16.909086 18.665110 -0.889441 0.088262 0.265689 -1
1 -16.909086 18.665110 2.000553 0.088262 0.282465 -1
1 -16.372501 23.844418 2.000553 0.322083 0.334996 -1
1 -16.372501 18.665110 2.000553 0.322083 0.368367 -1
1 -16.909086 18.665110 2.000553 0.325001 0.368367 -1
1 -16.909086 23.844418 2.000553 0.325001 0.334996 -1
1 -15.909086 18.184916 2.361801 0.145352 0.201847 -1
1 -15.909086 24.324619 2.361801 0.145352 0.162288 -1
1 -16.909086 24.324619 2.361801 0.139915 0.162288 -1
1 -16.909086 18.184916 2.361801 0.139915 0.201847 -1
1 -16.909086 12.367476 -10.950689 0.055250 0.244075 -1
1 -16.909086 11.887274 -10.589441 0.057706 0.247169 -1
1 -16.909086 11.887274 -7.699447 0.077359 0.247169 -1
1 -16.909086 12.367476 -7.338199 0.079816 0.244075 -1
1 -16.909086 6.707968 -10.589441 0.057706 0.280539 -1
1 -16.909086 6.227774 -10.950689 0.055250 0.283633 -1
1 -16.909086 6.227774 -7.338199 0.079816 0.283633 -1
1 -16.909086 6.707968 -7.699447 0.077359 0.280539 -1
1 -16.372501 11.887274 -10.589441 0.058185 0.416751 -1
1 -16.372501 11.887274 -7.699447 0.058185 0.399975 -1
1 -16.909086 11.887274 -7.699447 0.055268 0.399975 -1
1 -16.909086 11.887274 -10.589441 0.055268 0.416751 -1
1 -15.909086 12.367476 -7.338199 0.093698 0.228256 -1
1 -15.909086 12.367476 -10.950689 0.093698 0.207287 -1
1 -16.909086 12.367476 -10.950689 0.088262 0.207287 -1
1 -16.909086 12.367476 -7.338199 0.088262 0.228256 -1
1 -16.372501 6.707968 -10.589441 0.142832 0.275793 -1
1 -16.372501 11.887274 -10.589441 0.142832 0.242423 -1
1 -16.909086 11.887274 -10.589441 0.139915 0.242423 -1
1 -16.909086 6.707968 -10.589441 0.139915 0.275793 -1
1 -15.909086 12.367476 -10.950689 0.319564 0.408942 -1
1 -15.909086 6.227774 -10.950689 0.319564 0.448501 -1
1 -16.909086 6.227774 -10.950689 0.325001 0.448501 -1
1 -16.909086 12.367476 -10.950689 0.325001 0.408942 -1
1 -15.909086 6.227774 -10.950689 0.060705 0.418848 -1
1 -15.909086 6.227774 -7.338199 0.060705 0.397878 -1
1 -16.909086 6.227774 -7.338199 0.055268 0.397878 -1
1 -16.909086 6.227774 -10.950689 0.055268 0.418848 -1
1 -16.372501 6.707968 -7.699447 0.091179 0.226159 -1
1 -16.372501 6.707968 -10.589441 0.091179 0.209384 -1
1 -16.909086 6.707968 -10.589441 0.088262 0.209384 -1
1 -16.909086 6.707968 -7.699447 0.088262 0.226159 -1
1 -16.372501 11.887274 -7.699447 0.322083 0.412036 -1
1 -16.372501 6.707968 -7.699447 0.322083 0.445407 -1
1 -16.909086 6.707968 -7.699447 0.325001 0.445407 -1
1 -16.909086 11.887274 -7.699447 0.325001 0.412036 -1
1 -15.909086 6.227774 -7.338199 0.145352 0.278887 -1
1 -15.909086 12.367476 -7.338199 0.145352 0.239329 -1
1 -16.909086 12.367476 -7.338199 0.139915 0.239329 -1
1 -16.909086 6.227774 -7.338199 0.139915 0.278887 -1
1 -16.909086 24.324619 -10.950689 0.055250 0.167034 -1
1 -16.909086 23.844418 -10.589441 0.057706 0.170128 -1
1 -16.909086 23.844418 -7.699447 0.077359 0.170128 -1
1 -16.909086 24.324619 -7.338199 0.079816 0.167034 -1
1 -16.909086 18.665110 -10.589441 0.057706 0.203499 -1
1 -16.909086 18.184916 -10.950689 0.055250 0.206593 -1
1 -16.909086 18.184916 -7.338199 0.079816 0.206593 -1
1 -16.909086 18.665110 -7.699447 0.077359 0.203499 -1
1 -16.372501 23.844418 -10.589441 0.058185 0.416751 -1
1 -16.372501 23.844418 -7.699447 0.058185 0.399975 -1
1 -16.909086 23.844418 -7.699447 0.055268 0.399975 -1
1 -16.909086 23.844418 -10.589441 0.055268 0.416751 -1
1 -15.909086 24.324619 -7.338199 0.093698 0.228256 -1
1 -15.909086 24.324619 -10.950689 0.093698 0.207287 -1
1 -16.909086 24.324619 -10.950689 0.088262 0.207287 -1
1 -16.909086 24.324619 -7.338199 0.088262 0.228256 -1
1 -16.372501 18.665110 -10.589441 0.142832 0.198753 -1
1 -16.372501 23.844418 -10.589441 0.142832 0.165382 -1
1 -16.909086 23.844418 -10.589441 0.139915 0.165382 -1
1 -16.909086 18.665110 -10.589441 0.139915 0.198753 -1
1 -15.909086 24.324619 -10.950689 0.319564 0.331902 -1
1 -15.909086 18.184916 -10.950689 0.319564 0.371460 -1
1 -16.909086 18.184916 -10.950689 0.325001 0.371460 -1
1 -16.909086 24.324619 -10.950689 0.325001 0.331902 -1
1 -15.909086 18.184916 -10.950689 0.060705 0.418848 -1
1 -15.909086 18.184916 -7.338199 0.060705 0.397878 -1
1 -16.909086 18.184916 -7.338199 0.055268 0.397878 -1
1 -16.909086 18.184916 -10.950689 0.055268 0.418848 -1
1 -16.372501 18.665110 -7.699447 0.091179 0.226159 -1
1 -16.372501 18.665110 -10.589441 0.091179 0.209384 -1
1 -16.909086 18.665110 -10.589441 0.088262 0.209384 -1
1 -16.909086 18.665110 -7.699447 0.088262 0.226159 -1
1 -16.372501 23.844418 -7.699447 0.322083 0.334996 -1
1 -16.372501 18.665110 -7.699447 0.322083 0.368367 -1
1 -16.909086 18.665110 -7.699447 0.325001 0.368367 -1
1 -16.909086 23.844418 -7.699447 0.325001 0.334996 -1
1 -15.909086 18.184916 -7.338199 0.145352 0.201847 -1
1 -15.909086 24.324619 -7.338199 0.145352 0.162288 -1
1 -16.909086 24.324619 -7.338199 0.139915 0.162288 -1
1 -16.909086 18.184916 -7.338199 0.139915 0.201847 -1
1 -1.517221 11.887274 6.970188 0.223594 0.242423 -1
1 1.372773 11.887274 6.970188 0.239306 0.242423 -1
1 1.734024 12.367476 6.970188 0.241270 0.239329 -1
1 -1.878468 12.367476 6.970188 0.221631 0.239329 -1
1 1.372773 6.707968 6.970188 0.239306 0.275793 -1
1 1.734024 6.227774 6.970188 0.241270 0.278887 -1
1 -1.878468 6.227774 6.970188 0.221631 0.278887 -1
1 -1.517221 6.707968 6.970188 0.223594 0.275793 -1
1 -1.517221 11.887274 6.970188 0.138948 0.314822 -1
1 -1.517221 11.887274 6.433603 0.138948 0.317937 -1
1 1.372773 11.887274 6.433603 0.154660 0.317937 -1
1 1.372773 11.887274 6.970188 0.154660 0.314822 -1
1 1.734024 12.367476 6.970188 0.189617 0.311312 -1
1 1.734024 12.367476 5.970189 0.189617 0.305507 -1
1 -1.878468 12.367476 5.970189 0.169977 0.305507 -1
1 -1.878468 12.367476 6.970188 0.169977 0.311312 -1
1 1.372773 11.887274 6.970188 0.177118 0.247169 -1
1 1.372773 11.887274 6.433603 0.173469 0.247169 -1
1 1.372773 6.707968 6.433603 0.173469 0.280539 -1
1 1.372773 6.707968 6.970188 0.177118 0.280539 -1
1 1.734024 6.227774 6.970188 0.033794 0.282157 -1
1 1.734024 6.227774 5.970189 0.040595 0.282157 -1
1 1.734024 12.367476 5.970189 0.040595 0.242599 -1
1 1.734024 12.367476 6.970188 0.033794 0.242599 -1
1 -1.878468 6.227774 6.970188 0.136984 0.314822 -1
1 -1.878468 6.227774 5.970189 0.136984 0.320627 -1
1 1.734024 6.227774 5.970189 0.156624 0.320627 -1
1 1.734024 6.227774 6.970188 0.156624 0.314822 -1
1 1.372773 6.707968 6.970188 0.187653 0.311312 -1
1 1.372773 6.707968 6.433603 0.187653 0.308197 -1
1 -1.517221 6.707968 6.433603 0.171941 0.308197 -1
1 -1.517221 6.707968 6.970188 0.171941 0.311312 -1
1 -1.517221 6.707968 6.970188 0.033794 0.279063 -1
1 -1.517221 6.707968 6.433603 0.037443 0.279063 -1
1 -1.517221 11.887274 6.433603 0.037443 0.245693 -1
1 -1.517221 11.887274 6.970188 0.033794 0.245693 -1
1 -1.878468 12.367476 6.970188 0.177118 0.244075 -1
1 -1.878468 12.367476 5.970189 0.170318 0.244075 -1
1 -1.878468 6.227774 5.970189 0.170318 0.283633 -1
1 -1.878468 6.227774 6.970188 0.177118 0.283633 -1
1 -1.517221 23.987274 6.970188 0.223594 0.164462 -1
1 1.372773 23.987274 6.970188 0.239306 0.164462 -1
1 1.734024 24.467476 6.970188 0.241270 0.161368 -1
1 -1.878468 24.467476 6.970188 0.221631 0.161368 -1
1 1.372773 18.807968 6.970188 0.239306 0.197833 -1
1 1.734024 18.327774 6.970188 0.241270 0.200926 -1
1 -1.878468 18.327774 6.970188 0.221631 0.200926 -1
1 -1.517221 18.807968 6.970188 0.223594 0.197833 -1
1 -1.517221 23.987274 6.970188 0.138948 0.314822 -1
1 -1.517221 23.987274 6.433603 0.138948 0.317937 -1
1 1.372773 23.987274 6.433603 0.154660 0.317937 -1
1 1.372773 23.987274 6.970188 0.154660 0.314822 -1
1 1.734024 24.467476 6.970188 0.189617 0.311312 -1
1 1.734024 24.467476 5.970189 0.189617 0.305507 -1
1 -1.878468 24.467476 5.970189 0.169977 0.305507 -1
1 -1.878468 24.467476 6.970188 0.169977 0.311312 -1
1 1.372773 23.987274 6.970188 0.177118 0.169208 -1
1 1.372773 23.987274 6.433603 0.173469 0.169208 -1
1 1.372773 18.807968 6.433603 0.173469 0.202578 -1
1 1.372773 18.807968 6.970188 0.177118 0.202578 -1
1 1.734024 18.327774 6.970188 0.033794 0.204196 -1
1 1.734024 18.327774 5.970189 0.040595 0.204196 -1
1 1.734024 24.467476 5.970189 0.040595 0.164638 -1
1 1.734024 24.467476 6.970188 0.033794 0.164638 -1
1 -1.878468 18.327774 6.970188 0.136984 0.314822 -1
1 -1.878468 18.327774 5.970189 0.136984 0.320627 -1
1 1.734024 18.327774 5.970189 0.156624 0.320627 -1
1 1.734024 18.327774 6.970188 0.156624 0.314822 -1
1 1.372773 18.807968 6.970188 0.187653 0.311312 -1
1 1.372773 18.807968 6.433603 0.187653 0.308197 -1
1 -1.517221 18.807968 6.433603 0.171941 0.308197 -1
1 -1.517221 18.807968 6.970188 0.171941 0.311312 -1
1 -1.517221 18.807968 6.970188 0.033794 0.201103 -1
1 -1.517221 18.807968 6.433603 0.037443 0.201103 -1
1 -1.517221 23.987274 6.433603 0.037443 0.167732 -1
1 -1.517221 23.987274 6.970188 0.033794 0.167732 -1
1 -1.878468 24.467476 6.970188 0.177118 0.166114 -1
1 -1.878468 24.467476 5.970189 0.170318 0.166114 -1
1 -1.878468 18.327774 5.970189 0.170318 0.205672 -1
1 -1.878468 18.327774 6.970188 0.177118 0.205672 -1
93
0.000000 -1.000000 0.000000
0.000000 1.000000 0.000000
0.000000 -0.000014 1.000000
0.000000 -0.000014 1.000000
1.000000 0.000025 0.000000
-1.000000 0.000021 0.000000
0.000000 0.176567 0.984289
0.000000 0.000011 1.000000
0.000000 0.353123 0.935577
0.000000 -0.000004 -1.000000
1.000000 -0.000006 0.000000
-0.029003 0.997158 0.069526
-0.058005 0.997711 0.034763
0.000000 0.994569 0.104076
0.000000 0.994569 0.104076
0.247321 -0.968934 0.000000
0.247321 -0.968934 0.000000
-0.057997 0.997780 -0.032734
-0.028999 0.997433 -0.065468
0.000000 0.512758 0.858534
0.000000 0.512758 0.858533
0.021645 0.997621 -0.065444
0.043291 0.998527 -0.032722
0.064836 0.997896 0.000000
0.000000 0.000000 1.000000
-0.184879 0.982761 0.000000
-0.369763 0.929126 0.000003
1.000000 0.000000 0.000000
0.184885 -0.982760 0.000000
0.369767 -0.929125 -0.000002
0.535172 -0.844743 -0.000002
0.535169 -0.844745 -0.000004
-0.535167 0.844746 0.000004
-0.535173 0.844742 0.000009
-0.819781 0.572677 0.000003
-0.819783 0.572674 0.000006
-0.848905 0.528545 0.000002
-0.875727 0.482807 0.000000
0.848905 -0.528546 -0.000001
0.875728 -0.482805 0.000000
0.819781 -0.572677 -0.000001
0.819780 -0.572679 -0.000003
-0.954803 0.297241 0.000000
-0.988894 0.148620 0.000000
0.900023 -0.435843 0.000000
-1.000000 0.000000 0.000000
0.184884 0.982760 0.000000
0.369763 0.929126 0.000003
-0.184882 -0.982761 0.000000
-0.369766 -0.929125 -0.000002
-0.535171 -0.844744 -0.000002
-0.535174 -0.844742 -0.000004
0.535166 0.844747 0.000004
0.535160 0.844751 0.000009
0.848905 0.528545 0.000002
0.875728 0.482805 0.000000
0.819782 0.572676 0.000003
0.819780 0.572679 0.000006
-0.819781 -0.572677 -0.000001
-0.819782 -0.572675 -0.000003
-0.848905 -0.528545 -0.000001
-0.875727 -0.482806 0.000000
0.954803 0.297241 0.000000
0.988894 0.148620 0.000000
-0.900023 -0.435842 0.000000
-0.929975 0.150115 0.335578
0.000000 0.872927 0.487850
0.000000 0.872927 0.487850
0.929974 0.150115 0.335578
1.000000 0.000000 -0.000000
0.975776 0.000000 0.218771
0.607726 0.000000 0.794147
-0.607726 0.000000 0.794147
-0.975776 0.000000 0.218771
-1.000000 0.000000 -0.000000
-0.975776 0.000000 -0.218772
-0.607725 0.000000 -0.794148
0.000000 0.000000 -1.000000
0.607725 0.000000 -0.794148
0.975776 0.000000 -0.218772
1.000000 0.000000 -0.000000
1.000000 0.000000 -0.000000
0.975776 0.000000 0.218773
-0.000002 0.000000 1.000000
-0.000002 0.000000 1.000000
-0.607729 0.000000 0.794144
-0.975776 0.000000 0.218773
-1.000000 0.000000 -0.000000
-1.000000 0.000000 -0.000000
-0.975776 0.000000 -0.218773
-0.607728 0.000000 -0.794145
-0.000002 0.000000 -1.000000
0.975776 0.000000 -0.218773
470
1 0 1 2 0 0 0 2
1 0 2 3 0 0 0 2
1 4 5 6 1 1 1 2
1 4 6 7 1 1 1 2
1 8 9 1 0 0 0 2
1 8 1 0 0 0 0 2
1 10 11 12 0 0 0 2
1 10 12 13 0 0 0 2
1 14 15 9 0 0 0 2
1 14 9 8 0 0 0 2
1 13 12 15 0 0 0 2
1 13 15 14 0 0 0 2
1 16 17 18 2 3 2 2
1 16 18 19 2 2 2 2
1 20 21 22 4 4 4 2
1 20 22 23 4 4 4 2
1 24 25 26 5 5 5 2
1 24 26 27 5 5 5 2
1 28 29 30 6 7 7 2
1 28 30 31 6 7 8 2
1 32 33 34 9 9 9 2
1 32 34 35 9 9 9 2
1 36 37 38 10 10 10 2
1 36 38 39 10 10 10 2
1 40 41 42 11 12 13 2
1 40 42 43 11 13 14 2
1 44 45 46 15 16 15 2
1 44 46 47 15 15 15 2
1 48 49 41 17 18 12 2
1 48 41 40 17 12 11 2
1 50 28 31 19 6 8 2
1 50 31 51 19 8 20 2
1 52 53 49 21 22 18 2
1 52 49 48 21 18 17 2
1 54 55 53 23 23 22 2
1 54 53 52 23 22 21 2
1 56 57 58 24 24 24 1
1 59 58 57 24 24 24 1
1 60 59 61 24 24 24 1
1 57 61 59 24 24 24 1
1 60 61 62 24 24 24 1
1 62 63 60 24 24 24 1
1 63 62 64 24 24 24 1
1 65 63 64 24 24 24 1
1 58 66 56 24 24 24 1
1 66 58 67 24 24 24 1
1 68 67 69 24 24 24 1
1 67 68 66 24 24 24 1
1 70 68 69 24 24 24 1
1 69 71 70 24 24 24 1
1 72 70 71 24 24 24 1
1 72 71 73 24 24 24 1
1 74 75 76 1 1 25 2
1 74 76 77 1 25 26 2
1 78 79 80 27 27 27 2
1 78 80 81 27 27 27 2
1 82 83 84 28 29 0 2
1 82 84 85 28 0 0 2
1 86 87 83 30 31 29 2
1 86 83 82 30 29 28 2
1 77 76 88 26 25 32 2
1 77 88 89 26 32 33 2
1 90 91 92 34 35 36 2
1 90 92 93 34 36 37 2
1 94 95 96 38 39 40 2
1 94 96 97 38 40 41 2
1 93 92 98 37 36 42 2
1 93 98 99 37 42 43 2
1 100 101 95 44 44 39 2
1 100 95 94 44 39 38 2
1 99 98 102 43 42 45 2
1 99 102 103 43 45 45 2
1 104 105 75 46 47 1 2
1 104 75 74 46 1 1 2
1 106 107 108 45 45 45 2
1 106 108 109 45 45 45 2
1 85 84 110 0 0 48 2
1 85 110 111 0 48 49 2
1 111 110 112 49 48 50 2
1 111 112 113 49 50 51 2
1 114 115 105 52 53 47 2
1 114 105 104 52 47 46 2
1 116 117 118 54 55 56 2
1 116 118 119 54 56 57 2
1 120 121 122 58 59 60 2
1 120 122 123 58 60 61 2
1 124 125 117 62 63 55 2
1 124 117 116 62 55 54 2
1 123 122 126 61 60 64 2
1 123 126 127 61 64 64 2
1 128 129 125 27 27 63 2
1 128 125 124 27 63 62 2
1 130 131 132 24 24 24 1
1 133 134 135 65 65 65 1
1 136 137 138 66 66 66 1
1 136 138 139 66 66 67 1
1 140 141 142 24 24 24 1
1 143 144 145 68 68 68 1
1 146 147 148 1 1 1 2
1 146 148 149 1 1 1 2
1 150 151 152 45 45 45 2
1 150 152 153 45 45 45 2
1 154 155 156 27 27 27 2
1 154 156 157 27 27 27 2
1 158 159 160 1 1 1 2
1 158 160 161 1 1 1 2
1 162 163 164 0 0 0 2
1 162 164 165 0 0 0 2
1 166 167 168 27 27 27 2
1 166 168 169 27 27 27 2
1 170 171 172 1 1 1 2
1 170 172 173 1 1 1 2
1 174 175 176 45 45 45 2
1 174 176 177 45 45 45 2
1 178 146 149 1 1 1 2
1 178 149 179 1 1 1 2
1 180 150 153 45 45 45 2
1 180 153 134 45 45 45 2
1 181 154 157 27 27 27 2
1 181 157 182 27 27 27 2
1 137 158 161 1 1 1 2
1 137 161 138 1 1 1 2
1 183 162 165 0 0 0 2
1 183 165 184 0 0 0 2
1 145 166 169 27 27 27 2
1 145 169 185 27 27 27 2
1 186 170 173 1 1 1 2
1 186 173 187 1 1 1 2
1 188 174 177 45 45 45 2
1 188 177 189 45 45 45 2
1 190 191 192 69 69 70 1
1 191 193 192 69 70 70 1
1 194 195 196 71 71 24 1
1 194 196 197 71 24 24 1
1 197 196 198 24 24 72 1
1 196 199 198 24 72 72 1
1 200 201 202 73 73 74 1
1 200 202 203 73 74 74 1
1 203 202 204 74 74 75 1
1 202 205 204 74 75 75 1
1 206 207 208 76 76 77 1
1 206 208 209 76 77 77 1
1 209 208 210 77 77 78 1
1 208 211 210 77 78 78 1
1 212 213 191 79 79 69 1
1 212 191 190 79 69 69 1
1 214 215 216 80 81 82 1
1 215 217 216 81 82 82 1
1 218 219 220 71 71 83 1
1 218 220 221 71 83 84 1
1 221 220 222 84 83 85 1
1 220 223 222 83 85 85 1
1 224 225 226 86 86 87 1
1 224 226 227 86 87 88 1
1 227 226 228 88 87 89 1
1 226 229 228 87 89 89 1
1 230 231 232 90 90 91 1
1 230 232 233 90 91 91 1
1 233 232 234 91 91 78 1
1 232 235 234 91 78 78 1
1 236 237 215 92 92 81 1
1 236 215 214 92 81 80 1
1 238 239 240 24 24 24 1
1 239 241 240 24 24 24 1
1 242 243 244 27 27 27 2
1 243 245 244 27 27 27 2
1 246 247 248 45 45 45 2
1 247 249 248 45 45 45 2
1 250 251 252 1 1 1 3
1 251 253 252 1 1 1 3
1 254 255 256 0 0 0 3
1 255 257 256 0 0 0 3
1 258 259 260 24 24 24 1
1 259 261 260 24 24 24 1
1 262 263 264 27 27 27 2
1 263 265 264 27 27 27 2
1 266 267 268 45 45 45 2
1 267 269 268 45 45 45 2
1 270 271 272 1 1 1 3
1 271 273 272 1 1 1 3
1 274 275 276 0 0 0 3
1 275 277 276 0 0 0 3
1 278 279 280 24 24 24 1
1 280 281 278 24 24 24 1
1 280 279 282 24 24 24 1
1 282 283 280 24 24 24 1
1 284 283 282 24 24 24 1
1 282 285 284 24 24 24 1
1 284 285 278 24 24 24 1
1 281 284 278 24 24 24 1
1 286 287 288 0 0 0 2
1 286 288 289 0 0 0 2
1 290 291 292 1 1 1 2
1 290 292 293 1 1 1 2
1 294 295 296 45 45 45 2
1 294 296 297 45 45 45 2
1 298 299 300 27 27 27 2
1 298 300 301 27 27 27 2
1 302 303 304 0 0 0 2
1 302 304 305 0 0 0 2
1 306 307 308 1 1 1 2
1 306 308 309 1 1 1 2
1 310 311 312 27 27 27 2
1 310 312 313 27 27 27 2
1 314 315 316 45 45 45 2
1 314 316 317 45 45 45 2
1 318 319 320 24 24 24 1
1 320 321 318 24 24 24 1
1 320 319 322 24 24 24 1
1 322 323 320 24 24 24 1
1 324 323 322 24 24 24 1
1 322 325 324 24 24 24 1
1 324 325 318 24 24 24 1
1 321 324 318 24 24 24 1
1 326 327 328 0 0 0 2
1 326 328 329 0 0 0 2
1 330 331 332 1 1 1 2
1 330 332 333 1 1 1 2
1 334 335 336 45 45 45 2
1 334 336 337 45 45 45 2
1 338 339 340 27 27 27 2
1 338 340 341 27 27 27 2
1 342 343 344 0 0 0 2
1 342 344 345 0 0 0 2
1 346 347 348 1 1 1 2
1 346 348 349 1 1 1 2
1 350 351 352 27 27 27 2
1 350 352 353 27 27 27 2
1 354 355 356 45 45 45 2
1 354 356 357 45 45 45 2
1 358 359 360 24 24 24 1
1 360 361 358 24 24 24 1
1 360 359 362 24 24 24 1
1 362 363 360 24 24 24 1
1 364 363 362 24 24 24 1
1 362 365 364 24 24 24 1
1 364 365 358 24 24 24 1
1 361 364 358 24 24 24 1
1 366 367 368 0 0 0 2
1 366 368 369 0 0 0 2
1 370 371 372 1 1 1 2
1 370 372 373 1 1 1 2
1 374 375 376 45 45 45 2
1 374 376 377 45 45 45 2
1 378 379 380 27 27 27 2
1 378 380 381 27 27 27 2
1 382 383 384 0 0 0 2
1 382 384 385 0 0 0 2
1 386 387 388 1 1 1 2
1 386 388 389 1 1 1 2
1 390 391 392 27 27 27 2
1 390 392 393 27 27 27 2
1 394 395 396 45 45 45 2
1 394 396 397 45 45 45 2
1 398 399 400 27 27 27 1
1 400 401 398 27 27 27 1
1 400 399 402 27 27 27 1
1 402 403 400 27 27 27 1
1 404 403 402 27 27 27 1
1 402 405 404 27 27 27 1
1 404 405 398 27 27 27 1
1 401 404 398 27 27 27 1
1 406 407 408 0 0 0 2
1 406 408 409 0 0 0 2
1 410 411 412 1 1 1 2
1 410 412 413 1 1 1 2
1 414 415 416 24 24 24 2
1 414 416 417 24 24 24 2
1 418 419 420 77 77 77 2
1 418 420 421 77 77 77 2
1 422 423 424 0 0 0 2
1 422 424 425 0 0 0 2
1 426 427 428 1 1 1 2
1 426 428 429 1 1 1 2
1 430 431 432 77 77 77 2
1 430 432 433 77 77 77 2
1 434 435 436 24 24 24 2
1 434 436 437 24 24 24 2
1 438 439 440 27 27 27 1
1 440 441 438 27 27 27 1
1 440 439 442 27 27 27 1
1 442 443 440 27 27 27 1
1 444 443 442 27 27 27 1
1 442 445 444 27 27 27 1
1 444 445 438 27 27 27 1
1 441 444 438 27 27 27 1
1 446 447 448 0 0 0 2
1 446 448 449 0 0 0 2
1 450 451 452 1 1 1 2
1 450 452 453 1 1 1 2
1 454 455 456 24 24 24 2
1 454 456 457 24 24 24 2
1 458 459 460 77 77 77 2
1 458 460 461 77 77 77 2
1 462 463 464 0 0 0 2
1 462 464 465 0 0 0 2
1 466 467 468 1 1 1 2
1 466 468 469 1 1 1 2
1 470 471 472 77 77 77 2
1 470 472 473 77 77 77 2
1 474 475 476 24 24 24 2
1 474 476 477 24 24 24 2
1 478 479 480 24 24 24 1
1 480 481 478 24 24 24 1
1 480 479 482 24 24 24 1
1 482 483 480 24 24 24 1
1 484 483 482 24 24 24 1
1 482 485 484 24 24 24 1
1 484 485 478 24 24 24 1
1 481 484 478 24 24 24 1
1 486 487 488 0 0 0 2
1 486 488 489 0 0 0 2
1 490 491 492 1 1 1 2
1 490 492 493 1 1 1 2
1 494 495 496 45 45 45 2
1 494 496 497 45 45 45 2
1 498 499 500 27 27 27 2
1 498 500 501 27 27 27 2
1 502 503 504 0 0 0 2
1 502 504 505 0 0 0 2
1 506 507 508 1 1 1 2
1 506 508 509 1 1 1 2
1 510 511 512 27 27 27 2
1 510 512 513 27 27 27 2
1 514 515 516 45 45 45 2
1 514 516 517 45 45 45 2
1 518 519 520 45 45 45 1
1 520 521 518 45 45 45 1
1 522 519 518 45 45 45 1
1 518 523 522 45 45 45 1
1 522 523 524 45 45 45 1
1 524 525 522 45 45 45 1
1 520 525 524 45 45 45 1
1 520 524 521 45 45 45 1
1 526 527 528 0 0 0 2
1 529 526 528 0 0 0 2
1 530 531 532 1 1 1 2
1 533 530 532 1 1 1 2
1 534 535 536 24 24 24 2
1 537 534 536 24 24 24 2
1 538 539 540 77 77 77 2
1 541 538 540 77 77 77 2
1 542 543 544 0 0 0 2
1 545 542 544 0 0 0 2
1 546 547 548 1 1 1 2
1 549 546 548 1 1 1 2
1 550 551 552 77 77 77 2
1 553 550 552 77 77 77 2
1 554 555 556 24 24 24 2
1 557 554 556 24 24 24 2
1 558 559 560 45 45 45 1
1 560 561 558 45 45 45 1
1 562 559 558 45 45 45 1
1 558 563 562 45 45 45 1
1 562 563 564 45 45 45 1
1 564 565 562 45 45 45 1
1 560 565 564 45 45 45 1
1 560 564 561 45 45 45 1
1 566 567 568 0 0 0 2
1 569 566 568 0 0 0 2
1 570 571 572 1 1 1 2
1 573 570 572 1 1 1 2
1 574 575 576 24 24 24 2
1 577 574 576 24 24 24 2
1 578 579 580 77 77 77 2
1 581 578 580 77 77 77 2
1 582 583 584 0 0 0 2
1 585 582 584 0 0 0 2
1 586 587 588 1 1 1 2
1 589 586 588 1 1 1 2
1 590 591 592 77 77 77 2
1 593 590 592 77 77 77 2
1 594 595 596 24 24 24 2
1 597 594 596 24 24 24 2
1 598 599 600 45 45 45 1
1 600 601 598 45 45 45 1
1 602 599 598 45 45 45 1
1 598 603 602 45 45 45 1
1 602 603 604 45 45 45 1
1 604 605 602 45 45 45 1
1 600 605 604 45 45 45 1
1 600 604 601 45 45 45 1
1 606 607 608 0 0 0 2
1 609 606 608 0 0 0 2
1 610 611 612 1 1 1 2
1 613 610 612 1 1 1 2
1 614 615 616 24 24 24 2
1 617 614 616 24 24 24 2
1 618 619 620 77 77 77 2
1 621 618 620 77 77 77 2
1 622 623 624 0 0 0 2
1 625 622 624 0 0 0 2
1 626 627 628 1 1 1 2
1 629 626 628 1 1 1 2
1 630 631 632 77 77 77 2
1 633 630 632 77 77 77 2
1 634 635 636 24 24 24 2
1 637 634 636 24 24 24 2
1 638 639 640 45 45 45 1
1 640 641 638 45 45 45 1
1 642 639 638 45 45 45 1
1 638 643 642 45 45 45 1
1 642 643 644 45 45 45 1
1 644 645 642 45 45 45 1
1 640 645 644 45 45 45 1
1 640 644 641 45 45 45 1
1 646 647 648 0 0 0 2
1 649 646 648 0 0 0 2
1 650 651 652 1 1 1 2
1 653 650 652 1 1 1 2
1 654 655 656 24 24 24 2
1 657 654 656 24 24 24 2
1 658 659 660 77 77 77 2
1 661 658 660 77 77 77 2
1 662 663 664 0 0 0 2
1 665 662 664 0 0 0 2
1 666 667 668 1 1 1 2
1 669 666 668 1 1 1 2
1 670 671 672 77 77 77 2
1 673 670 672 77 77 77 2
1 674 675 676 24 24 24 2
1 677 674 676 24 24 24 2
1 678 679 680 24 24 24 1
1 680 681 678 24 24 24 1
1 680 679 682 24 24 24 1
1 682 683 680 24 24 24 1
1 684 683 682 24 24 24 1
1 682 685 684 24 24 24 1
1 684 685 678 24 24 24 1
1 681 684 678 24 24 24 1
1 686 687 688 0 0 0 2
1 686 688 689 0 0 0 2
1 690 691 692 1 1 1 2
1 690 692 693 1 1 1 2
1 694 695 696 45 45 45 2
1 694 696 697 45 45 45 2
1 698 699 700 27 27 27 2
1 698 700 701 27 27 27 2
1 702 703 704 0 0 0 2
1 702 704 705 0 0 0 2
1 706 707 708 1 1 1 2
1 706 708 709 1 1 1 2
1 710 711 712 27 27 27 2
1 710 712 713 27 27 27 2
1 714 715 716 45 45 45 2
1 714 716 717 45 45 45 2
1 718 719 720 24 24 24 1
1 720 721 718 24 24 24 1
1 720 719 722 24 24 24 1
1 722 723 720 24 24 24 1
1 724 723 722 24 24 24 1
1 722 725 724 24 24 24 1
1 724 725 718 24 24 24 1
1 721 724 718 24 24 24 1
1 726 727 728 0 0 0 2
1 726 728 729 0 0 0 2
1 730 731 732 1 1 1 2
1 730 732 733 1 1 1 2
1 734 735 736 45 45 45 2
1 734 736 737 45 45 45 2
1 738 739 740 27 27 27 2
1 738 740 741 27 27 27 2
1 742 743 744 0 0 0 2
1 742 744 745 0 0 0 2
1 746 747 748 1 1 1 2
1 746 748 749 1 1 1 2
1 750 751 752 27 27 27 2
1 750 752 753 27 27 27 2
1 754 755 756 45 45 45 2
1 754 756 757 45 45 45 2
"1_Blz_Top" 1 0
27
1 -5.400004 35.000000 6.014273 0.442260 0.718379 -1
1 -15.698975 27.100000 6.192993 0.340197 0.794843 -1
1 5.869449 27.100000 6.192993 0.553942 0.794843 -1
1 -5.400004 35.000000 6.014273 0.442834 0.643813 -1
1 -5.399997 35.000000 -16.199999 0.442834 0.565828 -1
1 -15.698975 27.100000 -16.205078 0.340770 0.565811 -1
1 -15.698975 27.100000 6.192993 0.340770 0.644441 -1
1 -15.698975 27.100000 6.192993 0.340072 0.566034 -1
1 -15.698975 27.100000 -16.205078 0.340072 0.644664 -1
1 5.833332 27.120836 -16.199999 0.553459 0.644646 -1
1 5.869449 27.100000 6.192993 0.553817 0.566034 -1
1 5.869449 27.100000 6.192993 0.554515 0.644441 -1
1 5.833332 27.120836 -16.199999 0.554157 0.565828 -1
1 15.596191 27.100000 -3.987976 0.354928 0.794765 -1
1 15.596191 27.100000 -16.205078 0.524094 0.794765 -1
1 15.571412 34.949463 -10.262695 0.441812 0.718791 -1
1 15.596191 27.100000 -3.987976 0.650210 0.601775 -1
1 5.869449 27.100000 -3.987976 0.553817 0.601775 -1
1 15.596191 27.100000 -16.205078 0.650210 0.644664 -1
1 15.596191 27.100000 -16.205078 0.442133 0.794765 -1
1 5.833332 27.120836 -16.199999 0.538884 0.794563 -1
1 -5.361897 34.949406 -10.262721 0.649829 0.718791 -1
1 15.571412 34.949463 -10.262695 0.442378 0.718791 -1
1 15.571412 34.949463 -10.262695 0.650089 0.718869 -1
1 -5.361897 34.949406 -10.262721 0.442638 0.718869 -1
1 5.869449 27.100000 -3.987976 0.553942 0.794843 -1
1 15.596191 27.100000 -3.987976 0.650335 0.794843 -1
21
0.000000 0.022617 0.999744
-0.258305 0.966064 -0.000000
0.216702 0.976238 -0.000066
-0.608631 0.793453 -0.000000
-0.608631 0.793453 0.000000
0.000484 -1.000000 -0.000465
0.000968 -1.000000 0.000000
-0.000292 -1.000000 -0.000659
0.000000 -1.000000 -0.000930
0.574127 0.818766 -0.000082
0.574237 0.818689 -0.000164
0.999995 0.003157 0.000000
-0.001067 -0.999999 -0.000853
0.000000 -0.999999 -0.001706
-0.002134 -0.999998 0.000000
0.000438 0.604333 -0.796732
0.000877 0.605076 -0.796167
-0.000001 0.603588 -0.797296
-0.000001 0.624402 0.781103
-0.000003 0.624403 0.781103
0.000000 0.624401 0.781104
14
1 0 1 2 0 0 0 1
1 3 4 5 1 2 3 2
1 3 5 6 1 3 4 2
1 7 8 9 5 6 7 2
1 7 9 10 5 7 8 2
1 11 12 4 9 10 2 2
1 11 4 3 9 2 1 2
1 13 14 15 11 11 11 1
1 16 17 9 12 13 7 2
1 16 9 18 12 7 14 2
1 19 20 21 15 16 15 2
1 19 21 22 15 15 17 2
1 23 24 25 18 19 18 2
1 23 25 26 18 18 20 2

Materials: 1
"Blz"
0.200000 0.200000 0.200000 1.000000
0.800000 0.800000 0.800000 1.000000
0.000000 0.000000 0.000000 1.000000
0.000000 0.000000 0.000000 1.000000
0.000000
1.000000
"..\Image\House1.tga"
""

Bones: 0
GroupComments: 0
MaterialComments: 0
BoneComments: 0
ModelComment: 0
