// MilkShape 3D ASCII

Frames: 30
Frame: 1

Meshes: 1
"1_Blz" 0 0
25
1 3.000001 35.000000 -16.000000 0.000000 4.000000 -1
1 3.000001 0.000000 -16.000000 0.000000 0.000000 -1
1 1.000001 0.000000 -15.000000 0.125000 0.000000 -1
1 0.500001 0.000000 -14.000000 0.250000 0.000000 -1
1 1.000001 17.500000 -15.000000 0.125000 2.000000 -1
1 1.000001 35.000000 -15.000000 0.125000 4.000000 -1
1 0.000001 35.000000 -13.000000 0.375000 4.000000 -1
1 0.500001 35.000000 -14.000000 0.250000 4.000000 -1
1 0.000001 17.500000 -13.000000 0.375000 2.000000 -1
1 0.007603 17.500000 0.004019 2.000000 2.000000 -1
1 13.007604 0.000000 0.004019 3.625000 0.000000 -1
1 13.007604 17.500000 0.004019 3.625000 2.000000 -1
1 15.007602 35.000000 -0.995981 3.875000 4.000000 -1
1 14.007602 35.000000 -0.495981 3.750000 4.000000 -1
1 14.007602 17.500000 -0.495981 3.750000 2.000000 -1
1 14.007604 0.000000 -0.495981 3.750000 0.000000 -1
1 16.007603 35.000000 -2.995981 4.000000 4.000000 -1
1 15.007604 0.000000 -0.995981 3.875000 0.000000 -1
1 16.007603 0.000000 -2.995981 4.000000 0.000000 -1
1 0.500001 17.500000 -14.000000 0.250000 2.000000 -1
1 0.000001 0.000000 -13.000000 0.375000 0.000000 -1
1 0.007603 0.000000 0.004019 2.000000 0.000000 -1
1 0.007603 35.000000 0.004019 2.000000 4.000000 -1
1 13.007604 35.000000 0.004019 3.625000 4.000000 -1
1 15.007602 17.500000 -0.995981 3.875000 2.000000 -1
22
-0.447214 0.000000 -0.894427
-0.624695 0.000000 -0.780869
-0.894427 0.000000 -0.447214
-0.780869 0.000000 -0.624695
-0.988333 0.000000 -0.152307
-0.894427 0.000000 -0.447214
-0.973316 0.000000 -0.229468
-0.706900 0.000000 0.707313
0.229753 0.000000 0.973249
0.229753 0.000000 0.973249
0.624695 0.000000 0.780869
0.447214 0.000000 0.894427
0.447214 0.000000 0.894427
0.447214 0.000000 0.894427
0.894427 0.000000 0.447214
0.780869 0.000000 0.624695
0.894427 0.000000 0.447213
-0.952284 0.000000 -0.305212
-0.894218 0.000000 0.447632
-0.447109 0.000000 0.894480
0.229753 0.000000 0.973249
0.447214 0.000000 0.894427
56
1 0 1 2 0 0 1 1
1 2 3 4 1 2 2 1
1 5 0 2 3 0 1 1
1 6 7 8 4 5 6 1
1 6 8 9 4 6 7 1
1 10 11 9 8 9 7 1
1 12 13 14 10 11 12 1
1 10 15 14 8 13 12 1
1 16 12 17 14 10 15 1
1 17 18 16 15 16 14 1
1 0 1 2 0 0 1 1
1 2 3 4 1 2 2 1
1 5 0 2 3 0 1 1
1 6 7 8 4 5 6 1
1 6 8 9 4 6 7 1
1 10 11 9 8 9 7 1
1 12 13 14 10 11 12 1
1 10 15 14 8 13 12 1
1 16 12 17 14 10 15 1
1 17 18 16 15 16 14 1
1 5 4 19 3 2 5 1
1 20 19 3 17 5 2 1
1 3 19 4 2 5 2 1
1 20 8 19 17 6 5 1
1 5 19 7 3 5 5 1
1 7 19 8 5 5 6 1
1 10 9 21 8 7 18 1
1 20 21 8 17 18 6 1
1 8 21 9 6 18 7 1
1 6 9 22 4 7 19 1
1 23 22 11 20 19 9 1
1 11 22 9 9 19 7 1
1 10 14 11 8 12 9 1
1 23 11 13 20 9 11 1
1 13 11 14 11 9 12 1
1 12 14 24 10 12 21 1
1 17 24 15 15 21 13 1
1 15 24 14 13 21 12 1
1 5 4 19 3 2 5 1
1 20 19 3 17 5 2 1
1 3 19 4 2 5 2 1
1 20 8 19 17 6 5 1
1 5 19 7 3 5 5 1
1 7 19 8 5 5 6 1
1 10 9 21 8 7 18 1
1 20 21 8 17 18 6 1
1 8 21 9 6 18 7 1
1 6 9 22 4 7 19 1
1 23 22 11 20 19 9 1
1 11 22 9 9 19 7 1
1 10 14 11 8 12 9 1
1 23 11 13 20 9 11 1
1 13 11 14 11 9 12 1
1 12 14 24 10 12 21 1
1 17 24 15 15 21 13 1
1 15 24 14 13 21 12 1

Materials: 1
"Blz"
0.200000 0.200000 0.200000 1.000000
0.800000 0.800000 0.800000 1.000000
0.000000 0.000000 0.000000 1.000000
0.000000 0.000000 0.000000 1.000000
0.000000
1.000000
"..\Image\brick01.tga"
""

Bones: 0
GroupComments: 0
MaterialComments: 0
BoneComments: 0
ModelComment: 0
