// MilkShape 3D ASCII

Frames: 52
Frame: 1

Meshes: 3
"Bottom" 0 0
34
0 92.923401 -20.177502 -0.000001 0.650793 0.241156 -1
0 51.410912 -20.177502 71.901756 0.604727 0.139284 -1
0 9.898411 -20.177502 -0.000001 0.558660 0.241156 -1
0 80.958771 37.822498 0.000001 0.651824 0.241245 -1
0 9.898411 55.822495 0.000001 0.559691 0.241245 -1
0 33.723244 53.822495 61.540062 0.605758 0.343117 -1
0 92.923401 -20.177502 -0.000001 0.199494 0.539369 -1
0 80.958771 37.822498 0.000001 0.199494 0.393385 -1
0 51.410912 -20.177502 71.901756 0.018642 0.539369 -1
0 33.723244 53.822495 61.540062 0.018642 0.393385 -1
0 -31.614086 -20.177502 71.901756 0.512594 0.139284 -1
0 -13.926422 53.822495 61.540062 0.513625 0.343117 -1
0 51.410912 -20.177502 71.901756 0.420227 0.539433 -1
0 33.723244 53.822495 61.540062 0.420227 0.393448 -1
0 -13.926422 53.822495 61.540062 0.239375 0.393448 -1
0 -31.614086 -20.177502 71.901756 0.239375 0.539433 -1
0 -73.126587 -20.177502 -0.000001 0.466527 0.241156 -1
0 -61.161945 37.822498 0.000001 0.467558 0.241245 -1
0 -31.614086 -20.177502 71.901756 0.381359 0.539433 -1
0 -13.926422 53.822495 61.540062 0.381359 0.393448 -1
0 -73.126587 -20.177502 -0.000001 0.200506 0.539433 -1
0 -61.161945 37.822498 0.000001 0.200506 0.393448 -1
0 -31.614086 -20.177502 -71.901756 0.512594 0.343028 -1
0 -13.926422 53.822495 -61.540062 0.513625 0.139373 -1
0 -13.926422 53.822495 -61.540062 0.019654 0.393448 -1
0 -31.614086 -20.177502 -71.901756 0.019654 0.539433 -1
0 51.410912 -20.177502 -71.901756 0.604727 0.343028 -1
0 33.723244 53.822495 -61.540062 0.605758 0.139373 -1
0 -31.614086 -20.177502 -71.901756 0.421239 0.539369 -1
0 -13.926422 53.822495 -61.540062 0.421239 0.393385 -1
0 51.410912 -20.177502 -71.901756 0.240387 0.539369 -1
0 33.723244 53.822495 -61.540062 0.240387 0.393385 -1
0 51.410912 -20.177502 -71.901756 0.380347 0.539369 -1
0 33.723244 53.822495 -61.540062 0.380347 0.393385 -1
22
0.000000 -1.000000 0.000000
0.245550 0.969384 0.000000
-0.000000 1.000000 0.000000
0.123619 0.992207 -0.015612
0.979379 0.202033 0.000000
0.965879 0.258995 0.000000
0.826096 0.221513 0.518167
0.796809 0.266395 0.542336
-0.123619 0.992207 -0.015612
0.000000 0.138670 0.990339
-0.245550 0.969384 0.000000
-0.834596 0.266958 0.481854
-0.820632 0.216798 0.528737
-0.966830 0.255421 0.000000
-0.979379 0.202033 0.000000
-0.123619 0.992207 0.015612
-0.820632 0.216798 -0.528737
-0.834596 0.266958 -0.481854
0.123619 0.992207 0.015612
0.000000 0.138670 -0.990339
0.826096 0.221513 -0.518167
0.796809 0.266395 -0.542336
24
0 0 1 2 0 0 0 2
0 3 4 5 1 2 3 2
0 6 7 8 4 5 6 1
0 7 9 8 5 7 6 1
0 1 10 2 0 0 0 2
0 5 4 11 3 2 8 2
0 12 13 14 9 9 9 1
0 12 14 15 9 9 9 1
0 10 16 2 0 0 0 2
0 11 4 17 8 2 10 2
0 18 19 20 11 12 13 1
0 19 21 20 12 14 13 1
0 16 22 2 0 0 0 2
0 17 4 23 10 2 15 2
0 20 21 24 13 14 16 1
0 20 24 25 13 16 17 1
0 22 26 2 0 0 0 2
0 23 4 27 15 2 18 2
0 28 29 30 19 19 19 1
0 29 31 30 19 19 19 1
0 26 0 2 0 0 0 2
0 27 4 3 18 2 1 2
0 32 33 7 20 21 5 1
0 32 7 6 20 5 4 1
"Header" 0 0
53
0 65.699997 23.000008 0.000000 0.462806 0.092783 -1
0 49.092957 23.000008 40.092953 0.462806 0.092783 -1
0 9.000000 23.000008 0.000000 0.462806 0.092783 -1
0 4.103485 133.000000 -0.000000 0.462806 0.092783 -1
0 -21.377291 133.000000 -0.000000 0.462806 0.092783 -1
0 -5.702812 133.000000 23.674482 0.462806 0.092783 -1
0 65.699997 23.000008 0.000000 0.462806 0.415808 -1
0 64.000000 59.666672 0.000000 0.462806 0.308133 -1
0 49.092957 23.000008 40.092953 0.520499 0.415808 -1
0 45.547729 59.666672 44.547726 0.520499 0.308133 -1
0 47.000000 104.333336 0.000000 0.462806 0.200458 -1
0 28.547729 104.333336 44.547726 0.520499 0.200458 -1
0 -5.702812 133.000000 23.674482 0.520499 0.092783 -1
0 9.000000 23.000008 56.699997 0.462806 0.092783 -1
0 -21.377291 133.000000 33.480774 0.462806 0.092783 -1
0 1.000000 59.666672 51.046791 0.578191 0.308133 -1
0 9.000000 23.000008 56.699997 0.578191 0.415808 -1
0 -8.000000 96.333336 52.000000 0.578191 0.200458 -1
0 -21.377291 133.000000 33.480774 0.578191 0.092783 -1
0 -31.092953 23.000008 40.092953 0.462806 0.092783 -1
0 -25.919903 133.000000 23.674482 0.462806 0.092783 -1
0 -31.092953 23.000008 40.092953 0.635883 0.415808 -1
0 -35.547726 59.666672 44.547726 0.635883 0.308133 -1
0 -35.547726 96.333336 44.547726 0.635883 0.200458 -1
0 -25.919903 133.000000 23.674482 0.635883 0.092783 -1
0 -47.699997 23.000008 0.000000 0.462806 0.092783 -1
0 -35.726196 133.000000 -0.000000 0.462806 0.092783 -1
0 -46.000000 59.666672 0.000000 0.693576 0.308133 -1
0 -47.699997 23.000008 0.000000 0.693576 0.415808 -1
0 -45.000000 96.333336 0.000000 0.693576 0.200458 -1
0 -35.726196 133.000000 -0.000000 0.693576 0.092783 -1
0 -31.092953 23.000008 -40.092953 0.462806 0.092783 -1
0 -25.919903 133.000000 -23.674482 0.462806 0.092783 -1
0 -31.092953 23.000008 -40.092953 0.751268 0.415808 -1
0 -35.547726 59.666672 -44.547726 0.751268 0.308133 -1
0 -35.547726 96.333336 -44.547726 0.751268 0.200458 -1
0 -25.919903 133.000000 -23.674482 0.751268 0.092783 -1
0 9.000000 23.000008 -56.699997 0.462806 0.092783 -1
0 -21.377291 133.000000 -33.480774 0.462806 0.092783 -1
0 1.000000 59.666672 -51.046791 0.808960 0.308133 -1
0 9.000000 23.000008 -56.699997 0.808960 0.415808 -1
0 -8.000000 96.333336 -53.000000 0.808960 0.200458 -1
0 -21.377291 133.000000 -33.480774 0.808960 0.092783 -1
0 49.092957 23.000008 -40.092953 0.462806 0.092783 -1
0 -5.702812 133.000000 -23.674482 0.462806 0.092783 -1
0 49.092957 23.000008 -40.092953 0.866653 0.415808 -1
0 45.547729 59.666672 -44.547726 0.866653 0.308133 -1
0 28.547729 104.333336 -44.547726 0.866653 0.200458 -1
0 -5.702812 133.000000 -23.674482 0.866653 0.092783 -1
0 64.000000 59.666672 0.000000 0.924345 0.308133 -1
0 65.699997 23.000008 0.000000 0.924345 0.415808 -1
0 47.000000 104.333336 0.000000 0.924345 0.200458 -1
0 4.103485 133.000000 -0.000000 0.924345 0.092783 -1
38
0.000000 -1.000000 0.000000
0.000000 1.000000 0.000000
0.923033 0.042795 0.382333
0.907172 0.189316 0.375763
0.664487 0.056329 0.745174
0.605822 0.094178 0.790006
0.740294 0.598279 0.306640
0.523894 0.529961 0.666841
0.541470 0.810251 0.224284
0.444053 0.809784 0.383493
-0.017479 0.002917 0.999843
-0.004741 0.151366 0.988466
-0.061024 0.202402 0.977399
-0.190295 0.595390 0.780575
-0.696983 -0.052057 0.715196
-0.685004 -0.085129 0.723548
-0.763262 0.202914 0.613398
-0.829163 0.424663 0.363524
-0.999809 -0.019548 0.000000
-0.998927 0.046314 0.000000
-0.990553 0.137134 0.000000
-0.938448 0.345420 -0.000000
-0.696983 -0.052057 -0.715196
-0.685004 -0.085129 -0.723548
-0.769087 0.198451 -0.607554
-0.829163 0.424663 -0.363524
-0.017707 -0.003889 -0.999836
-0.004741 0.151366 -0.988466
-0.065658 0.199009 -0.977796
-0.194070 0.604004 -0.772992
0.664487 0.056329 -0.745174
0.605822 0.094178 -0.790006
0.529610 0.529471 -0.662702
0.444053 0.809784 -0.383493
0.907172 0.189316 -0.375763
0.923033 0.042795 -0.382333
0.740294 0.598279 -0.306640
0.541470 0.810251 -0.224284
64
0 0 1 2 0 0 0 2
0 3 4 5 1 1 1 2
0 6 7 8 2 3 4 1
0 7 9 8 3 5 4 1
0 7 10 11 3 6 7 1
0 7 11 9 3 7 5 1
0 10 3 11 6 8 7 1
0 3 12 11 8 9 7 1
0 1 13 2 0 0 0 2
0 5 4 14 1 1 1 2
0 8 9 15 4 5 10 1
0 8 15 16 4 10 11 1
0 9 11 15 5 7 10 1
0 11 17 15 7 12 10 1
0 11 12 18 7 9 13 1
0 11 18 17 7 13 12 1
0 13 19 2 0 0 0 2
0 14 4 20 1 1 1 2
0 16 15 21 11 10 14 1
0 15 22 21 10 15 14 1
0 15 17 23 10 12 16 1
0 15 23 22 10 16 15 1
0 17 18 23 12 13 16 1
0 18 24 23 13 17 16 1
0 19 25 2 0 0 0 2
0 20 4 26 1 1 1 2
0 21 22 27 14 15 18 1
0 21 27 28 14 18 19 1
0 22 23 27 15 16 18 1
0 23 29 27 16 20 18 1
0 23 24 30 16 17 21 1
0 23 30 29 16 21 20 1
0 25 31 2 0 0 0 2
0 26 4 32 1 1 1 2
0 28 27 33 19 18 22 1
0 27 34 33 18 23 22 1
0 27 29 35 18 20 24 1
0 27 35 34 18 24 23 1
0 29 30 35 20 21 24 1
0 30 36 35 21 25 24 1
0 31 37 2 0 0 0 2
0 32 4 38 1 1 1 2
0 33 34 39 22 23 26 1
0 33 39 40 22 26 27 1
0 34 35 39 23 24 26 1
0 35 41 39 24 28 26 1
0 35 36 42 24 25 29 1
0 35 42 41 24 29 28 1
0 37 43 2 0 0 0 2
0 38 4 44 1 1 1 2
0 40 39 45 27 26 30 1
0 39 46 45 26 31 30 1
0 39 41 47 26 28 32 1
0 39 47 46 26 32 31 1
0 41 42 47 28 29 32 1
0 42 48 47 29 33 32 1
0 43 0 2 0 0 0 2
0 44 4 3 1 1 1 2
0 45 46 49 30 31 34 1
0 45 49 50 30 34 35 1
0 46 47 49 31 32 34 1
0 47 51 49 32 36 34 1
0 47 48 52 32 33 37 1
0 47 52 51 32 37 36 1
"Stick1" 1 0
42
1 36.122711 77.322495 -0.000002 0.358449 0.876102 -1
1 36.122711 74.686462 -5.154810 0.337523 0.884735 -1
1 36.122711 68.322495 -0.000002 0.358449 0.905579 -1
1 130.422699 77.322495 -0.000011 0.358222 0.876382 -1
1 106.932693 68.322495 -0.000011 0.358222 0.905858 -1
1 130.422699 74.686462 -5.154819 0.379149 0.885015 -1
1 36.122711 77.322495 -0.000002 0.003896 0.169092 -1
1 130.422699 77.322495 -0.000011 0.436803 0.169091 -1
1 36.122711 74.686462 -5.154810 0.003896 0.082389 -1
1 130.422699 74.686462 -5.154819 0.436803 0.082389 -1
1 36.122711 68.322495 -7.290001 0.328855 0.905579 -1
1 130.422699 68.322495 -7.290011 0.387817 0.905858 -1
1 36.122711 74.686462 -5.154810 0.436126 0.084242 -1
1 130.422699 74.686462 -5.154819 0.003220 0.084242 -1
1 130.422699 68.322495 -7.290011 0.003220 0.170945 -1
1 36.122711 68.322495 -7.290001 0.436126 0.170945 -1
1 36.122711 61.958527 -5.154810 0.337523 0.926422 -1
1 130.422699 61.958527 -5.154819 0.379149 0.926702 -1
1 36.122711 61.958527 -5.154810 0.436126 0.257647 -1
1 130.422699 61.958527 -5.154819 0.003220 0.257647 -1
1 36.122711 59.322495 -0.000002 0.358449 0.935055 -1
1 130.422699 59.322495 -0.000011 0.358222 0.935335 -1
1 36.122711 61.958527 -5.154810 0.002237 0.257647 -1
1 130.422699 61.958527 -5.154819 0.435144 0.257647 -1
1 130.422699 59.322495 -0.000011 0.435144 0.170945 -1
1 36.122711 59.322495 -0.000002 0.002237 0.170944 -1
1 36.122711 61.958527 5.154806 0.379376 0.926422 -1
1 130.422699 61.958527 5.154796 0.337296 0.926702 -1
1 36.122711 61.958527 5.154806 0.002237 0.084242 -1
1 130.422699 61.958527 5.154796 0.435144 0.084242 -1
1 36.122711 68.322495 7.289997 0.388044 0.905579 -1
1 130.422699 68.322495 7.289988 0.328628 0.905858 -1
1 36.122711 61.958527 5.154806 0.003220 0.255794 -1
1 130.422699 61.958527 5.154796 0.436126 0.255794 -1
1 130.422699 68.322495 7.289988 0.436126 0.169091 -1
1 36.122711 68.322495 7.289997 0.003220 0.169091 -1
1 36.122711 74.686462 5.154806 0.379376 0.884735 -1
1 130.422699 74.686462 5.154796 0.337296 0.885015 -1
1 36.122711 74.686462 5.154806 0.003220 0.082389 -1
1 130.422699 74.686462 5.154796 0.436126 0.082389 -1
1 36.122711 74.686462 5.154806 0.003896 0.255794 -1
1 130.422699 74.686462 5.154796 0.436803 0.255794 -1
31
-1.000000 0.000000 0.000000
0.357780 -0.933806 -0.000000
1.000000 0.000000 -0.000000
0.324361 -0.615258 0.718504
0.000000 1.000000 0.000000
0.000000 1.000000 0.000000
-0.000000 0.890340 -0.455296
-0.000000 0.890340 -0.455296
0.296399 0.000000 0.955064
-0.000000 0.318087 -0.948062
-0.000000 0.318087 -0.948062
-0.000000 0.000000 -1.000000
-0.000000 0.000000 -1.000000
0.324361 0.615258 0.718504
-0.000000 -0.318087 -0.948062
-0.000000 -0.318087 -0.948062
0.357780 0.933806 -0.000000
-0.000000 -0.890340 -0.455296
-0.000000 -0.890340 -0.455296
0.000000 -1.000000 0.000000
0.000000 -1.000000 0.000000
0.324361 0.615258 -0.718504
0.000000 -0.890340 0.455296
0.000000 -0.890340 0.455296
0.296399 0.000000 -0.955064
0.000000 -0.318087 0.948062
0.000000 0.000000 1.000000
0.324361 -0.615258 -0.718504
0.000000 0.318087 0.948062
0.000000 0.890340 0.455296
0.000000 0.890340 0.455296
32
1 0 1 2 0 0 0 2
1 3 4 5 1 2 3 2
1 6 7 8 4 5 6 1
1 7 9 8 5 7 6 1
1 1 10 2 0 0 0 2
1 5 4 11 3 2 8 2
1 12 13 14 9 10 11 1
1 12 14 15 9 11 12 1
1 10 16 2 0 0 0 2
1 11 4 17 8 2 13 2
1 15 14 18 12 11 14 1
1 14 19 18 11 15 14 1
1 16 20 2 0 0 0 2
1 17 4 21 13 2 16 2
1 22 23 24 17 18 19 1
1 22 24 25 17 19 20 1
1 20 26 2 0 0 0 2
1 21 4 27 16 2 21 2
1 25 24 28 20 19 22 1
1 24 29 28 19 23 22 1
1 26 30 2 0 0 0 2
1 27 4 31 21 2 24 2
1 32 33 34 25 25 26 1
1 32 34 35 25 26 26 1
1 30 36 2 0 0 0 2
1 31 4 37 24 2 27 2
1 35 34 38 26 26 28 1
1 34 39 38 26 28 28 1
1 36 0 2 0 0 0 2
1 37 4 3 27 2 1 2
1 40 41 7 29 30 5 1
1 40 7 6 29 5 4 1

Materials: 1
"Material01"
0.325490 0.325490 0.325490 1.000000
0.341176 0.341176 0.341176 1.000000
0.490196 0.490196 0.490196 1.000000
0.082353 0.082353 0.082353 1.000000
16.000000
1.000000
"K9.tga"
""

Bones: 0
GroupComments: 0
MaterialComments: 0
BoneComments: 0
ModelComment: 0
