// MilkShape 3D ASCII

Frames: 52
Frame: 1

Meshes: 2
"Bottom" 0 0
40
0 102.500000 -39.177502 0.000000 0.790669 0.759432 -1
0 51.250000 -39.177502 88.767601 0.731430 0.619787 -1
0 0.000000 -39.177502 0.000000 0.672192 0.759432 -1
0 39.710594 70.822510 0.000000 0.588819 0.243496 -1
0 0.000000 70.822510 0.000000 0.560117 0.243496 -1
0 19.855297 70.822510 34.390369 0.574468 0.286823 -1
0 102.500000 -39.177502 0.000000 0.209441 0.986664 -1
0 102.500000 18.822498 0.000000 0.209441 0.871455 -1
0 51.250000 -39.177502 88.767601 0.030594 0.986664 -1
0 51.250000 18.822498 88.767601 0.030594 0.871455 -1
0 -51.250000 -39.177502 88.767601 0.612954 0.619787 -1
0 -19.855297 70.822510 34.390369 0.545766 0.286823 -1
0 51.250000 -39.177502 88.767601 0.853488 0.434170 -1
0 51.250000 18.822498 88.767601 0.853488 0.318961 -1
0 -51.250000 18.822498 88.767601 0.674640 0.318961 -1
0 -51.250000 -39.177502 88.767601 0.674640 0.434170 -1
0 -102.500000 -39.177502 0.000000 0.553716 0.759432 -1
0 -39.710594 70.822510 0.000000 0.531415 0.243496 -1
0 -51.250000 -39.177502 88.767601 0.387689 0.509909 -1
0 -51.250000 18.822498 88.767601 0.387689 0.394700 -1
0 -102.500000 -39.177502 0.000000 0.208842 0.509909 -1
0 -102.500000 18.822498 0.000000 0.208842 0.394700 -1
0 -51.250000 -39.177502 -88.767601 0.612954 0.899077 -1
0 -19.855297 70.822510 -34.390369 0.545766 0.200169 -1
0 -51.250000 18.822498 -88.767601 0.029994 0.394700 -1
0 -51.250000 -39.177502 -88.767601 0.029994 0.509909 -1
0 51.250000 -39.177502 -88.767601 0.731430 0.899077 -1
0 19.855297 70.822510 -34.390369 0.574468 0.200169 -1
0 -51.250000 -39.177502 -88.767601 0.983662 0.868970 -1
0 -51.250000 18.822498 -88.767601 0.983662 0.753761 -1
0 51.250000 -39.177502 -88.767601 0.804814 0.868970 -1
0 51.250000 18.822498 -88.767601 0.804814 0.753761 -1
0 51.250000 -39.177502 -88.767601 0.388289 0.986664 -1
0 51.250000 18.822498 -88.767601 0.388289 0.871455 -1
0 51.250000 18.822498 88.767601 0.597160 0.355330 -1
0 102.500000 18.822498 0.000000 0.634202 0.243496 -1
0 -51.250000 18.822498 88.767601 0.523075 0.355330 -1
0 -102.500000 18.822498 0.000000 0.486032 0.243496 -1
0 -51.250000 18.822498 -88.767601 0.523075 0.131661 -1
0 51.250000 18.822498 -88.767601 0.597160 0.131661 -1
22
0.000000 -1.000000 0.000000
0.000000 1.000000 0.000000
1.000000 0.000000 0.000000
0.866025 0.000000 0.500000
0.000000 0.000000 1.000000
-0.866025 0.000000 0.500000
-1.000000 0.000000 0.000000
-0.866025 0.000000 -0.500000
0.000000 0.000000 -1.000000
0.866025 0.000000 -0.500000
0.422054 0.764437 0.487346
0.211027 0.764438 0.609182
0.633081 0.764437 0.121836
0.633081 0.764438 -0.121836
-0.211027 0.764438 0.609182
-0.422054 0.764438 0.487346
-0.633081 0.764438 0.121836
-0.633081 0.764437 -0.121836
-0.422054 0.764437 -0.487346
-0.211027 0.764438 -0.609182
0.211027 0.764438 -0.609182
0.422054 0.764438 -0.487346
36
0 0 1 2 0 0 0 2
0 3 4 5 1 1 1 2
0 6 7 8 2 2 3 1
0 7 9 8 2 3 3 1
0 1 10 2 0 0 0 2
0 5 4 11 1 1 1 2
0 12 13 14 4 4 4 1
0 12 14 15 4 4 4 1
0 10 16 2 0 0 0 2
0 11 4 17 1 1 1 2
0 18 19 20 5 5 6 1
0 19 21 20 5 6 6 1
0 16 22 2 0 0 0 2
0 17 4 23 1 1 1 2
0 20 21 24 6 6 7 1
0 20 24 25 6 7 7 1
0 22 26 2 0 0 0 2
0 23 4 27 1 1 1 2
0 28 29 30 8 8 8 1
0 29 31 30 8 8 8 1
0 26 0 2 0 0 0 2
0 27 4 3 1 1 1 2
0 32 33 7 9 9 2 1
0 32 7 6 9 2 2 1
0 5 34 35 10 11 12 3
0 5 35 3 10 12 13 3
0 11 36 34 14 15 11 3
0 11 34 5 14 11 10 3
0 17 37 36 16 17 15 3
0 17 36 11 16 15 14 3
0 23 38 37 18 19 17 3
0 23 37 17 18 17 16 3
0 27 39 38 20 21 19 3
0 27 38 23 20 19 18 3
0 3 35 39 13 12 21 3
0 3 39 27 13 21 20 3
"Header" 0 0
71
0 36.804935 69.822495 2.877117 0.714734 0.754905 -1
0 26.025024 69.822495 31.793814 0.702274 0.709415 -1
0 0.000000 69.822495 2.877117 0.672192 0.754905 -1
1 88.058899 87.872543 -7.756107 0.606004 0.235611 -1
1 1.237764 153.242538 -7.756107 0.559734 0.235611 -1
1 65.006172 109.609207 59.048618 0.591500 0.293096 -1
0 36.804935 69.822495 2.877117 0.517982 0.860091 -1
0 36.804935 100.822495 2.877117 0.517982 0.798514 -1
0 26.025024 69.822495 31.793814 0.459721 0.860091 -1
0 26.025024 100.822495 21.849358 0.479757 0.798514 -1
1 11.760633 117.394958 2.877117 0.517982 0.712211 -1
1 5.374577 123.349998 18.244629 0.487020 0.718708 -1
1 88.058899 87.872543 -7.756107 0.536389 0.622316 -1
1 65.006172 109.609207 59.048618 0.444457 0.638421 -1
0 0.000000 69.822495 43.771492 0.672192 0.690572 -1
1 9.351797 162.086288 86.720039 0.556484 0.316907 -1
0 26.025024 69.822495 31.793814 0.783079 0.307597 -1
0 26.025024 100.822495 21.849358 0.783079 0.246020 -1
0 0.000000 100.822495 29.707916 0.737669 0.246020 -1
0 0.000000 69.822495 43.771492 0.737669 0.307597 -1
1 5.374577 123.349998 18.244629 0.783266 0.166214 -1
1 -10.042562 137.726730 24.610062 0.749162 0.181900 -1
1 65.006172 109.609207 59.048618 0.813430 0.085927 -1
1 9.351797 162.086288 86.720039 0.728899 0.124806 -1
0 -26.025024 69.822495 31.793814 0.642111 0.709415 -1
1 -46.302551 214.563446 59.048618 0.521469 0.293096 -1
0 -26.025024 69.822495 31.793814 0.692259 0.307597 -1
0 -26.025024 100.822495 21.849358 0.692259 0.246020 -1
1 -25.459743 152.103409 18.244629 0.715058 0.197586 -1
1 -10.042562 137.726730 24.610062 0.679806 0.720716 -1
1 9.351797 162.086288 86.720039 0.666383 0.667764 -1
1 -25.459743 152.103409 18.244629 0.657214 0.730730 -1
1 -46.302551 214.563446 59.048618 0.610386 0.697497 -1
0 -36.804935 69.822495 2.877117 0.629651 0.754905 -1
1 -69.355270 236.300156 -7.756107 0.506965 0.235611 -1
0 -26.025024 69.822495 31.793814 0.125329 0.195171 -1
0 -26.025024 100.822495 21.849358 0.105293 0.133594 -1
0 -36.804935 100.822495 2.877117 0.067068 0.133594 -1
0 -36.804935 69.822495 2.877117 0.067068 0.195171 -1
1 -25.459743 152.103409 18.244629 0.098030 0.085160 -1
1 -31.845720 158.058472 2.877117 0.067068 0.091657 -1
1 -69.355270 236.300156 -7.756107 0.587192 0.769278 -1
1 -31.845720 158.058472 2.877117 0.647856 0.754905 -1
0 -26.025024 69.822495 -26.039570 0.642111 0.800396 -1
1 -46.302551 214.563446 -74.560883 0.521469 0.178125 -1
0 -26.025024 69.822495 -26.039570 0.008807 0.195171 -1
0 -26.025024 100.822495 -16.095118 0.028843 0.133594 -1
1 -25.459743 152.103409 -12.490398 0.036106 0.085160 -1
1 -25.459743 152.103409 -12.490398 0.657214 0.779081 -1
1 -46.302551 214.563446 -74.560883 0.610386 0.841058 -1
0 0.000000 69.822495 -38.017269 0.672192 0.819239 -1
1 9.351797 162.086288 -102.232285 0.556484 0.154314 -1
0 -26.025024 69.822495 -26.039570 0.939648 0.652457 -1
0 -26.025024 100.822495 -16.095118 0.939648 0.590880 -1
0 0.000000 100.822495 -23.953678 0.894238 0.590880 -1
0 0.000000 69.822495 -38.017269 0.894238 0.652457 -1
1 -25.459743 152.103409 -12.490398 0.916848 0.542446 -1
1 -10.042562 137.726730 -18.855825 0.882745 0.526760 -1
1 9.351797 162.086288 -102.232285 0.666383 0.870791 -1
1 -10.042562 137.726730 -18.855825 0.679806 0.789095 -1
0 26.025024 69.822495 -26.039570 0.702274 0.800396 -1
1 65.006172 109.609207 -74.560883 0.591500 0.178125 -1
0 26.025024 69.822495 -26.039570 0.848828 0.652457 -1
0 26.025024 100.822495 -16.095118 0.848828 0.590880 -1
1 5.374577 123.349998 -12.490398 0.848641 0.511074 -1
1 5.374577 123.349998 -12.490398 0.702398 0.779081 -1
1 65.006172 109.609207 -74.560883 0.722380 0.841058 -1
0 26.025024 69.822495 -26.039570 0.576243 0.860091 -1
0 26.025024 100.822495 -16.095118 0.556207 0.798514 -1
1 5.374577 123.349998 -12.490398 0.548944 0.718708 -1
1 65.006172 109.609207 -74.560883 0.628320 0.638421 -1
63
0.000000 -1.000000 0.000000
0.601496 0.798876 -0.000000
0.685963 0.727636 -0.000000
0.624436 0.775961 -0.089238
1.000000 0.000000 -0.000000
0.876680 0.481074 -0.000000
0.903518 0.078753 0.421251
0.787267 0.424399 0.447320
0.921918 -0.382178 0.063303
0.574844 -0.375853 0.726835
-0.362230 -0.932014 0.011778
-0.338290 -0.922963 0.183574
0.680545 0.721789 -0.126014
0.332499 0.338372 0.880312
0.271840 0.340088 0.900246
0.025731 0.284854 0.958226
0.000000 0.413137 0.910669
-0.056632 -0.311171 0.948665
-0.131547 -0.199537 0.971020
-0.482383 -0.750120 0.452358
-0.493358 -0.744492 0.449812
0.737838 0.669073 -0.089082
-0.332499 0.338372 0.880312
-0.284182 0.183118 0.941121
-0.322221 0.051330 0.945272
-0.703013 -0.559534 0.438971
-0.712400 -0.545352 0.441676
-0.814312 -0.482170 0.323122
-0.819931 -0.478701 0.313940
0.761966 0.647617 -0.000000
-0.903518 0.078753 0.421251
-0.865045 0.100555 0.491513
-0.996954 0.077994 -0.000000
-1.000000 0.000000 -0.000000
-0.890116 0.061608 0.451551
-0.996267 0.086322 0.000000
-0.900859 -0.433976 0.010830
-0.902340 -0.430831 0.012922
0.737838 0.669073 0.089082
-0.903518 0.078753 -0.421251
-0.865045 0.100555 -0.491514
-0.890116 0.061608 -0.451551
-0.806804 -0.529161 -0.262783
-0.812139 -0.524669 -0.255251
0.680545 0.721789 0.126014
-0.332500 0.338372 -0.880311
-0.284182 0.183118 -0.941121
0.025731 0.284854 -0.958226
0.000000 0.413138 -0.910669
-0.322221 0.051330 -0.945272
0.120558 0.167960 -0.978394
-0.639836 -0.683563 -0.351215
-0.638542 -0.685935 -0.348938
0.624436 0.775961 0.089238
0.332500 0.338372 -0.880311
0.271840 0.340088 -0.900246
0.422967 0.328768 -0.844399
-0.550337 -0.757429 -0.351327
-0.542976 -0.761969 -0.352961
0.903518 0.078753 -0.421251
0.787267 0.424399 -0.447321
0.528221 -0.386994 -0.755789
-0.380957 -0.909827 -0.164577
64
0 0 1 2 0 0 0 2
0 3 4 5 1 2 3 2
0 6 7 8 4 5 6 1
0 7 9 8 5 7 6 1
0 7 10 11 5 8 9 1
0 7 11 9 5 9 7 1
0 10 12 11 8 10 9 1
0 12 13 11 10 11 9 1
0 1 14 2 0 0 0 2
0 5 4 15 3 2 12 2
0 16 17 18 13 14 15 1
0 16 18 19 13 15 16 1
0 17 20 18 14 17 15 1
0 20 21 18 17 18 15 1
0 20 22 23 17 19 20 1
0 20 23 21 17 20 18 1
0 14 24 2 0 0 0 2
0 15 4 25 12 2 21 2
0 19 18 26 16 15 22 1
0 18 27 26 15 23 22 1
0 18 21 28 15 18 24 1
0 18 28 27 15 24 23 1
0 29 30 31 25 26 27 1
0 30 32 31 26 28 27 1
0 24 33 2 0 0 0 2
0 25 4 34 21 2 29 2
0 35 36 37 30 31 32 1
0 35 37 38 30 32 33 1
0 36 39 37 31 34 32 1
0 39 40 37 34 35 32 1
0 31 32 41 27 28 36 1
0 31 41 42 27 36 37 1
0 33 43 2 0 0 0 2
0 34 4 44 29 2 38 2
0 38 37 45 33 32 39 1
0 37 46 45 32 40 39 1
0 37 40 47 32 35 41 1
0 37 47 46 32 41 40 1
0 42 41 48 37 36 42 1
0 41 49 48 36 43 42 1
0 43 50 2 0 0 0 2
0 44 4 51 38 2 44 2
0 52 53 54 45 46 47 1
0 52 54 55 45 47 48 1
0 53 56 54 46 49 47 1
0 56 57 54 49 50 47 1
0 48 49 58 42 43 51 1
0 48 58 59 42 51 52 1
0 50 60 2 0 0 0 2
0 51 4 61 44 2 53 2
0 55 54 62 48 47 54 1
0 54 63 62 47 55 54 1
0 54 57 64 47 50 56 1
0 54 64 63 47 56 55 1
0 59 58 65 52 51 57 1
0 58 66 65 51 58 57 1
0 60 0 2 0 0 0 2
0 61 4 3 53 2 1 2
0 67 68 7 59 60 5 1
0 67 7 6 59 5 4 1
0 68 69 7 60 61 5 1
0 69 10 7 61 8 5 1
0 69 70 12 61 62 10 1
0 69 12 10 61 10 8 1

Materials: 1
"Material01"
0.325490 0.325490 0.325490 1.000000
0.341176 0.341176 0.341176 1.000000
0.490196 0.490196 0.490196 1.000000
0.082353 0.082353 0.082353 1.000000
16.000000
1.000000
"MainDTowerSkin.tga"
""

Bones: 0
GroupComments: 0
MaterialComments: 0
BoneComments: 0
ModelComment: 0
