// MilkShape 3D ASCII

Frames: 52
Frame: 1

Meshes: 5
"Bottom" 0 0
34
0 102.500000 -39.177502 0.000000 0.777187 0.840337 -1
0 51.250000 -39.177502 88.767601 0.726797 0.736696 -1
0 0.000000 -39.177502 0.000000 0.676408 0.840337 -1
0 49.025425 53.822498 0.000000 0.778046 0.839661 -1
0 -0.000000 53.822498 0.000000 0.676851 0.839661 -1
0 24.512712 53.822498 42.457260 0.727448 0.942661 -1
0 102.500000 -39.177502 0.000000 0.665430 0.728629 -1
0 49.025425 53.822498 0.000000 0.665430 0.367753 -1
0 51.250000 -39.177502 88.767601 0.505478 0.728629 -1
0 24.512712 53.822498 42.457260 0.588925 0.367753 -1
0 -51.250000 -39.177502 88.767601 0.626018 0.736696 -1
0 -24.512712 53.822498 42.457260 0.626254 0.942661 -1
0 51.250000 -39.177502 88.767601 0.979302 0.965702 -1
0 24.512712 53.822498 42.457260 0.923919 0.599303 -1
0 -24.512712 53.822498 42.457260 0.822367 0.599303 -1
0 -51.250000 -39.177502 88.767601 0.766984 0.965702 -1
0 -102.500000 -39.177502 0.000000 0.575629 0.840337 -1
0 -49.025425 53.822498 0.000000 0.575657 0.839661 -1
0 -51.250000 -39.177502 88.767601 0.825720 0.730122 -1
0 -24.512712 53.822498 42.457260 0.742273 0.369246 -1
0 -102.500000 -39.177502 0.000000 0.665768 0.730122 -1
0 -49.025425 53.822498 0.000000 0.665768 0.369246 -1
0 -51.250000 -39.177502 -88.767601 0.626018 0.943978 -1
0 -24.512712 53.822498 -42.457260 0.626254 0.736661 -1
0 -24.512712 53.822498 -42.457260 0.589264 0.369246 -1
0 -51.250000 -39.177502 -88.767601 0.505817 0.730122 -1
0 51.250000 -39.177502 -88.767601 0.726797 0.943978 -1
0 24.512712 53.822498 -42.457260 0.727448 0.736661 -1
0 -51.250000 -39.177502 -88.767601 0.980478 0.966899 -1
0 -24.512712 53.822498 -42.457260 0.925095 0.600500 -1
0 51.250000 -39.177502 -88.767601 0.768160 0.966899 -1
0 24.512712 53.822498 -42.457260 0.823543 0.600500 -1
0 51.250000 -39.177502 -88.767601 0.825381 0.728629 -1
0 24.512712 53.822498 -42.457260 0.741934 0.367753 -1
20
0.000000 -1.000000 0.000000
0.000000 1.000000 0.000000
0.866908 0.498468 0.000000
0.866908 0.498468 -0.000000
0.775228 0.445753 0.447578
0.775228 0.445753 0.447578
0.000000 0.445753 0.895156
0.000000 0.445753 0.895156
0.000000 0.445753 0.895156
-0.775228 0.445753 0.447578
-0.775228 0.445753 0.447578
-0.866908 0.498468 -0.000000
-0.866908 0.498468 0.000000
-0.775228 0.445753 -0.447578
-0.775228 0.445753 -0.447578
0.000000 0.445753 -0.895156
0.000000 0.445753 -0.895156
0.000000 0.445753 -0.895156
0.775228 0.445753 -0.447578
0.775228 0.445753 -0.447578
24
0 0 1 2 0 0 0 2
0 3 4 5 1 1 1 2
0 6 7 8 2 3 4 1
0 7 9 8 3 5 4 1
0 1 10 2 0 0 0 2
0 5 4 11 1 1 1 2
0 12 13 14 6 7 6 1
0 12 14 15 6 6 8 1
0 10 16 2 0 0 0 2
0 11 4 17 1 1 1 2
0 18 19 20 9 10 11 1
0 19 21 20 10 12 11 1
0 16 22 2 0 0 0 2
0 17 4 23 1 1 1 2
0 20 21 24 11 12 13 1
0 20 24 25 11 13 14 1
0 22 26 2 0 0 0 2
0 23 4 27 1 1 1 2
0 28 29 30 15 16 16 1
0 29 31 30 16 17 16 1
0 26 0 2 0 0 0 2
0 27 4 3 1 1 1 2
0 32 33 7 18 19 3 1
0 32 7 6 18 3 2 1
"Header" 0 0
62
0 50.486885 57.822498 0.000000 0.310717 0.757737 -1
0 35.699623 57.822498 35.699623 0.276203 0.607997 -1
0 0.000000 57.822498 0.000000 0.192877 0.757737 -1
0 23.216167 113.686096 -0.000000 0.389880 0.785817 -1
0 0.000000 105.822495 -0.000000 0.303975 0.785817 -1
0 15.461731 106.197701 32.075020 0.364719 0.920354 -1
0 77.500000 53.822498 -0.000000 0.373767 0.757737 -1
0 60.457630 53.822498 39.666248 0.333989 0.591359 -1
0 77.500000 53.822498 -0.000000 0.238237 0.979094 -1
0 72.783051 98.994858 -0.000000 0.238237 0.787144 -1
0 63.227119 89.766792 32.129662 0.129283 0.787144 -1
0 60.457630 53.822498 39.666248 0.103726 0.979094 -1
0 23.216167 113.686096 -0.000000 0.238237 0.508506 -1
0 15.461731 106.197701 32.075020 0.129468 0.508506 -1
0 0.000000 57.822498 50.486885 0.192877 0.545973 -1
0 0.000000 105.822495 39.147713 0.303975 0.950020 -1
0 0.000000 53.822498 56.096542 0.192877 0.522443 -1
0 60.457630 53.822498 39.666248 0.365559 0.965362 -1
0 63.227119 89.766792 32.129662 0.338748 0.773411 -1
0 0.000000 53.822498 56.096542 0.224447 0.965362 -1
0 0.000000 74.822495 45.438194 0.224447 0.835331 -1
0 15.461731 106.197701 32.075020 0.285191 0.494774 -1
0 0.000000 105.822495 39.147713 0.224447 0.643380 -1
0 -35.699623 57.822498 35.699623 0.109552 0.607997 -1
0 -26.025024 83.822495 32.075020 0.243231 0.920354 -1
0 -60.457630 53.822498 39.666248 0.051765 0.591359 -1
0 -48.970676 62.822495 32.129662 0.110146 0.909634 -1
0 0.000000 53.822498 56.096542 0.303975 1.021111 -1
0 -48.970676 62.822495 32.129662 0.189674 0.920583 -1
0 -60.457630 53.822498 39.666248 0.162863 0.952195 -1
0 -50.486885 57.822498 0.000000 0.075037 0.757737 -1
0 -36.804935 83.822495 -0.000000 0.218070 0.785817 -1
0 -35.699623 57.822498 35.699623 0.354265 0.644582 -1
0 -60.457630 53.822498 39.666248 0.296478 0.627945 -1
0 -85.500000 53.822498 -0.000000 0.238028 0.794323 -1
0 -50.486885 57.822498 0.000000 0.319751 0.794323 -1
0 -85.500000 53.822498 -0.000000 0.104412 0.785817 -1
0 -69.254997 62.822495 -0.000000 0.142329 0.785817 -1
0 -35.699623 57.822498 -35.699623 0.109552 0.907478 -1
0 -26.025024 83.822495 -33.075020 0.243231 0.647085 -1
0 -35.699623 57.822498 -35.699623 0.354265 0.944063 -1
0 -60.457630 53.822498 -39.666248 0.296478 0.960701 -1
0 -48.970676 62.822495 -32.129662 0.189674 0.651051 -1
0 -60.457630 53.822498 -39.666248 0.162863 0.619439 -1
0 0.000000 57.822498 -50.486885 0.192877 0.969502 -1
0 0.000000 105.822495 -40.147713 0.303975 0.617419 -1
0 -60.457630 53.822498 -39.666248 0.051765 0.924115 -1
0 0.000000 53.822498 -56.096542 0.192877 0.993031 -1
0 0.000000 53.822498 -56.096542 0.303975 0.550523 -1
0 -48.970676 62.822495 -32.129662 0.359517 0.926851 -1
0 0.000000 74.822495 -45.438194 0.245216 0.852547 -1
0 0.000000 53.822498 -56.096542 0.245216 0.982578 -1
0 0.000000 105.822495 -40.147713 0.245216 0.660597 -1
0 35.699623 57.822498 -35.699623 0.276203 0.907478 -1
0 15.461731 106.197701 -33.075020 0.364719 0.647085 -1
0 60.457630 53.822498 -39.666248 0.333989 0.924115 -1
0 63.227119 89.766792 -32.129662 0.130915 0.790628 -1
0 60.457630 53.822498 -39.666248 0.104104 0.982578 -1
0 15.461731 106.197701 -33.075020 0.184472 0.511990 -1
0 60.457630 53.822498 -39.666248 0.372747 0.979094 -1
0 63.227119 89.766792 -32.129662 0.347190 0.787144 -1
0 15.461731 106.197701 -33.075020 0.350396 0.508506 -1
65
0.000000 -1.000000 0.000000
-0.320809 0.947142 0.002128
-0.387981 0.921666 0.001196
-0.173308 0.982228 0.072053
-0.146479 -0.989214 0.000000
-0.147970 -0.988992 0.000000
-0.160341 -0.950347 -0.266705
-0.123311 -0.970177 -0.208687
0.998241 0.059285 0.000000
0.771350 0.636412 0.000000
0.722987 0.567836 0.393512
0.918722 0.011976 0.394723
0.306229 0.951956 0.001904
0.311327 0.905997 0.286785
-0.355101 0.934828 0.000000
0.000000 -0.883687 -0.468079
0.000000 -0.814207 -0.580575
0.258009 0.179181 0.949382
0.196710 0.412084 0.889658
0.001875 0.367026 0.930209
-0.102381 0.326922 0.939489
0.258411 0.753225 0.604876
0.041793 0.413305 0.909633
-0.579610 0.810390 0.085556
0.166083 -0.871414 -0.461578
0.094773 -0.932419 -0.348731
-0.319439 0.310786 0.895193
-0.172699 0.752563 0.635471
-0.502013 0.797875 0.333734
-0.326710 0.816131 0.476645
-0.663269 0.725202 0.184817
-0.660813 0.722566 0.203037
-0.513071 0.858343 0.002534
0.129019 -0.989229 -0.069141
0.144563 -0.985278 -0.091266
0.129329 -0.991602 0.000000
0.113505 -0.993537 0.000000
-0.484614 0.874728 -0.000000
-0.514100 0.857730 -0.000000
-0.613645 0.789581 0.001249
-0.579706 0.810585 -0.083024
0.129019 -0.989229 0.069141
0.144563 -0.985278 0.091266
-0.502978 0.795341 -0.338299
-0.326710 0.816131 -0.476645
-0.663948 0.715711 -0.216634
0.166083 -0.871414 0.461578
0.094773 -0.932419 0.348731
0.000000 -0.883687 0.468079
0.000000 -0.814207 0.580575
-0.172699 0.752563 -0.635471
-0.317487 0.296806 -0.900615
-0.099188 0.312326 -0.944783
0.001875 0.367026 -0.930209
-0.663919 0.715669 -0.216862
0.049447 0.386663 -0.920895
-0.173379 0.982371 -0.069906
-0.160341 -0.950347 0.266705
-0.123311 -0.970177 0.208687
0.200686 0.399810 -0.894358
0.258009 0.179181 -0.949382
0.266007 0.737585 -0.620651
0.918722 0.011976 -0.394723
0.724406 0.567633 -0.391190
0.317258 0.906200 -0.279551
64
0 0 1 2 0 0 0 2
0 3 4 5 1 2 3 2
0 0 6 1 4 5 6 1
0 6 7 1 5 7 6 1
0 8 9 10 8 9 10 1
0 8 10 11 8 10 11 1
0 9 12 10 9 12 10 1
0 12 13 10 12 13 10 1
0 1 14 2 0 0 0 2
0 5 4 15 3 2 14 2
0 1 7 16 6 7 15 1
0 1 16 14 6 15 16 1
0 17 18 19 17 18 19 1
0 18 20 19 18 20 19 1
0 18 21 22 18 21 22 1
0 18 22 20 18 22 20 1
0 14 23 2 0 0 0 2
0 15 4 24 14 2 23 2
0 14 16 23 16 15 24 1
0 16 25 23 15 25 24 1
0 19 20 26 19 20 26 1
0 27 28 29 27 28 29 1
0 20 22 26 20 22 26 1
0 15 24 28 30 31 28 1
0 23 30 2 0 0 0 2
0 24 4 31 23 2 32 2
0 32 33 34 33 34 35 1
0 32 34 35 33 35 36 1
0 29 28 36 29 28 37 1
0 28 37 36 28 38 37 1
0 28 24 31 28 31 39 1
0 28 31 37 28 39 38 1
0 30 38 2 0 0 0 2
0 31 4 39 32 2 40 2
0 35 34 40 36 35 41 1
0 34 41 40 35 42 41 1
0 36 37 42 37 38 43 1
0 36 42 43 37 43 44 1
0 37 31 42 38 39 43 1
0 31 39 42 39 45 43 1
0 38 44 2 0 0 0 2
0 39 4 45 40 2 14 2
0 38 46 47 46 47 48 1
0 38 47 44 46 48 49 1
0 43 42 48 44 43 50 1
0 49 50 51 51 52 53 1
0 42 39 45 43 45 54 1
0 49 52 50 51 55 52 1
0 44 53 2 0 0 0 2
0 45 4 54 14 2 56 2
0 44 47 53 49 48 57 1
0 47 55 53 48 58 57 1
0 51 50 56 53 52 59 1
0 51 56 57 53 59 60 1
0 50 52 56 52 55 59 1
0 52 58 56 55 61 59 1
0 53 0 2 0 0 0 2
0 54 4 3 56 2 1 2
0 53 55 6 57 58 5 1
0 53 6 0 57 5 4 1
0 59 60 8 62 63 8 1
0 60 9 8 63 9 8 1
0 60 61 12 63 64 12 1
0 60 12 9 63 12 9 1
"Stick1" 1 0
42
1 28.505392 112.323059 -0.000002 0.671818 0.756364 -1
1 30.128326 110.245857 -6.363963 0.610935 0.782018 -1
1 34.046352 105.230972 -0.000002 0.671818 0.843953 -1
1 50.569740 129.561600 -0.000013 0.672835 0.755137 -1
1 56.110710 122.469498 -0.000013 0.672835 0.842727 -1
1 52.192619 127.484406 -6.363974 0.733718 0.780791 -1
1 28.505392 112.323059 -0.000002 0.660314 0.473218 -1
1 50.569740 129.561600 -0.000013 0.877048 0.473218 -1
1 30.128326 110.245857 -6.363963 0.668975 0.398346 -1
1 52.192619 127.484406 -6.363974 0.885709 0.398345 -1
1 34.046352 105.230972 -9.000002 0.585716 0.843953 -1
1 56.110710 122.469498 -9.000013 0.758937 0.842727 -1
1 30.128326 110.245857 -6.363963 0.854985 0.508444 -1
1 52.192619 127.484406 -6.363974 0.638251 0.372308 -1
1 56.110710 122.469498 -9.000013 0.617341 0.445201 -1
1 34.046352 105.230972 -9.000002 0.834075 0.581337 -1
1 37.964417 100.216125 -6.363963 0.610935 0.905889 -1
1 60.028744 117.454628 -6.363974 0.733718 0.904662 -1
1 37.964417 100.216125 -6.363963 0.813165 0.654230 -1
1 60.028744 117.454628 -6.363974 0.596432 0.518095 -1
1 39.587318 98.138847 -0.000002 0.671818 0.931544 -1
1 61.651661 115.377449 -0.000013 0.672835 0.930316 -1
1 37.964417 100.216125 -6.363963 0.677804 0.548819 -1
1 60.028744 117.454628 -6.363974 0.894538 0.548819 -1
1 61.651661 115.377449 -0.000013 0.903199 0.473947 -1
1 39.587318 98.138847 -0.000002 0.686465 0.473947 -1
1 37.964417 100.216125 6.363959 0.732701 0.905889 -1
1 60.028744 117.454628 6.363947 0.611952 0.904662 -1
1 37.964417 100.216125 6.363959 0.677804 0.399074 -1
1 60.028744 117.454628 6.363947 0.894538 0.399074 -1
1 34.046352 105.230972 8.999998 0.757919 0.843953 -1
1 56.110710 122.469498 8.999987 0.586734 0.842727 -1
1 37.964417 100.216125 6.363959 0.725598 0.590285 -1
1 60.028744 117.454628 6.363947 0.942332 0.454149 -1
1 56.110710 122.469498 8.999987 0.921422 0.381256 -1
1 34.046352 105.230972 8.999998 0.704688 0.517391 -1
1 30.128326 110.245857 6.363959 0.732701 0.782018 -1
1 52.192619 127.484406 6.363947 0.611952 0.780791 -1
1 30.128326 110.245857 6.363959 0.683778 0.444498 -1
1 52.192619 127.484406 6.363947 0.900512 0.308362 -1
1 30.128326 110.245857 6.363959 0.668975 0.548090 -1
1 52.192619 127.484406 6.363947 0.885709 0.548090 -1
40
-0.788010 -0.615663 0.000000
-0.788012 -0.615660 -0.000003
-0.788011 -0.615662 0.000000
0.788010 0.615662 0.000000
0.788010 0.615662 0.000000
0.788010 0.615663 -0.000000
-0.615661 0.788011 -0.000000
-0.615662 0.788011 0.000000
-0.568798 0.728028 -0.382681
-0.568799 0.728028 -0.382678
-0.788011 -0.615662 0.000000
0.788011 0.615662 0.000000
-0.235603 0.301557 -0.923880
-0.235602 0.301556 -0.923881
0.000000 -0.000001 -1.000000
-0.000000 -0.000000 -1.000000
-0.788010 -0.615663 -0.000003
0.788010 0.615662 -0.000002
0.235603 -0.301559 -0.923879
0.235603 -0.301559 -0.923879
-0.788011 -0.615661 0.000000
0.788009 0.615664 0.000000
0.568797 -0.728027 -0.382684
0.568797 -0.728029 -0.382679
0.615662 -0.788011 -0.000000
0.615663 -0.788010 0.000000
-0.788010 -0.615663 0.000003
0.788010 0.615662 0.000002
0.568797 -0.728027 0.382684
0.568797 -0.728029 0.382679
0.235604 -0.301559 0.923879
0.235604 -0.301559 0.923879
0.000001 -0.000001 1.000000
0.000000 0.000000 1.000000
-0.788012 -0.615660 0.000003
0.788010 0.615663 0.000000
-0.235602 0.301558 0.923880
-0.235602 0.301556 0.923881
-0.568798 0.728028 0.382681
-0.568799 0.728028 0.382678
32
1 0 1 2 0 1 2 2
1 3 4 5 3 4 5 2
1 6 7 8 6 7 8 1
1 7 9 8 7 9 8 1
1 1 10 2 1 10 2 2
1 5 4 11 5 4 11 2
1 12 13 14 12 13 14 1
1 12 14 15 12 14 15 1
1 10 16 2 10 16 2 2
1 11 4 17 11 4 17 2
1 15 14 18 15 14 18 1
1 14 19 18 14 19 18 1
1 16 20 2 16 20 2 2
1 17 4 21 17 4 21 2
1 22 23 24 22 23 24 1
1 22 24 25 22 24 25 1
1 20 26 2 20 26 2 2
1 21 4 27 21 4 27 2
1 25 24 28 25 24 28 1
1 24 29 28 24 29 28 1
1 26 30 2 26 10 2 2
1 27 4 31 27 4 11 2
1 32 33 34 30 31 32 1
1 32 34 35 30 32 33 1
1 30 36 2 10 34 2 2
1 31 4 37 11 4 35 2
1 35 34 38 33 32 36 1
1 34 39 38 32 37 36 1
1 36 0 2 34 0 2 2
1 37 4 3 35 4 3 2
1 40 41 7 38 39 7 1
1 40 7 6 38 7 6 1
"Stick2" 1 0
42
1 38.477470 100.950638 -5.493770 0.680402 0.754726 -1
1 38.346657 98.575249 -11.958213 0.618558 0.778627 -1
1 43.258545 93.389938 -6.482249 0.670945 0.845022 -1
1 61.223270 116.123093 -11.529295 0.669956 0.754260 -1
1 66.004333 108.562363 -12.517770 0.679412 0.844556 -1
1 61.092491 113.747673 -17.993740 0.731800 0.778161 -1
1 38.477470 100.950638 -5.493770 0.716561 0.408583 -1
1 61.223270 116.123093 -11.529295 0.934333 0.337575 -1
1 38.346657 98.575249 -11.958213 0.710328 0.332529 -1
1 61.092491 113.747673 -17.993740 0.928101 0.261520 -1
1 41.093155 93.162354 -15.214913 0.587401 0.841421 -1
1 63.838959 108.334747 -21.250427 0.762957 0.840955 -1
1 38.346657 98.575249 -11.958213 0.814639 0.675184 -1
1 61.092491 113.747673 -17.993740 0.596866 0.566076 -1
1 63.838959 108.334747 -21.250427 0.586339 0.639981 -1
1 41.093155 93.162354 -15.214913 0.804111 0.749088 -1
1 45.108086 87.882729 -13.356125 0.605184 0.906325 -1
1 67.853912 103.055168 -19.391644 0.745174 0.905859 -1
1 45.108086 87.882729 -13.356125 0.782991 0.825476 -1
1 67.853912 103.055168 -19.391644 0.565219 0.716368 -1
1 48.039585 85.829170 -7.470717 0.661489 0.935318 -1
1 70.785439 101.001602 -13.506245 0.688869 0.934852 -1
1 45.108086 87.882729 -13.356125 0.708986 0.631083 -1
1 67.853912 103.055168 -19.391644 0.926758 0.702091 -1
1 70.785439 101.001602 -13.506245 0.946100 0.632849 -1
1 48.039585 85.829170 -7.470717 0.728327 0.561840 -1
1 48.170395 88.204567 -1.006274 0.723333 0.911418 -1
1 70.916206 103.377052 -7.041797 0.627025 0.910952 -1
1 48.170395 88.204567 -1.006274 0.734560 0.485785 -1
1 70.916206 103.377052 -7.041797 0.952332 0.556794 -1
1 45.423931 93.617538 2.250415 0.754489 0.848623 -1
1 68.169754 108.789909 -3.785108 0.595868 0.848158 -1
1 48.170395 88.204567 -1.006274 0.781346 0.459162 -1
1 70.916206 103.377052 -7.041797 0.999119 0.350054 -1
1 68.169754 108.789909 -3.785108 0.988591 0.276149 -1
1 45.423931 93.617538 2.250415 0.770819 0.385257 -1
1 41.408970 98.897095 0.391636 0.736707 0.783719 -1
1 64.154770 114.069542 -5.643891 0.613651 0.783253 -1
1 41.408970 98.897095 0.391636 0.749698 0.308870 -1
1 64.154770 114.069542 -5.643891 0.967470 0.199762 -1
1 41.408970 98.897095 0.391636 0.735902 0.477826 -1
1 64.154770 114.069542 -5.643891 0.953675 0.406817 -1
42
-0.812347 -0.541876 0.215554
-0.812347 -0.541875 0.215554
-0.812349 -0.541872 0.215555
0.812348 0.541873 -0.215553
0.812348 0.541873 -0.215555
0.812350 0.541871 -0.215554
-0.531227 0.840080 0.109832
-0.531227 0.840080 0.109830
-0.582862 0.766456 -0.269846
-0.582861 0.766455 -0.269849
-0.812349 -0.541871 0.215556
0.812349 0.541871 -0.215556
-0.425574 0.298122 -0.854406
-0.425574 0.298122 -0.854407
-0.240597 -0.025287 -0.970296
-0.240597 -0.025287 -0.970296
-0.812351 -0.541869 0.215557
0.812347 0.541874 -0.215556
-0.018991 -0.344847 -0.938467
-0.018990 -0.344848 -0.938466
-0.812351 -0.541870 0.215554
0.812347 0.541875 -0.215555
0.398716 -0.785810 -0.472788
0.398715 -0.785809 -0.472790
0.531227 -0.840081 -0.109830
0.531226 -0.840081 -0.109831
-0.812352 -0.541867 0.215554
0.812348 0.541874 -0.215554
0.582862 -0.766455 0.269849
0.582863 -0.766453 0.269853
-0.812349 -0.541871 0.215556
0.812348 0.541873 -0.215556
0.425574 -0.298123 0.854406
0.425576 -0.298125 0.854404
0.240597 0.025287 0.970296
0.240596 0.025289 0.970296
-0.812346 -0.541876 0.215555
0.812348 0.541873 -0.215556
0.018991 0.344847 0.938467
0.018992 0.344846 0.938467
-0.398718 0.785810 0.472786
-0.398717 0.785810 0.472787
32
1 0 1 2 0 1 2 2
1 3 4 5 3 4 5 2
1 6 7 8 6 7 8 1
1 7 9 8 7 9 8 1
1 1 10 2 1 10 2 2
1 5 4 11 5 4 11 2
1 12 13 14 12 13 14 1
1 12 14 15 12 14 15 1
1 10 16 2 10 16 2 2
1 11 4 17 11 4 17 2
1 15 14 18 15 14 18 1
1 14 19 18 14 19 18 1
1 16 20 2 16 20 2 2
1 17 4 21 17 4 21 2
1 22 23 24 22 23 24 1
1 22 24 25 22 24 25 1
1 20 26 2 20 26 2 2
1 21 4 27 21 4 27 2
1 25 24 28 25 24 28 1
1 24 29 28 24 29 28 1
1 26 30 2 26 30 2 2
1 27 4 31 27 4 31 2
1 32 33 34 32 33 34 1
1 32 34 35 32 34 35 1
1 30 36 2 30 36 2 2
1 31 4 37 31 4 37 2
1 35 34 38 35 34 38 1
1 34 39 38 34 39 38 1
1 36 0 2 36 0 2 2
1 37 4 3 37 4 3 2
1 40 41 7 40 41 7 1
1 40 7 6 40 7 6 1
"Stick3" 1 0
42
1 38.707863 100.974861 5.658315 0.663507 0.756589 -1
1 41.942024 98.953125 -0.077676 0.608631 0.786086 -1
1 43.432110 93.408195 6.852927 0.674935 0.846791 -1
1 61.106552 116.110817 12.952450 0.682913 0.754066 -1
1 65.830750 108.544098 14.147058 0.671485 0.844268 -1
1 64.340736 114.089096 7.216463 0.737789 0.783563 -1
1 38.707863 100.974861 5.658315 0.718485 0.539788 -1
1 61.106552 116.110817 12.952450 0.933358 0.625605 -1
1 41.942024 98.953125 -0.077676 0.740354 0.472304 -1
1 64.340736 114.089096 7.216463 0.955227 0.558120 -1
1 46.049046 93.683220 -1.753817 0.592596 0.851143 -1
1 68.447678 108.819160 5.540316 0.753824 0.848619 -1
1 41.942024 98.953125 -0.077676 1.095791 0.384311 -1
1 64.340736 114.089096 7.216463 0.880918 0.274524 -1
1 68.447678 108.819160 5.540316 0.859029 0.351092 -1
1 46.049046 93.683220 -1.753817 1.073902 0.460879 -1
1 48.623058 88.252167 1.611752 0.624794 0.913651 -1
1 71.021759 103.388145 8.905883 0.721626 0.911127 -1
1 48.623058 88.252167 1.611752 1.064815 0.534446 -1
1 71.021759 103.388145 8.905883 0.849941 0.424659 -1
1 48.156300 85.841446 8.047531 0.686364 0.936993 -1
1 70.555008 100.977417 15.341669 0.660056 0.934469 -1
1 48.623058 88.252167 1.611752 0.738340 0.454984 -1
1 71.021759 103.388145 8.905883 0.953214 0.369168 -1
1 70.555008 100.977417 15.341669 0.944176 0.293451 -1
1 48.156300 85.841446 8.047531 0.729302 0.379267 -1
1 44.922157 87.863235 13.783522 0.741239 0.907496 -1
1 67.320816 102.999176 21.077652 0.605181 0.904972 -1
1 44.922157 87.863235 13.783522 0.707433 0.311782 -1
1 67.320816 102.999176 21.077652 0.922307 0.225966 -1
1 40.815151 93.133110 15.459671 0.757275 0.842439 -1
1 63.213825 108.269012 22.753801 0.589145 0.839916 -1
1 44.922157 87.863235 13.783522 0.754220 0.452804 -1
1 67.320816 102.999176 21.077652 0.969093 0.343016 -1
1 63.213825 108.269012 22.753801 0.947204 0.266449 -1
1 40.815151 93.133110 15.459671 0.732330 0.376236 -1
1 38.241123 98.564171 12.094096 0.725077 0.779931 -1
1 60.639793 113.700104 19.388241 0.621343 0.777408 -1
1 38.241123 98.564171 12.094096 0.723243 0.302669 -1
1 60.639793 113.700104 19.388241 0.938116 0.192882 -1
1 38.241123 98.564171 12.094096 0.709447 0.615506 -1
1 60.639793 113.700104 19.388241 0.924320 0.701322 -1
42
-0.799948 -0.540575 -0.260503
-0.799948 -0.540574 -0.260505
-0.799951 -0.540570 -0.260505
0.799951 0.540569 0.260508
0.799950 0.540570 0.260507
0.799953 0.540565 0.260510
-0.524910 0.840745 -0.132735
-0.524910 0.840745 -0.132735
-0.373681 0.788441 -0.488593
-0.373681 0.788442 -0.488593
-0.799952 -0.540569 -0.260504
0.799951 0.540569 0.260506
0.067762 0.349973 -0.934306
0.067762 0.349972 -0.934306
0.290769 0.030561 -0.956305
0.290770 0.030561 -0.956305
-0.799954 -0.540566 -0.260504
0.799947 0.540575 0.260505
0.469510 -0.293503 -0.832716
0.469509 -0.293502 -0.832717
-0.799954 -0.540566 -0.260504
0.799947 0.540575 0.260507
0.596226 -0.765051 -0.243333
0.596227 -0.765051 -0.243333
0.524909 -0.840744 0.132736
0.524909 -0.840745 0.132737
-0.799951 -0.540569 -0.260507
0.799947 0.540574 0.260507
0.373678 -0.788440 0.488597
0.373678 -0.788440 0.488597
-0.799950 -0.540570 -0.260509
0.799951 0.540569 0.260507
-0.067760 -0.349976 0.934305
-0.067759 -0.349977 0.934305
-0.290768 -0.030563 0.956305
-0.290769 -0.030562 0.956305
-0.799949 -0.540572 -0.260505
0.799953 0.540567 0.260505
-0.469509 0.293503 0.832717
-0.469509 0.293501 0.832718
-0.596226 0.765052 0.243331
-0.596226 0.765052 0.243331
32
1 0 1 2 0 1 2 2
1 3 4 5 3 4 5 2
1 6 7 8 6 7 8 1
1 7 9 8 7 9 8 1
1 1 10 2 1 10 2 2
1 5 4 11 5 4 11 2
1 12 13 14 12 13 14 1
1 12 14 15 12 14 15 1
1 10 16 2 10 16 2 2
1 11 4 17 11 4 17 2
1 15 14 18 15 14 18 1
1 14 19 18 14 19 18 1
1 16 20 2 16 20 2 2
1 17 4 21 17 4 21 2
1 22 23 24 22 23 24 1
1 22 24 25 22 24 25 1
1 20 26 2 20 26 2 2
1 21 4 27 21 4 27 2
1 25 24 28 25 24 28 1
1 24 29 28 24 29 28 1
1 26 30 2 26 30 2 2
1 27 4 31 27 4 31 2
1 32 33 34 32 33 34 1
1 32 34 35 32 34 35 1
1 30 36 2 30 36 2 2
1 31 4 37 31 4 37 2
1 35 34 38 35 34 38 1
1 34 39 38 34 39 38 1
1 36 0 2 36 0 2 2
1 37 4 3 37 4 3 2
1 40 41 7 40 41 7 1
1 40 7 6 40 7 6 1

Materials: 1
"Material01"
0.325490 0.325490 0.325490 1.000000
0.341176 0.341176 0.341176 1.000000
0.490196 0.490196 0.490196 1.000000
0.082353 0.082353 0.082353 1.000000
16.000000
1.000000
"K92.tga"
""

Bones: 0
GroupComments: 0
MaterialComments: 0
BoneComments: 0
ModelComment: 0
