// MilkShape 3D ASCII

Frames: 52
Frame: 1

Meshes: 5
"Bottom" 0 0
34
0 102.500000 -39.177502 0.000000 0.650793 0.241156 -1
0 51.250000 -39.177502 88.767601 0.604727 0.139284 -1
0 0.000000 -39.177502 0.000000 0.558660 0.241156 -1
0 102.500000 18.822498 0.000000 0.651824 0.241245 -1
0 0.000000 18.822498 0.000000 0.559691 0.241245 -1
0 51.250000 18.822498 88.767601 0.605758 0.343117 -1
0 102.500000 -39.177502 0.000000 0.763028 0.965157 -1
0 102.500000 18.822498 0.000000 0.763028 0.494569 -1
0 51.250000 -39.177502 88.767601 0.583082 0.965157 -1
0 51.250000 18.822498 88.767601 0.583082 0.494569 -1
0 -51.250000 -39.177502 88.767601 0.512594 0.139284 -1
0 -51.250000 18.822498 88.767601 0.513625 0.343117 -1
0 51.250000 -39.177502 88.767601 0.982654 0.965362 -1
0 51.250000 18.822498 88.767601 0.982654 0.494774 -1
0 -51.250000 18.822498 88.767601 0.802708 0.494774 -1
0 -51.250000 -39.177502 88.767601 0.802708 0.965362 -1
0 -102.500000 -39.177502 0.000000 0.466527 0.241156 -1
0 -102.500000 18.822498 0.000000 0.467558 0.241245 -1
0 -51.250000 -39.177502 88.767601 0.943981 0.965362 -1
0 -51.250000 18.822498 88.767601 0.943981 0.494774 -1
0 -102.500000 -39.177502 0.000000 0.764035 0.965362 -1
0 -102.500000 18.822498 0.000000 0.764035 0.494774 -1
0 -51.250000 -39.177502 -88.767601 0.512594 0.343028 -1
0 -51.250000 18.822498 -88.767601 0.513625 0.139373 -1
0 -51.250000 18.822498 -88.767601 0.584089 0.494774 -1
0 -51.250000 -39.177502 -88.767601 0.584089 0.965362 -1
0 51.250000 -39.177502 -88.767601 0.604727 0.343028 -1
0 51.250000 18.822498 -88.767601 0.605758 0.139373 -1
0 -51.250000 -39.177502 -88.767601 0.983662 0.965157 -1
0 -51.250000 18.822498 -88.767601 0.983662 0.494569 -1
0 51.250000 -39.177502 -88.767601 0.803715 0.965157 -1
0 51.250000 18.822498 -88.767601 0.803715 0.494569 -1
0 51.250000 -39.177502 -88.767601 0.942974 0.965157 -1
0 51.250000 18.822498 -88.767601 0.942974 0.494569 -1
10
0.000000 -1.000000 0.000000
0.000000 1.000000 0.000000
1.000000 0.000000 0.000000
0.866025 0.000000 0.500000
0.000000 0.000000 1.000000
-0.866025 0.000000 0.500000
-1.000000 0.000000 0.000000
-0.866025 0.000000 -0.500000
0.000000 0.000000 -1.000000
0.866025 0.000000 -0.500000
24
0 0 1 2 0 0 0 2
0 3 4 5 1 1 1 2
0 6 7 8 2 2 3 1
0 7 9 8 2 3 3 1
0 1 10 2 0 0 0 2
0 5 4 11 1 1 1 2
0 12 13 14 4 4 4 1
0 12 14 15 4 4 4 1
0 10 16 2 0 0 0 2
0 11 4 17 1 1 1 2
0 18 19 20 5 5 6 1
0 19 21 20 5 6 6 1
0 16 22 2 0 0 0 2
0 17 4 23 1 1 1 2
0 20 21 24 6 6 7 1
0 20 24 25 6 7 7 1
0 22 26 2 0 0 0 2
0 23 4 27 1 1 1 2
0 28 29 30 8 8 8 1
0 29 31 30 8 8 8 1
0 26 0 2 0 0 0 2
0 27 4 3 1 1 1 2
0 32 33 7 9 9 2 1
0 32 7 6 9 2 2 1
"Header" 0 0
48
0 85.500000 22.822498 0.000000 0.028350 0.353658 -1
0 60.457630 22.822498 60.457630 0.057256 0.353658 -1
0 0.000000 22.822498 0.000000 0.127040 0.353658 -1
0 36.804935 115.822495 -0.000000 0.084557 0.078397 -1
0 0.000000 115.822495 -0.000000 0.127040 0.078397 -1
0 26.025024 115.822495 17.075018 0.097000 0.078397 -1
0 85.500000 22.822498 0.000000 0.441412 0.353384 -1
0 85.500000 53.822498 -0.000000 0.441412 0.262792 -1
0 60.457630 22.822498 60.457630 0.412654 0.353384 -1
0 60.457630 53.822498 39.666248 0.412654 0.262792 -1
0 69.254997 84.822495 -0.000000 0.422757 0.172200 -1
0 48.970676 84.822495 32.129662 0.399463 0.172200 -1
0 36.804935 115.822495 -0.000000 0.385492 0.081607 -1
0 26.025024 115.822495 17.075018 0.373112 0.081607 -1
0 0.000000 22.822498 85.500000 0.127040 0.353658 -1
0 0.000000 115.822495 24.147715 0.127040 0.078397 -1
0 0.000000 53.822498 56.096542 0.343225 0.262792 -1
0 0.000000 22.822498 85.500000 0.343225 0.353384 -1
0 0.000000 84.822495 45.438194 0.343225 0.172200 -1
0 0.000000 115.822495 24.147715 0.343225 0.081607 -1
0 -60.457630 22.822498 60.457630 0.196826 0.353658 -1
0 -26.025024 115.822495 17.075018 0.157081 0.078397 -1
0 -60.457630 22.822498 60.457630 0.273796 0.353384 -1
0 -60.457630 53.822498 39.666248 0.273796 0.262792 -1
0 -48.970676 84.822495 32.129662 0.286988 0.172200 -1
0 -26.025024 115.822495 17.075018 0.313338 0.081607 -1
0 -85.500000 22.822498 0.000000 0.225731 0.353658 -1
0 -36.804935 115.822495 -0.000000 0.169524 0.078397 -1
0 -85.500000 53.822498 -0.000000 0.245038 0.262792 -1
0 -85.500000 22.822498 0.000000 0.245038 0.353384 -1
0 -69.254997 84.822495 -0.000000 0.263694 0.172200 -1
0 -36.804935 115.822495 -0.000000 0.300959 0.081607 -1
0 -60.457630 22.822498 -60.457630 0.196826 0.353658 -1
0 -26.025024 115.822495 -17.075018 0.157081 0.078397 -1
0 -85.500000 53.822498 -0.000000 0.225731 0.261905 -1
0 -60.457630 53.822498 -39.666248 0.196826 0.261905 -1
0 -69.254997 84.822495 -0.000000 0.206980 0.170151 -1
0 -48.970676 84.822495 -32.129662 0.183566 0.170151 -1
0 0.000000 22.822498 -85.500000 0.127040 0.353658 -1
0 0.000000 115.822495 -24.147713 0.127040 0.078397 -1
0 0.000000 53.822498 -56.096542 0.127040 0.261905 -1
0 0.000000 84.822495 -45.438194 0.127040 0.170151 -1
0 60.457630 22.822498 -60.457630 0.057256 0.353658 -1
0 26.025024 115.822495 -17.075018 0.097000 0.078397 -1
0 60.457630 53.822498 -39.666248 0.057256 0.261905 -1
0 48.970676 84.822495 -32.129662 0.070515 0.170151 -1
0 85.500000 53.822498 -0.000000 0.028350 0.261905 -1
0 69.254997 84.822495 -0.000000 0.047101 0.170151 -1
42
0.000000 -1.000000 0.000000
0.000000 1.000000 0.000000
0.923880 0.000000 0.382683
0.830971 0.291903 0.473581
0.616807 0.426206 0.661739
0.542881 0.426275 0.723581
0.711521 0.540329 0.449202
0.499746 0.516144 0.695593
0.633176 0.662794 0.399741
0.445706 0.635888 0.630073
0.000000 0.481310 0.876550
0.000000 0.688177 0.725543
0.000000 0.450202 0.892927
-0.000000 0.566131 0.824315
-0.616807 0.426206 0.661739
-0.542881 0.426275 0.723581
-0.499746 0.516144 0.695593
-0.445706 0.635888 0.630073
-0.830971 0.291903 0.473581
-0.923880 0.000000 0.382683
-0.711521 0.540329 0.449202
-0.633176 0.662794 0.399741
-0.923880 -0.000000 -0.382683
-0.830971 0.291903 -0.473581
-0.616807 0.426206 -0.661739
-0.542881 0.426275 -0.723581
-0.711521 0.540329 -0.449202
-0.499746 0.516144 -0.695593
-0.633176 0.662794 -0.399741
-0.445706 0.635888 -0.630073
-0.000000 0.481310 -0.876550
0.000000 0.688177 -0.725543
0.000000 0.450202 -0.892927
0.000000 0.566131 -0.824315
0.616807 0.426206 -0.661739
0.542881 0.426275 -0.723581
0.499746 0.516144 -0.695593
0.445706 0.635888 -0.630073
0.830971 0.291903 -0.473581
0.923880 -0.000000 -0.382683
0.711521 0.540329 -0.449202
0.633176 0.662794 -0.399741
64
0 0 1 2 0 0 0 2
0 3 4 5 1 1 1 2
0 6 7 8 2 3 4 1
0 7 9 8 3 5 4 1
0 7 10 11 3 6 7 1
0 7 11 9 3 7 5 1
0 10 12 11 6 8 7 1
0 12 13 11 8 9 7 1
0 1 14 2 0 0 0 2
0 5 4 15 1 1 1 2
0 8 9 16 4 5 10 1
0 8 16 17 4 10 11 1
0 9 11 16 5 7 10 1
0 11 18 16 7 12 10 1
0 11 13 19 7 9 13 1
0 11 19 18 7 13 12 1
0 14 20 2 0 0 0 2
0 15 4 21 1 1 1 2
0 17 16 22 11 10 14 1
0 16 23 22 10 15 14 1
0 16 18 24 10 12 16 1
0 16 24 23 10 16 15 1
0 18 19 24 12 13 16 1
0 19 25 24 13 17 16 1
0 20 26 2 0 0 0 2
0 21 4 27 1 1 1 2
0 22 23 28 14 15 18 1
0 22 28 29 14 18 19 1
0 23 24 28 15 16 18 1
0 24 30 28 16 20 18 1
0 24 25 31 16 17 21 1
0 24 31 30 16 21 20 1
0 26 32 2 0 0 0 2
0 27 4 33 1 1 1 2
0 26 34 32 22 23 24 1
0 34 35 32 23 25 24 1
0 34 36 37 23 26 27 1
0 34 37 35 23 27 25 1
0 36 27 37 26 28 27 1
0 27 33 37 28 29 27 1
0 32 38 2 0 0 0 2
0 33 4 39 1 1 1 2
0 32 35 40 24 25 30 1
0 32 40 38 24 30 31 1
0 35 37 40 25 27 30 1
0 37 41 40 27 32 30 1
0 37 33 39 27 29 33 1
0 37 39 41 27 33 32 1
0 38 42 2 0 0 0 2
0 39 4 43 1 1 1 2
0 38 40 42 31 30 34 1
0 40 44 42 30 35 34 1
0 40 41 45 30 32 36 1
0 40 45 44 30 36 35 1
0 41 39 45 32 33 36 1
0 39 43 45 33 37 36 1
0 42 0 2 0 0 0 2
0 43 4 3 1 1 1 2
0 42 44 46 34 35 38 1
0 42 46 0 34 38 39 1
0 44 45 46 35 36 38 1
0 45 47 46 36 40 38 1
0 45 43 3 36 37 41 1
0 45 3 47 36 41 40 1
"Stick1" 0 0
42
0 54.597900 72.822495 -0.000002 0.358449 0.876102 -1
0 54.597900 70.186462 -6.363963 0.337523 0.884735 -1
0 54.597900 63.822495 -0.000002 0.358449 0.905579 -1
0 184.597900 72.822495 -0.000013 0.358222 0.876382 -1
0 184.597900 63.822495 -0.000013 0.358222 0.905858 -1
0 184.597900 70.186462 -6.363974 0.379149 0.885015 -1
0 54.597900 72.822495 -0.000002 0.004897 0.647025 -1
0 184.597900 72.822495 -0.000013 0.438281 0.647024 -1
0 54.597900 70.186462 -6.363963 0.004897 0.594451 -1
0 184.597900 70.186462 -6.363974 0.438281 0.594450 -1
0 54.597900 63.822495 -9.000002 0.328855 0.905579 -1
0 184.597900 63.822495 -9.000013 0.387817 0.905858 -1
0 54.597900 70.186462 -6.363963 0.437604 0.595574 -1
0 184.597900 70.186462 -6.363974 0.004220 0.595574 -1
0 184.597900 63.822495 -9.000013 0.004220 0.648148 -1
0 54.597900 63.822495 -9.000002 0.437604 0.648148 -1
0 54.597900 57.458527 -6.363963 0.337523 0.926422 -1
0 184.597900 57.458527 -6.363974 0.379149 0.926702 -1
0 54.597900 57.458527 -6.363963 0.437604 0.700722 -1
0 184.597900 57.458527 -6.363974 0.004220 0.700722 -1
0 54.597900 54.822495 -0.000002 0.358449 0.935055 -1
0 184.597900 54.822495 -0.000013 0.358222 0.935335 -1
0 54.597900 57.458527 -6.363963 0.003236 0.700722 -1
0 184.597900 57.458527 -6.363974 0.436621 0.700722 -1
0 184.597900 54.822495 -0.000013 0.436621 0.648148 -1
0 54.597900 54.822495 -0.000002 0.003236 0.648148 -1
0 54.597900 57.458527 6.363959 0.379376 0.926422 -1
0 184.597900 57.458527 6.363947 0.337296 0.926702 -1
0 54.597900 57.458527 6.363959 0.003236 0.595574 -1
0 184.597900 57.458527 6.363947 0.436621 0.595574 -1
0 54.597900 63.822495 8.999998 0.388044 0.905579 -1
0 184.597900 63.822495 8.999987 0.328628 0.905858 -1
0 54.597900 57.458527 6.363959 0.004220 0.699599 -1
0 184.597900 57.458527 6.363947 0.437604 0.699599 -1
0 184.597900 63.822495 8.999987 0.437604 0.647024 -1
0 54.597900 63.822495 8.999998 0.004220 0.647024 -1
0 54.597900 70.186462 6.363959 0.379376 0.884735 -1
0 184.597900 70.186462 6.363947 0.337296 0.885015 -1
0 54.597900 70.186462 6.363959 0.004220 0.594450 -1
0 184.597900 70.186462 6.363947 0.437604 0.594450 -1
0 54.597900 70.186462 6.363959 0.004897 0.699599 -1
0 184.597900 70.186462 6.363947 0.438281 0.699598 -1
20
-1.000000 0.000000 0.000000
1.000000 0.000000 0.000000
0.000000 1.000000 0.000000
-0.000000 1.000000 0.000000
-0.000000 0.923880 -0.382683
-0.000000 0.923880 -0.382683
-0.000000 0.382683 -0.923880
-0.000000 0.000000 -1.000000
-0.000000 -0.382683 -0.923880
-0.000000 -0.923880 -0.382683
-0.000000 -0.923880 -0.382683
-0.000000 -1.000000 0.000000
0.000000 -1.000000 0.000000
0.000000 -0.923880 0.382683
0.000000 -0.923880 0.382683
0.000000 -0.382683 0.923880
0.000000 0.000000 1.000000
0.000000 0.382683 0.923880
0.000000 0.923880 0.382683
0.000000 0.923880 0.382683
32
0 0 1 2 0 0 0 2
0 3 4 5 1 1 1 2
0 6 7 8 2 3 4 1
0 7 9 8 3 5 4 1
0 1 10 2 0 0 0 2
0 5 4 11 1 1 1 2
0 12 13 14 6 6 7 1
0 12 14 15 6 7 7 1
0 10 16 2 0 0 0 2
0 11 4 17 1 1 1 2
0 15 14 18 7 7 8 1
0 14 19 18 7 8 8 1
0 16 20 2 0 0 0 2
0 17 4 21 1 1 1 2
0 22 23 24 9 10 11 1
0 22 24 25 9 11 12 1
0 20 26 2 0 0 0 2
0 21 4 27 1 1 1 2
0 25 24 28 12 11 13 1
0 24 29 28 11 14 13 1
0 26 30 2 0 0 0 2
0 27 4 31 1 1 1 2
0 32 33 34 15 15 16 1
0 32 34 35 15 16 16 1
0 30 36 2 0 0 0 2
0 31 4 37 1 1 1 2
0 35 34 38 16 16 17 1
0 34 39 38 16 17 17 1
0 36 0 2 0 0 0 2
0 37 4 3 1 1 1 2
0 40 41 7 18 19 3 1
0 40 7 6 18 3 2 1
"Stick2" 0 0
42
0 55.597900 56.822495 -9.500002 0.361181 0.874321 -1
0 55.597900 54.186462 -15.863962 0.338399 0.882678 -1
0 55.597900 47.822495 -9.500002 0.361181 0.902852 -1
0 185.597900 56.822495 -9.500013 0.360976 0.873892 -1
0 185.597900 47.822495 -9.500013 0.360976 0.902423 -1
0 185.597900 54.186462 -15.863974 0.383759 0.882249 -1
0 55.597900 56.822495 -9.500002 0.006297 0.648492 -1
0 185.597900 56.822495 -9.500013 0.440330 0.648492 -1
0 55.597900 54.186462 -15.863962 0.006297 0.598164 -1
0 185.597900 54.186462 -15.863974 0.440330 0.598163 -1
0 55.597900 47.822495 -18.500002 0.328962 0.902852 -1
0 185.597900 47.822495 -18.500013 0.393196 0.902423 -1
0 55.597900 54.186462 -15.863962 0.438159 0.598805 -1
0 185.597900 54.186462 -15.863974 0.007136 0.598805 -1
0 185.597900 47.822495 -18.500013 0.007136 0.647071 -1
0 55.597900 47.822495 -18.500002 0.438159 0.647071 -1
0 55.597900 41.458527 -15.863962 0.338399 0.923027 -1
0 185.597900 41.458527 -15.863974 0.383759 0.922598 -1
0 55.597900 41.458527 -15.863962 0.438159 0.695337 -1
0 185.597900 41.458527 -15.863974 0.007136 0.695337 -1
0 55.597900 38.822495 -9.500002 0.361181 0.931383 -1
0 185.597900 38.822495 -9.500013 0.360976 0.930954 -1
0 55.597900 41.458527 -15.863962 0.006292 0.697955 -1
0 185.597900 41.458527 -15.863974 0.438711 0.697955 -1
0 185.597900 38.822495 -9.500013 0.438711 0.648432 -1
0 55.597900 38.822495 -9.500002 0.006292 0.648432 -1
0 55.597900 41.458527 -3.136042 0.383964 0.923027 -1
0 185.597900 41.458527 -3.136053 0.338193 0.922598 -1
0 55.597900 41.458527 -3.136042 0.006292 0.598909 -1
0 185.597900 41.458527 -3.136053 0.438711 0.598909 -1
0 55.597900 47.822495 -0.500002 0.393401 0.902852 -1
0 185.597900 47.822495 -0.500013 0.328756 0.902423 -1
0 55.597900 41.458527 -3.136042 0.008750 0.696891 -1
0 185.597900 41.458527 -3.136053 0.439772 0.696891 -1
0 185.597900 47.822495 -0.500013 0.439772 0.648625 -1
0 55.597900 47.822495 -0.500002 0.008750 0.648625 -1
0 55.597900 54.186462 -3.136042 0.383964 0.882678 -1
0 185.597900 54.186462 -3.136053 0.338193 0.882249 -1
0 55.597900 54.186462 -3.136042 0.008750 0.600359 -1
0 185.597900 54.186462 -3.136053 0.439772 0.600359 -1
0 55.597900 54.186462 -3.136042 0.006297 0.698820 -1
0 185.597900 54.186462 -3.136053 0.440330 0.698820 -1
21
-1.000000 0.000000 0.000000
1.000000 0.000000 0.000000
0.000000 1.000000 0.000000
-0.000000 1.000000 0.000000
-0.000000 0.923880 -0.382683
-0.000000 0.382683 -0.923880
-0.000000 0.000000 -1.000000
-0.000000 -0.382683 -0.923880
-0.000000 -0.923880 -0.382683
-0.000000 -1.000000 0.000000
0.000000 -1.000000 0.000000
0.000000 -0.923880 0.382683
0.000000 -0.923880 0.382683
0.000000 -0.382683 0.923880
0.000000 -0.382683 0.923880
0.000000 0.000000 1.000000
0.000000 0.000000 1.000000
0.000000 0.382683 0.923880
0.000000 0.382683 0.923880
0.000000 0.923880 0.382683
0.000000 0.923880 0.382683
32
0 0 1 2 0 0 0 2
0 3 4 5 1 1 1 2
0 6 7 8 2 3 4 1
0 7 9 8 3 4 4 1
0 1 10 2 0 0 0 2
0 5 4 11 1 1 1 2
0 12 13 14 5 5 6 1
0 12 14 15 5 6 6 1
0 10 16 2 0 0 0 2
0 11 4 17 1 1 1 2
0 15 14 18 6 6 7 1
0 14 19 18 6 7 7 1
0 16 20 2 0 0 0 2
0 17 4 21 1 1 1 2
0 22 23 24 8 8 9 1
0 22 24 25 8 9 10 1
0 20 26 2 0 0 0 2
0 21 4 27 1 1 1 2
0 25 24 28 10 9 11 1
0 24 29 28 9 12 11 1
0 26 30 2 0 0 0 2
0 27 4 31 1 1 1 2
0 32 33 34 13 14 15 1
0 32 34 35 13 15 16 1
0 30 36 2 0 0 0 2
0 31 4 37 1 1 1 2
0 35 34 38 16 15 17 1
0 34 39 38 15 18 17 1
0 36 0 2 0 0 0 2
0 37 4 3 1 1 1 2
0 40 41 7 19 20 3 1
0 40 7 6 19 3 2 1
"Stick3" 0 0
42
0 55.597900 56.822495 10.499998 0.361995 0.874321 -1
0 55.597900 54.186462 4.136038 0.339212 0.882678 -1
0 55.597900 47.822495 10.499998 0.361995 0.902852 -1
0 185.597900 56.822495 10.499987 0.361691 0.874229 -1
0 185.597900 47.822495 10.499987 0.361691 0.902760 -1
0 185.597900 54.186462 4.136026 0.384474 0.882585 -1
0 55.597900 56.822495 10.499998 0.009509 0.649686 -1
0 185.597900 56.822495 10.499987 0.438702 0.649686 -1
0 55.597900 54.186462 4.136038 0.009509 0.600163 -1
0 185.597900 54.186462 4.136026 0.438702 0.600162 -1
0 55.597900 47.822495 1.499998 0.329775 0.902852 -1
0 185.597900 47.822495 1.499987 0.393911 0.902760 -1
0 55.597900 54.186462 4.136038 0.438159 0.598805 -1
0 185.597900 54.186462 4.136026 0.007136 0.598805 -1
0 185.597900 47.822495 1.499987 0.007136 0.647071 -1
0 55.597900 47.822495 1.499998 0.438159 0.647071 -1
0 55.597900 41.458527 4.136038 0.339212 0.923027 -1
0 185.597900 41.458527 4.136026 0.384474 0.922934 -1
0 55.597900 41.458527 4.136038 0.438159 0.695337 -1
0 185.597900 41.458527 4.136026 0.007136 0.695337 -1
0 55.597900 38.822495 10.499998 0.361995 0.931383 -1
0 185.597900 38.822495 10.499987 0.361691 0.931291 -1
0 55.597900 41.458527 4.136038 0.007900 0.699175 -1
0 185.597900 41.458527 4.136026 0.438706 0.699175 -1
0 185.597900 38.822495 10.499987 0.438706 0.649249 -1
0 55.597900 38.822495 10.499998 0.007900 0.649249 -1
0 55.597900 41.458527 16.863958 0.384777 0.923027 -1
0 185.597900 41.458527 16.863947 0.338908 0.922934 -1
0 55.597900 41.458527 16.863958 0.007900 0.599323 -1
0 185.597900 41.458527 16.863947 0.438706 0.599324 -1
0 55.597900 47.822495 19.499998 0.394214 0.902852 -1
0 185.597900 47.822495 19.499987 0.329471 0.902760 -1
0 55.597900 41.458527 16.863958 0.008750 0.696891 -1
0 185.597900 41.458527 16.863947 0.439772 0.696891 -1
0 185.597900 47.822495 19.499987 0.439772 0.648625 -1
0 55.597900 47.822495 19.499998 0.008750 0.648625 -1
0 55.597900 54.186462 16.863958 0.384777 0.882678 -1
0 185.597900 54.186462 16.863947 0.338908 0.882585 -1
0 55.597900 54.186462 16.863958 0.008750 0.600359 -1
0 185.597900 54.186462 16.863947 0.439772 0.600359 -1
0 55.597900 54.186462 16.863958 0.009509 0.699209 -1
0 185.597900 54.186462 16.863947 0.438702 0.699209 -1
14
-1.000000 0.000000 0.000000
1.000000 0.000000 0.000000
0.000000 1.000000 0.000000
-0.000000 0.923880 -0.382683
-0.000000 0.382683 -0.923880
-0.000000 0.000000 -1.000000
-0.000000 -0.382683 -0.923880
-0.000000 -0.923880 -0.382683
0.000000 -1.000000 0.000000
0.000000 -0.923880 0.382683
0.000000 -0.382683 0.923880
0.000000 0.000000 1.000000
0.000000 0.382683 0.923880
0.000000 0.923880 0.382683
32
0 0 1 2 0 0 0 2
0 3 4 5 1 1 1 2
0 6 7 8 2 2 3 1
0 7 9 8 2 3 3 1
0 1 10 2 0 0 0 2
0 5 4 11 1 1 1 2
0 12 13 14 4 4 5 1
0 12 14 15 4 5 5 1
0 10 16 2 0 0 0 2
0 11 4 17 1 1 1 2
0 15 14 18 5 5 6 1
0 14 19 18 5 6 6 1
0 16 20 2 0 0 0 2
0 17 4 21 1 1 1 2
0 22 23 24 7 7 8 1
0 22 24 25 7 8 8 1
0 20 26 2 0 0 0 2
0 21 4 27 1 1 1 2
0 25 24 28 8 8 9 1
0 24 29 28 8 9 9 1
0 26 30 2 0 0 0 2
0 27 4 31 1 1 1 2
0 32 33 34 10 10 11 1
0 32 34 35 10 11 11 1
0 30 36 2 0 0 0 2
0 31 4 37 1 1 1 2
0 35 34 38 11 11 12 1
0 34 39 38 11 12 12 1
0 36 0 2 0 0 0 2
0 37 4 3 1 1 1 2
0 40 41 7 13 13 2 1
0 40 7 6 13 2 2 1

Materials: 1
"Material01"
0.325490 0.325490 0.325490 1.000000
0.341176 0.341176 0.341176 1.000000
0.490196 0.490196 0.490196 1.000000
0.082353 0.082353 0.082353 1.000000
16.000000
1.000000
"K9.tga"
""

Bones: 0
GroupComments: 0
MaterialComments: 0
BoneComments: 0
ModelComment: 0
