// MilkShape 3D ASCII

Frames: 40
Frame: 1

Meshes: 3
"Body" 0 0
116
0 -115.014832 26.811348 -0.000001 0.000000 0.000000 -1
0 -114.774139 28.049637 13.233021 0.000000 0.000000 -1
0 -113.218246 36.053879 -0.000003 0.000000 0.000000 -1
0 91.218262 -13.276310 -0.000020 0.000000 0.000000 -1
0 115.014832 -8.033783 -0.000022 0.000000 0.000000 -1
0 91.458954 -12.038017 13.233004 0.000000 0.000000 -1
0 -115.014832 26.811348 -0.000001 0.000000 1.000000 -1
0 -94.411774 18.354988 -0.000004 0.000000 0.833333 -1
0 -94.059372 20.167953 50.252415 0.083333 0.833333 -1
0 -114.774139 28.049637 13.233021 0.083333 1.000000 -1
0 -74.195724 7.907913 -0.000006 0.000000 0.666667 -1
0 -73.679771 10.562248 73.574562 0.083333 0.666667 -1
0 -53.567627 -0.419559 -0.000008 0.000000 0.500000 -1
0 -52.943310 2.792191 89.025223 0.083333 0.500000 -1
0 76.180557 -21.322268 -0.000019 0.000000 0.333333 -1
0 -30.806099 2.228455 73.574562 0.083333 0.333333 -1
0 99.671906 -14.919527 -0.000020 0.000000 0.166667 -1
0 99.912582 -13.681234 13.233002 0.083333 0.166667 -1
0 91.458954 -12.038017 13.233004 0.083333 0.000000 -1
0 -114.116547 31.432602 22.920269 0.000000 0.000000 -1
0 92.116547 -8.655045 22.920248 0.000000 0.000000 -1
0 -114.116547 31.432602 22.920269 0.166667 1.000000 -1
0 -93.096603 25.120987 87.039726 0.166667 0.833333 -1
0 -80.874580 -26.451775 127.434883 0.166667 0.666667 -1
0 -59.842087 -32.698948 154.196198 0.166667 0.500000 -1
0 -38.000889 -34.785576 127.434883 0.166667 0.333333 -1
0 100.570175 -10.298267 22.920248 0.166667 0.166667 -1
0 92.116547 -8.655045 22.920248 0.166667 0.000000 -1
0 -113.218246 36.053879 26.466045 0.000000 0.000000 -1
0 93.014832 -4.033783 26.466024 0.000000 0.000000 -1
0 -91.781403 31.886971 100.504814 0.250000 0.833333 -1
0 -113.218246 36.053879 26.466045 0.250000 1.000000 -1
0 -78.949020 -16.545706 147.149155 0.250000 0.666667 -1
0 -57.512177 -20.712605 178.050476 0.250000 0.500000 -1
0 -36.075344 -24.879505 147.149155 0.250000 0.333333 -1
0 101.468475 -5.676994 26.466024 0.250000 0.166667 -1
0 93.014832 -4.033783 26.466024 0.250000 0.000000 -1
0 -112.319977 40.675140 22.920269 0.000000 0.000000 -1
0 93.913101 0.587502 22.920248 0.000000 0.000000 -1
0 -112.319977 40.675140 22.920269 0.333333 1.000000 -1
0 -90.466255 38.652924 87.039726 0.333333 0.833333 -1
0 -77.023476 -6.639614 127.434883 0.333333 0.666667 -1
0 -55.182255 -8.726229 154.196198 0.333333 0.500000 -1
0 -34.149792 -14.973394 127.434883 0.333333 0.333333 -1
0 102.366745 -1.055717 22.920248 0.333333 0.166667 -1
0 93.913101 0.587502 22.920248 0.333333 0.000000 -1
0 -111.662399 44.058136 13.233021 0.000000 0.000000 -1
0 94.570694 3.970474 13.233002 0.000000 0.000000 -1
0 -89.503471 43.606033 50.252415 0.416667 0.833333 -1
0 -111.662399 44.058136 13.233021 0.416667 1.000000 -1
0 -67.009483 44.877892 73.574562 0.416667 0.666667 -1
0 -44.872257 44.314171 89.025223 0.416667 0.500000 -1
0 -24.135811 36.544106 73.574562 0.416667 0.333333 -1
0 103.024338 2.327255 13.233002 0.416667 0.166667 -1
0 94.570694 3.970474 13.233002 0.416667 0.000000 -1
0 -111.421692 45.296402 -0.000003 0.000000 0.000000 -1
0 94.811401 5.208744 -0.000020 0.000000 0.000000 -1
0 -111.421692 45.296402 -0.000003 0.500000 1.000000 -1
0 -89.151077 45.418945 -0.000005 0.500000 0.833333 -1
0 -66.493546 47.532219 -0.000007 0.500000 0.666667 -1
0 -44.247974 47.525909 -0.000009 0.500000 0.500000 -1
0 83.882736 18.302032 -0.000021 0.500000 0.333333 -1
0 103.265045 3.565525 -0.000021 0.500000 0.166667 -1
0 94.811401 5.208744 -0.000020 0.500000 0.000000 -1
0 -111.662399 44.058136 -13.233029 0.000000 0.000000 -1
0 94.570694 3.970474 -13.233048 0.000000 0.000000 -1
0 -89.503487 43.606033 -50.252415 0.583333 0.833333 -1
0 -111.662399 44.058136 -13.233029 0.583333 1.000000 -1
0 -67.009499 44.877892 -73.574593 0.583333 0.666667 -1
0 -44.872272 44.314171 -89.025253 0.583333 0.500000 -1
0 -24.135824 36.544106 -73.574593 0.583333 0.333333 -1
0 103.024338 2.327255 -13.233048 0.583333 0.166667 -1
0 94.570694 3.970474 -13.233048 0.583333 0.000000 -1
0 -112.319977 40.675140 -22.920280 0.000000 0.000000 -1
0 93.913101 0.587502 -22.920301 0.000000 0.000000 -1
0 -112.319977 40.675140 -22.920280 0.666667 1.000000 -1
0 -90.466270 38.652924 -87.039749 0.666667 0.833333 -1
0 -77.023491 -6.639614 -127.434914 0.666667 0.666667 -1
0 -55.182285 -8.726229 -154.196198 0.666667 0.500000 -1
0 -34.149815 -14.973394 -127.434914 0.666667 0.333333 -1
0 102.366745 -1.055717 -22.920301 0.666667 0.166667 -1
0 93.913101 0.587502 -22.920301 0.666667 0.000000 -1
0 -113.218246 36.053879 -26.466057 0.000000 0.000000 -1
0 93.014832 -4.033783 -26.466078 0.000000 0.000000 -1
0 -91.781433 31.886971 -100.504845 0.750000 0.833333 -1
0 -113.218246 36.053879 -26.466057 0.750000 1.000000 -1
0 -78.949051 -16.545706 -147.149139 0.750000 0.666667 -1
0 -57.512207 -20.712605 -178.050476 0.750000 0.500000 -1
0 -36.075371 -24.879505 -147.149139 0.750000 0.333333 -1
0 101.468475 -5.676994 -26.466078 0.750000 0.166667 -1
0 93.014832 -4.033783 -26.466078 0.750000 0.000000 -1
0 -114.116547 31.432602 -22.920280 0.000000 0.000000 -1
0 92.116547 -8.655045 -22.920301 0.000000 0.000000 -1
0 -114.116547 31.432602 -22.920280 0.833333 1.000000 -1
0 -93.096603 25.120987 -87.039749 0.833333 0.833333 -1
0 -80.874596 -26.451775 -127.434914 0.833333 0.666667 -1
0 -59.842117 -32.698948 -154.196198 0.833333 0.500000 -1
0 -38.000912 -34.785576 -127.434914 0.833333 0.333333 -1
0 100.570175 -10.298267 -22.920301 0.833333 0.166667 -1
0 92.116547 -8.655045 -22.920301 0.833333 0.000000 -1
0 -114.774139 28.049637 -13.233029 0.000000 0.000000 -1
0 91.458954 -12.038017 -13.233047 0.000000 0.000000 -1
0 -94.059372 20.167953 -50.252415 0.916667 0.833333 -1
0 -114.774139 28.049637 -13.233029 0.916667 1.000000 -1
0 -73.679787 10.562248 -73.574593 0.916667 0.666667 -1
0 -52.943325 2.792191 -89.025253 0.916667 0.500000 -1
0 -30.806112 2.228455 -73.574593 0.916667 0.333333 -1
0 99.912582 -13.681234 -13.233048 0.916667 0.166667 -1
0 91.458954 -12.038017 -13.233047 0.916667 0.000000 -1
0 -115.014832 26.811348 -0.000001 1.000000 1.000000 -1
0 -94.411774 18.354988 -0.000004 1.000000 0.833333 -1
0 -74.195724 7.907913 -0.000006 1.000000 0.666667 -1
0 -53.567627 -0.419559 -0.000008 1.000000 0.500000 -1
0 76.180557 -21.322268 -0.000019 1.000000 0.333333 -1
0 99.671906 -14.919527 -0.000020 1.000000 0.166667 -1
0 91.218262 -13.276310 -0.000020 1.000000 0.000000 -1
110
-0.981627 0.190811 -0.000000
-0.981627 0.190812 -0.000000
-0.981627 0.190809 -0.000000
0.215147 -0.976582 0.000000
0.982780 -0.184781 0.000000
0.268130 -0.944137 0.191604
-0.436942 -0.899489 0.000000
-0.419801 -0.907616 -0.000000
-0.542874 -0.839677 0.015205
-0.618684 -0.763896 0.183556
-0.417173 -0.908827 0.000000
-0.139170 -0.950228 -0.278743
-0.268379 -0.963313 0.000000
-0.154500 -0.972755 -0.172849
0.256466 -0.966553 0.000000
-0.047043 -0.997968 0.042965
0.999382 0.035157 0.000000
0.835933 0.225058 -0.500565
0.190809 0.981627 -0.000000
0.186275 0.958305 -0.216684
-0.981627 0.190812 0.000000
0.472533 -0.756837 0.451565
-0.845435 -0.473893 0.246303
-0.912942 -0.377703 0.154522
-0.658541 -0.749199 -0.070889
-0.190710 -0.981117 -0.032245
0.128423 -0.988740 0.076811
0.979087 0.047842 -0.197738
0.153781 0.791136 -0.591993
-0.981627 0.190809 0.000000
0.750182 -0.144016 0.645358
-0.833461 0.326463 0.445830
-0.941526 0.183015 0.282905
-0.670313 0.331108 0.664114
0.000000 -0.000001 1.000000
0.744369 -0.075049 0.663537
0.862653 -0.041133 -0.504121
0.000000 0.000001 -1.000000
-0.981628 0.190806 0.000000
0.712823 0.533080 0.455752
-0.606350 0.756091 0.246303
0.269929 0.916933 0.293892
0.034737 0.854159 0.518851
0.159907 0.822652 0.545594
0.541657 0.657363 0.523910
0.931980 -0.316734 -0.176331
-0.153781 -0.791136 -0.591993
-0.981628 0.190807 -0.000001
0.586867 0.786236 0.193441
-0.094653 0.980979 0.169474
-0.287475 0.940035 0.183556
-0.286061 0.903632 0.318776
0.197281 0.837147 0.510161
0.563065 0.461168 0.685771
0.706282 -0.522308 0.477870
-0.186275 -0.958306 -0.216683
-0.981627 0.190808 -0.000000
0.548194 0.836351 0.000000
-0.068170 0.997674 0.000000
-0.049232 0.998787 0.000000
-0.046342 0.998926 0.000000
0.112026 0.993705 -0.000000
0.599867 0.800099 0.000000
0.913441 -0.406971 -0.000000
-0.190809 -0.981627 -0.000000
-0.981628 0.190807 0.000001
0.586867 0.786236 -0.193441
-0.094653 0.980979 -0.169474
-0.287475 0.940035 -0.183556
-0.286061 0.903632 -0.318776
0.197281 0.837147 -0.510161
0.563065 0.461168 -0.685771
0.706282 -0.522308 -0.477870
-0.186275 -0.958306 0.216683
-0.981628 0.190806 -0.000000
0.712823 0.533080 -0.455752
-0.606350 0.756091 -0.246303
0.269928 0.916933 -0.293892
0.034737 0.854159 -0.518851
0.159907 0.822652 -0.545594
0.541657 0.657363 -0.523910
0.931980 -0.316734 0.176331
-0.153781 -0.791136 0.591993
-0.981627 0.190809 0.000000
0.750182 -0.144016 -0.645358
-0.833462 0.326462 -0.445830
-0.941526 0.183015 -0.282905
-0.670313 0.331108 -0.664114
0.000000 -0.000001 -1.000000
0.744369 -0.075049 -0.663537
0.862653 -0.041133 0.504120
0.000000 0.000001 1.000000
-0.981627 0.190812 -0.000000
0.472533 -0.756837 -0.451565
-0.845434 -0.473894 -0.246303
-0.912942 -0.377704 -0.154522
-0.658541 -0.749199 0.070889
-0.190710 -0.981117 0.032246
0.128423 -0.988740 -0.076811
0.979087 0.047842 0.197738
0.153781 0.791136 0.591993
-0.981627 0.190812 0.000000
0.268130 -0.944137 -0.191604
-0.542874 -0.839677 -0.015205
-0.618684 -0.763896 -0.183556
-0.139170 -0.950228 0.278743
-0.154500 -0.972755 0.172849
-0.047043 -0.997968 -0.042965
0.835933 0.225058 0.500564
0.186276 0.958306 0.216684
168
0 0 1 2 0 1 2 2
0 3 4 5 3 4 5 2
0 6 7 8 6 7 8 1
0 6 8 9 6 8 9 1
0 7 10 8 7 10 8 1
0 10 11 8 10 11 8 1
0 10 12 13 10 12 13 1
0 10 13 11 10 13 11 1
0 12 14 13 12 14 13 1
0 14 15 13 14 15 13 1
0 14 16 17 14 16 17 1
0 14 17 15 14 17 15 1
0 16 3 17 16 18 17 1
0 3 18 17 18 19 17 1
0 1 19 2 1 20 2 2
0 5 4 20 5 4 21 2
0 9 8 21 9 8 22 1
0 8 22 21 8 23 22 1
0 8 11 23 8 11 24 1
0 8 23 22 8 24 23 1
0 11 13 23 11 13 24 1
0 13 24 23 13 25 24 1
0 13 15 25 13 15 26 1
0 13 25 24 13 26 25 1
0 15 17 25 15 17 26 1
0 17 26 25 17 27 26 1
0 17 18 27 17 19 28 1
0 17 27 26 17 28 27 1
0 19 28 2 20 29 2 2
0 20 4 29 21 4 30 2
0 21 22 30 22 23 31 1
0 21 30 31 22 31 32 1
0 22 23 30 23 24 31 1
0 23 32 30 24 33 31 1
0 23 24 33 24 25 34 1
0 23 33 32 24 34 33 1
0 24 25 33 25 26 34 1
0 25 34 33 26 35 34 1
0 25 26 35 26 27 36 1
0 25 35 34 26 36 35 1
0 26 27 35 27 28 36 1
0 27 36 35 28 37 36 1
0 28 37 2 29 38 2 2
0 29 4 38 30 4 39 2
0 31 30 39 32 31 40 1
0 30 40 39 31 41 40 1
0 30 32 41 31 33 42 1
0 30 41 40 31 42 41 1
0 32 33 41 33 34 42 1
0 33 42 41 34 43 42 1
0 33 34 43 34 35 44 1
0 33 43 42 34 44 43 1
0 34 35 43 35 36 44 1
0 35 44 43 36 45 44 1
0 35 36 45 36 37 46 1
0 35 45 44 36 46 45 1
0 37 46 2 38 47 2 2
0 38 4 47 39 4 48 2
0 39 40 48 40 41 49 1
0 39 48 49 40 49 50 1
0 40 41 48 41 42 49 1
0 41 50 48 42 51 49 1
0 41 42 51 42 43 52 1
0 41 51 50 42 52 51 1
0 42 43 51 43 44 52 1
0 43 52 51 44 53 52 1
0 43 44 53 44 45 54 1
0 43 53 52 44 54 53 1
0 44 45 53 45 46 54 1
0 45 54 53 46 55 54 1
0 46 55 2 47 56 2 2
0 47 4 56 48 4 57 2
0 49 48 57 50 49 58 1
0 48 58 57 49 59 58 1
0 48 50 59 49 51 60 1
0 48 59 58 49 60 59 1
0 50 51 59 51 52 60 1
0 51 60 59 52 61 60 1
0 51 52 61 52 53 62 1
0 51 61 60 52 62 61 1
0 52 53 61 53 54 62 1
0 53 62 61 54 63 62 1
0 53 54 63 54 55 64 1
0 53 63 62 54 64 63 1
0 55 64 2 56 65 2 2
0 56 4 65 57 4 66 2
0 57 58 66 58 59 67 1
0 57 66 67 58 67 68 1
0 58 59 66 59 60 67 1
0 59 68 66 60 69 67 1
0 59 60 69 60 61 70 1
0 59 69 68 60 70 69 1
0 60 61 69 61 62 70 1
0 61 70 69 62 71 70 1
0 61 62 71 62 63 72 1
0 61 71 70 62 72 71 1
0 62 63 71 63 64 72 1
0 63 72 71 64 73 72 1
0 64 73 2 65 74 2 2
0 65 4 74 66 4 75 2
0 67 66 75 68 67 76 1
0 66 76 75 67 77 76 1
0 66 68 77 67 69 78 1
0 66 77 76 67 78 77 1
0 68 69 77 69 70 78 1
0 69 78 77 70 79 78 1
0 69 70 79 70 71 80 1
0 69 79 78 70 80 79 1
0 70 71 79 71 72 80 1
0 71 80 79 72 81 80 1
0 71 72 81 72 73 82 1
0 71 81 80 72 82 81 1
0 73 82 2 74 83 2 2
0 74 4 83 75 4 84 2
0 75 76 84 76 77 85 1
0 75 84 85 76 85 86 1
0 76 77 84 77 78 85 1
0 77 86 84 78 87 85 1
0 77 78 87 78 79 88 1
0 77 87 86 78 88 87 1
0 78 79 87 79 80 88 1
0 79 88 87 80 89 88 1
0 79 80 89 80 81 90 1
0 79 89 88 80 90 89 1
0 80 81 89 81 82 90 1
0 81 90 89 82 91 90 1
0 82 91 2 83 92 2 2
0 83 4 92 84 4 93 2
0 85 84 93 86 85 94 1
0 84 94 93 85 95 94 1
0 84 86 95 85 87 96 1
0 84 95 94 85 96 95 1
0 86 87 95 87 88 96 1
0 87 96 95 88 97 96 1
0 87 88 97 88 89 98 1
0 87 97 96 88 98 97 1
0 88 89 97 89 90 98 1
0 89 98 97 90 99 98 1
0 89 90 99 90 91 100 1
0 89 99 98 90 100 99 1
0 91 100 2 92 101 2 2
0 92 4 101 93 4 102 2
0 93 94 102 94 95 103 1
0 93 102 103 94 103 104 1
0 94 95 102 95 96 103 1
0 95 104 102 96 105 103 1
0 95 96 105 96 97 106 1
0 95 105 104 96 106 105 1
0 96 97 105 97 98 106 1
0 97 106 105 98 107 106 1
0 97 98 107 98 99 108 1
0 97 107 106 98 108 107 1
0 98 99 107 99 100 108 1
0 99 108 107 100 109 108 1
0 100 0 2 101 0 2 2
0 101 4 3 102 4 3 2
0 103 102 109 104 103 6 1
0 102 110 109 103 7 6 1
0 102 104 111 103 105 10 1
0 102 111 110 103 10 7 1
0 104 105 111 105 106 10 1
0 105 112 111 106 12 10 1
0 105 106 113 106 107 14 1
0 105 113 112 106 14 12 1
0 106 107 113 107 108 14 1
0 107 114 113 108 16 14 1
0 107 108 115 108 109 18 1
0 107 115 114 108 18 16 1
"Stick1" 1 0
41
1 -84.615746 -24.842949 132.000000 0.000000 0.000000 -1
1 -84.615753 -29.054790 124.704857 0.000000 0.000000 -1
1 -84.615746 -33.266632 132.000000 0.000000 0.000000 -1
1 31.384258 -24.842949 132.000000 0.000000 0.000000 -1
1 -10.615742 -33.266632 132.000000 0.000000 0.000000 -1
1 31.384251 -29.054790 124.704857 0.000000 0.000000 -1
1 -84.615746 -24.842949 132.000000 0.000000 1.000000 -1
1 -61.282402 -19.001049 132.000000 0.000000 0.666667 -1
1 -84.615753 -29.054790 124.704857 0.166667 1.000000 -1
1 -61.282410 -26.133841 119.645615 0.166667 0.666667 -1
1 -37.949081 -19.001049 132.000000 0.000000 0.333333 -1
1 -37.949081 -26.133841 119.645615 0.166667 0.333333 -1
1 31.384251 -29.054790 124.704857 0.166667 0.000000 -1
1 -84.615753 -37.478474 124.704857 0.000000 0.000000 -1
1 31.384251 -37.478474 124.704857 0.000000 0.000000 -1
1 -61.282410 -40.399426 119.645615 0.333333 0.666667 -1
1 -84.615753 -37.478474 124.704857 0.333333 1.000000 -1
1 -37.949081 -40.399426 119.645615 0.333333 0.333333 -1
1 31.384251 -37.478474 124.704857 0.333333 0.000000 -1
1 -84.615746 -41.690315 132.000000 0.000000 0.000000 -1
1 31.384258 -41.690315 132.000000 0.000000 0.000000 -1
1 -84.615746 -41.690315 132.000000 0.500000 1.000000 -1
1 -61.282402 -47.532215 132.000000 0.500000 0.666667 -1
1 -37.949081 -47.532215 132.000000 0.500000 0.333333 -1
1 31.384258 -41.690315 132.000000 0.500000 0.000000 -1
1 -84.615746 -37.478474 139.295135 0.000000 0.000000 -1
1 31.384258 -37.478474 139.295135 0.000000 0.000000 -1
1 -61.282402 -40.399426 144.354370 0.666667 0.666667 -1
1 -84.615746 -37.478474 139.295135 0.666667 1.000000 -1
1 -37.949078 -40.399426 144.354370 0.666667 0.333333 -1
1 31.384258 -37.478474 139.295135 0.666667 0.000000 -1
1 -84.615746 -29.054790 139.295135 0.000000 0.000000 -1
1 31.384258 -29.054790 139.295135 0.000000 0.000000 -1
1 -84.615746 -29.054790 139.295135 0.833333 1.000000 -1
1 -61.282402 -26.133841 144.354370 0.833333 0.666667 -1
1 -37.949078 -26.133841 144.354370 0.833333 0.333333 -1
1 31.384258 -29.054790 139.295135 0.833333 0.000000 -1
1 -61.282402 -19.001049 132.000000 1.000000 0.666667 -1
1 -84.615746 -24.842949 132.000000 1.000000 1.000000 -1
1 -37.949081 -19.001049 132.000000 1.000000 0.333333 -1
1 31.384258 -24.842949 132.000000 1.000000 0.000000 -1
34
-1.000000 0.000000 0.000001
-1.000000 0.000000 0.000001
0.196648 -0.980474 -0.000000
1.000000 0.000000 -0.000001
0.196648 -0.490238 0.849115
-0.242871 0.970059 0.000000
-0.122809 0.992430 0.000000
-0.242871 0.485030 -0.840095
-0.122809 0.496216 -0.859470
0.042036 0.999116 0.000000
0.042036 0.499558 -0.865260
0.083961 0.996469 0.000000
0.083961 0.498235 -0.862967
0.196648 0.490238 0.849115
-0.122809 -0.496216 -0.859470
-0.242871 -0.485030 -0.840095
0.042036 -0.499559 -0.865260
0.083961 -0.498235 -0.862967
0.196648 0.980474 -0.000000
-0.242871 -0.970059 0.000000
-0.122809 -0.992430 0.000000
0.042036 -0.999116 0.000000
0.083961 -0.996469 0.000000
-1.000000 0.000000 0.000000
0.196648 0.490237 -0.849115
-0.122809 -0.496215 0.859470
-0.242871 -0.485030 0.840095
0.042036 -0.499558 0.865260
0.083961 -0.498235 0.862967
0.196648 -0.490237 -0.849115
-0.242871 0.485030 0.840095
-0.122809 0.496215 0.859470
0.042036 0.499558 0.865260
0.083961 0.498235 0.862967
48
1 0 1 2 0 1 0 2
1 3 4 5 2 3 4 2
1 6 7 8 5 6 7 1
1 7 9 8 6 8 7 1
1 7 10 11 6 9 10 1
1 7 11 9 6 10 8 1
1 10 3 11 9 11 10 1
1 3 12 11 11 12 10 1
1 1 13 2 1 1 0 2
1 5 4 14 4 3 13 2
1 8 9 15 7 8 14 1
1 8 15 16 7 14 15 1
1 9 11 15 8 10 14 1
1 11 17 15 10 16 14 1
1 11 12 18 10 12 17 1
1 11 18 17 10 17 16 1
1 13 19 2 1 0 0 2
1 14 4 20 13 3 18 2
1 16 15 21 15 14 19 1
1 15 22 21 14 20 19 1
1 15 17 23 14 16 21 1
1 15 23 22 14 21 20 1
1 17 18 23 16 17 21 1
1 18 24 23 17 22 21 1
1 19 25 2 0 23 0 2
1 20 4 26 18 3 24 2
1 21 22 27 19 20 25 1
1 21 27 28 19 25 26 1
1 22 23 27 20 21 25 1
1 23 29 27 21 27 25 1
1 23 24 30 21 22 28 1
1 23 30 29 21 28 27 1
1 25 31 2 23 23 0 2
1 26 4 32 24 3 29 2
1 28 27 33 26 25 30 1
1 27 34 33 25 31 30 1
1 27 29 35 25 27 32 1
1 27 35 34 25 32 31 1
1 29 30 35 27 28 32 1
1 30 36 35 28 33 32 1
1 31 0 2 23 0 0 2
1 32 4 3 29 3 2 2
1 33 34 37 30 31 6 1
1 33 37 38 30 6 5 1
1 34 35 37 31 32 6 1
1 35 39 37 32 9 6 1
1 35 36 40 32 33 11 1
1 35 40 39 32 11 9 1
"Stick2" 1 0
41
1 -84.615776 -33.266632 -132.000000 0.000000 0.000000 -1
1 -84.615768 -29.054790 -124.704887 0.000000 0.000000 -1
1 -84.615776 -24.842949 -132.000000 0.000000 0.000000 -1
1 31.384235 -29.054790 -124.704887 0.000000 0.000000 -1
1 -10.615772 -33.266632 -132.000000 0.000000 0.000000 -1
1 31.384228 -24.842949 -132.000000 0.000000 0.000000 -1
1 -84.615768 -29.054790 -124.704887 0.166667 1.000000 -1
1 -61.282433 -19.001049 -132.000000 0.000000 0.666667 -1
1 -84.615776 -24.842949 -132.000000 0.000000 1.000000 -1
1 -61.282425 -26.133841 -119.645638 0.166667 0.666667 -1
1 -37.949100 -26.133841 -119.645638 0.166667 0.333333 -1
1 -37.949104 -19.001049 -132.000000 0.000000 0.333333 -1
1 31.384235 -29.054790 -124.704887 0.166667 0.000000 -1
1 -84.615768 -37.478474 -124.704887 0.000000 0.000000 -1
1 31.384235 -37.478474 -124.704887 0.000000 0.000000 -1
1 -61.282425 -40.399426 -119.645638 0.333333 0.666667 -1
1 -84.615768 -37.478474 -124.704887 0.333333 1.000000 -1
1 -37.949100 -40.399426 -119.645638 0.333333 0.333333 -1
1 31.384235 -37.478474 -124.704887 0.333333 0.000000 -1
1 -84.615776 -41.690315 -132.000000 0.000000 0.000000 -1
1 31.384228 -41.690315 -132.000000 0.000000 0.000000 -1
1 -84.615776 -41.690315 -132.000000 0.500000 1.000000 -1
1 -61.282433 -47.532215 -132.000000 0.500000 0.666667 -1
1 -37.949104 -47.532215 -132.000000 0.500000 0.333333 -1
1 31.384228 -41.690315 -132.000000 0.500000 0.000000 -1
1 -84.615776 -37.478474 -139.295135 0.000000 0.000000 -1
1 31.384228 -37.478474 -139.295135 0.000000 0.000000 -1
1 -61.282433 -40.399426 -144.354370 0.666667 0.666667 -1
1 -84.615776 -37.478474 -139.295135 0.666667 1.000000 -1
1 -37.949104 -40.399426 -144.354370 0.666667 0.333333 -1
1 31.384228 -37.478474 -139.295135 0.666667 0.000000 -1
1 -84.615776 -29.054790 -139.295135 0.000000 0.000000 -1
1 31.384228 -29.054790 -139.295135 0.000000 0.000000 -1
1 -84.615776 -29.054790 -139.295135 0.833333 1.000000 -1
1 -61.282433 -26.133841 -144.354370 0.833333 0.666667 -1
1 -37.949104 -26.133841 -144.354370 0.833333 0.333333 -1
1 31.384228 -29.054790 -139.295135 0.833333 0.000000 -1
1 -61.282433 -19.001049 -132.000000 1.000000 0.666667 -1
1 -84.615776 -24.842949 -132.000000 1.000000 1.000000 -1
1 -37.949104 -19.001049 -132.000000 1.000000 0.333333 -1
1 31.384228 -24.842949 -132.000000 1.000000 0.000000 -1
34
-1.000000 0.000000 0.000001
-1.000000 0.000000 0.000001
0.196647 -0.490237 -0.849116
1.000000 0.000000 -0.000003
0.196648 -0.980474 -0.000001
-0.242871 0.485029 0.840095
-0.122809 0.992430 0.000000
-0.242871 0.970059 0.000001
-0.122809 0.496215 0.859470
0.042036 0.499558 0.865260
0.042036 0.999116 0.000000
0.083961 0.996469 0.000000
0.083961 0.498234 0.862968
0.196647 0.490237 -0.849116
-0.122809 -0.496215 0.859470
-0.242871 -0.485029 0.840096
0.042036 -0.499558 0.865260
0.083961 -0.498234 0.862968
0.196648 0.980474 -0.000001
-0.242871 -0.970059 0.000000
-0.122809 -0.992430 0.000000
0.042036 -0.999116 0.000000
0.083961 -0.996469 0.000001
-1.000000 0.000000 0.000000
0.196648 0.490237 0.849115
-0.122809 -0.496215 -0.859470
-0.242871 -0.485030 -0.840095
0.042036 -0.499558 -0.865260
0.083961 -0.498235 -0.862967
0.196648 -0.490237 0.849115
-0.242871 0.485030 -0.840095
-0.122809 0.496215 -0.859470
0.042036 0.499558 -0.865260
0.083961 0.498235 -0.862967
48
1 0 1 2 0 1 0 2
1 3 4 5 2 3 4 2
1 6 7 8 5 6 7 1
1 6 9 7 5 8 6 1
1 10 11 7 9 10 6 1
1 9 10 7 8 9 6 1
1 10 5 11 9 11 10 1
1 10 12 5 9 12 11 1
1 0 13 1 0 1 1 2
1 14 4 3 13 3 2 2
1 15 9 6 14 8 5 1
1 16 15 6 15 14 5 1
1 15 10 9 14 9 8 1
1 15 17 10 14 16 9 1
1 18 12 10 17 12 9 1
1 17 18 10 16 17 9 1
1 0 19 13 0 0 1 2
1 20 4 14 18 3 13 2
1 21 15 16 19 14 15 1
1 21 22 15 19 20 14 1
1 23 17 15 21 16 14 1
1 22 23 15 20 21 14 1
1 23 18 17 21 17 16 1
1 23 24 18 21 22 17 1
1 0 25 19 0 23 0 2
1 26 4 20 24 3 18 2
1 27 22 21 25 20 19 1
1 28 27 21 26 25 19 1
1 27 23 22 25 21 20 1
1 27 29 23 25 27 21 1
1 30 24 23 28 22 21 1
1 29 30 23 27 28 21 1
1 0 31 25 0 23 23 2
1 32 4 26 29 3 24 2
1 33 27 28 30 25 26 1
1 33 34 27 30 31 25 1
1 35 29 27 32 27 25 1
1 34 35 27 31 32 25 1
1 35 30 29 32 28 27 1
1 35 36 30 32 33 28 1
1 0 2 31 0 0 23 2
1 5 4 32 4 3 29 2
1 37 34 33 6 31 30 1
1 38 37 33 7 6 30 1
1 37 35 34 6 32 31 1
1 37 39 35 6 10 32 1
1 40 36 35 11 33 32 1
1 39 40 35 10 11 32 1

Materials: 1
"Material01"
0.200000 0.200000 0.200000 1.000000
0.800000 0.800000 0.800000 1.000000
0.000000 0.000000 0.000000 1.000000
0.000000 0.000000 0.000000 1.000000
0.000000
1.000000
"E5Root.tga"
""

Bones: 0
GroupComments: 0
MaterialComments: 0
BoneComments: 0
ModelComment: 0
