// MilkShape 3D ASCII

Frames: 40
Frame: 1

Meshes: 1
"Body" 0 0
143
0 -115.014832 26.811348 -0.000001 0.000000 0.500000 -1
0 -114.774139 28.049637 13.233021 0.000501 0.550386 -1
0 -113.218246 36.053879 -0.000003 0.003740 0.500000 -1
0 91.218262 -13.276310 -0.000020 0.829087 0.198106 -1
0 111.014832 -8.033783 -0.000022 0.829087 0.215769 -1
0 91.458954 -12.038017 13.233004 0.835767 0.198321 -1
0 -115.014832 26.811348 -0.000001 0.829087 0.014099 -1
0 -94.411774 18.354988 -0.000004 0.829087 0.032481 -1
0 -94.059372 20.167953 50.252415 0.854454 0.032796 -1
0 -114.774139 28.049637 13.233021 0.835767 0.014313 -1
0 -74.195724 7.907913 -0.000006 0.829087 0.050519 -1
0 -73.679771 10.562248 73.574562 0.866226 0.050979 -1
0 -53.567627 -0.419559 -0.000008 0.829087 0.068924 -1
0 -52.943310 2.792191 89.025223 0.874026 0.069481 -1
0 76.180557 -21.322268 -0.000019 0.829087 0.184689 -1
0 76.180557 -21.322268 -0.000019 0.492062 0.874021 -1
0 -30.806099 2.228455 73.574562 0.364702 0.491703 -1
0 -52.943310 2.792191 89.025223 0.337956 0.412596 -1
0 99.671906 -14.919527 -0.000020 0.829087 0.205649 -1
0 99.912582 -13.681234 13.233002 0.835767 0.205863 -1
0 -30.806099 2.228455 73.574562 0.866226 0.089232 -1
0 99.671906 -14.919527 -0.000020 0.492062 0.957968 -1
0 91.218262 -13.276310 -0.000020 0.492062 0.927758 -1
0 99.912582 -13.681234 13.233002 0.469155 0.958828 -1
0 91.458954 -12.038017 13.233004 0.469155 0.928618 -1
0 -114.116547 31.432602 22.920269 0.001870 0.587271 -1
0 92.116547 -8.655045 22.920248 0.840657 0.198908 -1
0 -114.116547 31.432602 22.920269 0.840657 0.014900 -1
0 -93.096603 25.120987 87.039726 0.873024 0.033655 -1
0 -80.874580 69.113434 101.390533 0.880268 0.044560 -1
0 -59.842087 61.304466 122.682495 0.891015 0.063325 -1
0 -38.000889 58.696178 101.390533 0.880268 0.082813 -1
0 100.570175 -10.298267 22.920248 0.840657 0.206450 -1
0 92.116547 -8.655045 22.920248 0.452386 0.930968 -1
0 100.570175 -10.298267 22.920248 0.452386 0.961178 -1
0 -113.218246 36.053879 26.466045 0.003740 0.600772 -1
0 93.014832 -4.033783 26.466024 0.842447 0.199709 -1
0 -91.781403 31.886971 100.504814 0.879821 0.034828 -1
0 -113.218246 36.053879 26.466045 0.842447 0.015702 -1
0 -78.949020 81.496025 117.075706 0.888185 0.046278 -1
0 -57.512177 76.287399 131.316238 0.895374 0.065404 -1
0 -36.075344 71.078773 117.075706 0.888185 0.084531 -1
0 101.468475 -5.676994 26.466024 0.842447 0.207252 -1
0 101.468475 -5.676994 26.466024 0.446248 0.964388 -1
0 93.014832 -4.033783 26.466024 0.446248 0.934178 -1
0 -112.319977 40.675140 22.920269 0.005611 0.587271 -1
0 111.014832 -8.033783 -0.000022 0.492062 0.998502 -1
0 93.913101 0.587502 22.920248 0.452386 0.937388 -1
0 -113.218246 36.053879 26.466045 0.446248 0.197203 -1
0 -91.781403 31.886971 100.504814 0.318085 0.273807 -1
0 -112.319977 40.675140 22.920269 0.452386 0.200413 -1
0 -90.466255 38.652924 87.039726 0.341393 0.278507 -1
0 -78.949020 81.496025 117.075706 0.289400 0.319664 -1
0 -77.023476 93.878632 101.390533 0.316551 0.326545 -1
0 -57.512177 76.287399 131.316238 0.264749 0.396269 -1
0 -55.182255 91.270363 122.682495 0.279694 0.404595 -1
0 -36.075344 71.078773 117.075706 0.289400 0.472873 -1
0 -34.149792 83.461411 101.390533 0.316551 0.479754 -1
0 102.366745 -1.055717 22.920248 0.452386 0.967598 -1
0 93.913101 0.587502 22.920248 0.840657 0.200511 -1
0 102.366745 -1.055717 22.920248 0.840657 0.208053 -1
0 -111.662399 44.058136 13.233021 0.006980 0.550386 -1
0 94.570694 3.970474 13.233002 0.469155 0.939738 -1
0 -89.503471 43.606033 50.252415 0.405073 0.281948 -1
0 -111.662399 44.058136 13.233021 0.469155 0.202762 -1
0 -67.009483 51.877892 73.574562 0.364702 0.362330 -1
0 -44.872257 51.314171 89.025223 0.337956 0.441438 -1
0 -24.135811 36.544106 73.574562 0.364702 0.515540 -1
0 103.024338 2.327255 13.233002 0.469155 0.969948 -1
0 103.024338 2.327255 13.233002 0.835767 0.208640 -1
0 94.570694 3.970474 13.233002 0.835767 0.201097 -1
0 -111.421692 45.296402 -0.000003 0.007481 0.500000 -1
0 94.811401 5.208744 -0.000020 0.492062 0.940599 -1
0 -111.421692 45.296402 -0.000003 0.492062 0.203623 -1
0 -89.151077 45.418945 -0.000005 0.492062 0.283207 -1
0 -66.493546 54.532219 -0.000007 0.492062 0.364174 -1
0 -44.247974 54.525909 -0.000009 0.492062 0.443668 -1
0 -44.872257 51.314171 89.025223 0.874026 0.076682 -1
0 -24.135811 36.544106 73.574562 0.866226 0.095184 -1
0 83.882736 25.302034 -0.000021 0.829087 0.191561 -1
0 83.882736 25.302034 -0.000021 0.492062 0.901545 -1
0 103.265045 3.565525 -0.000021 0.492062 0.970808 -1
0 94.811401 5.208744 -0.000020 0.829087 0.201312 -1
0 103.265045 3.565525 -0.000021 0.829087 0.208855 -1
0 -111.662399 44.058136 -13.233029 0.006980 0.449614 -1
0 94.570694 3.970474 -13.233048 0.514969 0.939738 -1
0 -89.503487 43.606033 -50.252415 0.579051 0.281948 -1
0 -111.662399 44.058136 -13.233029 0.514969 0.202762 -1
0 -67.009499 51.877892 -73.574593 0.619422 0.362330 -1
0 -44.872272 51.314171 -89.025253 0.646168 0.441438 -1
0 -24.135824 36.544106 -73.574593 0.791947 0.095184 -1
0 -44.872272 51.314171 -89.025253 0.784148 0.076682 -1
0 103.024338 2.327255 -13.233048 0.514969 0.969948 -1
0 -24.135824 36.544106 -73.574593 0.619422 0.515539 -1
0 103.024338 2.327255 -13.233048 0.822407 0.208640 -1
0 94.570694 3.970474 -13.233048 0.822407 0.201097 -1
0 -112.319977 40.675140 -22.920280 0.005611 0.412729 -1
0 93.913101 0.587502 -22.920301 0.531738 0.937388 -1
0 -112.319977 40.675140 -22.920280 0.531738 0.200413 -1
0 -90.466270 38.652924 -87.039749 0.642731 0.278507 -1
0 -77.023491 93.878632 -101.390511 0.667573 0.326545 -1
0 -55.182285 91.270363 -122.682526 0.704430 0.404595 -1
0 -34.149815 83.461411 -101.390511 0.667573 0.479754 -1
0 102.366745 -1.055717 -22.920301 0.531738 0.967598 -1
0 93.913101 0.587502 -22.920301 0.817517 0.200511 -1
0 102.366745 -1.055717 -22.920301 0.817517 0.208053 -1
0 -113.218246 36.053879 -26.466057 0.003740 0.399228 -1
0 93.014832 -4.033783 -26.466078 0.537876 0.934178 -1
0 -91.781433 31.886971 -100.504845 0.666040 0.273807 -1
0 -113.218246 36.053879 -26.466057 0.537876 0.197203 -1
0 -78.949051 81.496025 -117.075676 0.694724 0.319664 -1
0 -57.512207 76.287399 -131.316238 0.719375 0.396269 -1
0 -36.075371 71.078773 -117.075676 0.694724 0.472873 -1
0 101.468475 -5.676994 -26.466078 0.537876 0.964388 -1
0 101.468475 -5.676994 -26.466078 0.815727 0.207252 -1
0 93.014832 -4.033783 -26.466078 0.815727 0.199709 -1
0 -114.116547 31.432602 -22.920280 0.001870 0.412729 -1
0 92.116547 -8.655045 -22.920301 0.817517 0.198908 -1
0 -113.218246 36.053879 -26.466057 0.815727 0.015702 -1
0 -91.781433 31.886971 -100.504845 0.778353 0.034828 -1
0 -114.116547 31.432602 -22.920280 0.817517 0.014900 -1
0 -93.096603 25.120987 -87.039749 0.785150 0.033655 -1
0 -78.949051 81.496025 -117.075676 0.769989 0.046278 -1
0 -80.874596 69.113434 -101.390511 0.777906 0.044560 -1
0 -57.512207 76.287399 -131.316238 0.762800 0.065404 -1
0 -59.842117 61.304466 -122.682526 0.767158 0.063325 -1
0 -36.075371 71.078773 -117.075676 0.769989 0.084531 -1
0 -38.000912 58.696178 -101.390511 0.777906 0.082813 -1
0 100.570175 -10.298267 -22.920301 0.817517 0.206450 -1
0 92.116547 -8.655045 -22.920301 0.531738 0.930968 -1
0 100.570175 -10.298267 -22.920301 0.531738 0.961178 -1
0 -114.774139 28.049637 -13.233029 0.000501 0.449614 -1
0 91.458954 -12.038017 -13.233047 0.822407 0.198321 -1
0 -94.059372 20.167953 -50.252415 0.803720 0.032796 -1
0 -114.774139 28.049637 -13.233029 0.822407 0.014313 -1
0 -73.679787 10.562248 -73.574593 0.791947 0.050979 -1
0 -52.943325 2.792191 -89.025253 0.784148 0.069481 -1
0 -30.806112 2.228455 -73.574593 0.791947 0.089232 -1
0 99.912582 -13.681234 -13.233048 0.822407 0.205863 -1
0 99.912582 -13.681234 -13.233048 0.514969 0.958828 -1
0 91.458954 -12.038017 -13.233047 0.514969 0.928618 -1
0 -52.943325 2.792191 -89.025253 0.646168 0.412595 -1
0 -30.806112 2.228455 -73.574593 0.619422 0.491703 -1
141
-0.981627 0.190811 -0.000000
-0.981627 0.190812 -0.000000
-0.981627 0.190809 -0.000000
0.255996 -0.966678 0.000000
0.475518 -0.879706 0.000000
0.316202 -0.930325 0.185775
-0.436942 -0.899489 0.000000
-0.419801 -0.907616 -0.000000
-0.455925 -0.872410 0.176164
-0.618684 -0.763896 0.183556
-0.417173 -0.908827 0.000000
-0.618730 -0.704129 0.348391
-0.268379 -0.963313 0.000000
-0.208029 -0.817836 0.536533
0.061207 -0.998125 0.000000
0.997176 0.075094 0.000000
0.572539 0.043116 0.818743
0.262965 -0.964805 0.000000
0.117356 -0.877435 0.465119
0.346786 -0.581325 0.736071
0.190808 0.981627 -0.000000
0.190809 0.981627 -0.000000
0.186276 0.958306 -0.216684
0.186275 0.958305 -0.216684
-0.981627 0.190812 0.000000
0.533952 -0.733610 0.420371
-0.845435 -0.473893 0.246303
0.230574 -0.941094 0.247342
-0.121816 -0.671954 0.730505
-0.077040 -0.494044 0.866017
0.293942 -0.623822 0.724185
-0.069668 -0.806958 0.586485
0.153781 0.791136 -0.591993
0.153782 0.791136 -0.591993
-0.981627 0.190809 0.000000
0.659312 -0.534153 0.529139
0.042871 -0.803047 0.594371
-0.960618 -0.025571 0.276694
0.350494 -0.755552 0.553440
-0.144049 -0.650513 0.745709
0.088400 -0.787070 0.610497
-0.048962 -0.995767 -0.077792
0.571442 0.805940 -0.154644
0.114794 0.590570 -0.798780
-0.981628 0.190806 0.000000
0.819149 0.240363 0.520789
0.790283 0.612743 0.000000
0.785064 0.462804 0.411688
-0.881090 0.383564 0.276694
-0.908286 0.386551 0.159983
-0.606350 0.756091 0.246303
-0.809208 0.576397 0.113791
-0.698251 0.601070 0.388794
-0.499768 0.857086 -0.125040
0.144050 0.650512 0.745710
0.108458 0.993671 0.029235
0.591730 0.595816 0.543009
0.458723 0.886218 0.064737
0.645096 0.578235 0.499495
-0.114794 -0.590568 -0.798781
-0.153781 -0.791136 -0.591993
-0.153781 -0.791136 -0.591993
-0.981628 0.190807 -0.000001
0.670923 0.718966 0.181522
-0.305294 0.952179 -0.012311
-0.287475 0.940035 0.183556
0.178467 0.907694 -0.379790
0.075988 0.882126 -0.464844
-0.078790 0.807841 -0.584110
0.517641 0.855191 0.026404
-0.186275 -0.958306 -0.216683
-0.981627 0.190808 -0.000000
0.632813 0.774304 0.000000
-0.068170 0.997674 0.000000
-0.192762 0.981246 0.000000
-0.189923 0.981799 0.000000
0.112026 0.993705 -0.000000
0.554608 -0.087038 0.827547
0.987909 -0.155038 -0.000000
0.519122 0.854700 0.000000
0.746369 0.665532 0.000000
-0.190809 -0.981627 -0.000000
-0.190809 -0.981627 -0.000000
-0.981628 0.190807 0.000001
0.670923 0.718966 -0.181522
-0.305294 0.952179 0.012311
-0.287475 0.940035 -0.183556
0.178467 0.907694 0.379790
0.075988 0.882126 0.464844
0.554608 -0.087038 -0.827547
0.517641 0.855191 -0.026404
-0.078790 0.807841 0.584111
-0.186275 -0.958306 0.216683
-0.981628 0.190806 -0.000000
0.785064 0.462804 -0.411688
-0.606350 0.756091 -0.246303
-0.809208 0.576397 -0.113790
-0.499768 0.857086 0.125041
0.108457 0.993671 -0.029235
0.458723 0.886218 -0.064737
0.645096 0.578235 -0.499495
-0.153781 -0.791136 0.591993
-0.153781 -0.791136 0.591993
-0.981627 0.190809 0.000000
0.819149 0.240363 -0.520789
-0.908286 0.386551 -0.159982
-0.881090 0.383564 -0.276693
-0.698251 0.601070 -0.388794
0.144050 0.650512 -0.745710
0.591730 0.595816 -0.543009
0.571442 0.805940 0.154644
-0.048962 -0.995767 0.077792
-0.114794 -0.590568 0.798781
-0.981627 0.190812 -0.000000
0.659312 -0.534153 -0.529139
0.533952 -0.733610 -0.420371
-0.960618 -0.025571 -0.276693
0.042872 -0.803047 -0.594371
-0.845434 -0.473894 -0.246303
0.230574 -0.941094 -0.247342
0.350493 -0.755552 -0.553440
-0.121817 -0.671954 -0.730506
-0.144049 -0.650513 -0.745710
-0.077040 -0.494043 -0.866018
0.088400 -0.787070 -0.610497
0.293942 -0.623822 -0.724185
-0.069669 -0.806958 -0.586485
0.114794 0.590570 0.798780
0.153781 0.791136 0.591993
0.153782 0.791136 0.591993
-0.981627 0.190812 0.000000
0.316202 -0.930325 -0.185775
-0.455925 -0.872410 -0.176164
-0.618684 -0.763896 -0.183556
-0.618730 -0.704128 -0.348391
-0.208030 -0.817836 -0.536533
0.346786 -0.581325 -0.736071
0.117356 -0.877435 -0.465119
0.186276 0.958306 0.216684
0.186276 0.958306 0.216684
0.572539 0.043116 -0.818743
168
0 0 1 2 0 1 2 2
0 3 4 5 3 4 5 2
0 6 7 8 6 7 8 1
0 6 8 9 6 8 9 1
0 7 10 8 7 10 8 1
0 10 11 8 10 11 8 1
0 10 12 13 10 12 13 1
0 10 13 11 10 13 11 1
0 12 14 13 12 14 13 1
0 15 16 17 15 16 16 1
0 14 18 19 14 17 18 1
0 14 19 20 14 18 19 1
0 21 22 23 20 21 22 1
0 22 24 23 21 23 22 1
0 1 25 2 1 24 2 2
0 5 4 26 5 4 25 2
0 9 8 27 9 8 26 1
0 8 28 27 8 27 26 1
0 8 11 29 8 11 28 1
0 8 29 28 8 28 27 1
0 11 13 29 11 13 28 1
0 13 30 29 13 29 28 1
0 13 20 31 13 19 30 1
0 13 31 30 13 30 29 1
0 20 19 31 19 18 30 1
0 19 32 31 18 31 30 1
0 23 24 33 22 23 32 1
0 23 33 34 22 32 33 1
0 25 35 2 24 34 2 2
0 26 4 36 25 4 35 2
0 27 28 37 26 27 36 1
0 27 37 38 26 36 37 1
0 28 29 37 27 28 36 1
0 29 39 37 28 38 36 1
0 29 30 40 28 29 39 1
0 29 40 39 28 39 38 1
0 30 31 40 29 30 39 1
0 31 41 40 30 40 39 1
0 31 32 42 30 31 41 1
0 31 42 41 30 41 40 1
0 34 33 43 33 32 42 1
0 33 44 43 32 43 42 1
0 35 45 2 34 44 2 2
0 44 46 47 45 46 47 2
0 48 49 50 48 49 50 1
0 49 51 50 49 51 50 1
0 49 52 53 49 52 53 1
0 49 53 51 49 53 51 1
0 52 54 53 52 54 53 1
0 54 55 53 54 55 53 1
0 54 56 57 54 56 57 1
0 54 57 55 54 57 55 1
0 56 43 57 56 42 57 1
0 43 58 57 42 58 57 1
0 42 36 59 41 59 60 1
0 42 59 60 41 60 61 1
0 45 61 2 44 62 2 2
0 47 46 62 47 46 63 2
0 50 51 63 50 51 64 1
0 50 63 64 50 64 65 1
0 51 53 63 51 53 64 1
0 53 65 63 53 66 64 1
0 53 55 66 53 55 67 1
0 53 66 65 53 67 66 1
0 55 57 66 55 57 67 1
0 57 67 66 57 68 67 1
0 57 58 68 57 58 69 1
0 57 68 67 57 69 68 1
0 60 59 69 61 60 70 1
0 59 70 69 60 70 70 1
0 61 71 2 62 71 2 2
0 62 46 72 63 46 72 2
0 64 63 73 65 64 73 1
0 63 74 73 64 74 73 1
0 63 65 75 64 66 75 1
0 63 75 74 64 75 74 1
0 65 66 75 66 67 75 1
0 66 76 75 67 76 75 1
0 77 78 79 77 77 78 1
0 66 80 76 67 79 76 1
0 67 68 80 68 69 79 1
0 68 81 80 69 80 79 1
0 69 70 82 70 70 81 1
0 69 82 83 70 81 82 1
0 71 84 2 71 83 2 2
0 72 46 85 72 46 84 2
0 73 74 86 73 74 85 1
0 73 86 87 73 85 86 1
0 74 75 86 74 75 85 1
0 75 88 86 75 87 85 1
0 75 76 89 75 76 88 1
0 75 89 88 75 88 87 1
0 76 80 89 76 79 88 1
0 79 90 91 78 89 89 1
0 80 81 92 79 80 90 1
0 80 92 93 79 90 91 1
0 83 82 94 82 81 92 1
0 82 95 94 81 92 92 1
0 84 96 2 83 93 2 2
0 85 46 97 84 46 94 2
0 87 86 98 86 85 95 1
0 86 99 98 85 96 95 1
0 86 88 100 85 87 97 1
0 86 100 99 85 97 96 1
0 88 89 100 87 88 97 1
0 89 101 100 88 98 97 1
0 89 93 102 88 91 99 1
0 89 102 101 88 99 98 1
0 93 92 102 91 90 99 1
0 92 103 102 90 100 99 1
0 94 95 104 92 92 101 1
0 94 104 105 92 101 102 1
0 96 106 2 93 103 2 2
0 97 46 107 94 46 104 2
0 98 99 108 95 96 105 1
0 98 108 109 95 105 106 1
0 99 100 108 96 97 105 1
0 100 110 108 97 107 105 1
0 100 101 111 97 98 108 1
0 100 111 110 97 108 107 1
0 101 102 111 98 99 108 1
0 102 112 111 99 109 108 1
0 102 103 113 99 100 110 1
0 102 113 112 99 110 109 1
0 105 104 114 102 101 111 1
0 104 115 114 101 112 111 1
0 106 116 2 103 113 2 2
0 115 4 117 114 4 115 2
0 118 119 120 116 117 118 1
0 119 121 120 117 119 118 1
0 119 122 123 117 120 121 1
0 119 123 121 117 121 119 1
0 122 124 123 120 122 121 1
0 124 125 123 122 123 121 1
0 124 126 127 122 124 125 1
0 124 127 125 122 125 123 1
0 126 114 127 124 111 125 1
0 114 128 127 111 126 125 1
0 113 107 129 110 127 128 1
0 113 129 130 110 128 129 1
0 116 131 2 113 130 2 2
0 117 4 132 115 4 131 2
0 120 121 133 118 119 132 1
0 120 133 134 118 132 133 1
0 121 123 133 119 121 132 1
0 123 135 133 121 134 132 1
0 123 125 136 121 123 135 1
0 123 136 135 121 135 134 1
0 125 127 136 123 125 135 1
0 127 137 136 125 136 135 1
0 127 128 138 125 126 137 1
0 127 138 137 125 137 136 1
0 130 129 139 129 128 138 1
0 129 140 139 128 139 138 1
0 131 0 2 130 0 2 2
0 132 4 3 131 4 3 2
0 134 133 6 133 132 6 1
0 133 7 6 132 7 6 1
0 133 135 10 132 134 10 1
0 133 10 7 132 10 7 1
0 135 136 10 134 135 10 1
0 136 12 10 135 12 10 1
0 141 142 15 140 140 15 1
0 136 14 12 135 14 12 1
0 137 138 14 136 137 14 1
0 138 18 14 137 17 14 1
0 139 140 22 138 139 21 1
0 139 22 21 138 21 20 1

Materials: 1
"Material01"
0.200000 0.200000 0.200000 1.000000
0.800000 0.800000 0.800000 1.000000
0.000000 0.000000 0.000000 1.000000
0.000000 0.000000 0.000000 1.000000
0.000000
1.000000
"E4Root.tga"
""

Bones: 0
GroupComments: 0
MaterialComments: 0
BoneComments: 0
ModelComment: 0
