// MilkShape 3D ASCII

Frames: 40
Frame: 1

Meshes: 1
"Create Face" 1 -1
7
33 -93.000000 0.000000 -102.000000 0.000000 0.000000 -1
33 104.000000 0.000000 -25.000000 0.000000 0.000000 -1
33 -58.000000 0.000000 -130.000000 0.000000 0.000000 -1
33 -118.000000 0.000000 -26.000000 0.000000 0.000000 -1
33 -116.000000 0.000000 27.000000 0.000000 0.000000 -1
33 102.000000 0.000000 25.000000 0.000000 0.000000 -1
33 -61.000000 0.000000 128.000000 0.000000 0.000000 -1
1
0.000000 1.000000 0.000000
5
1 0 1 2 0 0 0 1
1 0 3 1 0 0 0 1
1 3 4 1 0 0 0 1
1 4 5 1 0 0 0 1
1 4 6 5 0 0 0 1

Materials: 0

Bones: 0
GroupComments: 0
MaterialComments: 0
BoneComments: 0
ModelComment: 0
