// MilkShape 3D ASCII

Frames: 40
Frame: 1

Meshes: 1
"Regroup00" 0 0
257
0 114.296654 42.366028 -0.000000 0.000000 0.000000 -1
0 114.296654 36.447109 11.562056 0.000000 0.000000 -1
0 100.296654 30.528187 -0.000000 0.000000 0.000000 -1
0 -107.980354 42.366024 -0.000000 0.000000 0.000000 -1
0 -101.980354 30.528183 -0.000000 0.000000 0.000000 -1
0 -107.980354 36.447102 11.562056 0.000000 0.000000 -1
0 114.296654 42.366028 -0.000000 0.000000 1.000000 -1
0 56.204311 54.266655 -0.000000 0.000000 0.666667 -1
0 114.296654 36.447109 11.562056 0.166667 1.000000 -1
0 56.204327 38.647423 56.156185 0.166667 0.666667 -1
0 -90.888023 54.266655 -0.000000 0.000000 0.333333 -1
0 -90.888023 38.647423 56.156185 0.166667 0.333333 -1
0 -107.980354 36.447102 11.562056 0.166667 0.000000 -1
0 114.296654 24.609264 11.562056 0.000000 0.000000 -1
0 -107.980354 24.609261 11.562056 0.000000 0.000000 -1
0 56.204327 22.408951 56.156185 0.333333 0.666667 -1
0 114.296654 24.609264 11.562056 0.333333 1.000000 -1
0 -90.888023 22.408949 56.156185 0.333333 0.333333 -1
0 -107.980354 24.609261 11.562056 0.333333 0.000000 -1
0 114.296654 18.690340 -0.000000 0.000000 0.000000 -1
0 -107.980354 18.690338 -0.000000 0.000000 0.000000 -1
0 114.296654 18.690340 -0.000000 0.500000 1.000000 -1
0 56.204327 10.289713 -0.000000 0.500000 0.666667 -1
0 -90.888023 10.289713 -0.000000 0.500000 0.333333 -1
0 -107.980354 18.690338 -0.000000 0.500000 0.000000 -1
0 114.296654 24.609264 -11.562056 0.000000 0.000000 -1
0 -107.980354 24.609261 -11.562056 0.000000 0.000000 -1
0 56.204327 22.408951 -56.156185 0.666667 0.666667 -1
0 114.296654 24.609264 -11.562056 0.666667 1.000000 -1
0 -90.888023 22.408949 -56.156185 0.666667 0.333333 -1
0 -107.980354 24.609261 -11.562056 0.666667 0.000000 -1
0 114.296654 36.447109 -11.562056 0.000000 0.000000 -1
0 -107.980354 36.447102 -11.562056 0.000000 0.000000 -1
0 114.296654 36.447109 -11.562056 0.833333 1.000000 -1
0 56.204327 38.647423 -56.156185 0.833333 0.666667 -1
0 -90.888023 38.647423 -56.156185 0.833333 0.333333 -1
0 -107.980354 36.447102 -11.562056 0.833333 0.000000 -1
0 56.204311 54.266655 -0.000000 1.000000 0.666667 -1
0 114.296654 42.366028 -0.000000 1.000000 1.000000 -1
0 -90.888023 54.266655 -0.000000 1.000000 0.333333 -1
0 -107.980354 42.366024 -0.000000 1.000000 0.000000 -1
0 -96.341850 44.192978 -34.643036 0.000000 0.000000 -1
0 -96.341850 37.400520 -40.547569 0.000000 1.000000 -1
0 78.158150 44.192978 -34.643036 1.000000 0.000000 -1
0 78.158150 37.400520 -40.547569 1.000000 1.000000 -1
0 78.158150 44.192978 -34.643036 0.000000 0.000000 -1
0 78.158150 37.400520 -40.547569 0.000000 1.000000 -1
0 -33.841850 90.099472 -87.452400 1.000000 0.000000 -1
0 -33.841850 83.307014 -93.356972 1.000000 1.000000 -1
0 -33.841850 90.099472 -87.452400 0.000000 0.000000 -1
0 -33.841850 83.307014 -93.356972 0.000000 1.000000 -1
0 -96.341850 90.099472 -87.452400 1.000000 0.000000 -1
0 -96.341850 83.307014 -93.356972 1.000000 1.000000 -1
0 -96.341850 90.099472 -87.452400 0.000000 0.000000 -1
0 -96.341850 83.307014 -93.356972 0.000000 1.000000 -1
0 -96.341850 44.192978 -34.643036 1.000000 0.000000 -1
0 -96.341850 37.400520 -40.547569 1.000000 1.000000 -1
0 -96.341850 44.192978 -34.643036 0.000000 1.000000 -1
0 78.158150 44.192978 -34.643036 1.000000 1.000000 -1
0 -96.341850 37.400520 -40.547569 0.000000 0.000000 -1
0 78.158150 37.400520 -40.547569 1.000000 0.000000 -1
0 -18.887051 97.800713 -99.156326 0.000000 0.000000 -1
0 -18.887051 96.959770 -94.387138 0.000000 0.000000 -1
0 -18.887051 93.250000 -97.500000 0.000000 0.000000 -1
0 -114.296654 97.800713 -99.156326 0.000000 0.000000 -1
0 -114.296654 93.250000 -97.500000 0.000000 0.000000 -1
0 -114.296654 96.959770 -94.387138 0.000000 0.000000 -1
0 -18.887051 97.800713 -99.156326 0.000000 1.000000 -1
0 -100.591850 103.821541 -101.347740 0.000000 0.500000 -1
0 -100.591850 101.867996 -90.268646 0.166667 0.500000 -1
0 -18.887051 96.959770 -94.387138 0.166667 1.000000 -1
0 -114.296654 96.959770 -94.387138 0.166667 0.000000 -1
0 -18.887051 92.409073 -92.730820 0.000000 0.000000 -1
0 -114.296654 92.409073 -92.730820 0.000000 0.000000 -1
0 -18.887051 92.409073 -92.730820 0.333333 1.000000 -1
0 -100.591850 91.296471 -86.420914 0.333333 0.500000 -1
0 -114.296654 92.409073 -92.730820 0.333333 0.000000 -1
0 -18.887051 88.699295 -95.843674 0.000000 0.000000 -1
0 -114.296654 88.699295 -95.843674 0.000000 0.000000 -1
0 -100.591850 82.678459 -93.652260 0.500000 0.500000 -1
0 -18.887051 88.699295 -95.843674 0.500000 1.000000 -1
0 -114.296654 88.699295 -95.843674 0.500000 0.000000 -1
0 -18.887051 89.540237 -100.612869 0.000000 0.000000 -1
0 -114.296654 89.540237 -100.612869 0.000000 0.000000 -1
0 -18.887051 89.540237 -100.612869 0.666667 1.000000 -1
0 -100.591850 84.632004 -104.731354 0.666667 0.500000 -1
0 -114.296654 89.540237 -100.612869 0.666667 0.000000 -1
0 -18.887051 94.090927 -102.269180 0.000000 0.000000 -1
0 -114.296654 94.090927 -102.269180 0.000000 0.000000 -1
0 -100.591850 95.203529 -108.579079 0.833333 0.500000 -1
0 -18.887051 94.090927 -102.269180 0.833333 1.000000 -1
0 -114.296654 94.090927 -102.269180 0.833333 0.000000 -1
0 -18.887051 97.800713 -99.156326 1.000000 1.000000 -1
0 -100.591850 103.821541 -101.347740 1.000000 0.500000 -1
0 -114.296654 97.800713 -99.156326 1.000000 0.000000 -1
0 78.158150 44.192978 34.643036 1.000000 0.000000 -1
0 -96.341850 37.400520 40.547569 0.000000 1.000000 -1
0 -96.341850 44.192978 34.643036 0.000000 0.000000 -1
0 78.158150 37.400520 40.547569 1.000000 1.000000 -1
0 -33.841850 90.099472 87.452400 1.000000 0.000000 -1
0 78.158150 37.400520 40.547569 0.000000 1.000000 -1
0 78.158150 44.192978 34.643036 0.000000 0.000000 -1
0 -33.841850 83.307014 93.356972 1.000000 1.000000 -1
0 -96.341850 90.099472 87.452400 1.000000 0.000000 -1
0 -33.841850 83.307014 93.356972 0.000000 1.000000 -1
0 -33.841850 90.099472 87.452400 0.000000 0.000000 -1
0 -96.341850 83.307014 93.356972 1.000000 1.000000 -1
0 -96.341850 44.192978 34.643036 1.000000 0.000000 -1
0 -96.341850 83.307014 93.356972 0.000000 1.000000 -1
0 -96.341850 90.099472 87.452400 0.000000 0.000000 -1
0 -96.341850 37.400520 40.547569 1.000000 1.000000 -1
0 -96.341850 44.192978 34.643036 0.000000 1.000000 -1
0 78.158150 44.192978 34.643036 1.000000 1.000000 -1
0 78.158150 37.400520 40.547569 1.000000 0.000000 -1
0 -96.341850 37.400520 40.547569 0.000000 0.000000 -1
0 -18.887051 93.250000 97.500000 0.000000 0.000000 -1
0 -18.887051 96.959770 94.387138 0.000000 0.000000 -1
0 -18.887051 97.800713 99.156326 0.000000 0.000000 -1
0 -114.296654 96.959770 94.387138 0.000000 0.000000 -1
0 -114.296654 93.250000 97.500000 0.000000 0.000000 -1
0 -114.296654 97.800713 99.156326 0.000000 0.000000 -1
0 -100.591850 101.867996 90.268646 0.166667 0.500000 -1
0 -100.591850 103.821541 101.347740 0.000000 0.500000 -1
0 -18.887051 97.800713 99.156326 0.000000 1.000000 -1
0 -18.887051 96.959770 94.387138 0.166667 1.000000 -1
0 -114.296654 96.959770 94.387138 0.166667 0.000000 -1
0 -18.887051 92.409073 92.730820 0.000000 0.000000 -1
0 -114.296654 92.409073 92.730820 0.000000 0.000000 -1
0 -18.887051 92.409073 92.730820 0.333333 1.000000 -1
0 -100.591850 91.296471 86.420914 0.333333 0.500000 -1
0 -114.296654 92.409073 92.730820 0.333333 0.000000 -1
0 -18.887051 88.699295 95.843674 0.000000 0.000000 -1
0 -114.296654 88.699295 95.843674 0.000000 0.000000 -1
0 -100.591850 82.678459 93.652260 0.500000 0.500000 -1
0 -18.887051 88.699295 95.843674 0.500000 1.000000 -1
0 -114.296654 88.699295 95.843674 0.500000 0.000000 -1
0 -18.887051 89.540237 100.612869 0.000000 0.000000 -1
0 -114.296654 89.540237 100.612869 0.000000 0.000000 -1
0 -18.887051 89.540237 100.612869 0.666667 1.000000 -1
0 -100.591850 84.632004 104.731354 0.666667 0.500000 -1
0 -114.296654 89.540237 100.612869 0.666667 0.000000 -1
0 -18.887051 94.090927 102.269180 0.000000 0.000000 -1
0 -114.296654 94.090927 102.269180 0.000000 0.000000 -1
0 -100.591850 95.203529 108.579079 0.833333 0.500000 -1
0 -18.887051 94.090927 102.269180 0.833333 1.000000 -1
0 -114.296654 94.090927 102.269180 0.833333 0.000000 -1
0 -18.887051 97.800713 99.156326 1.000000 1.000000 -1
0 -100.591850 103.821541 101.347740 1.000000 0.500000 -1
0 -114.296654 97.800713 99.156326 1.000000 0.000000 -1
0 78.158150 16.807020 -34.643036 1.000000 0.000000 -1
0 -96.341850 23.599480 -40.547569 0.000000 1.000000 -1
0 -96.341850 16.807020 -34.643036 0.000000 0.000000 -1
0 78.158150 23.599480 -40.547569 1.000000 1.000000 -1
0 -33.841850 -29.099472 -87.452400 1.000000 0.000000 -1
0 78.158150 23.599480 -40.547569 0.000000 1.000000 -1
0 78.158150 16.807020 -34.643036 0.000000 0.000000 -1
0 -33.841850 -22.307014 -93.356972 1.000000 1.000000 -1
0 -96.341850 -29.099472 -87.452400 1.000000 0.000000 -1
0 -33.841850 -22.307014 -93.356972 0.000000 1.000000 -1
0 -33.841850 -29.099472 -87.452400 0.000000 0.000000 -1
0 -96.341850 -22.307014 -93.356972 1.000000 1.000000 -1
0 -96.341850 16.807020 -34.643036 1.000000 0.000000 -1
0 -96.341850 -22.307014 -93.356972 0.000000 1.000000 -1
0 -96.341850 -29.099472 -87.452400 0.000000 0.000000 -1
0 -96.341850 23.599480 -40.547569 1.000000 1.000000 -1
0 -96.341850 16.807020 -34.643036 0.000000 1.000000 -1
0 78.158150 16.807020 -34.643036 1.000000 1.000000 -1
0 78.158150 23.599480 -40.547569 1.000000 0.000000 -1
0 -96.341850 23.599480 -40.547569 0.000000 0.000000 -1
0 -18.887051 -32.250000 -97.500000 0.000000 0.000000 -1
0 -18.887051 -35.959770 -94.387138 0.000000 0.000000 -1
0 -18.887051 -36.800713 -99.156326 0.000000 0.000000 -1
0 -114.296654 -35.959770 -94.387138 0.000000 0.000000 -1
0 -114.296654 -32.250000 -97.500000 0.000000 0.000000 -1
0 -114.296654 -36.800713 -99.156326 0.000000 0.000000 -1
0 -100.591850 -40.867996 -90.268646 0.166667 0.500000 -1
0 -100.591850 -42.821541 -101.347740 0.000000 0.500000 -1
0 -18.887051 -36.800713 -99.156326 0.000000 1.000000 -1
0 -18.887051 -35.959770 -94.387138 0.166667 1.000000 -1
0 -114.296654 -35.959770 -94.387138 0.166667 0.000000 -1
0 -18.887051 -31.409073 -92.730820 0.000000 0.000000 -1
0 -114.296654 -31.409073 -92.730820 0.000000 0.000000 -1
0 -18.887051 -31.409073 -92.730820 0.333333 1.000000 -1
0 -100.591850 -30.296471 -86.420914 0.333333 0.500000 -1
0 -114.296654 -31.409073 -92.730820 0.333333 0.000000 -1
0 -18.887051 -27.699295 -95.843674 0.000000 0.000000 -1
0 -114.296654 -27.699295 -95.843674 0.000000 0.000000 -1
0 -100.591850 -21.678459 -93.652260 0.500000 0.500000 -1
0 -18.887051 -27.699295 -95.843674 0.500000 1.000000 -1
0 -114.296654 -27.699295 -95.843674 0.500000 0.000000 -1
0 -18.887051 -28.540237 -100.612869 0.000000 0.000000 -1
0 -114.296654 -28.540237 -100.612869 0.000000 0.000000 -1
0 -18.887051 -28.540237 -100.612869 0.666667 1.000000 -1
0 -100.591850 -23.632004 -104.731354 0.666667 0.500000 -1
0 -114.296654 -28.540237 -100.612869 0.666667 0.000000 -1
0 -18.887051 -33.090927 -102.269180 0.000000 0.000000 -1
0 -114.296654 -33.090927 -102.269180 0.000000 0.000000 -1
0 -100.591850 -34.203529 -108.579079 0.833333 0.500000 -1
0 -18.887051 -33.090927 -102.269180 0.833333 1.000000 -1
0 -114.296654 -33.090927 -102.269180 0.833333 0.000000 -1
0 -18.887051 -36.800713 -99.156326 1.000000 1.000000 -1
0 -100.591850 -42.821541 -101.347740 1.000000 0.500000 -1
0 -114.296654 -36.800713 -99.156326 1.000000 0.000000 -1
0 -96.341850 16.807020 34.643036 0.000000 0.000000 -1
0 -96.341850 23.599480 40.547569 0.000000 1.000000 -1
0 78.158150 16.807020 34.643036 1.000000 0.000000 -1
0 78.158150 23.599480 40.547569 1.000000 1.000000 -1
0 78.158150 16.807020 34.643036 0.000000 0.000000 -1
0 78.158150 23.599480 40.547569 0.000000 1.000000 -1
0 -33.841850 -29.099472 87.452400 1.000000 0.000000 -1
0 -33.841850 -22.307014 93.356972 1.000000 1.000000 -1
0 -33.841850 -29.099472 87.452400 0.000000 0.000000 -1
0 -33.841850 -22.307014 93.356972 0.000000 1.000000 -1
0 -96.341850 -29.099472 87.452400 1.000000 0.000000 -1
0 -96.341850 -22.307014 93.356972 1.000000 1.000000 -1
0 -96.341850 -29.099472 87.452400 0.000000 0.000000 -1
0 -96.341850 -22.307014 93.356972 0.000000 1.000000 -1
0 -96.341850 16.807020 34.643036 1.000000 0.000000 -1
0 -96.341850 23.599480 40.547569 1.000000 1.000000 -1
0 -96.341850 16.807020 34.643036 0.000000 1.000000 -1
0 78.158150 16.807020 34.643036 1.000000 1.000000 -1
0 -96.341850 23.599480 40.547569 0.000000 0.000000 -1
0 78.158150 23.599480 40.547569 1.000000 0.000000 -1
0 -18.887051 -36.800713 99.156326 0.000000 0.000000 -1
0 -18.887051 -35.959770 94.387138 0.000000 0.000000 -1
0 -18.887051 -32.250000 97.500000 0.000000 0.000000 -1
0 -114.296654 -36.800713 99.156326 0.000000 0.000000 -1
0 -114.296654 -32.250000 97.500000 0.000000 0.000000 -1
0 -114.296654 -35.959770 94.387138 0.000000 0.000000 -1
0 -18.887051 -36.800713 99.156326 0.000000 1.000000 -1
0 -100.591850 -42.821541 101.347740 0.000000 0.500000 -1
0 -100.591850 -40.867996 90.268646 0.166667 0.500000 -1
0 -18.887051 -35.959770 94.387138 0.166667 1.000000 -1
0 -114.296654 -35.959770 94.387138 0.166667 0.000000 -1
0 -18.887051 -31.409073 92.730820 0.000000 0.000000 -1
0 -114.296654 -31.409073 92.730820 0.000000 0.000000 -1
0 -18.887051 -31.409073 92.730820 0.333333 1.000000 -1
0 -100.591850 -30.296471 86.420914 0.333333 0.500000 -1
0 -114.296654 -31.409073 92.730820 0.333333 0.000000 -1
0 -18.887051 -27.699295 95.843674 0.000000 0.000000 -1
0 -114.296654 -27.699295 95.843674 0.000000 0.000000 -1
0 -100.591850 -21.678459 93.652260 0.500000 0.500000 -1
0 -18.887051 -27.699295 95.843674 0.500000 1.000000 -1
0 -114.296654 -27.699295 95.843674 0.500000 0.000000 -1
0 -18.887051 -28.540237 100.612869 0.000000 0.000000 -1
0 -114.296654 -28.540237 100.612869 0.000000 0.000000 -1
0 -18.887051 -28.540237 100.612869 0.666667 1.000000 -1
0 -100.591850 -23.632004 104.731354 0.666667 0.500000 -1
0 -114.296654 -28.540237 100.612869 0.666667 0.000000 -1
0 -18.887051 -33.090927 102.269180 0.000000 0.000000 -1
0 -114.296654 -33.090927 102.269180 0.000000 0.000000 -1
0 -100.591850 -34.203529 108.579079 0.833333 0.500000 -1
0 -18.887051 -33.090927 102.269180 0.833333 1.000000 -1
0 -114.296654 -33.090927 102.269180 0.833333 0.000000 -1
0 -18.887051 -36.800713 99.156326 1.000000 1.000000 -1
0 -100.591850 -42.821541 101.347740 1.000000 0.500000 -1
0 -114.296654 -36.800713 99.156326 1.000000 0.000000 -1
140
0.645678 -0.763610 0.000000
0.678770 -0.389893 -0.622298
1.000000 -0.000000 -0.000000
-0.891970 -0.452094 0.000000
-1.000000 -0.000000 -0.000000
-0.907061 -0.227437 -0.354278
0.200689 0.979655 0.000000
0.110260 0.993903 -0.000000
0.487470 0.541047 0.685304
0.270923 0.609606 0.744971
-0.301214 0.953557 0.000000
-0.543049 0.551616 0.633102
-0.709354 0.704852 0.000000
-0.900320 0.282431 0.331145
0.678770 0.389892 -0.622298
-0.907061 0.227437 -0.354278
0.276212 -0.604290 0.747355
0.548243 -0.471199 0.690942
-0.513436 -0.614239 0.599245
-0.804774 -0.462421 0.372165
0.645678 0.763610 0.000000
-0.891970 0.452094 0.000000
0.266814 -0.963748 -0.000000
0.071761 -0.997422 0.000000
-0.259236 -0.965814 -0.000000
-0.441090 -0.897463 0.000000
0.678770 0.389892 0.622298
-0.907061 0.227437 0.354278
0.276212 -0.604290 -0.747355
0.548243 -0.471199 -0.690942
-0.513436 -0.614239 -0.599245
-0.804774 -0.462421 -0.372165
0.678770 -0.389893 0.622298
-0.907061 -0.227437 0.354278
0.487470 0.541047 -0.685304
0.270923 0.609606 -0.744971
-0.543049 0.551616 -0.633102
-0.900320 0.282431 -0.331145
0.000000 -0.656055 0.754713
0.529852 0.556394 -0.640064
0.529853 0.556395 -0.640063
0.529853 0.556396 -0.640062
0.000000 0.656058 -0.754711
-1.000000 0.000000 0.000000
0.000000 0.754709 0.656059
0.000000 -0.754710 -0.656059
1.000000 0.000000 0.000000
0.078179 0.936816 -0.340974
-0.181446 0.924094 -0.336344
-0.181446 0.753329 0.632118
0.078179 0.763699 0.640821
-0.423519 0.851255 -0.309833
-0.423518 0.693950 0.582294
0.078179 -0.173115 0.981794
-0.181446 -0.170764 0.968461
-0.423518 -0.157304 0.892125
-0.181446 -0.924094 0.336344
0.078179 -0.936816 0.340974
-0.423519 -0.851255 0.309833
0.078179 -0.763700 -0.640821
-0.181446 -0.753329 -0.632118
-0.423518 -0.693950 -0.582294
-0.181446 0.170764 -0.968461
0.078179 0.173115 -0.981794
-0.423518 0.157304 -0.892125
0.000000 -0.656055 -0.754713
0.529853 0.556395 0.640063
0.529852 0.556394 0.640064
0.529853 0.556396 0.640062
0.000000 0.656058 0.754711
0.000000 0.754709 -0.656059
0.000000 -0.754710 0.656059
-0.181446 0.753329 -0.632118
-0.181446 0.924094 0.336344
0.078179 0.936816 0.340974
0.078179 0.763699 -0.640821
-0.423519 0.851255 0.309833
-0.423518 0.693950 -0.582294
0.078179 -0.173115 -0.981794
-0.181446 -0.170764 -0.968461
-0.423518 -0.157304 -0.892125
-0.181446 -0.924094 -0.336344
0.078179 -0.936816 -0.340974
-0.423519 -0.851255 -0.309833
0.078179 -0.763700 0.640821
-0.181446 -0.753329 0.632118
-0.423518 -0.693950 0.582294
-0.181446 0.170764 0.968461
0.078179 0.173115 0.981794
-0.423518 0.157304 0.892125
0.000000 0.656055 0.754713
0.529853 -0.556395 -0.640063
0.529852 -0.556394 -0.640064
0.529853 -0.556396 -0.640062
0.000000 -0.656058 -0.754711
0.000000 -0.754709 0.656059
0.000000 0.754710 -0.656059
-0.181446 -0.753329 0.632118
-0.181446 -0.924094 -0.336344
0.078179 -0.936816 -0.340974
0.078179 -0.763699 0.640821
-0.423519 -0.851255 -0.309833
-0.423518 -0.693950 0.582294
0.078179 0.173115 0.981794
-0.181446 0.170764 0.968461
-0.423518 0.157304 0.892125
-0.181446 0.924094 0.336344
0.078179 0.936816 0.340974
-0.423519 0.851255 0.309833
0.078179 0.763700 -0.640821
-0.181446 0.753329 -0.632118
-0.423518 0.693950 -0.582294
-0.181446 -0.170764 -0.968461
0.078179 -0.173115 -0.981794
-0.423518 -0.157304 -0.892125
0.000000 0.656055 -0.754713
0.529852 -0.556394 0.640064
0.529853 -0.556395 0.640063
0.529853 -0.556396 0.640062
0.000000 -0.656058 0.754711
0.000000 -0.754709 -0.656059
0.000000 0.754710 0.656059
0.078179 -0.936816 0.340974
-0.181446 -0.924094 0.336344
-0.181446 -0.753329 -0.632118
0.078179 -0.763699 -0.640821
-0.423519 -0.851255 0.309833
-0.423518 -0.693950 -0.582294
0.078179 0.173115 -0.981794
-0.181446 0.170764 -0.968461
-0.423518 0.157304 -0.892125
-0.181446 0.924094 -0.336344
0.078179 0.936816 -0.340974
-0.423519 0.851255 -0.309833
0.078179 0.763700 0.640821
-0.181446 0.753329 0.632118
-0.423518 0.693950 0.582294
-0.181446 -0.170764 0.968461
0.078179 -0.173115 0.981794
-0.423518 -0.157304 0.892125
240
0 0 1 2 0 1 2 2
0 3 4 5 3 4 5 2
0 6 7 8 6 7 8 1
0 7 9 8 7 9 8 1
0 7 10 11 7 10 11 1
0 7 11 9 7 11 9 1
0 10 3 11 10 12 11 1
0 3 12 11 12 13 11 1
0 1 13 2 1 14 2 2
0 5 4 14 5 4 15 2
0 8 9 15 8 9 16 1
0 8 15 16 8 16 17 1
0 9 11 15 9 11 16 1
0 11 17 15 11 18 16 1
0 11 12 18 11 13 19 1
0 11 18 17 11 19 18 1
0 13 19 2 14 20 2 2
0 14 4 20 15 4 21 2
0 16 15 21 17 16 22 1
0 15 22 21 16 23 22 1
0 15 17 23 16 18 24 1
0 15 23 22 16 24 23 1
0 17 18 23 18 19 24 1
0 18 24 23 19 25 24 1
0 19 25 2 20 26 2 2
0 20 4 26 21 4 27 2
0 21 22 27 22 23 28 1
0 21 27 28 22 28 29 1
0 22 23 27 23 24 28 1
0 23 29 27 24 30 28 1
0 23 24 30 24 25 31 1
0 23 30 29 24 31 30 1
0 25 31 2 26 32 2 2
0 26 4 32 27 4 33 2
0 28 27 33 29 28 34 1
0 27 34 33 28 35 34 1
0 27 29 35 28 30 36 1
0 27 35 34 28 36 35 1
0 29 30 35 30 31 36 1
0 30 36 35 31 37 36 1
0 31 0 2 32 0 2 2
0 32 4 3 33 4 3 2
0 33 34 37 34 35 7 1
0 33 37 38 34 7 6 1
0 34 35 37 35 36 7 1
0 35 39 37 36 10 7 1
0 35 36 40 36 37 12 1
0 35 40 39 36 12 10 1
0 41 42 43 38 38 38 1
0 42 44 43 38 38 38 1
0 45 46 47 39 40 40 2
0 46 48 47 40 41 40 2
0 49 50 51 42 42 42 1
0 50 52 51 42 42 42 1
0 53 54 55 43 43 43 2
0 54 56 55 43 43 43 2
0 53 57 47 44 44 44 3
0 57 58 47 44 44 44 3
0 59 54 60 45 45 45 3
0 54 48 60 45 45 45 3
0 61 62 63 46 46 46 2
0 64 65 66 43 43 43 2
0 67 68 69 47 48 49 1
0 67 69 70 47 49 50 1
0 68 64 69 48 51 49 1
0 64 71 69 51 52 49 1
0 62 72 63 46 46 46 2
0 66 65 73 43 43 43 2
0 70 69 74 50 49 53 1
0 69 75 74 49 54 53 1
0 69 71 76 49 52 55 1
0 69 76 75 49 55 54 1
0 72 77 63 46 46 46 2
0 73 65 78 43 43 43 2
0 74 75 79 53 54 56 1
0 74 79 80 53 56 57 1
0 75 76 79 54 55 56 1
0 76 81 79 55 58 56 1
0 77 82 63 46 46 46 2
0 78 65 83 43 43 43 2
0 80 79 84 57 56 59 1
0 79 85 84 56 60 59 1
0 79 81 86 56 58 61 1
0 79 86 85 56 61 60 1
0 82 87 63 46 46 46 2
0 83 65 88 43 43 43 2
0 84 85 89 59 60 62 1
0 84 89 90 59 62 63 1
0 85 86 89 60 61 62 1
0 86 91 89 61 64 62 1
0 87 61 63 46 46 46 2
0 88 65 64 43 43 43 2
0 90 89 92 63 62 47 1
0 89 93 92 62 48 47 1
0 89 91 94 62 64 51 1
0 89 94 93 62 51 48 1
0 95 96 97 65 65 65 1
0 95 98 96 65 65 65 1
0 99 100 101 66 66 67 2
0 99 102 100 66 68 66 2
0 103 104 105 69 69 69 1
0 103 106 104 69 69 69 1
0 107 108 109 43 43 43 2
0 107 110 108 43 43 43 2
0 99 111 109 70 70 70 3
0 99 112 111 70 70 70 3
0 113 108 114 71 71 71 3
0 113 102 108 71 71 71 3
0 115 116 117 46 46 46 2
0 118 119 120 43 43 43 2
0 121 122 123 72 73 74 1
0 124 121 123 75 72 74 1
0 121 120 122 72 76 73 1
0 121 125 120 72 77 76 1
0 115 126 116 46 46 46 2
0 127 119 118 43 43 43 2
0 128 121 124 78 72 75 1
0 128 129 121 78 79 72 1
0 130 125 121 80 77 72 1
0 129 130 121 79 80 72 1
0 115 131 126 46 46 46 2
0 132 119 127 43 43 43 2
0 133 129 128 81 79 78 1
0 134 133 128 82 81 78 1
0 133 130 129 81 80 79 1
0 133 135 130 81 83 80 1
0 115 136 131 46 46 46 2
0 137 119 132 43 43 43 2
0 138 133 134 84 81 82 1
0 138 139 133 84 85 81 1
0 140 135 133 86 83 81 1
0 139 140 133 85 86 81 1
0 115 141 136 46 46 46 2
0 142 119 137 43 43 43 2
0 143 139 138 87 85 84 1
0 144 143 138 88 87 84 1
0 143 140 139 87 86 85 1
0 143 145 140 87 89 86 1
0 115 117 141 46 46 46 2
0 120 119 142 43 43 43 2
0 146 143 144 74 87 88 1
0 146 147 143 74 73 87 1
0 148 145 143 76 89 87 1
0 147 148 143 73 76 87 1
0 149 150 151 90 90 90 1
0 149 152 150 90 90 90 1
0 153 154 155 91 91 92 2
0 153 156 154 91 93 91 2
0 157 158 159 94 94 94 1
0 157 160 158 94 94 94 1
0 161 162 163 43 43 43 2
0 161 164 162 43 43 43 2
0 153 165 163 95 95 95 3
0 153 166 165 95 95 95 3
0 167 162 168 96 96 96 3
0 167 156 162 96 96 96 3
0 169 170 171 46 46 46 2
0 172 173 174 43 43 43 2
0 175 176 177 97 98 99 1
0 178 175 177 100 97 99 1
0 175 174 176 97 101 98 1
0 175 179 174 97 102 101 1
0 169 180 170 46 46 46 2
0 181 173 172 43 43 43 2
0 182 175 178 103 97 100 1
0 182 183 175 103 104 97 1
0 184 179 175 105 102 97 1
0 183 184 175 104 105 97 1
0 169 185 180 46 46 46 2
0 186 173 181 43 43 43 2
0 187 183 182 106 104 103 1
0 188 187 182 107 106 103 1
0 187 184 183 106 105 104 1
0 187 189 184 106 108 105 1
0 169 190 185 46 46 46 2
0 191 173 186 43 43 43 2
0 192 187 188 109 106 107 1
0 192 193 187 109 110 106 1
0 194 189 187 111 108 106 1
0 193 194 187 110 111 106 1
0 169 195 190 46 46 46 2
0 196 173 191 43 43 43 2
0 197 193 192 112 110 109 1
0 198 197 192 113 112 109 1
0 197 194 193 112 111 110 1
0 197 199 194 112 114 111 1
0 169 171 195 46 46 46 2
0 174 173 196 43 43 43 2
0 200 197 198 99 112 113 1
0 200 201 197 99 98 112 1
0 202 199 197 101 114 112 1
0 201 202 197 98 101 112 1
0 203 204 205 115 115 115 1
0 204 206 205 115 115 115 1
0 207 208 209 116 117 117 2
0 208 210 209 117 118 117 2
0 211 212 213 119 119 119 1
0 212 214 213 119 119 119 1
0 215 216 217 43 43 43 2
0 216 218 217 43 43 43 2
0 215 219 209 120 120 120 3
0 219 220 209 120 120 120 3
0 221 216 222 121 121 121 3
0 216 210 222 121 121 121 3
0 223 224 225 46 46 46 2
0 226 227 228 43 43 43 2
0 229 230 231 122 123 124 1
0 229 231 232 122 124 125 1
0 230 226 231 123 126 124 1
0 226 233 231 126 127 124 1
0 224 234 225 46 46 46 2
0 228 227 235 43 43 43 2
0 232 231 236 125 124 128 1
0 231 237 236 124 129 128 1
0 231 233 238 124 127 130 1
0 231 238 237 124 130 129 1
0 234 239 225 46 46 46 2
0 235 227 240 43 43 43 2
0 236 237 241 128 129 131 1
0 236 241 242 128 131 132 1
0 237 238 241 129 130 131 1
0 238 243 241 130 133 131 1
0 239 244 225 46 46 46 2
0 240 227 245 43 43 43 2
0 242 241 246 132 131 134 1
0 241 247 246 131 135 134 1
0 241 243 248 131 133 136 1
0 241 248 247 131 136 135 1
0 244 249 225 46 46 46 2
0 245 227 250 43 43 43 2
0 246 247 251 134 135 137 1
0 246 251 252 134 137 138 1
0 247 248 251 135 136 137 1
0 248 253 251 136 139 137 1
0 249 223 225 46 46 46 2
0 250 227 226 43 43 43 2
0 252 251 254 138 137 122 1
0 251 255 254 137 123 122 1
0 251 253 256 137 139 126 1
0 251 256 255 137 126 123 1

Materials: 1
"Material01"
0.200000 0.200000 0.200000 1.000000
0.800000 0.800000 0.800000 1.000000
0.000000 0.000000 0.000000 1.000000
0.000000 0.000000 0.000000 1.000000
0.000000
1.000000
"E1Root.tga"
""

Bones: 0
GroupComments: 0
MaterialComments: 0
BoneComments: 0
ModelComment: 0
