// MilkShape 3D ASCII

Frames: 40
Frame: 1

Meshes: 1
"Create Face" 0 -1
15
32 -101.000000 0.000000 -109.000000 0.000000 0.000000 -1
32 -115.000000 0.000000 -98.000000 0.000000 0.000000 -1
32 -20.000000 0.000000 -108.000000 0.000000 0.000000 -1
32 -19.000000 0.000000 -93.000000 0.000000 0.000000 -1
32 -100.000000 0.000000 -88.000000 0.000000 0.000000 -1
32 -31.000000 0.000000 -87.000000 0.000000 0.000000 -1
32 -97.000000 0.000000 85.000000 0.000000 0.000000 -1
32 75.000000 0.000000 -46.000000 0.000000 0.000000 -1
32 -116.000000 0.000000 99.000000 0.000000 0.000000 -1
32 -104.000000 0.000000 107.000000 0.000000 0.000000 -1
32 -18.000000 0.000000 94.000000 0.000000 0.000000 -1
32 -18.000000 0.000000 104.000000 0.000000 0.000000 -1
32 79.000000 0.000000 39.000000 0.000000 0.000000 -1
32 117.000000 0.000000 8.000000 0.000000 0.000000 -1
32 113.000000 0.000000 -16.000000 0.000000 0.000000 -1
1
0.000000 1.000000 0.000000
12
0 0 1 2 0 0 0 1
0 1 3 2 0 0 0 1
0 4 5 3 0 0 0 1
0 1 4 3 0 0 0 1
0 4 6 5 0 0 0 1
0 6 7 5 0 0 0 1
0 6 8 9 0 0 0 1
0 6 9 10 0 0 0 1
0 9 11 10 0 0 0 1
0 6 12 7 0 0 0 1
0 12 13 7 0 0 0 1
0 13 14 7 0 0 0 1

Materials: 0

Bones: 0
GroupComments: 0
MaterialComments: 0
BoneComments: 0
ModelComment: 0
