// MilkShape 3D ASCII

Frames: 40
Frame: 1

Meshes: 3
"Body" 0 0
116
0 -217.000000 -4.999994 -1.000000 0.000000 0.000000 -1
0 -217.000000 3.980362 7.399402 0.000000 0.000000 -1
0 -217.000000 5.369635 -1.000000 0.000000 0.000000 -1
1 152.000000 -2.717310 6.334929 0.000000 0.000000 -1
1 152.000000 -4.999996 -1.000007 0.000000 0.000000 -1
1 152.000000 -2.364178 -1.000007 0.000000 0.000000 -1
0 -187.500000 13.775723 44.328186 0.083333 0.833333 -1
0 -187.500000 16.680340 -1.000001 0.000000 0.833333 -1
0 -217.000000 5.369635 -1.000000 0.000000 1.000000 -1
0 -217.000000 3.980362 7.399402 0.083333 1.000000 -1
0 -158.000000 35.795376 -1.000005 0.000000 0.666667 -1
0 -158.000000 30.329826 92.822296 0.083333 0.666667 -1
0 -128.500000 23.617161 31.062786 0.083333 0.500000 -1
0 -201.500000 105.044250 -1.000005 0.000000 0.500000 -1
0 43.000000 39.680328 -1.000007 0.000000 0.333333 -1
0 43.000000 13.775721 47.868763 0.083333 0.333333 -1
1 122.500000 0.302814 16.039474 0.083333 0.166667 -1
1 122.500000 1.123165 -1.000007 0.000000 0.166667 -1
1 152.000000 -2.717310 6.334929 0.083333 0.000000 -1
0 -217.000000 0.184818 13.548189 0.000000 0.000000 -1
1 152.000000 -3.682087 11.704473 0.000000 0.000000 -1
0 -217.000000 0.184818 13.548189 0.166667 1.000000 -1
0 -187.500000 5.840168 77.510727 0.166667 0.833333 -1
0 -158.000000 15.397690 161.504974 0.166667 0.666667 -1
0 -128.500000 11.522125 158.271133 0.166667 0.500000 -1
0 43.000000 5.840168 83.643181 0.166667 0.333333 -1
1 122.500000 -1.938416 28.513241 0.166667 0.166667 -1
1 152.000000 -3.682087 11.704473 0.166667 0.000000 -1
0 -217.000000 -4.999994 15.798803 0.000000 0.000000 -1
1 152.000000 -4.999996 13.669865 0.000000 0.000000 -1
0 -187.500000 -4.999992 89.656372 0.250000 0.833333 -1
0 -217.000000 -4.999994 15.798803 0.250000 1.000000 -1
0 -158.000000 -4.999996 186.644562 0.250000 0.666667 -1
0 -128.500000 -4.999996 182.910446 0.250000 0.500000 -1
0 43.000000 -4.999996 96.737534 0.250000 0.333333 -1
1 122.500000 -4.999996 33.078960 0.250000 0.166667 -1
1 152.000000 -4.999996 13.669865 0.250000 0.000000 -1
0 -217.000000 -10.184814 13.548189 0.000000 0.000000 -1
1 152.000000 -6.317908 11.704473 0.000000 0.000000 -1
0 -217.000000 -10.184814 13.548189 0.333333 1.000000 -1
0 -187.500000 -15.840159 77.510727 0.333333 0.833333 -1
0 -158.000000 -25.397682 161.504974 0.333333 0.666667 -1
0 -128.500000 -21.522121 158.271133 0.333333 0.500000 -1
0 43.000000 -15.840161 83.643181 0.333333 0.333333 -1
1 122.500000 -8.061579 28.513241 0.333333 0.166667 -1
1 152.000000 -6.317908 11.704473 0.333333 0.000000 -1
0 -217.000000 -13.980364 7.399402 0.000000 0.000000 -1
1 152.000000 -7.282686 6.334929 0.000000 0.000000 -1
0 -187.500000 -23.775707 44.328186 0.416667 0.833333 -1
0 -217.000000 -13.980364 7.399402 0.416667 1.000000 -1
0 -158.000000 -40.329819 92.822296 0.416667 0.666667 -1
0 -128.500000 -33.617149 90.955215 0.416667 0.500000 -1
0 43.000000 -23.775709 47.868763 0.416667 0.333333 -1
1 122.500000 -10.302812 16.039474 0.416667 0.166667 -1
1 152.000000 -7.282686 6.334929 0.416667 0.000000 -1
0 -217.000000 -15.369632 -1.000000 0.000000 0.000000 -1
1 152.000000 -7.635818 -1.000007 0.000000 0.000000 -1
0 -217.000000 -15.369632 -1.000000 0.500000 1.000000 -1
0 -187.500000 -26.680325 -1.000001 0.500000 0.833333 -1
0 -158.000000 -45.795368 -1.000005 0.500000 0.666667 -1
0 -128.500000 -38.044247 -1.000005 0.500000 0.500000 -1
0 43.000000 -26.680326 -1.000007 0.500000 0.333333 -1
1 122.500000 -11.123161 -1.000007 0.500000 0.166667 -1
1 152.000000 -7.635818 -1.000007 0.500000 0.000000 -1
0 -217.000000 -13.980364 -9.399403 0.000000 0.000000 -1
1 152.000000 -7.282686 -8.334948 0.000000 0.000000 -1
0 -187.500000 -23.775707 -46.328182 0.583333 0.833333 -1
0 -217.000000 -13.980364 -9.399403 0.583333 1.000000 -1
0 -158.000000 -40.329819 -94.822304 0.583333 0.666667 -1
0 -128.500000 -33.617149 -92.955254 0.583333 0.500000 -1
0 43.000000 -23.775709 -49.868790 0.583333 0.333333 -1
1 122.500000 -10.302812 -18.039495 0.583333 0.166667 -1
1 152.000000 -7.282686 -8.334948 0.583333 0.000000 -1
0 -217.000000 -10.184814 -15.548191 0.000000 0.000000 -1
1 152.000000 -6.317908 -13.704489 0.000000 0.000000 -1
0 -217.000000 -10.184814 -15.548191 0.666667 1.000000 -1
0 -187.500000 -15.840159 -79.510727 0.666667 0.833333 -1
0 -158.000000 -25.397682 -163.504990 0.666667 0.666667 -1
0 -128.500000 -21.522121 -160.271149 0.666667 0.500000 -1
0 43.000000 -15.840161 -85.643196 0.666667 0.333333 -1
1 122.500000 -8.061579 -30.513256 0.666667 0.166667 -1
1 152.000000 -6.317908 -13.704489 0.666667 0.000000 -1
0 -217.000000 -4.999994 -17.798803 0.000000 0.000000 -1
1 152.000000 -4.999996 -15.669880 0.000000 0.000000 -1
0 -187.500000 -4.999992 -91.656372 0.750000 0.833333 -1
0 -217.000000 -4.999994 -17.798803 0.750000 1.000000 -1
0 -158.000000 -4.999996 -188.644592 0.750000 0.666667 -1
0 -128.500000 -4.999996 -184.910446 0.750000 0.500000 -1
0 43.000000 -4.999996 -98.737549 0.750000 0.333333 -1
1 122.500000 -4.999996 -35.078964 0.750000 0.166667 -1
1 152.000000 -4.999996 -15.669880 0.750000 0.000000 -1
0 -217.000000 0.184818 -15.548191 0.000000 0.000000 -1
1 152.000000 -3.682087 -13.704489 0.000000 0.000000 -1
0 -217.000000 0.184818 -15.548191 0.833333 1.000000 -1
0 -187.500000 5.840168 -79.510727 0.833333 0.833333 -1
0 -158.000000 15.397690 -163.504990 0.833333 0.666667 -1
0 -128.500000 11.522125 -160.271149 0.833333 0.500000 -1
0 43.000000 5.840168 -85.643196 0.833333 0.333333 -1
1 122.500000 -1.938416 -30.513256 0.833333 0.166667 -1
1 152.000000 -3.682087 -13.704489 0.833333 0.000000 -1
0 -217.000000 3.980362 -9.399403 0.000000 0.000000 -1
1 152.000000 -2.717310 -8.334948 0.000000 0.000000 -1
0 -187.500000 13.775723 -46.328182 0.916667 0.833333 -1
0 -217.000000 3.980362 -9.399403 0.916667 1.000000 -1
0 -158.000000 30.329826 -94.822304 0.916667 0.666667 -1
0 -128.500000 23.617161 -33.062817 0.916667 0.500000 -1
0 43.000000 13.775721 -49.868790 0.916667 0.333333 -1
1 122.500000 0.302814 -18.039495 0.916667 0.166667 -1
1 152.000000 -2.717310 -8.334948 0.916667 0.000000 -1
0 -217.000000 5.369635 -1.000000 1.000000 1.000000 -1
0 -187.500000 16.680340 -1.000001 1.000000 0.833333 -1
0 -158.000000 35.795376 -1.000005 1.000000 0.666667 -1
0 -201.500000 105.044250 -1.000005 1.000000 0.500000 -1
0 43.000000 39.680328 -1.000007 1.000000 0.333333 -1
1 122.500000 1.123165 -1.000007 1.000000 0.166667 -1
1 152.000000 -2.364178 -1.000007 1.000000 0.000000 -1
86
-1.000000 0.000000 0.000000
1.000000 0.000000 0.000000
-0.576501 0.802641 0.153018
-0.453380 0.891317 -0.000000
-0.416872 0.908965 -0.000000
-0.589658 0.761524 0.269045
-0.570163 0.821532 0.000000
-0.098720 0.986540 0.130360
0.085728 0.910343 0.404879
-0.999975 -0.007007 0.000000
0.275726 0.961236 0.000000
0.153684 0.927495 0.340785
0.223510 0.960336 0.166726
0.280810 0.959763 0.000000
0.117397 0.993085 0.000000
0.137427 0.984221 0.111456
-0.787121 0.515920 0.338033
-0.779855 0.570775 0.256985
-0.351493 0.861367 0.366741
0.165822 0.929565 0.329261
0.260831 0.888493 0.377553
0.292012 0.889017 0.352673
0.256793 0.897901 0.357536
-0.941527 0.000000 0.336939
-0.928663 0.000000 0.370924
-0.673152 0.000000 0.739504
0.330425 0.000000 0.943832
0.542985 0.000000 0.839743
0.594549 0.000000 0.804059
0.549640 0.000001 0.835401
-0.787121 -0.515920 0.338033
-0.779855 -0.570775 0.256985
-0.385472 -0.845802 0.368822
0.174953 -0.913412 0.367519
0.273578 -0.881074 0.385828
0.292012 -0.889016 0.352674
0.256793 -0.897900 0.357536
-0.576500 -0.802641 0.153018
-0.589657 -0.761524 0.269045
-0.211709 -0.968562 0.130640
0.152289 -0.980587 0.123517
0.154760 -0.978490 0.136405
0.174080 -0.977755 0.117007
0.137427 -0.984221 0.111456
-0.416872 -0.908965 0.000000
-0.453380 -0.891317 -0.000000
-0.167235 -0.985917 0.000000
0.160855 -0.986978 0.000000
0.130259 -0.991480 0.000000
0.154832 -0.987941 0.000000
0.117398 -0.993085 0.000000
-0.576501 -0.802641 -0.153018
-0.589657 -0.761524 -0.269045
-0.211709 -0.968562 -0.130640
0.152289 -0.980587 -0.123517
0.154760 -0.978490 -0.136405
0.174080 -0.977755 -0.117007
0.137427 -0.984221 -0.111456
-0.787121 -0.515920 -0.338033
-0.779855 -0.570775 -0.256985
-0.385472 -0.845802 -0.368822
0.174953 -0.913412 -0.367520
0.273578 -0.881074 -0.385828
0.292012 -0.889016 -0.352674
0.256793 -0.897900 -0.357537
-0.941527 0.000000 -0.336939
-0.928663 0.000000 -0.370924
-0.673152 0.000000 -0.739505
0.330425 0.000000 -0.943832
0.542985 0.000000 -0.839743
0.594549 0.000000 -0.804059
0.549640 0.000001 -0.835402
-0.787121 0.515920 -0.338033
-0.779855 0.570775 -0.256985
-0.351493 0.861368 -0.366741
0.165822 0.929565 -0.329261
0.260831 0.888493 -0.377553
0.292012 0.889016 -0.352674
0.256793 0.897900 -0.357536
-0.576501 0.802641 -0.153018
-0.589657 0.761524 -0.269045
-0.098720 0.986540 -0.130360
0.085728 0.910343 -0.404879
0.153684 0.927495 -0.340785
0.223510 0.960336 -0.166726
0.137427 0.984221 -0.111456
168
0 0 1 2 0 0 0 2
0 3 4 5 1 1 1 2
0 6 7 8 2 3 4 1
0 9 6 8 5 2 4 1
0 6 10 7 2 6 3 1
0 6 11 10 2 7 6 1
0 12 13 10 8 9 6 1
0 11 12 10 7 8 6 1
0 12 14 13 8 10 9 1
0 12 15 14 8 11 10 1
0 16 17 14 12 13 10 1
0 15 16 14 11 12 10 1
0 16 5 17 12 14 13 1
0 16 18 5 12 15 14 1
0 0 19 1 0 0 0 2
0 20 4 3 1 1 1 2
0 21 6 9 16 2 5 1
0 21 22 6 16 17 2 1
0 23 11 6 18 7 2 1
0 22 23 6 17 18 2 1
0 23 12 11 18 8 7 1
0 23 24 12 18 19 8 1
0 25 15 12 20 11 8 1
0 24 25 12 19 20 8 1
0 25 16 15 20 12 11 1
0 25 26 16 20 21 12 1
0 27 18 16 22 15 12 1
0 26 27 16 21 22 12 1
0 0 28 19 0 0 0 2
0 29 4 20 1 1 1 2
0 30 22 21 23 17 16 1
0 31 30 21 24 23 16 1
0 30 23 22 23 18 17 1
0 30 32 23 23 25 18 1
0 33 24 23 26 19 18 1
0 32 33 23 25 26 18 1
0 33 25 24 26 20 19 1
0 33 34 25 26 27 20 1
0 35 26 25 28 21 20 1
0 34 35 25 27 28 20 1
0 35 27 26 28 22 21 1
0 35 36 27 28 29 22 1
0 0 37 28 0 0 0 2
0 38 4 29 1 1 1 2
0 39 30 31 30 23 24 1
0 39 40 30 30 31 23 1
0 41 32 30 32 25 23 1
0 40 41 30 31 32 23 1
0 41 33 32 32 26 25 1
0 41 42 33 32 33 26 1
0 43 34 33 34 27 26 1
0 42 43 33 33 34 26 1
0 43 35 34 34 28 27 1
0 43 44 35 34 35 28 1
0 45 36 35 36 29 28 1
0 44 45 35 35 36 28 1
0 0 46 37 0 0 0 2
0 47 4 38 1 1 1 2
0 48 40 39 37 31 30 1
0 49 48 39 38 37 30 1
0 48 41 40 37 32 31 1
0 48 50 41 37 39 32 1
0 51 42 41 40 33 32 1
0 50 51 41 39 40 32 1
0 51 43 42 40 34 33 1
0 51 52 43 40 41 34 1
0 53 44 43 42 35 34 1
0 52 53 43 41 42 34 1
0 53 45 44 42 36 35 1
0 53 54 45 42 43 36 1
0 0 55 46 0 0 0 2
0 56 4 47 1 1 1 2
0 57 48 49 44 37 38 1
0 57 58 48 44 45 37 1
0 59 50 48 46 39 37 1
0 58 59 48 45 46 37 1
0 59 51 50 46 40 39 1
0 59 60 51 46 47 40 1
0 61 52 51 48 41 40 1
0 60 61 51 47 48 40 1
0 61 53 52 48 42 41 1
0 61 62 53 48 49 42 1
0 63 54 53 50 43 42 1
0 62 63 53 49 50 42 1
0 0 64 55 0 0 0 2
0 65 4 56 1 1 1 2
0 66 58 57 51 45 44 1
0 67 66 57 52 51 44 1
0 66 59 58 51 46 45 1
0 66 68 59 51 53 46 1
0 69 60 59 54 47 46 1
0 68 69 59 53 54 46 1
0 69 61 60 54 48 47 1
0 69 70 61 54 55 48 1
0 71 62 61 56 49 48 1
0 70 71 61 55 56 48 1
0 71 63 62 56 50 49 1
0 71 72 63 56 57 50 1
0 0 73 64 0 0 0 2
0 74 4 65 1 1 1 2
0 75 66 67 58 51 52 1
0 75 76 66 58 59 51 1
0 77 68 66 60 53 51 1
0 76 77 66 59 60 51 1
0 77 69 68 60 54 53 1
0 77 78 69 60 61 54 1
0 79 70 69 62 55 54 1
0 78 79 69 61 62 54 1
0 79 71 70 62 56 55 1
0 79 80 71 62 63 56 1
0 81 72 71 64 57 56 1
0 80 81 71 63 64 56 1
0 0 82 73 0 0 0 2
0 83 4 74 1 1 1 2
0 84 76 75 65 59 58 1
0 85 84 75 66 65 58 1
0 84 77 76 65 60 59 1
0 84 86 77 65 67 60 1
0 87 78 77 68 61 60 1
0 86 87 77 67 68 60 1
0 87 79 78 68 62 61 1
0 87 88 79 68 69 62 1
0 89 80 79 70 63 62 1
0 88 89 79 69 70 62 1
0 89 81 80 70 64 63 1
0 89 90 81 70 71 64 1
0 0 91 82 0 0 0 2
0 92 4 83 1 1 1 2
0 93 84 85 72 65 66 1
0 93 94 84 72 73 65 1
0 95 86 84 74 67 65 1
0 94 95 84 73 74 65 1
0 95 87 86 74 68 67 1
0 95 96 87 74 75 68 1
0 97 88 87 76 69 68 1
0 96 97 87 75 76 68 1
0 97 89 88 76 70 69 1
0 97 98 89 76 77 70 1
0 99 90 89 78 71 70 1
0 98 99 89 77 78 70 1
0 0 100 91 0 0 0 2
0 101 4 92 1 1 1 2
0 102 94 93 79 73 72 1
0 103 102 93 80 79 72 1
0 102 95 94 79 74 73 1
0 102 104 95 79 81 74 1
0 105 96 95 82 75 74 1
0 104 105 95 81 82 74 1
0 105 97 96 82 76 75 1
0 105 106 97 82 83 76 1
0 107 98 97 84 77 76 1
0 106 107 97 83 84 76 1
0 107 99 98 84 78 77 1
0 107 108 99 84 85 78 1
0 0 2 100 0 0 0 2
0 5 4 101 1 1 1 2
0 109 102 103 4 79 80 1
0 109 110 102 4 3 79 1
0 111 104 102 6 81 79 1
0 110 111 102 3 6 79 1
0 111 105 104 6 82 81 1
0 111 112 105 6 9 82 1
0 113 106 105 10 83 82 1
0 112 113 105 9 10 82 1
0 113 107 106 10 84 83 1
0 113 114 107 10 13 84 1
0 115 108 107 14 85 84 1
0 114 115 107 13 14 84 1
"Stick1" 0 0
41
0 -77.218369 2.979435 132.000000 0.000000 0.000000 -1
0 -78.237305 -1.107307 124.704857 0.000000 0.000000 -1
0 -79.256241 -5.194053 132.000000 0.000000 0.000000 -1
0 129.336014 -25.083534 132.000000 0.000000 0.000000 -1
0 -7.454290 -23.096283 132.000000 0.000000 0.000000 -1
0 128.317093 -29.170263 124.704857 0.000000 0.000000 -1
0 -77.218369 2.979435 132.000000 0.000000 1.000000 -1
0 -53.164810 3.002949 132.000000 0.000000 0.666667 -1
0 -78.237305 -1.107307 124.704857 0.166667 1.000000 -1
0 -54.890408 -3.917974 119.645615 0.166667 0.666667 -1
0 -30.524578 -2.641902 132.000000 0.000000 0.333333 -1
0 -32.250160 -9.562821 119.645615 0.166667 0.333333 -1
0 128.317093 -29.170263 124.704857 0.166667 0.000000 -1
0 -80.275177 -9.280773 124.704857 0.000000 0.000000 -1
0 126.279205 -37.343742 124.704857 0.000000 0.000000 -1
0 -58.341560 -17.759819 119.645615 0.333333 0.666667 -1
0 -80.275177 -9.280773 124.704857 0.333333 1.000000 -1
0 -35.701317 -23.404665 119.645615 0.333333 0.333333 -1
0 126.279205 -37.343742 124.704857 0.333333 0.000000 -1
0 -81.294106 -13.367514 132.000000 0.000000 0.000000 -1
0 125.260284 -41.430481 132.000000 0.000000 0.000000 -1
0 -81.294106 -13.367514 132.000000 0.500000 1.000000 -1
0 -60.067139 -24.680740 132.000000 0.500000 0.666667 -1
0 -37.426899 -30.325596 132.000000 0.500000 0.333333 -1
0 125.260284 -41.430481 132.000000 0.500000 0.000000 -1
0 -80.275177 -9.280775 139.295135 0.000000 0.000000 -1
0 126.279205 -37.343746 139.295135 0.000000 0.000000 -1
0 -58.341553 -17.759821 144.354370 0.666667 0.666667 -1
0 -80.275177 -9.280775 139.295135 0.666667 1.000000 -1
0 -35.701313 -23.404667 144.354370 0.666667 0.333333 -1
0 126.279205 -37.343746 139.295135 0.666667 0.000000 -1
0 -78.237289 -1.107310 139.295135 0.000000 0.000000 -1
0 128.317093 -29.170275 139.295135 0.000000 0.000000 -1
0 -78.237289 -1.107310 139.295135 0.833333 1.000000 -1
0 -54.890400 -3.917972 144.354370 0.833333 0.666667 -1
0 -32.250160 -9.562821 144.354370 0.833333 0.333333 -1
0 128.317093 -29.170275 139.295135 0.833333 0.000000 -1
0 -53.164810 3.002949 132.000000 1.000000 0.666667 -1
0 -77.218369 2.979435 132.000000 1.000000 1.000000 -1
0 -30.524578 -2.641902 132.000000 1.000000 0.333333 -1
0 129.336014 -25.083534 132.000000 1.000000 0.000000 -1
38
-0.970296 0.241921 0.000001
-0.970296 0.241921 0.000000
-0.970296 0.241922 0.000001
-0.014526 -0.999894 -0.000001
0.987170 -0.159670 -0.000004
0.023322 -0.510832 0.859364
-0.000978 1.000000 0.000000
0.120930 0.992661 0.000000
-0.118317 0.529378 -0.840095
0.000884 0.511186 -0.859470
0.190698 0.981649 0.000000
0.104211 0.488780 -0.866160
0.139019 0.990290 0.000001
0.087401 0.492275 -0.866041
-0.970296 0.241921 0.000001
0.099420 0.489669 0.866222
-0.239207 -0.451765 -0.859470
-0.352996 -0.411866 -0.840095
-0.068861 -0.495965 -0.865608
-0.016544 -0.505382 -0.862737
-0.970296 0.241921 0.000000
0.136848 0.990592 -0.000000
-0.470335 -0.882488 0.000000
-0.359252 -0.933241 0.000000
-0.155447 -0.987844 0.000000
-0.068101 -0.997678 0.000000
-0.970296 0.241922 -0.000000
0.099420 0.489669 -0.866222
-0.239207 -0.451765 0.859470
-0.352996 -0.411866 0.840095
-0.068861 -0.495965 0.865608
-0.016544 -0.505382 0.862737
-0.970296 0.241922 0.000001
0.023322 -0.510831 -0.859365
-0.118317 0.529378 0.840096
0.000884 0.511186 0.859470
0.104211 0.488780 0.866161
0.087401 0.492274 0.866041
48
0 0 1 2 0 1 2 2
0 3 4 5 3 4 5 2
0 6 7 8 6 7 8 1
0 7 9 8 7 9 8 1
0 7 10 11 7 10 11 1
0 7 11 9 7 11 9 1
0 10 3 11 10 12 11 1
0 3 12 11 12 13 11 1
0 1 13 2 1 14 2 2
0 5 4 14 5 4 15 2
0 8 9 15 8 9 16 1
0 8 15 16 8 16 17 1
0 9 11 15 9 11 16 1
0 11 17 15 11 18 16 1
0 11 12 18 11 13 19 1
0 11 18 17 11 19 18 1
0 13 19 2 14 20 2 2
0 14 4 20 15 4 21 2
0 16 15 21 17 16 22 1
0 15 22 21 16 23 22 1
0 15 17 23 16 18 24 1
0 15 23 22 16 24 23 1
0 17 18 23 18 19 24 1
0 18 24 23 19 25 24 1
0 19 25 2 20 26 2 2
0 20 4 26 21 4 27 2
0 21 22 27 22 23 28 1
0 21 27 28 22 28 29 1
0 22 23 27 23 24 28 1
0 23 29 27 24 30 28 1
0 23 24 30 24 25 31 1
0 23 30 29 24 31 30 1
0 25 31 2 26 32 2 2
0 26 4 32 27 4 33 2
0 28 27 33 29 28 34 1
0 27 34 33 28 35 34 1
0 27 29 35 28 30 36 1
0 27 35 34 28 36 35 1
0 29 30 35 30 31 36 1
0 30 36 35 31 37 36 1
0 31 0 2 32 0 2 2
0 32 4 3 33 4 3 2
0 33 34 37 34 35 7 1
0 33 37 38 34 7 6 1
0 34 35 37 35 36 7 1
0 35 39 37 36 10 7 1
0 35 36 40 36 37 12 1
0 35 40 39 36 12 10 1
"Stick2" 0 0
41
0 -79.256287 -5.194042 -132.000000 0.000000 0.000000 -1
0 -78.237305 -1.107300 -124.704887 0.000000 0.000000 -1
0 -77.218384 2.979446 -132.000000 0.000000 0.000000 -1
0 128.317078 -29.170269 -124.704887 0.000000 0.000000 -1
0 -7.454317 -23.096275 -132.000000 0.000000 0.000000 -1
0 129.335968 -25.083538 -132.000000 0.000000 0.000000 -1
0 -78.237305 -1.107300 -124.704887 0.166667 1.000000 -1
0 -53.164848 3.002954 -132.000000 0.000000 0.666667 -1
0 -77.218384 2.979446 -132.000000 0.000000 1.000000 -1
0 -54.890430 -3.917966 -119.645638 0.166667 0.666667 -1
0 -32.250183 -9.562815 -119.645638 0.166667 0.333333 -1
0 -30.524601 -2.641895 -132.000000 0.000000 0.333333 -1
0 128.317078 -29.170269 -124.704887 0.166667 0.000000 -1
0 -80.275192 -9.280767 -124.704887 0.000000 0.000000 -1
0 126.279205 -37.343746 -124.704887 0.000000 0.000000 -1
0 -58.341576 -17.759819 -119.645638 0.333333 0.666667 -1
0 -80.275192 -9.280767 -124.704887 0.333333 1.000000 -1
0 -35.701344 -23.404661 -119.645638 0.333333 0.333333 -1
0 126.279205 -37.343746 -124.704887 0.333333 0.000000 -1
0 -81.294136 -13.367515 -132.000000 0.000000 0.000000 -1
0 125.260254 -41.430473 -132.000000 0.000000 0.000000 -1
0 -81.294136 -13.367515 -132.000000 0.500000 1.000000 -1
0 -60.067184 -24.680740 -132.000000 0.500000 0.666667 -1
0 -37.426929 -30.325588 -132.000000 0.500000 0.333333 -1
0 125.260254 -41.430473 -132.000000 0.500000 0.000000 -1
0 -80.275208 -9.280767 -139.295135 0.000000 0.000000 -1
0 126.279205 -37.343746 -139.295135 0.000000 0.000000 -1
0 -58.341583 -17.759821 -144.354370 0.666667 0.666667 -1
0 -80.275208 -9.280767 -139.295135 0.666667 1.000000 -1
0 -35.701347 -23.404663 -144.354370 0.666667 0.333333 -1
0 126.279205 -37.343746 -139.295135 0.666667 0.000000 -1
0 -78.237305 -1.107300 -139.295135 0.000000 0.000000 -1
0 128.317078 -29.170269 -139.295135 0.000000 0.000000 -1
0 -78.237305 -1.107300 -139.295135 0.833333 1.000000 -1
0 -54.890438 -3.917961 -144.354370 0.833333 0.666667 -1
0 -32.250183 -9.562815 -144.354370 0.833333 0.333333 -1
0 128.317078 -29.170269 -139.295135 0.833333 0.000000 -1
0 -53.164848 3.002954 -132.000000 1.000000 0.666667 -1
0 -77.218384 2.979446 -132.000000 1.000000 1.000000 -1
0 -30.524601 -2.641895 -132.000000 1.000000 0.333333 -1
0 129.335968 -25.083538 -132.000000 1.000000 0.000000 -1
38
-0.970296 0.241923 0.000001
-0.970295 0.241924 0.000004
-0.970295 0.241924 0.000000
0.023321 -0.510831 -0.859365
0.987171 -0.159669 -0.000007
-0.014526 -0.999894 -0.000001
-0.118317 0.529377 0.840096
0.120930 0.992661 0.000000
-0.000977 1.000000 0.000001
0.000884 0.511186 0.859470
0.104211 0.488780 0.866161
0.190698 0.981649 0.000000
0.139019 0.990290 0.000000
0.087401 0.492274 0.866041
-0.970296 0.241921 0.000003
0.099420 0.489668 -0.866222
-0.239207 -0.451765 0.859470
-0.352996 -0.411865 0.840096
-0.068861 -0.495965 0.865608
-0.016544 -0.505382 0.862737
-0.970296 0.241919 0.000001
0.136848 0.990592 -0.000001
-0.470335 -0.882488 0.000001
-0.359252 -0.933241 0.000000
-0.155447 -0.987844 0.000000
-0.068101 -0.997678 0.000001
-0.970296 0.241922 -0.000002
0.099420 0.489669 0.866222
-0.239206 -0.451765 -0.859470
-0.352996 -0.411866 -0.840096
-0.068861 -0.495965 -0.865608
-0.016544 -0.505382 -0.862737
-0.970295 0.241925 -0.000004
0.023321 -0.510832 0.859364
-0.118317 0.529378 -0.840095
0.000884 0.511186 -0.859470
0.104211 0.488780 -0.866161
0.087401 0.492275 -0.866041
48
0 0 1 2 0 1 2 2
0 3 4 5 3 4 5 2
0 6 7 8 6 7 8 1
0 6 9 7 6 9 7 1
0 10 11 7 10 11 7 1
0 9 10 7 9 10 7 1
0 10 5 11 10 12 11 1
0 10 12 5 10 13 12 1
0 0 13 1 0 14 1 2
0 14 4 3 15 4 3 2
0 15 9 6 16 9 6 1
0 16 15 6 17 16 6 1
0 15 10 9 16 10 9 1
0 15 17 10 16 18 10 1
0 18 12 10 19 13 10 1
0 17 18 10 18 19 10 1
0 0 19 13 0 20 14 2
0 20 4 14 21 4 15 2
0 21 15 16 22 16 17 1
0 21 22 15 22 23 16 1
0 23 17 15 24 18 16 1
0 22 23 15 23 24 16 1
0 23 18 17 24 19 18 1
0 23 24 18 24 25 19 1
0 0 25 19 0 26 20 2
0 26 4 20 27 4 21 2
0 27 22 21 28 23 22 1
0 28 27 21 29 28 22 1
0 27 23 22 28 24 23 1
0 27 29 23 28 30 24 1
0 30 24 23 31 25 24 1
0 29 30 23 30 31 24 1
0 0 31 25 0 32 26 2
0 32 4 26 33 4 27 2
0 33 27 28 34 28 29 1
0 33 34 27 34 35 28 1
0 35 29 27 36 30 28 1
0 34 35 27 35 36 28 1
0 35 30 29 36 31 30 1
0 35 36 30 36 37 31 1
0 0 2 31 0 2 32 2
0 5 4 32 5 4 33 2
0 37 34 33 7 35 34 1
0 38 37 33 8 7 34 1
0 37 35 34 7 36 35 1
0 37 39 35 7 11 36 1
0 40 36 35 12 37 36 1
0 39 40 35 11 12 36 1

Materials: 1
"Material01"
0.200000 0.200000 0.200000 1.000000
0.800000 0.800000 0.800000 1.000000
0.000000 0.000000 0.000000 1.000000
0.000000 0.000000 0.000000 1.000000
0.000000
1.000000
"E5Root.tga"
""

Bones: 0
GroupComments: 0
MaterialComments: 0
BoneComments: 0
ModelComment: 0
