// MilkShape 3D ASCII

Frames: 40
Frame: 1

Meshes: 5
"Body" 0 0
116
0 -302.748047 -5.627275 -1.179910 0.000000 0.000000 -1
0 -302.748047 13.042226 11.229829 0.000000 0.000000 -1
0 -302.748047 15.930423 -1.179910 0.000000 0.000000 -1
0 160.432800 -0.881742 9.657117 0.000000 0.000000 -1
0 160.432800 -5.627279 -1.179920 0.000000 0.000000 -1
0 160.432800 -0.147605 -1.179920 0.000000 0.000000 -1
0 -259.163147 33.406059 65.790443 0.083333 0.833333 -1
0 -259.163147 39.444553 -1.179911 0.000000 0.833333 -1
0 -302.748047 15.930423 -1.179910 0.000000 1.000000 -1
0 -302.748047 13.042226 11.229829 0.083333 1.000000 -1
0 -215.578217 79.183319 -1.179916 0.000000 0.666667 -1
0 -215.578217 67.820847 137.438309 0.083333 0.666667 -1
0 -171.993301 53.865688 46.191418 0.083333 0.500000 -1
0 -70.048920 119.200302 -1.179916 0.000000 0.500000 -1
0 81.390213 87.259842 -1.179923 0.000000 0.333333 -1
0 81.390213 33.406048 23.206451 0.083333 0.333333 -1
0 116.847870 5.396877 23.995144 0.083333 0.166667 -1
0 116.847870 7.102324 -1.179919 0.000000 0.166667 -1
0 160.432800 -0.881742 9.657117 0.083333 0.000000 -1
0 -302.748047 5.151571 20.314384 0.000000 0.000000 -1
0 160.432800 -2.887442 17.590376 0.000000 0.000000 -1
0 -302.748047 5.151571 20.314384 0.166667 1.000000 -1
0 -259.163147 16.908634 114.816154 0.166667 0.833333 -1
0 -215.578217 36.778011 238.913849 0.166667 0.666667 -1
0 -171.993301 28.721001 234.136017 0.166667 0.500000 -1
0 81.390213 16.908634 41.058479 0.166667 0.333333 -1
0 116.847870 0.737523 42.424576 0.166667 0.166667 -1
0 160.432800 -2.887442 17.590376 0.166667 0.000000 -1
0 -302.748047 -5.627275 23.639565 0.000000 0.000000 -1
0 160.432800 -5.627279 20.494154 0.000000 0.000000 -1
0 -259.163147 -5.627271 132.760788 0.250000 0.833333 -1
0 -302.748047 -5.627275 23.639565 0.250000 1.000000 -1
0 -26.578217 -5.627279 276.056427 0.250000 0.666667 -1
0 17.006699 -5.627279 270.539459 0.250000 0.500000 -1
0 81.390213 -5.627279 47.592823 0.250000 0.333333 -1
0 116.847870 -5.627279 49.170216 0.250000 0.166667 -1
0 160.432800 -5.627279 20.494154 0.250000 0.000000 -1
0 -302.748047 -16.406139 20.314384 0.000000 0.000000 -1
0 160.432800 -8.367121 17.590376 0.000000 0.000000 -1
0 -302.748047 -16.406139 20.314384 0.333333 1.000000 -1
0 -259.163147 -28.163177 114.816154 0.333333 0.833333 -1
0 -215.578217 -48.032574 238.913849 0.333333 0.666667 -1
0 -171.993301 -39.975574 234.136017 0.333333 0.500000 -1
0 81.390213 -28.163189 41.058479 0.333333 0.333333 -1
0 116.847870 -11.992088 42.424576 0.333333 0.166667 -1
0 160.432800 -8.367121 17.590376 0.333333 0.000000 -1
0 -302.748047 -24.296799 11.229829 0.000000 0.000000 -1
0 160.432800 -10.372824 9.657117 0.000000 0.000000 -1
0 -259.163147 -44.660606 65.790443 0.416667 0.833333 -1
0 -302.748047 -24.296799 11.229829 0.416667 1.000000 -1
0 -215.578217 -79.075394 137.438309 0.416667 0.666667 -1
0 -171.993301 -65.120239 134.679779 0.416667 0.500000 -1
0 81.390213 -44.660606 23.206451 0.416667 0.333333 -1
0 116.847870 -16.651443 23.995144 0.416667 0.166667 -1
0 160.432800 -10.372824 9.657117 0.416667 0.000000 -1
0 -302.748047 -27.184990 -1.179910 0.000000 0.000000 -1
0 160.432800 -11.106958 -1.179920 0.000000 0.000000 -1
0 -302.748047 -27.184990 -1.179910 0.500000 1.000000 -1
0 -259.163147 -50.699093 -1.179911 0.500000 0.833333 -1
0 -215.578217 -90.437874 -1.179916 0.500000 0.666667 -1
0 -171.993301 -74.323853 -1.179916 0.500000 0.500000 -1
0 81.390213 -50.699108 -1.179923 0.500000 0.333333 -1
0 116.847870 -18.356892 -1.179919 0.500000 0.166667 -1
0 160.432800 -11.106958 -1.179920 0.500000 0.000000 -1
0 -302.748047 -24.296799 -13.589647 0.000000 0.000000 -1
0 160.432800 -10.372824 -12.016963 0.000000 0.000000 -1
0 -259.163147 -44.660606 -68.150246 0.583333 0.833333 -1
0 -302.748047 -24.296799 -13.589647 0.583333 1.000000 -1
0 -215.578217 -79.075394 -139.798157 0.583333 0.666667 -1
0 -171.993301 -65.120239 -137.039658 0.583333 0.500000 -1
0 81.390213 -44.660606 -25.566296 0.583333 0.333333 -1
0 116.847870 -16.651443 -26.354996 0.583333 0.166667 -1
0 160.432800 -10.372824 -12.016963 0.583333 0.000000 -1
0 -302.748047 -16.406139 -22.674200 0.000000 0.000000 -1
0 160.432800 -8.367121 -19.950218 0.000000 0.000000 -1
0 -302.748047 -16.406139 -22.674200 0.666667 1.000000 -1
0 -259.163147 -28.163177 -117.175980 0.666667 0.833333 -1
0 -215.578217 -48.032574 -241.273712 0.666667 0.666667 -1
0 -171.993301 -39.975574 -236.495850 0.666667 0.500000 -1
0 81.390213 -28.163189 -43.418316 0.666667 0.333333 -1
0 116.847870 -11.992088 -44.784409 0.666667 0.166667 -1
0 160.432800 -8.367121 -19.950218 0.666667 0.000000 -1
0 -302.748047 -5.627275 -25.999382 0.000000 0.000000 -1
0 160.432800 -5.627279 -22.853992 0.000000 0.000000 -1
0 -259.163147 -5.627271 -135.120605 0.750000 0.833333 -1
0 -302.748047 -5.627275 -25.999382 0.750000 1.000000 -1
0 -26.578217 -5.627279 -278.416351 0.750000 0.666667 -1
0 17.006699 -5.627279 -272.899292 0.750000 0.500000 -1
0 81.390213 -5.627279 -49.952682 0.750000 0.333333 -1
0 116.847870 -5.627279 -51.530041 0.750000 0.166667 -1
0 160.432800 -5.627279 -22.853992 0.750000 0.000000 -1
0 -302.748047 5.151571 -22.674200 0.000000 0.000000 -1
0 160.432800 -2.887442 -19.950218 0.000000 0.000000 -1
0 -302.748047 5.151571 -22.674200 0.833333 1.000000 -1
0 -259.163147 16.908634 -117.175980 0.833333 0.833333 -1
0 -215.578217 36.778011 -241.273712 0.833333 0.666667 -1
0 -171.993301 28.721001 -236.495850 0.833333 0.500000 -1
0 81.390213 16.908634 -43.418316 0.833333 0.333333 -1
0 116.847870 0.737523 -44.784409 0.833333 0.166667 -1
0 160.432800 -2.887442 -19.950218 0.833333 0.000000 -1
0 -302.748047 13.042226 -13.589647 0.000000 0.000000 -1
0 160.432800 -0.881742 -12.016963 0.000000 0.000000 -1
0 -259.163147 33.406059 -68.150246 0.916667 0.833333 -1
0 -302.748047 13.042226 -13.589647 0.916667 1.000000 -1
0 -215.578217 67.820847 -139.798157 0.916667 0.666667 -1
0 -171.993301 53.865688 -48.551273 0.916667 0.500000 -1
0 81.390213 33.406048 -25.566296 0.916667 0.333333 -1
0 116.847870 5.396877 -26.354996 0.916667 0.166667 -1
0 160.432800 -0.881742 -12.016963 0.916667 0.000000 -1
0 -302.748047 15.930423 -1.179910 1.000000 1.000000 -1
0 -259.163147 39.444553 -1.179911 1.000000 0.833333 -1
0 -215.578217 79.183319 -1.179916 1.000000 0.666667 -1
0 -70.048920 119.200302 -1.179916 1.000000 0.500000 -1
0 81.390213 87.259842 -1.179923 1.000000 0.333333 -1
0 116.847870 7.102324 -1.179919 1.000000 0.166667 -1
0 160.432800 -0.147605 -1.179920 1.000000 0.000000 -1
86
-1.000000 0.000000 0.000000
1.000000 0.000000 0.000000
-0.693417 0.697490 0.180779
-0.578645 0.815580 -0.000000
-0.540745 0.841186 -0.000000
-0.692862 0.650744 0.310603
-0.336831 0.941565 0.000000
-0.112752 0.977626 0.177579
0.221929 0.833268 0.506371
-0.088583 0.996069 0.000000
0.644943 0.764230 0.000000
0.263142 0.560891 0.784957
0.396159 0.859482 0.323029
0.613177 0.789945 0.000000
0.164086 0.986446 0.000000
0.190235 0.969636 0.153675
-0.838682 0.408908 0.359730
-0.845630 0.456160 0.277180
-0.346126 0.838672 0.420507
0.168254 0.980898 0.097624
0.364831 0.765371 0.530194
0.339852 0.825275 0.451024
0.324394 0.833270 0.447693
-0.897435 0.000000 0.441147
-0.928663 0.000000 0.370924
-0.198544 -0.000000 0.980092
0.813365 -0.000000 0.581754
0.594940 -0.000000 0.803770
0.350334 0.000000 0.936625
0.549640 0.000000 0.835402
-0.838682 -0.408908 0.359730
-0.845630 -0.456160 0.277180
-0.391880 -0.816025 0.424892
0.191026 -0.969638 0.152684
0.402319 -0.744168 0.533248
0.339851 -0.825275 0.451024
0.324394 -0.833270 0.447693
-0.693417 -0.697490 0.180779
-0.692862 -0.650744 0.310603
-0.249736 -0.951647 0.178887
0.256135 -0.937505 0.235540
0.421310 -0.797314 0.432191
0.380966 -0.898679 0.217350
0.190235 -0.969636 0.153675
-0.540745 -0.841187 -0.000000
-0.578645 -0.815580 -0.000000
-0.202955 -0.979188 0.000000
0.221708 -0.975113 0.000000
0.409565 -0.912281 0.000000
0.437035 -0.899444 0.000000
0.164086 -0.986446 0.000000
-0.693417 -0.697490 -0.180779
-0.692862 -0.650744 -0.310603
-0.249736 -0.951647 -0.178887
0.256135 -0.937505 -0.235540
0.421310 -0.797313 -0.432191
0.380966 -0.898679 -0.217351
0.190235 -0.969636 -0.153675
-0.838682 -0.408908 -0.359730
-0.845630 -0.456160 -0.277180
-0.391880 -0.816025 -0.424892
0.191026 -0.969638 -0.152684
0.402319 -0.744168 -0.533248
0.339851 -0.825275 -0.451024
0.324394 -0.833270 -0.447694
-0.897435 0.000000 -0.441146
-0.928663 0.000000 -0.370924
-0.198544 -0.000000 -0.980092
0.813366 0.000000 -0.581752
0.594940 -0.000000 -0.803770
0.350335 0.000000 -0.936625
0.549640 0.000000 -0.835402
-0.838682 0.408908 -0.359730
-0.845630 0.456160 -0.277180
-0.346126 0.838672 -0.420506
0.168254 0.980898 -0.097624
0.364831 0.765371 -0.530194
0.339852 0.825275 -0.451024
0.324394 0.833270 -0.447693
-0.693417 0.697490 -0.180779
-0.692862 0.650744 -0.310603
-0.112752 0.977626 -0.177579
0.221929 0.833268 -0.506371
0.263142 0.560891 -0.784957
0.396159 0.859482 -0.323029
0.190235 0.969636 -0.153675
168
0 0 1 2 0 0 0 2
0 3 4 5 1 1 1 2
0 6 7 8 2 3 4 1
0 9 6 8 5 2 4 1
0 6 10 7 2 6 3 1
0 6 11 10 2 7 6 1
0 12 13 10 8 9 6 1
0 11 12 10 7 8 6 1
0 12 14 13 8 10 9 1
0 12 15 14 8 11 10 1
0 16 17 14 12 13 10 1
0 15 16 14 11 12 10 1
0 16 5 17 12 14 13 1
0 16 18 5 12 15 14 1
0 0 19 1 0 0 0 2
0 20 4 3 1 1 1 2
0 21 6 9 16 2 5 1
0 21 22 6 16 17 2 1
0 23 11 6 18 7 2 1
0 22 23 6 17 18 2 1
0 23 12 11 18 8 7 1
0 23 24 12 18 19 8 1
0 25 15 12 20 11 8 1
0 24 25 12 19 20 8 1
0 25 16 15 20 12 11 1
0 25 26 16 20 21 12 1
0 27 18 16 22 15 12 1
0 26 27 16 21 22 12 1
0 0 28 19 0 0 0 2
0 29 4 20 1 1 1 2
0 30 22 21 23 17 16 1
0 31 30 21 24 23 16 1
0 30 23 22 23 18 17 1
0 30 32 23 23 25 18 1
0 33 24 23 26 19 18 1
0 32 33 23 25 26 18 1
0 33 25 24 26 20 19 1
0 33 34 25 26 27 20 1
0 35 26 25 28 21 20 1
0 34 35 25 27 28 20 1
0 35 27 26 28 22 21 1
0 35 36 27 28 29 22 1
0 0 37 28 0 0 0 2
0 38 4 29 1 1 1 2
0 39 30 31 30 23 24 1
0 39 40 30 30 31 23 1
0 41 32 30 32 25 23 1
0 40 41 30 31 32 23 1
0 41 33 32 32 26 25 1
0 41 42 33 32 33 26 1
0 43 34 33 34 27 26 1
0 42 43 33 33 34 26 1
0 43 35 34 34 28 27 1
0 43 44 35 34 35 28 1
0 45 36 35 36 29 28 1
0 44 45 35 35 36 28 1
0 0 46 37 0 0 0 2
0 47 4 38 1 1 1 2
0 48 40 39 37 31 30 1
0 49 48 39 38 37 30 1
0 48 41 40 37 32 31 1
0 48 50 41 37 39 32 1
0 51 42 41 40 33 32 1
0 50 51 41 39 40 32 1
0 51 43 42 40 34 33 1
0 51 52 43 40 41 34 1
0 53 44 43 42 35 34 1
0 52 53 43 41 42 34 1
0 53 45 44 42 36 35 1
0 53 54 45 42 43 36 1
0 0 55 46 0 0 0 2
0 56 4 47 1 1 1 2
0 57 48 49 44 37 38 1
0 57 58 48 44 45 37 1
0 59 50 48 46 39 37 1
0 58 59 48 45 46 37 1
0 59 51 50 46 40 39 1
0 59 60 51 46 47 40 1
0 61 52 51 48 41 40 1
0 60 61 51 47 48 40 1
0 61 53 52 48 42 41 1
0 61 62 53 48 49 42 1
0 63 54 53 50 43 42 1
0 62 63 53 49 50 42 1
0 0 64 55 0 0 0 2
0 65 4 56 1 1 1 2
0 66 58 57 51 45 44 1
0 67 66 57 52 51 44 1
0 66 59 58 51 46 45 1
0 66 68 59 51 53 46 1
0 69 60 59 54 47 46 1
0 68 69 59 53 54 46 1
0 69 61 60 54 48 47 1
0 69 70 61 54 55 48 1
0 71 62 61 56 49 48 1
0 70 71 61 55 56 48 1
0 71 63 62 56 50 49 1
0 71 72 63 56 57 50 1
0 0 73 64 0 0 0 2
0 74 4 65 1 1 1 2
0 75 66 67 58 51 52 1
0 75 76 66 58 59 51 1
0 77 68 66 60 53 51 1
0 76 77 66 59 60 51 1
0 77 69 68 60 54 53 1
0 77 78 69 60 61 54 1
0 79 70 69 62 55 54 1
0 78 79 69 61 62 54 1
0 79 71 70 62 56 55 1
0 79 80 71 62 63 56 1
0 81 72 71 64 57 56 1
0 80 81 71 63 64 56 1
0 0 82 73 0 0 0 2
0 83 4 74 1 1 1 2
0 84 76 75 65 59 58 1
0 85 84 75 66 65 58 1
0 84 77 76 65 60 59 1
0 84 86 77 65 67 60 1
0 87 78 77 68 61 60 1
0 86 87 77 67 68 60 1
0 87 79 78 68 62 61 1
0 87 88 79 68 69 62 1
0 89 80 79 70 63 62 1
0 88 89 79 69 70 62 1
0 89 81 80 70 64 63 1
0 89 90 81 70 71 64 1
0 0 91 82 0 0 0 2
0 92 4 83 1 1 1 2
0 93 84 85 72 65 66 1
0 93 94 84 72 73 65 1
0 95 86 84 74 67 65 1
0 94 95 84 73 74 65 1
0 95 87 86 74 68 67 1
0 95 96 87 74 75 68 1
0 97 88 87 76 69 68 1
0 96 97 87 75 76 68 1
0 97 89 88 76 70 69 1
0 97 98 89 76 77 70 1
0 99 90 89 78 71 70 1
0 98 99 89 77 78 70 1
0 0 100 91 0 0 0 2
0 101 4 92 1 1 1 2
0 102 94 93 79 73 72 1
0 103 102 93 80 79 72 1
0 102 95 94 79 74 73 1
0 102 104 95 79 81 74 1
0 105 96 95 82 75 74 1
0 104 105 95 81 82 74 1
0 105 97 96 82 76 75 1
0 105 106 97 82 83 76 1
0 107 98 97 84 77 76 1
0 106 107 97 83 84 76 1
0 107 99 98 84 78 77 1
0 107 108 99 84 85 78 1
0 0 2 100 0 0 0 2
0 5 4 101 1 1 1 2
0 109 102 103 4 79 80 1
0 109 110 102 4 3 79 1
0 111 104 102 6 81 79 1
0 110 111 102 3 6 79 1
0 111 105 104 6 82 81 1
0 111 112 105 6 9 82 1
0 113 106 105 10 83 82 1
0 112 113 105 9 10 82 1
0 113 107 106 10 84 83 1
0 113 114 107 10 13 84 1
0 115 108 107 14 85 84 1
0 114 115 107 13 14 84 1
"Stick1" 0 0
41
0 19.859467 -1.169779 195.321594 0.000000 0.000000 -1
0 19.161453 -5.468689 184.543335 0.000000 0.000000 -1
0 18.463455 -9.767601 195.321594 0.000000 0.000000 -1
0 173.365356 -9.087933 195.321594 0.000000 0.000000 -1
0 126.014465 -7.099112 195.321594 0.000000 0.000000 -1
0 172.667465 -13.386806 184.543335 0.000000 0.000000 -1
0 19.859467 -1.169779 195.321594 0.000000 1.000000 -1
0 54.740074 5.634289 195.321594 0.000000 0.666667 -1
0 19.161453 -5.468689 184.543335 0.166667 1.000000 -1
0 53.557999 -1.645945 177.068558 0.166667 0.666667 -1
0 88.652512 6.475689 195.321594 0.000000 0.333333 -1
0 87.470459 -0.804531 177.068558 0.166667 0.333333 -1
0 172.667465 -13.386806 184.543335 0.166667 0.000000 -1
0 17.765442 -14.066490 184.543335 0.000000 0.000000 -1
0 171.271500 -21.984608 184.543335 0.000000 0.000000 -1
0 51.193909 -16.206398 177.068558 0.333333 0.666667 -1
0 17.765442 -14.066490 184.543335 0.333333 1.000000 -1
0 85.106369 -15.364998 177.068558 0.333333 0.333333 -1
0 171.271500 -21.984608 184.543335 0.333333 0.000000 -1
0 17.067520 -18.365391 195.321594 0.000000 0.000000 -1
0 170.573502 -26.283531 195.321594 0.000000 0.000000 -1
0 17.067520 -18.365391 195.321594 0.500000 1.000000 -1
0 50.011856 -23.486633 195.321594 0.500000 0.666667 -1
0 83.924309 -22.645226 195.321594 0.500000 0.333333 -1
0 170.573502 -26.283531 195.321594 0.500000 0.000000 -1
0 17.765457 -14.066486 206.099823 0.000000 0.000000 -1
0 171.271500 -21.984608 206.099823 0.000000 0.000000 -1
0 51.193909 -16.206406 213.574631 0.666667 0.666667 -1
0 17.765457 -14.066486 206.099823 0.666667 1.000000 -1
0 85.106369 -15.365002 213.574631 0.666667 0.333333 -1
0 171.271500 -21.984608 206.099823 0.666667 0.000000 -1
0 19.161453 -5.468689 206.099823 0.000000 0.000000 -1
0 172.667465 -13.386806 206.099823 0.000000 0.000000 -1
0 19.161453 -5.468689 206.099823 0.833333 1.000000 -1
0 53.558014 -1.645943 213.574631 0.833333 0.666667 -1
0 87.470459 -0.804531 213.574631 0.833333 0.333333 -1
0 172.667465 -13.386806 206.099823 0.833333 0.000000 -1
0 54.740074 5.634289 195.321594 1.000000 0.666667 -1
0 19.859467 -1.169779 195.321594 1.000000 1.000000 -1
0 88.652512 6.475689 195.321594 1.000000 0.333333 -1
0 173.365356 -9.087933 195.321594 1.000000 0.000000 -1
38
-0.987073 0.160269 -0.000000
-0.987073 0.160269 0.000001
-0.987074 0.160266 0.000000
-0.041965 -0.999119 -0.000000
0.981268 -0.192650 -0.000002
0.108910 -0.578108 0.808659
-0.191459 0.981501 0.000000
-0.108768 0.994067 0.000000
-0.234644 0.566059 -0.790265
-0.126023 0.567356 -0.813772
0.078242 0.996934 0.000000
0.069624 0.553476 -0.829950
0.180697 0.983539 0.000000
0.152515 0.541594 -0.826689
-0.987074 0.160265 0.000003
0.350945 0.488577 0.798831
-0.102103 -0.551215 -0.828092
-0.216955 -0.533428 -0.817548
0.020950 -0.563959 -0.825537
0.027939 -0.566391 -0.823663
-0.987075 0.160261 0.000001
0.395446 0.918489 -0.000000
-0.153606 -0.988132 0.000000
-0.064553 -0.997914 -0.000000
-0.008555 -0.999963 0.000000
-0.041952 -0.999120 0.000000
-0.987074 0.160265 -0.000002
0.350944 0.488577 -0.798831
-0.102103 -0.551215 0.828092
-0.216956 -0.533427 0.817548
0.020951 -0.563959 0.825537
0.027940 -0.566391 0.823663
-0.987073 0.160269 -0.000000
0.108909 -0.578108 -0.808660
-0.234645 0.566059 0.790265
-0.126023 0.567356 0.813772
0.069624 0.553475 0.829950
0.152515 0.541593 0.826690
48
0 0 1 2 0 1 2 2
0 3 4 5 3 4 5 2
0 6 7 8 6 7 8 1
0 7 9 8 7 9 8 1
0 7 10 11 7 10 11 1
0 7 11 9 7 11 9 1
0 10 3 11 10 12 11 1
0 3 12 11 12 13 11 1
0 1 13 2 1 14 2 2
0 5 4 14 5 4 15 2
0 8 9 15 8 9 16 1
0 8 15 16 8 16 17 1
0 9 11 15 9 11 16 1
0 11 17 15 11 18 16 1
0 11 12 18 11 13 19 1
0 11 18 17 11 19 18 1
0 13 19 2 14 20 2 2
0 14 4 20 15 4 21 2
0 16 15 21 17 16 22 1
0 15 22 21 16 23 22 1
0 15 17 23 16 18 24 1
0 15 23 22 16 24 23 1
0 17 18 23 18 19 24 1
0 18 24 23 19 25 24 1
0 19 25 2 20 26 2 2
0 20 4 26 21 4 27 2
0 21 22 27 22 23 28 1
0 21 27 28 22 28 29 1
0 22 23 27 23 24 28 1
0 23 29 27 24 30 28 1
0 23 24 30 24 25 31 1
0 23 30 29 24 31 30 1
0 25 31 2 26 32 2 2
0 26 4 32 27 4 33 2
0 28 27 33 29 28 34 1
0 27 34 33 28 35 34 1
0 27 29 35 28 30 36 1
0 27 35 34 28 36 35 1
0 29 30 35 30 31 36 1
0 30 36 35 31 37 36 1
0 31 0 2 32 0 2 2
0 32 4 3 33 4 3 2
0 33 34 37 34 35 7 1
0 33 37 38 34 7 6 1
0 34 35 37 35 36 7 1
0 35 39 37 36 10 7 1
0 35 36 40 36 37 12 1
0 35 40 39 36 12 10 1
"Stick2" 0 0
41
0 18.463394 -9.767599 -194.726501 0.000000 0.000000 -1
0 19.161453 -5.468681 -183.948318 0.000000 0.000000 -1
0 19.859421 -1.169769 -194.726501 0.000000 0.000000 -1
0 172.667465 -13.386806 -183.948318 0.000000 0.000000 -1
0 126.014435 -7.099110 -194.726501 0.000000 0.000000 -1
0 173.365326 -9.087931 -194.726501 0.000000 0.000000 -1
0 19.161453 -5.468681 -183.948318 0.166667 1.000000 -1
0 54.739998 5.634277 -194.726501 0.000000 0.666667 -1
0 19.859421 -1.169769 -194.726501 0.000000 1.000000 -1
0 53.557953 -1.645954 -176.473465 0.166667 0.666667 -1
0 87.470428 -0.804539 -176.473465 0.166667 0.333333 -1
0 88.652481 6.475691 -194.726501 0.000000 0.333333 -1
0 172.667465 -13.386806 -183.948318 0.166667 0.000000 -1
0 17.765427 -14.066483 -183.948318 0.000000 0.000000 -1
0 171.271500 -21.984608 -183.948318 0.000000 0.000000 -1
0 51.193893 -16.206402 -176.473465 0.333333 0.666667 -1
0 17.765427 -14.066483 -183.948318 0.333333 1.000000 -1
0 85.106316 -15.365002 -176.473465 0.333333 0.333333 -1
0 171.271500 -21.984608 -183.948318 0.333333 0.000000 -1
0 17.067490 -18.365398 -194.726501 0.000000 0.000000 -1
0 170.573471 -26.283524 -194.726501 0.000000 0.000000 -1
0 17.067490 -18.365398 -194.726501 0.500000 1.000000 -1
0 50.011787 -23.486649 -194.726501 0.500000 0.666667 -1
0 83.924255 -22.645229 -194.726501 0.500000 0.333333 -1
0 170.573471 -26.283524 -194.726501 0.500000 0.000000 -1
0 17.765411 -14.066490 -205.504761 0.000000 0.000000 -1
0 171.271500 -21.984608 -205.504761 0.000000 0.000000 -1
0 51.193863 -16.206413 -212.979523 0.666667 0.666667 -1
0 17.765411 -14.066490 -205.504761 0.666667 1.000000 -1
0 85.106308 -15.365002 -212.979523 0.666667 0.333333 -1
0 171.271500 -21.984608 -205.504761 0.666667 0.000000 -1
0 19.161453 -5.468681 -205.504761 0.000000 0.000000 -1
0 172.667465 -13.386806 -205.504761 0.000000 0.000000 -1
0 19.161453 -5.468681 -205.504761 0.833333 1.000000 -1
0 53.557953 -1.645947 -212.979523 0.833333 0.666667 -1
0 87.470428 -0.804539 -212.979523 0.833333 0.333333 -1
0 172.667465 -13.386806 -205.504761 0.833333 0.000000 -1
0 54.739998 5.634277 -194.726501 1.000000 0.666667 -1
0 19.859421 -1.169769 -194.726501 1.000000 1.000000 -1
0 88.652481 6.475691 -194.726501 1.000000 0.333333 -1
0 173.365326 -9.087931 -194.726501 1.000000 0.000000 -1
38
-0.987074 0.160267 0.000000
-0.987073 0.160271 0.000004
-0.987073 0.160271 0.000000
0.108909 -0.578107 -0.808660
0.981268 -0.192650 -0.000004
-0.041965 -0.999119 -0.000001
-0.234645 0.566059 0.790265
-0.108767 0.994067 0.000000
-0.191458 0.981501 0.000001
-0.126024 0.567356 0.813772
0.069624 0.553475 0.829950
0.078242 0.996934 -0.000000
0.180697 0.983539 0.000001
0.152515 0.541593 0.826690
-0.987074 0.160264 0.000001
0.350943 0.488576 -0.798832
-0.102104 -0.551214 0.828093
-0.216957 -0.533426 0.817549
0.020951 -0.563959 0.825537
0.027940 -0.566391 0.823663
-0.987075 0.160258 0.000001
0.395446 0.918489 -0.000001
-0.153607 -0.988132 0.000001
-0.064553 -0.997914 0.000000
-0.008555 -0.999963 0.000000
-0.041952 -0.999120 0.000001
-0.987074 0.160265 -0.000000
0.350944 0.488577 0.798831
-0.102103 -0.551215 -0.828093
-0.216955 -0.533427 -0.817549
0.020950 -0.563959 -0.825537
0.027939 -0.566391 -0.823663
-0.987073 0.160272 -0.000004
0.108910 -0.578108 0.808659
-0.234644 0.566059 -0.790265
-0.126023 0.567356 -0.813772
0.069624 0.553475 -0.829950
0.152515 0.541594 -0.826689
48
0 0 1 2 0 1 2 2
0 3 4 5 3 4 5 2
0 6 7 8 6 7 8 1
0 6 9 7 6 9 7 1
0 10 11 7 10 11 7 1
0 9 10 7 9 10 7 1
0 10 5 11 10 12 11 1
0 10 12 5 10 13 12 1
0 0 13 1 0 14 1 2
0 14 4 3 15 4 3 2
0 15 9 6 16 9 6 1
0 16 15 6 17 16 6 1
0 15 10 9 16 10 9 1
0 15 17 10 16 18 10 1
0 18 12 10 19 13 10 1
0 17 18 10 18 19 10 1
0 0 19 13 0 20 14 2
0 20 4 14 21 4 15 2
0 21 15 16 22 16 17 1
0 21 22 15 22 23 16 1
0 23 17 15 24 18 16 1
0 22 23 15 23 24 16 1
0 23 18 17 24 19 18 1
0 23 24 18 24 25 19 1
0 0 25 19 0 26 20 2
0 26 4 20 27 4 21 2
0 27 22 21 28 23 22 1
0 28 27 21 29 28 22 1
0 27 23 22 28 24 23 1
0 27 29 23 28 30 24 1
0 30 24 23 31 25 24 1
0 29 30 23 30 31 24 1
0 0 31 25 0 32 26 2
0 32 4 26 33 4 27 2
0 33 27 28 34 28 29 1
0 33 34 27 34 35 28 1
0 35 29 27 36 30 28 1
0 34 35 27 35 36 28 1
0 35 30 29 36 31 30 1
0 35 36 30 36 37 31 1
0 0 2 31 0 2 32 2
0 5 4 32 5 4 33 2
0 37 34 33 7 35 34 1
0 38 37 33 8 7 34 1
0 37 35 34 7 36 35 1
0 37 39 35 7 11 36 1
0 40 36 35 12 37 36 1
0 39 40 35 11 12 36 1
"Stick3" 0 0
41
0 31.704498 -6.037497 101.321594 0.000000 0.000000 -1
0 31.006500 -10.336414 90.543335 0.000000 0.000000 -1
0 30.308502 -14.635323 101.321594 0.000000 0.000000 -1
0 185.210388 -13.955654 101.321594 0.000000 0.000000 -1
0 137.859512 -11.966831 101.321594 0.000000 0.000000 -1
0 184.512558 -18.254517 90.543335 0.000000 0.000000 -1
0 31.704498 -6.037497 101.321594 0.000000 1.000000 -1
0 66.585136 0.766563 101.321594 0.000000 0.666667 -1
0 31.006500 -10.336414 90.543335 0.166667 1.000000 -1
0 65.403053 -6.513672 83.068558 0.166667 0.666667 -1
0 100.497574 1.607964 101.321594 0.000000 0.333333 -1
0 99.315521 -5.672258 83.068558 0.166667 0.333333 -1
0 184.512558 -18.254517 90.543335 0.166667 0.000000 -1
0 29.610519 -18.934204 90.543335 0.000000 0.000000 -1
0 183.116562 -26.852325 90.543335 0.000000 0.000000 -1
0 63.038971 -21.074120 83.068558 0.333333 0.666667 -1
0 29.610519 -18.934204 90.543335 0.333333 1.000000 -1
0 96.951431 -20.232712 83.068558 0.333333 0.333333 -1
0 183.116562 -26.852325 90.543335 0.333333 0.000000 -1
0 28.912582 -23.233109 101.321594 0.000000 0.000000 -1
0 182.418564 -31.151237 101.321594 0.000000 0.000000 -1
0 28.912582 -23.233109 101.321594 0.500000 1.000000 -1
0 61.856888 -28.354355 101.321594 0.500000 0.666667 -1
0 95.769363 -27.512951 101.321594 0.500000 0.333333 -1
0 182.418564 -31.151237 101.321594 0.500000 0.000000 -1
0 29.610519 -18.934212 112.099823 0.000000 0.000000 -1
0 183.116562 -26.852325 112.099823 0.000000 0.000000 -1
0 63.038971 -21.074127 119.574631 0.666667 0.666667 -1
0 29.610519 -18.934212 112.099823 0.666667 1.000000 -1
0 96.951431 -20.232719 119.574631 0.666667 0.333333 -1
0 183.116562 -26.852325 112.099823 0.666667 0.000000 -1
0 31.006500 -10.336414 112.099823 0.000000 0.000000 -1
0 184.512558 -18.254517 112.099823 0.000000 0.000000 -1
0 31.006500 -10.336414 112.099823 0.833333 1.000000 -1
0 65.403061 -6.513657 119.574631 0.833333 0.666667 -1
0 99.315521 -5.672258 119.574631 0.833333 0.333333 -1
0 184.512558 -18.254517 112.099823 0.833333 0.000000 -1
0 66.585136 0.766563 101.321594 1.000000 0.666667 -1
0 31.704498 -6.037497 101.321594 1.000000 1.000000 -1
0 100.497574 1.607964 101.321594 1.000000 0.333333 -1
0 185.210388 -13.955654 101.321594 1.000000 0.000000 -1
38
-0.987074 0.160267 0.000000
-0.987074 0.160267 -0.000000
-0.987074 0.160264 0.000000
-0.041965 -0.999119 -0.000000
0.981267 -0.192651 -0.000002
0.108910 -0.578109 0.808659
-0.191458 0.981501 0.000000
-0.108767 0.994067 -0.000000
-0.234644 0.566059 -0.790265
-0.126023 0.567356 -0.813772
0.078242 0.996934 0.000000
0.069624 0.553476 -0.829950
0.180697 0.983539 0.000000
0.152515 0.541594 -0.826689
-0.987074 0.160263 0.000001
0.350945 0.488577 0.798831
-0.102103 -0.551215 -0.828092
-0.216955 -0.533428 -0.817548
0.020950 -0.563959 -0.825537
0.027939 -0.566391 -0.823663
-0.987075 0.160260 0.000000
0.395445 0.918489 -0.000000
-0.153606 -0.988132 0.000000
-0.064553 -0.997914 -0.000000
-0.008555 -0.999963 -0.000000
-0.041952 -0.999120 0.000000
-0.987074 0.160263 -0.000001
0.350944 0.488577 -0.798831
-0.102103 -0.551215 0.828092
-0.216956 -0.533428 0.817548
0.020951 -0.563959 0.825537
0.027940 -0.566391 0.823663
-0.987074 0.160267 0.000000
0.108909 -0.578108 -0.808659
-0.234645 0.566059 0.790265
-0.126023 0.567356 0.813772
0.069624 0.553476 0.829950
0.152515 0.541594 0.826689
48
0 0 1 2 0 1 2 2
0 3 4 5 3 4 5 2
0 6 7 8 6 7 8 1
0 7 9 8 7 9 8 1
0 7 10 11 7 10 11 1
0 7 11 9 7 11 9 1
0 10 3 11 10 12 11 1
0 3 12 11 12 13 11 1
0 1 13 2 1 14 2 2
0 5 4 14 5 4 15 2
0 8 9 15 8 9 16 1
0 8 15 16 8 16 17 1
0 9 11 15 9 11 16 1
0 11 17 15 11 18 16 1
0 11 12 18 11 13 19 1
0 11 18 17 11 19 18 1
0 13 19 2 14 20 2 2
0 14 4 20 15 4 21 2
0 16 15 21 17 16 22 1
0 15 22 21 16 23 22 1
0 15 17 23 16 18 24 1
0 15 23 22 16 24 23 1
0 17 18 23 18 19 24 1
0 18 24 23 19 25 24 1
0 19 25 2 20 26 2 2
0 20 4 26 21 4 27 2
0 21 22 27 22 23 28 1
0 21 27 28 22 28 29 1
0 22 23 27 23 24 28 1
0 23 29 27 24 30 28 1
0 23 24 30 24 25 31 1
0 23 30 29 24 31 30 1
0 25 31 2 26 32 2 2
0 26 4 32 27 4 33 2
0 28 27 33 29 28 34 1
0 27 34 33 28 35 34 1
0 27 29 35 28 30 36 1
0 27 35 34 28 36 35 1
0 29 30 35 30 31 36 1
0 30 36 35 31 37 36 1
0 31 0 2 32 0 2 2
0 32 4 3 33 4 3 2
0 33 34 37 34 35 7 1
0 33 37 38 34 7 6 1
0 34 35 37 35 36 7 1
0 35 39 37 36 10 7 1
0 35 36 40 36 37 12 1
0 35 40 39 36 12 10 1
"Stick4" 0 0
41
0 30.308502 -14.635323 -101.321594 0.000000 0.000000 -1
0 31.006500 -10.336414 -90.543335 0.000000 0.000000 -1
0 31.704498 -6.037497 -101.321594 0.000000 0.000000 -1
0 184.512558 -18.254517 -90.543335 0.000000 0.000000 -1
0 137.859512 -11.966831 -101.321594 0.000000 0.000000 -1
0 185.210388 -13.955654 -101.321594 0.000000 0.000000 -1
0 31.006500 -10.336414 -90.543335 0.166667 1.000000 -1
0 66.585136 0.766563 -101.321594 0.000000 0.666667 -1
0 31.704498 -6.037497 -101.321594 0.000000 1.000000 -1
0 65.403053 -6.513672 -83.068558 0.166667 0.666667 -1
0 99.315521 -5.672258 -83.068558 0.166667 0.333333 -1
0 100.497574 1.607964 -101.321594 0.000000 0.333333 -1
0 184.512558 -18.254517 -90.543335 0.166667 0.000000 -1
0 29.610519 -18.934204 -90.543335 0.000000 0.000000 -1
0 183.116562 -26.852325 -90.543335 0.000000 0.000000 -1
0 63.038971 -21.074120 -83.068558 0.333333 0.666667 -1
0 29.610519 -18.934204 -90.543335 0.333333 1.000000 -1
0 96.951431 -20.232712 -83.068558 0.333333 0.333333 -1
0 183.116562 -26.852325 -90.543335 0.333333 0.000000 -1
0 28.912582 -23.233109 -101.321594 0.000000 0.000000 -1
0 182.418564 -31.151237 -101.321594 0.000000 0.000000 -1
0 28.912582 -23.233109 -101.321594 0.500000 1.000000 -1
0 61.856888 -28.354355 -101.321594 0.500000 0.666667 -1
0 95.769363 -27.512951 -101.321594 0.500000 0.333333 -1
0 182.418564 -31.151237 -101.321594 0.500000 0.000000 -1
0 29.610519 -18.934212 -112.099823 0.000000 0.000000 -1
0 183.116562 -26.852325 -112.099823 0.000000 0.000000 -1
0 63.038971 -21.074127 -119.574631 0.666667 0.666667 -1
0 29.610519 -18.934212 -112.099823 0.666667 1.000000 -1
0 96.951431 -20.232719 -119.574631 0.666667 0.333333 -1
0 183.116562 -26.852325 -112.099823 0.666667 0.000000 -1
0 31.006500 -10.336414 -112.099823 0.000000 0.000000 -1
0 184.512558 -18.254517 -112.099823 0.000000 0.000000 -1
0 31.006500 -10.336414 -112.099823 0.833333 1.000000 -1
0 65.403061 -6.513657 -119.574631 0.833333 0.666667 -1
0 99.315521 -5.672258 -119.574631 0.833333 0.333333 -1
0 184.512558 -18.254517 -112.099823 0.833333 0.000000 -1
0 66.585136 0.766563 -101.321594 1.000000 0.666667 -1
0 31.704498 -6.037497 -101.321594 1.000000 1.000000 -1
0 100.497574 1.607964 -101.321594 1.000000 0.333333 -1
0 185.210388 -13.955654 -101.321594 1.000000 0.000000 -1
38
-0.987074 0.160264 -0.000000
-0.987074 0.160267 0.000000
-0.987074 0.160267 -0.000000
0.108910 -0.578109 -0.808659
0.981267 -0.192651 0.000002
-0.041965 -0.999119 0.000000
-0.234644 0.566059 0.790265
-0.108767 0.994067 0.000000
-0.191458 0.981501 -0.000000
-0.126023 0.567356 0.813772
0.069624 0.553476 0.829950
0.078242 0.996934 -0.000000
0.180697 0.983539 -0.000000
0.152515 0.541594 0.826689
-0.987074 0.160263 -0.000001
0.350945 0.488577 -0.798831
-0.102103 -0.551215 0.828092
-0.216955 -0.533428 0.817548
0.020950 -0.563959 0.825537
0.027939 -0.566391 0.823663
-0.987075 0.160260 -0.000000
0.395445 0.918489 0.000000
-0.153606 -0.988132 0.000000
-0.064553 -0.997914 0.000000
-0.008555 -0.999963 0.000000
-0.041952 -0.999120 -0.000000
-0.987074 0.160263 0.000001
0.350944 0.488577 0.798831
-0.102103 -0.551215 -0.828092
-0.216956 -0.533428 -0.817548
0.020951 -0.563959 -0.825537
0.027940 -0.566391 -0.823663
-0.987074 0.160267 -0.000000
0.108909 -0.578108 0.808659
-0.234645 0.566059 -0.790265
-0.126023 0.567356 -0.813772
0.069624 0.553476 -0.829950
0.152515 0.541594 -0.826689
48
0 0 1 2 0 1 2 2
0 3 4 5 3 4 5 2
0 6 7 8 6 7 8 1
0 6 9 7 6 9 7 1
0 10 11 7 10 11 7 1
0 9 10 7 9 10 7 1
0 10 5 11 10 12 11 1
0 10 12 5 10 13 12 1
0 0 13 1 0 14 1 2
0 14 4 3 15 4 3 2
0 15 9 6 16 9 6 1
0 16 15 6 17 16 6 1
0 15 10 9 16 10 9 1
0 15 17 10 16 18 10 1
0 18 12 10 19 13 10 1
0 17 18 10 18 19 10 1
0 0 19 13 0 20 14 2
0 20 4 14 21 4 15 2
0 21 15 16 22 16 17 1
0 21 22 15 22 23 16 1
0 23 17 15 24 18 16 1
0 22 23 15 23 24 16 1
0 23 18 17 24 19 18 1
0 23 24 18 24 25 19 1
0 0 25 19 0 26 20 2
0 26 4 20 27 4 21 2
0 27 22 21 28 23 22 1
0 28 27 21 29 28 22 1
0 27 23 22 28 24 23 1
0 27 29 23 28 30 24 1
0 30 24 23 31 25 24 1
0 29 30 23 30 31 24 1
0 0 31 25 0 32 26 2
0 32 4 26 33 4 27 2
0 33 27 28 34 28 29 1
0 33 34 27 34 35 28 1
0 35 29 27 36 30 28 1
0 34 35 27 35 36 28 1
0 35 30 29 36 31 30 1
0 35 36 30 36 37 31 1
0 0 2 31 0 2 32 2
0 5 4 32 5 4 33 2
0 37 34 33 7 35 34 1
0 38 37 33 8 7 34 1
0 37 35 34 7 36 35 1
0 37 39 35 7 11 36 1
0 40 36 35 12 37 36 1
0 39 40 35 11 12 36 1

Materials: 1
"Material01"
0.200000 0.200000 0.200000 1.000000
0.800000 0.800000 0.800000 1.000000
0.000000 0.000000 0.000000 1.000000
0.000000 0.000000 0.000000 1.000000
0.000000
1.000000
"E5Root.tga"
""

Bones: 0
GroupComments: 0
MaterialComments: 0
BoneComments: 0
ModelComment: 0
