// MilkShape 3D ASCII

Frames: 40
Frame: 1

Meshes: 3
"Create Face" 0 -1
14
32 -58.000000 0.000000 -177.000000 0.000000 0.000000 -1
33 -178.000000 0.000000 -18.000000 0.000000 0.000000 -1
32 -31.000000 0.000000 -144.000000 0.000000 0.000000 -1
32 -9.000000 0.000000 -123.000000 0.000000 0.000000 -1
32 32.000000 0.000000 -123.000000 0.000000 0.000000 -1
32 33.000000 0.000000 -141.000000 0.000000 0.000000 -1
32 172.000000 0.000000 -2.410502 0.000000 0.000000 -1
33 -177.000000 0.000000 33.000000 0.000000 0.000000 -1
32 170.000000 0.000000 7.410502 0.000000 0.000000 -1
32 -33.000000 0.000000 143.000000 0.000000 0.000000 -1
32 -5.000000 0.000000 121.000000 0.000000 0.000000 -1
32 32.000000 0.000000 123.000000 0.000000 0.000000 -1
32 32.000000 0.000000 143.000000 0.000000 0.000000 -1
32 -57.000000 0.000000 177.000000 0.000000 0.000000 -1
1
0.000000 1.000000 0.000000
12
0 0 1 2 0 0 0 1
0 1 3 2 0 0 0 1
0 2 3 4 0 0 0 1
0 2 4 5 0 0 0 1
0 1 6 3 0 0 0 1
0 1 7 6 0 0 0 1
0 7 8 6 0 0 0 1
0 7 9 10 0 0 0 1
0 10 8 7 0 0 0 1
0 10 9 11 0 0 0 1
0 9 12 11 0 0 0 1
0 7 13 9 0 0 0 1
"Duplicate01" 0 -1
4
0 50.000000 0.000000 -84.000000 0.000000 0.000000 -1
0 72.000000 0.000000 -63.000000 0.000000 0.000000 -1
0 113.000000 0.000000 -63.000000 0.000000 0.000000 -1
0 114.000000 0.000000 -81.000000 0.000000 0.000000 -1
1
0.000000 1.000000 0.000000
2
0 0 1 2 0 0 0 1
0 0 2 3 0 0 0 1
"Duplicate02" 0 -1
4
0 113.000000 0.000000 63.000000 0.000000 0.000000 -1
0 72.000000 0.000000 63.000000 0.000000 0.000000 -1
0 50.000000 0.000000 84.000000 0.000000 0.000000 -1
0 114.000000 0.000000 81.000000 0.000000 0.000000 -1
1
0.000000 1.000000 0.000000
2
0 0 1 2 0 0 0 1
0 3 0 2 0 0 0 1

Materials: 0

Bones: 0
GroupComments: 0
MaterialComments: 0
BoneComments: 0
ModelComment: 0
