// MilkShape 3D ASCII

Frames: 15
Frame: 1

Meshes: 6
"Cylinder03" 0 0
17
0 -0.002403 0.014130 -1.017271 0.721451 0.976958 -1
0 42.997597 81.680908 -1.017271 0.374781 0.151260 -1
0 -0.002403 81.680908 -1.017271 0.193159 0.151260 -1
0 21.497591 81.680908 36.221817 0.283970 0.302521 -1
0 42.997597 81.680908 -1.017271 0.004344 0.709937 -1
0 21.497591 81.680908 36.221817 0.004344 0.904710 -1
0 -21.502409 81.680908 36.221817 0.102348 0.302521 -1
0 -0.002403 0.014130 -1.017271 0.719985 0.978927 -1
0 21.497591 81.680908 36.221817 0.001411 0.913701 -1
0 -21.502409 81.680908 36.221817 0.001411 0.718928 -1
0 -43.002403 81.680908 -1.017271 0.011538 0.151260 -1
0 -43.002403 81.680908 -1.017271 0.001411 0.524155 -1
0 -21.502409 81.680908 -38.256363 0.102348 0.000000 -1
0 -21.502409 81.680908 -38.256363 0.001411 0.329382 -1
0 -21.502409 81.680908 -38.256363 0.004344 0.320391 -1
0 21.497591 81.680908 -38.256363 0.283970 0.000000 -1
0 21.497591 81.680908 -38.256363 0.004344 0.515164 -1
12
0.000000 0.000000 0.000000
0.000000 1.000000 0.000000
0.714813 -0.564556 -0.412698
0.884840 -0.465895 0.000000
0.787972 -0.414891 0.454936
-0.714813 -0.564556 0.412698
0.000000 -0.414891 0.909871
-0.442420 -0.465895 0.766294
-0.884840 -0.465895 0.000000
-0.787972 -0.414891 -0.454936
0.000000 -0.414891 -0.909871
0.442420 -0.465895 -0.766294
24
1 0 0 0 0 0 0 2
1 1 2 3 1 1 1 2
1 0 4 0 2 3 2 1
1 4 5 0 3 4 2 1
1 0 0 0 0 0 0 2
1 3 2 6 1 1 1 2
1 7 8 9 5 6 7 1
1 7 9 7 5 7 5 1
1 0 0 0 0 0 0 2
1 6 2 10 1 1 1 2
1 7 9 7 5 7 5 1
1 9 11 7 7 8 5 1
1 0 0 0 0 0 0 2
1 10 2 12 1 1 1 2
1 7 11 13 5 8 9 1
1 0 14 0 2 10 2 1
1 0 0 0 0 0 0 2
1 12 2 15 1 1 1 2
1 0 14 0 2 10 2 1
1 14 16 0 10 11 2 1
1 0 0 0 0 0 0 2
1 15 2 1 1 1 1 2
1 0 16 4 2 11 3 1
1 0 4 0 2 3 2 1
"Sphere01" 0 0
47
0 62.997597 24.847519 -20.000002 0.522573 0.736800 -1
0 72.830933 27.482353 -20.000002 0.563946 0.614558 -1
0 67.914261 27.482353 -11.484085 0.481200 0.614558 -1
0 62.997597 64.180855 -20.000002 0.522573 0.003351 -1
0 67.914261 61.546021 -11.484084 0.481200 0.125592 -1
0 72.830933 61.546021 -20.000002 0.563946 0.125592 -1
0 62.997597 24.847519 -20.000002 0.936303 0.736800 -1
0 67.914261 27.482353 -11.484085 0.977675 0.614558 -1
0 58.080929 27.482353 -11.484085 0.894930 0.614558 -1
0 62.997597 64.180855 -20.000002 0.936303 0.003351 -1
0 58.080929 61.546021 -11.484084 0.894930 0.125592 -1
0 67.914261 61.546021 -11.484084 0.977675 0.125592 -1
0 62.997597 24.847519 -20.000002 0.853557 0.736800 -1
0 53.164261 27.482353 -20.000002 0.812184 0.614558 -1
0 62.997597 64.180855 -20.000002 0.853557 0.003351 -1
0 53.164261 61.546021 -20.000002 0.812184 0.125592 -1
0 62.997597 24.847519 -20.000002 0.770811 0.736800 -1
0 58.080929 27.482353 -28.515919 0.729438 0.614558 -1
0 62.997597 64.180855 -20.000002 0.770811 0.003351 -1
0 58.080929 61.546021 -28.515919 0.729438 0.125592 -1
0 62.997597 24.847519 -20.000002 0.688065 0.736800 -1
0 67.914261 27.482353 -28.515919 0.646692 0.614558 -1
0 62.997597 64.180855 -20.000002 0.688065 0.003351 -1
0 67.914261 61.546021 -28.515919 0.646692 0.125592 -1
0 62.997597 24.847519 -20.000002 0.605319 0.736800 -1
0 62.997597 64.180855 -20.000002 0.605319 0.003351 -1
0 80.029434 34.680855 -20.000002 0.563946 0.492317 -1
0 71.513512 34.680855 -5.250000 0.481200 0.492317 -1
0 71.513512 34.680855 -5.250000 0.977675 0.492317 -1
0 54.481678 34.680855 -5.250000 0.894930 0.492317 -1
0 45.965763 34.680855 -20.000002 0.812184 0.492317 -1
0 54.481678 34.680855 -34.750004 0.729438 0.492317 -1
0 71.513512 34.680855 -34.750004 0.646692 0.492317 -1
0 82.664261 44.514187 -20.000002 0.563946 0.370075 -1
0 72.830933 44.514187 -2.968168 0.481200 0.370075 -1
0 72.830933 44.514187 -2.968168 0.977676 0.370075 -1
0 53.164261 44.514187 -2.968168 0.894930 0.370075 -1
0 43.330929 44.514187 -20.000002 0.812184 0.370075 -1
0 53.164261 44.514187 -37.031837 0.729438 0.370075 -1
0 72.830933 44.514187 -37.031837 0.646692 0.370075 -1
0 80.029434 54.347523 -20.000002 0.563946 0.247834 -1
0 71.513512 54.347523 -5.250002 0.481200 0.247834 -1
0 71.513512 54.347523 -5.250002 0.977675 0.247834 -1
0 54.481678 54.347523 -5.250002 0.894930 0.247834 -1
0 45.965763 54.347523 -20.000002 0.812184 0.247834 -1
0 54.481678 54.347523 -34.750004 0.729438 0.247834 -1
0 71.513512 54.347523 -34.750004 0.646692 0.247834 -1
47
0.255977 -0.955319 0.147789
0.568587 -0.822623 -0.000000
0.473563 -0.837248 0.273412
0.255977 0.955319 0.147788
0.473563 0.837248 0.273412
0.568587 0.822623 0.000000
0.000000 -0.955319 0.295577
0.000000 -0.837248 0.546824
-0.284294 -0.822623 0.492411
0.000000 0.955319 0.295577
-0.284294 0.822623 0.492411
0.000000 0.837248 0.546824
-0.255977 -0.955319 0.147788
-0.492322 -0.870413 0.000000
-0.255977 0.955319 0.147788
-0.492322 0.870413 -0.000000
-0.255977 -0.955319 -0.147788
-0.284294 -0.822623 -0.492411
-0.255977 0.955319 -0.147788
-0.284294 0.822623 -0.492411
0.000000 -0.955319 -0.295577
0.246161 -0.870413 -0.426363
0.000000 0.955319 -0.295577
0.246161 0.870413 -0.426363
0.255977 -0.955319 -0.147789
0.255977 0.955319 -0.147789
0.862094 -0.506749 0.000000
0.771779 -0.453662 0.445587
0.000000 -0.453662 0.891174
-0.431047 -0.506749 0.746595
-0.862093 -0.506749 0.000000
-0.431047 -0.506749 -0.746595
0.431047 -0.506749 -0.746595
1.000000 -0.000000 0.000000
0.866026 0.000000 0.500000
0.000000 0.000000 1.000000
-0.500000 0.000000 0.866025
-1.000000 -0.000000 0.000000
-0.500000 -0.000000 -0.866025
0.500000 -0.000000 -0.866025
0.862094 0.506749 0.000000
0.771779 0.453662 0.445587
0.000000 0.453662 0.891174
-0.431047 0.506749 0.746595
-0.862093 0.506749 0.000000
-0.431047 0.506750 -0.746595
0.431047 0.506749 -0.746595
60
1 0 1 2 0 1 2 1
1 3 4 5 3 4 5 1
1 6 7 8 6 7 8 1
1 9 10 11 9 10 11 1
1 12 8 13 12 8 13 1
1 14 15 10 14 15 10 1
1 16 13 17 16 13 17 1
1 18 19 15 18 19 15 1
1 20 17 21 20 17 21 1
1 22 23 19 22 23 19 1
1 24 21 1 24 21 1 1
1 25 5 23 25 5 23 1
1 1 26 27 1 26 27 1
1 1 27 2 1 27 2 1
1 7 28 8 7 28 8 1
1 28 29 8 28 29 8 1
1 8 29 30 8 29 30 1
1 8 30 13 8 30 13 1
1 13 30 17 13 30 17 1
1 30 31 17 30 31 17 1
1 17 31 32 17 31 32 1
1 17 32 21 17 32 21 1
1 21 32 1 21 32 1 1
1 32 26 1 32 26 1 1
1 26 33 27 26 33 27 1
1 33 34 27 33 34 27 1
1 28 35 36 28 35 36 1
1 28 36 29 28 36 29 1
1 29 36 30 29 36 30 1
1 36 37 30 36 37 30 1
1 30 37 38 30 37 38 1
1 30 38 31 30 38 31 1
1 31 38 32 31 38 32 1
1 38 39 32 38 39 32 1
1 32 39 33 32 39 33 1
1 32 33 26 32 33 26 1
1 33 40 41 33 40 41 1
1 33 41 34 33 41 34 1
1 35 42 36 35 42 36 1
1 42 43 36 42 43 36 1
1 36 43 44 36 43 44 1
1 36 44 37 36 44 37 1
1 37 44 38 37 44 38 1
1 44 45 38 44 45 38 1
1 38 45 46 38 45 46 1
1 38 46 39 38 46 39 1
1 39 46 33 39 46 33 1
1 46 40 33 46 40 33 1
1 40 5 41 40 5 41 1
1 5 4 41 5 4 41 1
1 42 11 10 42 11 10 1
1 42 10 43 42 10 43 1
1 43 10 44 43 10 44 1
1 10 15 44 10 15 44 1
1 44 15 19 44 15 19 1
1 44 19 45 44 19 45 1
1 45 19 46 45 19 46 1
1 19 23 46 19 23 46 1
1 46 23 5 46 23 5 1
1 46 5 40 46 5 40 1
"Sphere02" 0 0
47
0 -18.669069 5.333332 44.316059 0.522573 0.736800 -1
0 -8.169069 8.146799 44.316059 0.563946 0.614558 -1
0 -13.419069 8.146799 53.409317 0.481200 0.614559 -1
0 -18.669069 47.333328 44.316059 0.522573 0.003351 -1
0 -13.419068 44.519867 53.409317 0.481200 0.125592 -1
0 -8.169068 44.519867 44.316059 0.563946 0.125592 -1
0 -18.669069 5.333332 44.316059 0.936303 0.736800 -1
0 -13.419069 8.146799 53.409317 0.977676 0.614559 -1
0 -23.919069 8.146799 53.409317 0.894930 0.614559 -1
0 -18.669069 47.333328 44.316059 0.936303 0.003351 -1
0 -23.919069 44.519867 53.409317 0.894930 0.125592 -1
0 -13.419068 44.519867 53.409317 0.977676 0.125592 -1
0 -18.669069 5.333332 44.316059 0.853557 0.736800 -1
0 -29.169069 8.146799 44.316059 0.812184 0.614558 -1
0 -18.669069 47.333328 44.316059 0.853557 0.003351 -1
0 -29.169071 44.519867 44.316059 0.812184 0.125592 -1
0 -18.669069 5.333332 44.316059 0.770811 0.736800 -1
0 -23.919069 8.146799 35.222794 0.729438 0.614558 -1
0 -18.669069 47.333328 44.316059 0.770811 0.003351 -1
0 -23.919069 44.519867 35.222790 0.729438 0.125592 -1
0 -18.669069 5.333332 44.316059 0.688065 0.736800 -1
0 -13.419069 8.146799 35.222794 0.646692 0.614558 -1
0 -18.669069 47.333328 44.316059 0.688065 0.003351 -1
0 -13.419068 44.519867 35.222790 0.646692 0.125592 -1
0 -18.669069 5.333332 44.316059 0.605319 0.736800 -1
0 -18.669069 47.333328 44.316059 0.605319 0.003351 -1
0 -0.482535 15.833332 44.316059 0.563946 0.492317 -1
0 -9.575802 15.833332 60.066055 0.481200 0.492317 -1
0 -9.575802 15.833332 60.066055 0.977676 0.492317 -1
0 -27.762337 15.833332 60.066055 0.894930 0.492317 -1
0 -36.855602 15.833332 44.316059 0.812184 0.492317 -1
0 -27.762337 15.833332 28.566059 0.729438 0.492317 -1
0 -9.575802 15.833332 28.566059 0.646692 0.492317 -1
0 2.330931 26.333332 44.316059 0.563946 0.370075 -1
0 -8.169069 26.333332 62.502598 0.481200 0.370075 -1
0 -8.169069 26.333332 62.502598 0.977675 0.370075 -1
0 -29.169069 26.333332 62.502598 0.894930 0.370075 -1
0 -39.669067 26.333332 44.316059 0.812184 0.370075 -1
0 -29.169069 26.333332 26.129524 0.729438 0.370075 -1
0 -8.169069 26.333332 26.129524 0.646692 0.370075 -1
0 -0.482536 36.833332 44.316059 0.563946 0.247834 -1
0 -9.575803 36.833332 60.066055 0.481200 0.247834 -1
0 -9.575803 36.833332 60.066055 0.977676 0.247834 -1
0 -27.762337 36.833332 60.066055 0.894930 0.247834 -1
0 -36.855602 36.833332 44.316059 0.812184 0.247834 -1
0 -27.762337 36.833332 28.566059 0.729438 0.247834 -1
0 -9.575803 36.833332 28.566059 0.646692 0.247834 -1
47
0.255977 -0.955319 0.147789
0.568587 -0.822623 0.000000
0.473563 -0.837248 0.273412
0.255976 0.955319 0.147788
0.473563 0.837248 0.273412
0.568587 0.822623 0.000000
0.000000 -0.955319 0.295577
0.000000 -0.837248 0.546824
-0.284294 -0.822623 0.492411
0.000000 0.955319 0.295576
-0.284294 0.822623 0.492411
0.000000 0.837248 0.546823
-0.255977 -0.955319 0.147789
-0.492322 -0.870413 0.000000
-0.255976 0.955319 0.147788
-0.492322 0.870413 0.000000
-0.255977 -0.955319 -0.147788
-0.284294 -0.822623 -0.492411
-0.255976 0.955319 -0.147788
-0.284294 0.822623 -0.492411
0.000000 -0.955319 -0.295577
0.246161 -0.870413 -0.426363
0.000000 0.955319 -0.295576
0.246161 0.870413 -0.426363
0.255977 -0.955319 -0.147788
0.255976 0.955319 -0.147788
0.862093 -0.506749 0.000000
0.771779 -0.453662 0.445587
0.000000 -0.453662 0.891174
-0.431047 -0.506750 0.746595
-0.862093 -0.506749 0.000000
-0.431047 -0.506750 -0.746595
0.431047 -0.506749 -0.746595
1.000000 0.000000 0.000000
0.866025 0.000000 0.500000
0.000000 0.000000 1.000000
-0.500000 0.000000 0.866025
-1.000000 0.000000 -0.000000
-0.500000 0.000000 -0.866025
0.500000 0.000000 -0.866025
0.862093 0.506749 0.000000
0.771779 0.453662 0.445587
0.000000 0.453662 0.891174
-0.431047 0.506750 0.746595
-0.862093 0.506749 0.000000
-0.431047 0.506749 -0.746595
0.431047 0.506749 -0.746595
60
1 0 1 2 0 1 2 1
1 3 4 5 3 4 5 1
1 6 7 8 6 7 8 1
1 9 10 11 9 10 11 1
1 12 8 13 12 8 13 1
1 14 15 10 14 15 10 1
1 16 13 17 16 13 17 1
1 18 19 15 18 19 15 1
1 20 17 21 20 17 21 1
1 22 23 19 22 23 19 1
1 24 21 1 24 21 1 1
1 25 5 23 25 5 23 1
1 1 26 27 1 26 27 1
1 1 27 2 1 27 2 1
1 7 28 8 7 28 8 1
1 28 29 8 28 29 8 1
1 8 29 30 8 29 30 1
1 8 30 13 8 30 13 1
1 13 30 17 13 30 17 1
1 30 31 17 30 31 17 1
1 17 31 32 17 31 32 1
1 17 32 21 17 32 21 1
1 21 32 1 21 32 1 1
1 32 26 1 32 26 1 1
1 26 33 27 26 33 27 1
1 33 34 27 33 34 27 1
1 28 35 36 28 35 36 1
1 28 36 29 28 36 29 1
1 29 36 30 29 36 30 1
1 36 37 30 36 37 30 1
1 30 37 38 30 37 38 1
1 30 38 31 30 38 31 1
1 31 38 32 31 38 32 1
1 38 39 32 38 39 32 1
1 32 39 33 32 39 33 1
1 32 33 26 32 33 26 1
1 33 40 41 33 40 41 1
1 33 41 34 33 41 34 1
1 35 42 36 35 42 36 1
1 42 43 36 42 43 36 1
1 36 43 44 36 43 44 1
1 36 44 37 36 44 37 1
1 37 44 38 37 44 38 1
1 44 45 38 44 45 38 1
1 38 45 46 38 45 46 1
1 38 46 39 38 46 39 1
1 39 46 33 39 46 33 1
1 46 40 33 46 40 33 1
1 40 5 41 40 5 41 1
1 5 4 41 5 4 41 1
1 42 11 10 42 11 10 1
1 42 10 43 42 10 43 1
1 43 10 44 43 10 44 1
1 10 15 44 10 15 44 1
1 44 15 19 44 15 19 1
1 44 19 45 44 19 45 1
1 45 19 46 45 19 46 1
1 19 23 46 19 23 46 1
1 46 23 5 46 23 5 1
1 46 5 40 46 5 40 1
"Sphere03" 0 0
47
0 0.000000 40.847523 -70.683945 0.522573 0.736800 -1
0 9.166666 43.303722 -70.683945 0.563946 0.614558 -1
0 4.583333 43.303722 -62.745373 0.481200 0.614558 -1
0 0.000000 77.514183 -70.683945 0.522573 0.003351 -1
0 4.583333 75.057976 -62.745373 0.481200 0.125592 -1
0 9.166667 75.057976 -70.683945 0.563946 0.125592 -1
0 0.000000 40.847523 -70.683945 0.936303 0.736800 -1
0 4.583333 43.303722 -62.745373 0.977675 0.614558 -1
0 -4.583333 43.303722 -62.745373 0.894930 0.614558 -1
0 0.000000 77.514183 -70.683945 0.936303 0.003351 -1
0 -4.583333 75.057976 -62.745373 0.894930 0.125592 -1
0 4.583333 75.057976 -62.745373 0.977675 0.125592 -1
0 0.000000 40.847523 -70.683945 0.853557 0.736800 -1
0 -9.166666 43.303722 -70.683945 0.812184 0.614558 -1
0 0.000000 77.514183 -70.683945 0.853557 0.003351 -1
0 -9.166667 75.057976 -70.683945 0.812184 0.125592 -1
0 0.000000 40.847523 -70.683945 0.770811 0.736800 -1
0 -4.583333 43.303722 -78.622513 0.729438 0.614558 -1
0 0.000000 77.514183 -70.683945 0.770811 0.003351 -1
0 -4.583333 75.057976 -78.622513 0.729438 0.125592 -1
0 0.000000 40.847523 -70.683945 0.688065 0.736800 -1
0 4.583333 43.303722 -78.622513 0.646692 0.614558 -1
0 0.000000 77.514183 -70.683945 0.688065 0.003351 -1
0 4.583333 75.057976 -78.622513 0.646692 0.125592 -1
0 0.000000 40.847523 -70.683945 0.605319 0.736800 -1
0 0.000000 77.514183 -70.683945 0.605319 0.003351 -1
0 15.877132 50.014191 -70.683945 0.563946 0.492317 -1
0 7.938566 50.014191 -56.933941 0.481200 0.492317 -1
0 7.938566 50.014191 -56.933941 0.977675 0.492317 -1
0 -7.938566 50.014191 -56.933941 0.894930 0.492317 -1
0 -15.877132 50.014191 -70.683945 0.812184 0.492317 -1
0 -7.938566 50.014191 -84.433945 0.729438 0.492317 -1
0 7.938566 50.014191 -84.433945 0.646692 0.492317 -1
0 18.333332 59.180855 -70.683945 0.563946 0.370075 -1
0 9.166666 59.180855 -54.806812 0.481200 0.370075 -1
0 9.166666 59.180855 -54.806812 0.977676 0.370075 -1
0 -9.166666 59.180855 -54.806812 0.894930 0.370075 -1
0 -18.333332 59.180855 -70.683945 0.812184 0.370075 -1
0 -9.166666 59.180855 -86.561081 0.729438 0.370075 -1
0 9.166666 59.180855 -86.561081 0.646692 0.370075 -1
0 15.877131 68.347511 -70.683945 0.563946 0.247834 -1
0 7.938566 68.347511 -56.933941 0.481200 0.247834 -1
0 7.938566 68.347511 -56.933941 0.977675 0.247834 -1
0 -7.938566 68.347511 -56.933941 0.894930 0.247834 -1
0 -15.877131 68.347511 -70.683945 0.812184 0.247834 -1
0 -7.938566 68.347511 -84.433945 0.729438 0.247834 -1
0 7.938566 68.347511 -84.433945 0.646692 0.247834 -1
47
0.255977 -0.955319 0.147788
0.568588 -0.822623 -0.000000
0.473563 -0.837248 0.273412
0.255978 0.955319 0.147789
0.473563 0.837248 0.273412
0.568588 0.822623 -0.000000
0.000000 -0.955319 0.295576
0.000000 -0.837248 0.546824
-0.284294 -0.822623 0.492411
0.000000 0.955319 0.295577
-0.284294 0.822623 0.492411
0.000000 0.837248 0.546824
-0.255977 -0.955319 0.147788
-0.492322 -0.870413 -0.000000
-0.255978 0.955319 0.147789
-0.492322 0.870413 -0.000000
-0.255977 -0.955319 -0.147788
-0.284294 -0.822623 -0.492411
-0.255978 0.955319 -0.147789
-0.284294 0.822623 -0.492411
0.000000 -0.955319 -0.295577
0.246161 -0.870413 -0.426363
0.000000 0.955319 -0.295577
0.246161 0.870413 -0.426364
0.255977 -0.955319 -0.147788
0.255978 0.955319 -0.147789
0.862093 -0.506749 -0.000000
0.771779 -0.453661 0.445587
0.000000 -0.453661 0.891174
-0.431047 -0.506749 0.746595
-0.862094 -0.506749 -0.000000
-0.431047 -0.506749 -0.746595
0.431047 -0.506749 -0.746595
1.000000 0.000000 0.000000
0.866025 0.000000 0.500000
0.000000 0.000000 1.000000
-0.500000 0.000000 0.866025
-1.000000 0.000000 0.000000
-0.500000 0.000000 -0.866025
0.500000 0.000000 -0.866025
0.862093 0.506749 -0.000000
0.771779 0.453662 0.445587
0.000000 0.453662 0.891174
-0.431047 0.506749 0.746595
-0.862093 0.506749 -0.000000
-0.431047 0.506750 -0.746595
0.431047 0.506750 -0.746595
60
1 0 1 2 0 1 2 1
1 3 4 5 3 4 5 1
1 6 7 8 6 7 8 1
1 9 10 11 9 10 11 1
1 12 8 13 12 8 13 1
1 14 15 10 14 15 10 1
1 16 13 17 16 13 17 1
1 18 19 15 18 19 15 1
1 20 17 21 20 17 21 1
1 22 23 19 22 23 19 1
1 24 21 1 24 21 1 1
1 25 5 23 25 5 23 1
1 1 26 27 1 26 27 1
1 1 27 2 1 27 2 1
1 7 28 8 7 28 8 1
1 28 29 8 28 29 8 1
1 8 29 30 8 29 30 1
1 8 30 13 8 30 13 1
1 13 30 17 13 30 17 1
1 30 31 17 30 31 17 1
1 17 31 32 17 31 32 1
1 17 32 21 17 32 21 1
1 21 32 1 21 32 1 1
1 32 26 1 32 26 1 1
1 26 33 27 26 33 27 1
1 33 34 27 33 34 27 1
1 28 35 36 28 35 36 1
1 28 36 29 28 36 29 1
1 29 36 30 29 36 30 1
1 36 37 30 36 37 30 1
1 30 37 38 30 37 38 1
1 30 38 31 30 38 31 1
1 31 38 32 31 38 32 1
1 38 39 32 38 39 32 1
1 32 39 33 32 39 33 1
1 32 33 26 32 33 26 1
1 33 40 41 33 40 41 1
1 33 41 34 33 41 34 1
1 35 42 36 35 42 36 1
1 42 43 36 42 43 36 1
1 36 43 44 36 43 44 1
1 36 44 37 36 44 37 1
1 37 44 38 37 44 38 1
1 44 45 38 44 45 38 1
1 38 45 46 38 45 46 1
1 38 46 39 38 46 39 1
1 39 46 33 39 46 33 1
1 46 40 33 46 40 33 1
1 40 5 41 40 5 41 1
1 5 4 41 5 4 41 1
1 42 11 10 42 11 10 1
1 42 10 43 42 10 43 1
1 43 10 44 43 10 44 1
1 10 15 44 10 15 44 1
1 44 15 19 44 15 19 1
1 44 19 45 44 19 45 1
1 45 19 46 45 19 46 1
1 19 23 46 19 23 46 1
1 46 23 5 46 23 5 1
1 46 5 40 46 5 40 1
"Sphere04" 0 0
47
0 0.000000 14.847521 -41.350605 0.522573 0.736800 -1
0 8.999999 17.259064 -41.350605 0.563946 0.614558 -1
0 4.500000 17.259064 -33.556377 0.481200 0.614558 -1
0 0.000000 50.847519 -41.350605 0.522573 0.003351 -1
0 4.500000 48.435974 -33.556377 0.481200 0.125592 -1
0 9.000000 48.435974 -41.350605 0.563946 0.125592 -1
0 0.000000 14.847521 -41.350605 0.936303 0.736800 -1
0 4.500000 17.259064 -33.556377 0.977676 0.614558 -1
0 -4.500000 17.259064 -33.556377 0.894930 0.614558 -1
0 0.000000 50.847519 -41.350605 0.936303 0.003351 -1
0 -4.500000 48.435974 -33.556377 0.894930 0.125592 -1
0 4.500000 48.435974 -33.556377 0.977676 0.125592 -1
0 0.000000 14.847521 -41.350605 0.853557 0.736800 -1
0 -8.999999 17.259064 -41.350605 0.812184 0.614558 -1
0 0.000000 50.847519 -41.350605 0.853557 0.003351 -1
0 -9.000000 48.435974 -41.350605 0.812184 0.125592 -1
0 0.000000 14.847521 -41.350605 0.770811 0.736800 -1
0 -4.500000 17.259064 -49.144833 0.729438 0.614558 -1
0 0.000000 50.847519 -41.350605 0.770811 0.003351 -1
0 -4.500000 48.435974 -49.144833 0.729438 0.125592 -1
0 0.000000 14.847521 -41.350605 0.688065 0.736800 -1
0 4.500000 17.259064 -49.144833 0.646692 0.614558 -1
0 0.000000 50.847519 -41.350605 0.688065 0.003351 -1
0 4.500000 48.435974 -49.144833 0.646692 0.125592 -1
0 0.000000 14.847521 -41.350605 0.605319 0.736800 -1
0 0.000000 50.847519 -41.350605 0.605319 0.003351 -1
0 15.588456 23.847519 -41.350605 0.563946 0.492317 -1
0 7.794228 23.847519 -27.850607 0.481200 0.492317 -1
0 7.794228 23.847519 -27.850607 0.977676 0.492317 -1
0 -7.794228 23.847519 -27.850607 0.894930 0.492317 -1
0 -15.588456 23.847519 -41.350605 0.812184 0.492317 -1
0 -7.794228 23.847519 -54.850605 0.729438 0.492317 -1
0 7.794228 23.847519 -54.850605 0.646692 0.492317 -1
0 17.999998 32.847519 -41.350605 0.563946 0.370075 -1
0 8.999999 32.847519 -25.762150 0.481200 0.370075 -1
0 8.999999 32.847519 -25.762150 0.977676 0.370075 -1
0 -8.999999 32.847519 -25.762150 0.894930 0.370075 -1
0 -17.999998 32.847519 -41.350605 0.812184 0.370075 -1
0 -8.999999 32.847519 -56.939060 0.729438 0.370075 -1
0 8.999999 32.847519 -56.939060 0.646692 0.370075 -1
0 15.588455 41.847519 -41.350605 0.563946 0.247834 -1
0 7.794228 41.847519 -27.850607 0.481200 0.247834 -1
0 7.794228 41.847519 -27.850607 0.977676 0.247834 -1
0 -7.794228 41.847519 -27.850607 0.894930 0.247834 -1
0 -15.588455 41.847519 -41.350605 0.812184 0.247834 -1
0 -7.794228 41.847519 -54.850601 0.729438 0.247834 -1
0 7.794228 41.847519 -54.850601 0.646692 0.247834 -1
47
0.255977 -0.955319 0.147788
0.568588 -0.822623 0.000000
0.473563 -0.837248 0.273412
0.255977 0.955319 0.147788
0.473563 0.837248 0.273412
0.568588 0.822623 -0.000000
0.000000 -0.955319 0.295577
0.000000 -0.837248 0.546824
-0.284294 -0.822623 0.492411
0.000000 0.955319 0.295577
-0.284294 0.822623 0.492411
0.000000 0.837248 0.546824
-0.255977 -0.955319 0.147788
-0.492322 -0.870413 0.000000
-0.255977 0.955319 0.147788
-0.492322 0.870413 0.000000
-0.255977 -0.955319 -0.147788
-0.284294 -0.822623 -0.492411
-0.255977 0.955319 -0.147788
-0.284294 0.822623 -0.492411
0.000000 -0.955319 -0.295577
0.246161 -0.870413 -0.426363
0.000000 0.955319 -0.295577
0.246161 0.870413 -0.426363
0.255977 -0.955319 -0.147788
0.255977 0.955319 -0.147788
0.862093 -0.506749 0.000000
0.771779 -0.453662 0.445587
0.000000 -0.453662 0.891174
-0.431047 -0.506749 0.746595
-0.862093 -0.506749 0.000000
-0.431047 -0.506749 -0.746595
0.431047 -0.506749 -0.746595
1.000000 0.000000 0.000000
0.866025 0.000000 0.500000
0.000000 0.000000 1.000000
-0.500000 0.000000 0.866025
-1.000000 0.000000 0.000000
-0.500000 0.000000 -0.866025
0.500000 0.000000 -0.866025
0.862093 0.506749 -0.000000
0.771779 0.453662 0.445587
0.000000 0.453662 0.891174
-0.431047 0.506749 0.746595
-0.862093 0.506749 -0.000000
-0.431047 0.506749 -0.746595
0.431047 0.506749 -0.746595
60
1 0 1 2 0 1 2 1
1 3 4 5 3 4 5 1
1 6 7 8 6 7 8 1
1 9 10 11 9 10 11 1
1 12 8 13 12 8 13 1
1 14 15 10 14 15 10 1
1 16 13 17 16 13 17 1
1 18 19 15 18 19 15 1
1 20 17 21 20 17 21 1
1 22 23 19 22 23 19 1
1 24 21 1 24 21 1 1
1 25 5 23 25 5 23 1
1 1 26 27 1 26 27 1
1 1 27 2 1 27 2 1
1 7 28 8 7 28 8 1
1 28 29 8 28 29 8 1
1 8 29 30 8 29 30 1
1 8 30 13 8 30 13 1
1 13 30 17 13 30 17 1
1 30 31 17 30 31 17 1
1 17 31 32 17 31 32 1
1 17 32 21 17 32 21 1
1 21 32 1 21 32 1 1
1 32 26 1 32 26 1 1
1 26 33 27 26 33 27 1
1 33 34 27 33 34 27 1
1 28 35 36 28 35 36 1
1 28 36 29 28 36 29 1
1 29 36 30 29 36 30 1
1 36 37 30 36 37 30 1
1 30 37 38 30 37 38 1
1 30 38 31 30 38 31 1
1 31 38 32 31 38 32 1
1 38 39 32 38 39 32 1
1 32 39 33 32 39 33 1
1 32 33 26 32 33 26 1
1 33 40 41 33 40 41 1
1 33 41 34 33 41 34 1
1 35 42 36 35 42 36 1
1 42 43 36 42 43 36 1
1 36 43 44 36 43 44 1
1 36 44 37 36 44 37 1
1 37 44 38 37 44 38 1
1 44 45 38 44 45 38 1
1 38 45 46 38 45 46 1
1 38 46 39 38 46 39 1
1 39 46 33 39 46 33 1
1 46 40 33 46 40 33 1
1 40 5 41 40 5 41 1
1 5 4 41 5 4 41 1
1 42 11 10 42 11 10 1
1 42 10 43 42 10 43 1
1 43 10 44 43 10 44 1
1 10 15 44 10 15 44 1
1 44 15 19 44 15 19 1
1 44 19 45 44 19 45 1
1 45 19 46 45 19 46 1
1 19 23 46 19 23 46 1
1 46 23 5 46 23 5 1
1 46 5 40 46 5 40 1
"Sphere05" 0 0
47
0 0.000000 46.847523 51.316048 0.522573 0.736800 -1
0 8.333334 49.080433 51.316048 0.563946 0.614559 -1
0 4.166667 49.080433 58.532932 0.481200 0.614558 -1
0 0.000000 80.180870 51.316048 0.522573 0.003351 -1
0 4.166667 77.947960 58.532932 0.481200 0.125592 -1
0 8.333335 77.947960 51.316048 0.563946 0.125592 -1
0 0.000000 46.847523 51.316048 0.936303 0.736800 -1
0 4.166667 49.080433 58.532932 0.977675 0.614558 -1
0 -4.166667 49.080433 58.532932 0.894930 0.614558 -1
0 0.000000 80.180870 51.316048 0.936303 0.003351 -1
0 -4.166667 77.947960 58.532932 0.894930 0.125592 -1
0 4.166667 77.947960 58.532932 0.977675 0.125592 -1
0 0.000000 46.847523 51.316048 0.853557 0.736800 -1
0 -8.333334 49.080433 51.316048 0.812184 0.614559 -1
0 0.000000 80.180870 51.316048 0.853557 0.003351 -1
0 -8.333335 77.947960 51.316048 0.812184 0.125592 -1
0 0.000000 46.847523 51.316048 0.770811 0.736800 -1
0 -4.166667 49.080433 44.099171 0.729438 0.614559 -1
0 0.000000 80.180870 51.316048 0.770811 0.003351 -1
0 -4.166667 77.947960 44.099171 0.729438 0.125592 -1
0 0.000000 46.847523 51.316048 0.688065 0.736800 -1
0 4.166667 49.080433 44.099171 0.646692 0.614559 -1
0 0.000000 80.180870 51.316048 0.688065 0.003351 -1
0 4.166667 77.947960 44.099171 0.646692 0.125592 -1
0 0.000000 46.847523 51.316048 0.605319 0.736800 -1
0 0.000000 80.180870 51.316048 0.605319 0.003351 -1
0 14.433759 55.180859 51.316048 0.563946 0.492317 -1
0 7.216879 55.180859 63.816063 0.481200 0.492317 -1
0 7.216879 55.180859 63.816063 0.977675 0.492317 -1
0 -7.216879 55.180859 63.816063 0.894930 0.492317 -1
0 -14.433759 55.180859 51.316048 0.812184 0.492317 -1
0 -7.216879 55.180859 38.816051 0.729438 0.492317 -1
0 7.216879 55.180859 38.816051 0.646692 0.492317 -1
0 16.666668 63.514191 51.316048 0.563946 0.370076 -1
0 8.333334 63.514191 65.749802 0.481200 0.370076 -1
0 8.333334 63.514191 65.749802 0.977676 0.370076 -1
0 -8.333334 63.514191 65.749802 0.894930 0.370076 -1
0 -16.666668 63.514191 51.316048 0.812184 0.370076 -1
0 -8.333334 63.514191 36.882298 0.729438 0.370076 -1
0 8.333334 63.514191 36.882298 0.646692 0.370076 -1
0 14.433758 71.847527 51.316048 0.563946 0.247834 -1
0 7.216879 71.847527 63.816063 0.481200 0.247834 -1
0 7.216879 71.847527 63.816063 0.977675 0.247834 -1
0 -7.216879 71.847527 63.816063 0.894930 0.247834 -1
0 -14.433758 71.847527 51.316048 0.812184 0.247834 -1
0 -7.216879 71.847527 38.816059 0.729438 0.247834 -1
0 7.216879 71.847527 38.816059 0.646692 0.247834 -1
47
0.255977 -0.955319 0.147788
0.568588 -0.822623 -0.000000
0.473563 -0.837248 0.273412
0.255977 0.955319 0.147788
0.473563 0.837248 0.273412
0.568588 0.822622 -0.000000
0.000000 -0.955319 0.295577
0.000000 -0.837248 0.546823
-0.284294 -0.822623 0.492411
0.000000 0.955319 0.295577
-0.284294 0.822623 0.492411
0.000000 0.837248 0.546823
-0.255977 -0.955319 0.147788
-0.492322 -0.870413 -0.000000
-0.255977 0.955319 0.147788
-0.492322 0.870413 -0.000000
-0.255977 -0.955319 -0.147788
-0.284294 -0.822623 -0.492411
-0.255977 0.955319 -0.147788
-0.284294 0.822622 -0.492412
0.000000 -0.955319 -0.295577
0.246161 -0.870413 -0.426363
0.000000 0.955319 -0.295577
0.246161 0.870413 -0.426364
0.255977 -0.955319 -0.147788
0.255977 0.955319 -0.147788
0.862093 -0.506749 -0.000000
0.771780 -0.453661 0.445587
0.000000 -0.453661 0.891174
-0.431047 -0.506749 0.746595
-0.862094 -0.506749 -0.000000
-0.431047 -0.506749 -0.746595
0.431047 -0.506749 -0.746595
1.000000 0.000000 -0.000000
0.866025 -0.000000 0.500000
0.000000 -0.000000 1.000000
-0.500000 -0.000000 0.866025
-1.000000 -0.000000 -0.000000
-0.500000 0.000000 -0.866025
0.500000 0.000000 -0.866025
0.862094 0.506749 -0.000000
0.771780 0.453661 0.445587
0.000000 0.453661 0.891174
-0.431047 0.506749 0.746595
-0.862094 0.506749 -0.000000
-0.431047 0.506749 -0.746595
0.431047 0.506749 -0.746595
60
1 0 1 2 0 1 2 1
1 3 4 5 3 4 5 1
1 6 7 8 6 7 8 1
1 9 10 11 9 10 11 1
1 12 8 13 12 8 13 1
1 14 15 10 14 15 10 1
1 16 13 17 16 13 17 1
1 18 19 15 18 19 15 1
1 20 17 21 20 17 21 1
1 22 23 19 22 23 19 1
1 24 21 1 24 21 1 1
1 25 5 23 25 5 23 1
1 1 26 27 1 26 27 1
1 1 27 2 1 27 2 1
1 7 28 8 7 28 8 1
1 28 29 8 28 29 8 1
1 8 29 30 8 29 30 1
1 8 30 13 8 30 13 1
1 13 30 17 13 30 17 1
1 30 31 17 30 31 17 1
1 17 31 32 17 31 32 1
1 17 32 21 17 32 21 1
1 21 32 1 21 32 1 1
1 32 26 1 32 26 1 1
1 26 33 27 26 33 27 1
1 33 34 27 33 34 27 1
1 28 35 36 28 35 36 1
1 28 36 29 28 36 29 1
1 29 36 30 29 36 30 1
1 36 37 30 36 37 30 1
1 30 37 38 30 37 38 1
1 30 38 31 30 38 31 1
1 31 38 32 31 38 32 1
1 38 39 32 38 39 32 1
1 32 39 33 32 39 33 1
1 32 33 26 32 33 26 1
1 33 40 41 33 40 41 1
1 33 41 34 33 41 34 1
1 35 42 36 35 42 36 1
1 42 43 36 42 43 36 1
1 36 43 44 36 43 44 1
1 36 44 37 36 44 37 1
1 37 44 38 37 44 38 1
1 44 45 38 44 45 38 1
1 38 45 46 38 45 46 1
1 38 46 39 38 46 39 1
1 39 46 33 39 46 33 1
1 46 40 33 46 40 33 1
1 40 5 41 40 5 41 1
1 5 4 41 5 4 41 1
1 42 11 10 42 11 10 1
1 42 10 43 42 10 43 1
1 43 10 44 43 10 44 1
1 10 15 44 10 15 44 1
1 44 15 19 44 15 19 1
1 44 19 45 44 19 45 1
1 45 19 46 45 19 46 1
1 19 23 46 19 23 46 1
1 46 23 5 46 23 5 1
1 46 5 40 46 5 40 1

Materials: 1
"Material01"
0.200000 0.200000 0.200000 1.000000
0.321569 0.321569 0.321569 1.000000
0.168627 0.168627 0.168627 1.000000
0.000000 0.000000 0.000000 1.000000
0.000000
1.000000
"..\Image\EMainCenter.tga"
""

Bones: 0
GroupComments: 0
MaterialComments: 0
BoneComments: 0
ModelComment: 0
