// MilkShape 3D ASCII

Frames: 40
Frame: 1

Meshes: 1
"Create Face" 0 -1
10
32 -0.622950 0.000000 -29.666666 0.000000 0.000000 -1
32 -19.289618 0.000000 -27.000000 0.000000 0.000000 -1
32 25.043716 0.000000 -25.000000 0.000000 0.000000 -1
32 -33.956284 0.000000 -15.333333 0.000000 0.000000 -1
32 48.710384 0.000000 0.333333 0.000000 0.000000 -1
32 -39.289616 0.000000 -0.666667 0.000000 0.000000 -1
32 -33.956284 0.000000 15.000000 0.000000 0.000000 -1
32 26.377050 0.000000 25.666666 0.000000 0.000000 -1
32 -19.289618 0.000000 25.000000 0.000000 0.000000 -1
32 1.710383 0.000000 29.333334 0.000000 0.000000 -1
1
0.000000 1.000000 0.000000
8
0 0 1 2 0 0 0 1
0 1 3 2 0 0 0 1
0 3 4 2 0 0 0 1
0 3 5 4 0 0 0 1
0 5 6 4 0 0 0 1
0 6 7 4 0 0 0 1
0 6 8 7 0 0 0 1
0 8 9 7 0 0 0 1

Materials: 0

Bones: 0
GroupComments: 0
MaterialComments: 0
BoneComments: 0
ModelComment: 0
