// MilkShape 3D ASCII

Frames: 40
Frame: 1

Meshes: 1
"Body" 1 0
79
1 40.173847 18.384968 -0.000000 0.000000 0.000000 -1
1 34.838104 18.384968 14.942605 0.000000 0.000000 -1
1 0.347416 18.384968 -0.000000 0.000000 0.000000 -1
1 40.173847 18.384968 -0.000000 0.000000 1.000000 -1
1 40.173847 23.757240 -0.000000 0.000000 0.833333 -1
1 34.838104 23.757240 14.942605 0.083333 0.833333 -1
1 34.838104 18.384968 14.942605 0.083333 1.000000 -1
1 13.221846 31.825272 -0.000000 0.000000 0.666667 -1
1 11.596344 31.825272 7.147000 0.083333 0.666667 -1
1 20.260645 18.384968 25.881348 0.000000 0.000000 -1
1 20.260645 18.384968 25.881348 0.166667 1.000000 -1
1 20.260645 23.757240 25.881348 0.166667 0.833333 -1
1 7.155387 31.825272 12.378966 0.166667 0.666667 -1
1 0.347416 18.384968 29.885212 0.000000 0.000000 -1
1 0.347416 23.757240 29.885212 0.250000 0.833333 -1
1 0.347416 18.384968 29.885212 0.250000 1.000000 -1
1 1.088928 31.825272 14.294002 0.250000 0.666667 -1
1 -19.565811 18.384968 25.881348 0.000000 0.000000 -1
1 -19.565811 18.384968 25.881348 0.333333 1.000000 -1
1 -19.565811 23.757240 25.881348 0.333333 0.833333 -1
1 -4.977526 31.825272 12.378966 0.333333 0.666667 -1
1 -34.143280 18.384968 14.942605 0.000000 0.000000 -1
1 -34.143280 23.757240 14.942605 0.416667 0.833333 -1
1 -34.143280 18.384968 14.942605 0.416667 1.000000 -1
1 -9.418487 31.825272 7.147000 0.416667 0.666667 -1
1 -39.479023 18.384968 -0.000000 0.000000 0.000000 -1
1 -39.479023 18.384968 -0.000000 0.500000 1.000000 -1
1 -39.479023 23.757240 -0.000000 0.500000 0.833333 -1
1 -11.043983 31.825272 -0.000000 0.500000 0.666667 -1
1 -34.143280 18.384968 -14.942607 0.000000 0.000000 -1
1 -34.143280 23.757240 -14.942607 0.583333 0.833333 -1
1 -34.143280 18.384968 -14.942607 0.583333 1.000000 -1
1 -9.418487 31.825272 -7.147000 0.583333 0.666667 -1
1 -19.565811 18.384968 -25.881348 0.000000 0.000000 -1
1 -19.565811 18.384968 -25.881348 0.666667 1.000000 -1
1 -19.565811 23.757240 -25.881348 0.666667 0.833333 -1
1 -4.977526 31.825272 -12.378968 0.666667 0.666667 -1
1 0.347416 18.384968 -29.885212 0.000000 0.000000 -1
1 0.347416 23.757240 -29.885212 0.750000 0.833333 -1
1 0.347416 18.384968 -29.885212 0.750000 1.000000 -1
1 1.088928 31.825272 -14.294000 0.750000 0.666667 -1
1 20.260645 18.384968 -25.881348 0.000000 0.000000 -1
1 20.260645 18.384968 -25.881348 0.833333 1.000000 -1
1 20.260645 23.757240 -25.881348 0.833333 0.833333 -1
1 7.155387 31.825272 -12.378968 0.833333 0.666667 -1
1 34.838104 18.384968 -14.942607 0.000000 0.000000 -1
1 34.838104 23.757240 -14.942607 0.916667 0.833333 -1
1 34.838104 18.384968 -14.942607 0.916667 1.000000 -1
1 11.596344 31.825272 -7.147000 0.916667 0.666667 -1
1 40.173847 18.384968 -0.000000 1.000000 1.000000 -1
1 40.173847 23.757240 -0.000000 1.000000 0.833333 -1
1 13.221846 31.825272 -0.000000 1.000000 0.666667 -1
1 45.875008 17.644699 0.000000 0.000000 0.000000 -1
1 23.329395 26.460007 25.807556 0.000000 0.000000 -1
1 29.649303 37.925056 0.000000 0.000000 0.000000 -1
1 47.566456 18.260345 0.000000 0.000000 0.000000 -1
1 31.340748 38.540703 0.000000 0.000000 0.000000 -1
1 25.020844 27.075653 25.807556 0.000000 0.000000 -1
1 45.875008 17.644699 0.000000 0.000000 1.000000 -1
1 23.329395 26.460007 25.807556 0.166667 1.000000 -1
1 25.020844 27.075653 25.807556 0.166667 0.000000 -1
1 24.886528 49.259834 25.807556 0.000000 0.000000 -1
1 26.577969 49.875465 25.807556 0.000000 0.000000 -1
1 26.577969 49.875465 25.807556 0.333333 0.000000 -1
1 24.886528 49.259834 25.807556 0.333333 1.000000 -1
1 34.790398 47.127975 0.000000 0.000000 0.000000 -1
1 36.481873 47.743622 0.000000 0.000000 0.000000 -1
1 34.790398 47.127975 0.000000 0.500000 1.000000 -1
1 36.481873 47.743622 0.000000 0.500000 0.000000 -1
1 24.886528 49.259834 -25.807556 0.000000 0.000000 -1
1 26.577969 49.875465 -25.807556 0.000000 0.000000 -1
1 26.577969 49.875465 -25.807556 0.666667 0.000000 -1
1 24.886528 49.259834 -25.807556 0.666667 1.000000 -1
1 23.329395 26.460007 -25.807556 0.000000 0.000000 -1
1 25.020844 27.075653 -25.807556 0.000000 0.000000 -1
1 23.329395 26.460007 -25.807556 0.833333 1.000000 -1
1 25.020844 27.075653 -25.807556 0.833333 0.000000 -1
1 47.566456 18.260345 0.000000 1.000000 0.000000 -1
1 45.875008 17.644699 0.000000 1.000000 1.000000 -1
63
0.000000 -1.000000 0.000000
0.941760 0.000000 0.336286
0.760125 0.590370 0.271427
0.655801 0.592029 0.468431
0.805066 0.000000 0.593185
0.295804 0.951390 0.085773
0.281300 0.948853 0.143345
0.408750 0.000000 0.912646
0.339141 0.545266 0.766595
0.183305 0.913767 0.362531
0.000688 0.526844 0.849962
-0.000000 0.000000 1.000000
0.001683 0.888100 0.459648
-0.408750 0.000000 0.912646
-0.337241 0.550305 0.763828
-0.177060 0.918804 0.352772
-0.651505 0.598498 0.466198
-0.805066 0.000000 0.593185
-0.268007 0.953635 0.136940
-1.000000 0.000000 0.000000
-0.785036 0.619451 0.000000
-0.282143 0.959372 0.000000
-0.651505 0.598498 -0.466198
-0.805066 0.000000 -0.593185
-0.268007 0.953635 -0.136940
-0.408750 0.000000 -0.912646
-0.337241 0.550305 -0.763828
-0.177060 0.918804 -0.352772
0.000688 0.526844 -0.849962
-0.000000 0.000000 -1.000000
0.001683 0.888100 -0.459648
0.408750 0.000000 -0.912646
0.339141 0.545266 -0.766595
0.183305 0.913767 -0.362531
0.655801 0.592028 -0.468431
0.805066 0.000000 -0.593185
0.281300 0.948853 -0.143345
0.941760 0.000000 -0.336286
0.760125 0.590370 -0.271427
0.295804 0.951390 -0.085773
-0.780842 -0.624728 0.000000
-0.901733 -0.267443 -0.339634
-0.999856 -0.016973 0.000000
0.780842 0.624728 0.000000
0.999856 0.016973 0.000000
0.901733 0.267443 0.339634
0.342025 -0.939691 0.000000
0.166366 -0.457080 0.873728
-0.919422 0.268314 -0.287524
0.919422 -0.268315 0.287524
-0.265419 0.729236 0.630688
-0.265419 0.729236 0.630688
-0.873013 0.487697 0.000000
0.873011 -0.487700 0.000000
-0.342019 0.939693 0.000000
-0.342020 0.939693 0.000000
-0.919422 0.268314 0.287524
0.919422 -0.268315 -0.287524
-0.265419 0.729236 -0.630688
-0.265419 0.729236 -0.630688
-0.901733 -0.267443 0.339634
0.901733 0.267443 -0.339634
0.166366 -0.457080 -0.873728
84
1 0 1 2 0 0 0 2
1 3 4 5 1 2 3 1
1 3 5 6 1 3 4 1
1 4 7 5 2 5 3 1
1 7 8 5 5 6 3 1
1 1 9 2 0 0 0 2
1 6 5 10 4 3 7 1
1 5 11 10 3 8 7 1
1 5 8 12 3 6 9 1
1 5 12 11 3 9 8 1
1 9 13 2 0 0 0 2
1 10 11 14 7 8 10 1
1 10 14 15 7 10 11 1
1 11 12 14 8 9 10 1
1 12 16 14 9 12 10 1
1 13 17 2 0 0 0 2
1 15 14 18 11 10 13 1
1 14 19 18 10 14 13 1
1 14 16 20 10 12 15 1
1 14 20 19 10 15 14 1
1 17 21 2 0 0 0 2
1 18 19 22 13 14 16 1
1 18 22 23 13 16 17 1
1 19 20 22 14 15 16 1
1 20 24 22 15 18 16 1
1 21 25 2 0 0 0 2
1 23 22 26 17 16 19 1
1 22 27 26 16 20 19 1
1 22 24 28 16 18 21 1
1 22 28 27 16 21 20 1
1 25 29 2 0 0 0 2
1 26 27 30 19 20 22 1
1 26 30 31 19 22 23 1
1 27 28 30 20 21 22 1
1 28 32 30 21 24 22 1
1 29 33 2 0 0 0 2
1 31 30 34 23 22 25 1
1 30 35 34 22 26 25 1
1 30 32 36 22 24 27 1
1 30 36 35 22 27 26 1
1 33 37 2 0 0 0 2
1 34 35 38 25 26 28 1
1 34 38 39 25 28 29 1
1 35 36 38 26 27 28 1
1 36 40 38 27 30 28 1
1 37 41 2 0 0 0 2
1 39 38 42 29 28 31 1
1 38 43 42 28 32 31 1
1 38 40 44 28 30 33 1
1 38 44 43 28 33 32 1
1 41 45 2 0 0 0 2
1 42 43 46 31 32 34 1
1 42 46 47 31 34 35 1
1 43 44 46 32 33 34 1
1 44 48 46 33 36 34 1
1 45 0 2 0 0 0 2
1 47 46 49 35 34 37 1
1 46 50 49 34 38 37 1
1 46 48 51 34 36 39 1
1 46 51 50 34 39 38 1
1 52 53 54 40 41 42 2
1 55 56 57 43 44 45 2
1 58 55 59 46 46 47 1
1 55 60 59 46 47 47 1
1 53 61 54 41 48 42 2
1 57 56 62 45 44 49 2
1 59 60 63 47 47 50 1
1 59 63 64 47 50 51 1
1 61 65 54 48 52 42 2
1 62 56 66 49 44 53 2
1 64 63 67 51 50 54 1
1 63 68 67 50 55 54 1
1 65 69 54 52 56 42 2
1 66 56 70 53 44 57 2
1 67 68 71 54 55 58 1
1 67 71 72 54 58 59 1
1 69 73 54 56 60 42 2
1 70 56 74 57 44 61 2
1 72 71 75 59 58 62 1
1 71 76 75 58 62 62 1
1 73 52 54 60 40 42 2
1 74 56 55 61 44 43 2
1 75 76 77 62 62 46 1
1 75 77 78 62 46 46 1

Materials: 1
"Material01"
0.200000 0.200000 0.200000 1.000000
0.800000 0.800000 0.800000 1.000000
0.000000 0.000000 0.000000 1.000000
0.000000 0.000000 0.000000 1.000000
0.000000
1.000000
"E4Root.tga"
""

Bones: 0
GroupComments: 0
MaterialComments: 0
BoneComments: 0
ModelComment: 0
