// MilkShape 3D ASCII

Frames: 40
Frame: 1

Meshes: 2
"Header" 0 0
128
0 2.619525 64.669189 0.000000 0.000000 1.000000 -1
0 10.928030 68.110687 0.000000 0.000000 0.750000 -1
0 2.619525 68.110687 8.308504 0.250000 0.750000 -1
0 2.619525 88.169189 0.000000 0.000000 0.000000 -1
0 2.619525 84.727692 8.308504 0.250000 0.250000 -1
0 10.928030 84.727692 0.000000 0.000000 0.250000 -1
0 2.619525 64.669189 0.000000 0.250000 1.000000 -1
0 -5.688981 68.110687 0.000000 0.500000 0.750000 -1
0 2.619525 88.169189 0.000000 0.250000 0.000000 -1
0 -5.688981 84.727692 0.000000 0.500000 0.250000 -1
0 2.619525 64.669189 0.000000 0.500000 1.000000 -1
0 2.619525 68.110687 -8.308504 0.750000 0.750000 -1
0 2.619525 88.169189 0.000000 0.500000 0.000000 -1
0 2.619525 84.727692 -8.308504 0.750000 0.250000 -1
0 2.619525 64.669189 0.000000 0.750000 1.000000 -1
0 10.928030 68.110687 0.000000 1.000000 0.750000 -1
0 2.619525 88.169189 0.000000 0.750000 0.000000 -1
0 10.928030 84.727692 0.000000 1.000000 0.250000 -1
0 14.369524 76.419189 0.000000 0.000000 0.500000 -1
0 2.619525 76.419189 11.750000 0.250000 0.500000 -1
0 -9.130474 76.419189 0.000000 0.500000 0.500000 -1
0 2.619525 76.419189 -11.750000 0.750000 0.500000 -1
0 14.369524 76.419189 0.000000 1.000000 0.500000 -1
0 0.369525 17.669193 0.000000 0.000000 1.000000 -1
0 16.279427 24.259289 0.000000 0.000000 0.750000 -1
0 0.369525 24.259289 15.909903 0.250000 0.750000 -1
0 0.369525 74.919189 0.000000 0.000000 0.000000 -1
0 0.369525 56.079094 15.909903 0.250000 0.250000 -1
0 16.279427 56.079094 0.000000 0.000000 0.250000 -1
0 0.369525 17.669193 0.000000 0.250000 1.000000 -1
0 -15.540375 24.259289 0.000000 0.500000 0.750000 -1
0 0.369525 74.919189 0.000000 0.250000 0.000000 -1
0 -15.540375 56.079094 0.000000 0.500000 0.250000 -1
0 0.369525 17.669193 0.000000 0.500000 1.000000 -1
0 0.369525 24.259289 -15.909903 0.750000 0.750000 -1
0 0.369525 74.919189 0.000000 0.500000 0.000000 -1
0 0.369525 56.079094 -15.909903 0.750000 0.250000 -1
0 0.369525 17.669193 0.000000 0.750000 1.000000 -1
0 16.279427 24.259289 0.000000 1.000000 0.750000 -1
0 0.369525 74.919189 0.000000 0.750000 0.000000 -1
0 16.279427 56.079094 0.000000 1.000000 0.250000 -1
0 15.369526 39.919193 0.000000 0.000000 0.500000 -1
0 0.369525 40.169193 22.500000 0.250000 0.500000 -1
0 -15.630474 40.169193 0.000000 0.500000 0.500000 -1
0 0.369525 40.169193 -22.500000 0.750000 0.500000 -1
0 15.369526 39.919193 0.000000 1.000000 0.500000 -1
0 1.493119 51.097496 -13.249996 0.000000 0.000000 -1
0 1.662999 52.713646 -10.435417 0.000000 0.000000 -1
0 1.832829 54.329750 -13.249996 0.000000 0.000000 -1
0 32.288361 47.726490 -1.753422 0.000000 0.000000 -1
0 32.552345 50.958656 -1.539647 0.000000 0.000000 -1
0 30.649084 49.342609 0.540808 0.000000 0.000000 -1
0 1.493119 51.097496 -13.249996 0.000000 1.000000 -1
0 13.001675 49.973854 -13.332594 0.000000 0.666667 -1
0 1.662999 52.713646 -10.435417 0.166667 1.000000 -1
0 12.293453 51.589954 -10.603283 0.166667 0.666667 -1
0 23.979771 48.850136 -8.481581 0.000000 0.333333 -1
0 22.340506 50.466282 -6.187342 0.166667 0.333333 -1
0 30.649084 49.342609 0.540808 0.166667 0.000000 -1
0 2.002677 55.945793 -10.435417 0.000000 0.000000 -1
0 30.913076 52.574741 0.754587 0.000000 0.000000 -1
0 12.616545 54.822121 -10.498304 0.333333 0.666667 -1
0 2.002677 55.945793 -10.435417 0.333333 1.000000 -1
0 22.604517 53.698463 -5.973552 0.333333 0.333333 -1
0 30.913076 52.574741 0.754587 0.333333 0.000000 -1
0 2.172544 57.561909 -13.249996 0.000000 0.000000 -1
0 32.816360 54.190895 -1.325854 0.000000 0.000000 -1
0 2.172544 57.561909 -13.249996 0.500000 1.000000 -1
0 13.647854 56.438251 -13.122635 0.500000 0.666667 -1
0 24.507786 55.314568 -8.054003 0.500000 0.333333 -1
0 32.816360 54.190895 -1.325854 0.500000 0.000000 -1
0 2.002677 55.945793 -16.064579 0.000000 0.000000 -1
0 34.455627 52.574741 -3.620098 0.000000 0.000000 -1
0 14.356050 54.822121 -15.851959 0.666667 0.666667 -1
0 2.002677 55.945793 -16.064579 0.666667 1.000000 -1
0 26.147064 53.698463 -10.348238 0.666667 0.333333 -1
0 34.455627 52.574741 -3.620098 0.666667 0.000000 -1
0 1.662999 52.713646 -16.064579 0.000000 0.000000 -1
0 34.191635 49.342609 -3.833876 0.000000 0.000000 -1
0 1.662999 52.713646 -16.064579 0.833333 1.000000 -1
0 14.032961 51.589954 -15.956938 0.833333 0.666667 -1
0 25.883059 50.466282 -10.562026 0.833333 0.333333 -1
0 34.191635 49.342609 -3.833876 0.833333 0.000000 -1
0 13.001675 49.973854 -13.332594 1.000000 0.666667 -1
0 1.493119 51.097496 -13.249996 1.000000 1.000000 -1
0 23.979771 48.850136 -8.481581 1.000000 0.333333 -1
0 32.288361 47.726490 -1.753422 1.000000 0.000000 -1
0 1.832829 54.329750 13.249996 0.000000 0.000000 -1
0 1.662999 52.713646 10.435417 0.000000 0.000000 -1
0 1.493119 51.097496 13.249996 0.000000 0.000000 -1
0 30.649084 49.342609 -0.540808 0.000000 0.000000 -1
0 32.552345 50.958656 1.539647 0.000000 0.000000 -1
0 32.288361 47.726490 1.753422 0.000000 0.000000 -1
0 1.662999 52.713646 10.435417 0.166667 1.000000 -1
0 13.001675 49.973854 13.332594 0.000000 0.666667 -1
0 1.493119 51.097496 13.249996 0.000000 1.000000 -1
0 12.293453 51.589954 10.603283 0.166667 0.666667 -1
0 22.340506 50.466282 6.187342 0.166667 0.333333 -1
0 23.979771 48.850136 8.481581 0.000000 0.333333 -1
0 30.649084 49.342609 -0.540808 0.166667 0.000000 -1
0 2.002677 55.945793 10.435417 0.000000 0.000000 -1
0 30.913076 52.574741 -0.754587 0.000000 0.000000 -1
0 12.616545 54.822121 10.498304 0.333333 0.666667 -1
0 2.002677 55.945793 10.435417 0.333333 1.000000 -1
0 22.604517 53.698463 5.973552 0.333333 0.333333 -1
0 30.913076 52.574741 -0.754587 0.333333 0.000000 -1
0 2.172544 57.561909 13.249996 0.000000 0.000000 -1
0 32.816360 54.190895 1.325854 0.000000 0.000000 -1
0 2.172544 57.561909 13.249996 0.500000 1.000000 -1
0 13.647854 56.438251 13.122635 0.500000 0.666667 -1
0 24.507786 55.314568 8.054003 0.500000 0.333333 -1
0 32.816360 54.190895 1.325854 0.500000 0.000000 -1
0 2.002677 55.945793 16.064579 0.000000 0.000000 -1
0 34.455627 52.574741 3.620098 0.000000 0.000000 -1
0 14.356050 54.822121 15.851959 0.666667 0.666667 -1
0 2.002677 55.945793 16.064579 0.666667 1.000000 -1
0 26.147064 53.698463 10.348238 0.666667 0.333333 -1
0 34.455627 52.574741 3.620098 0.666667 0.000000 -1
0 1.662999 52.713646 16.064579 0.000000 0.000000 -1
0 34.191635 49.342609 3.833876 0.000000 0.000000 -1
0 1.662999 52.713646 16.064579 0.833333 1.000000 -1
0 14.032961 51.589954 15.956938 0.833333 0.666667 -1
0 25.883059 50.466282 10.562026 0.833333 0.333333 -1
0 34.191635 49.342609 3.833876 0.833333 0.000000 -1
0 13.001675 49.973854 13.332594 1.000000 0.666667 -1
0 1.493119 51.097496 13.249996 1.000000 1.000000 -1
0 23.979771 48.850136 8.481581 1.000000 0.333333 -1
0 32.288361 47.726490 1.753422 1.000000 0.000000 -1
104
0.000000 -1.000000 0.000000
0.769061 -0.639175 0.000000
0.000000 -0.741210 0.671274
0.000000 1.000000 0.000000
0.000000 0.741210 0.671274
0.769061 0.639175 0.000000
-0.769061 -0.639175 0.000000
-0.769061 0.639175 0.000000
0.000000 -0.741210 -0.671274
0.000000 0.741210 -0.671274
1.000000 0.000000 0.000000
0.000000 0.000000 1.000000
-1.000000 0.000000 0.000000
0.000000 -0.000000 -1.000000
-0.000000 -1.000000 0.000000
0.862497 -0.506061 0.000000
-0.000000 -0.741210 0.671273
-0.000000 1.000000 0.000000
-0.000000 0.525328 0.850900
0.942998 0.332799 0.000000
-0.849704 -0.527260 0.000000
-0.934764 0.355270 0.000000
-0.000000 -0.741210 -0.671273
-0.000000 0.525328 -0.850900
1.000000 0.000914 0.000000
0.006490 0.000305 0.999979
-1.000000 0.000000 0.000000
0.006490 0.000305 -0.999979
-0.994522 0.104524 0.000000
-0.994523 0.104521 0.000006
-0.994522 0.104524 0.000000
0.772889 -0.104520 0.625874
0.772889 -0.104524 0.625873
0.772890 -0.104522 0.625872
-0.097173 -0.995267 -0.000013
-0.087288 -0.995740 -0.029709
-0.042125 -0.507442 0.860656
-0.221975 -0.510665 0.830631
-0.078036 -0.994924 -0.063532
-0.493878 -0.502260 0.709802
-0.081232 -0.994522 -0.065780
-0.585624 -0.497259 0.640139
-0.994522 0.104523 0.000001
0.772890 -0.104526 0.625872
-0.132697 0.491481 0.860720
0.057714 0.496681 0.866012
-0.414725 0.485646 0.769514
-0.504391 0.497257 0.705921
-0.994522 0.104529 -0.000000
0.772889 -0.104529 0.625873
0.100839 0.994778 0.015775
0.093302 0.995178 0.030245
0.082491 0.995021 0.055935
0.081233 0.994522 0.065782
-0.994522 0.104523 -0.000001
0.772888 -0.104526 0.625874
0.235493 0.511172 -0.826587
0.060063 0.496459 -0.865980
0.496931 0.508204 -0.703412
0.585626 0.497258 -0.640139
-0.994523 0.104521 -0.000006
0.772888 -0.104522 0.625875
-0.037550 -0.480531 -0.876173
0.143400 -0.492667 -0.858321
0.415512 -0.495342 -0.762880
0.504392 -0.497259 -0.705920
-0.994522 0.104524 -0.000000
-0.994523 0.104521 -0.000006
-0.994522 0.104524 -0.000000
0.772890 -0.104522 -0.625872
0.772889 -0.104524 -0.625873
0.772889 -0.104520 -0.625874
-0.042125 -0.507442 -0.860656
-0.087288 -0.995740 0.029709
-0.097173 -0.995267 0.000013
-0.221975 -0.510665 -0.830631
-0.493878 -0.502260 -0.709802
-0.078036 -0.994924 0.063532
-0.081232 -0.994522 0.065780
-0.585624 -0.497259 -0.640139
-0.994522 0.104523 -0.000001
0.772890 -0.104526 -0.625872
-0.132697 0.491481 -0.860720
0.057714 0.496681 -0.866012
-0.414725 0.485646 -0.769514
-0.504391 0.497257 -0.705921
-0.994522 0.104529 0.000000
0.772889 -0.104529 -0.625873
0.100839 0.994778 -0.015775
0.093302 0.995178 -0.030245
0.082491 0.995021 -0.055935
0.081233 0.994522 -0.065782
-0.994522 0.104523 0.000001
0.772888 -0.104526 -0.625874
0.235493 0.511172 0.826587
0.060063 0.496459 0.865980
0.496931 0.508204 0.703412
0.585626 0.497258 0.640139
-0.994523 0.104521 0.000006
0.772888 -0.104522 -0.625875
-0.037550 -0.480531 0.876173
0.143400 -0.492667 0.858321
0.415512 -0.495342 0.762880
0.504392 -0.497259 0.705920
144
0 0 1 2 0 1 2 1
0 3 4 5 3 4 5 1
0 6 2 7 0 2 6 1
0 8 9 4 3 7 4 1
0 10 7 11 0 6 8 1
0 12 13 9 3 9 7 1
0 14 11 15 0 8 1 1
0 16 17 13 3 5 9 1
0 1 18 19 1 10 11 1
0 1 19 2 1 11 2 1
0 2 19 7 2 11 6 1
0 19 20 7 11 12 6 1
0 7 20 21 6 12 13 1
0 7 21 11 6 13 8 1
0 11 21 15 8 13 1 1
0 21 22 15 13 10 1 1
0 18 5 19 10 5 11 1
0 5 4 19 5 4 11 1
0 19 4 9 11 4 7 1
0 19 9 20 11 7 12 1
0 20 9 21 12 7 13 1
0 9 13 21 7 9 13 1
0 21 13 17 13 9 5 1
0 21 17 22 13 5 10 1
0 23 24 25 14 15 16 1
0 26 27 28 17 18 19 1
0 29 25 30 14 16 20 1
0 31 32 27 17 21 18 1
0 33 30 34 14 20 22 1
0 35 36 32 17 23 21 1
0 37 34 38 14 22 15 1
0 39 40 36 17 19 23 1
0 24 41 42 15 24 25 1
0 24 42 25 15 25 16 1
0 25 42 30 16 25 20 1
0 42 43 30 25 26 20 1
0 30 43 44 20 26 27 1
0 30 44 34 20 27 22 1
0 34 44 38 22 27 15 1
0 44 45 38 27 24 15 1
0 41 28 42 24 19 25 1
0 28 27 42 19 18 25 1
0 42 27 32 25 18 21 1
0 42 32 43 25 21 26 1
0 43 32 44 26 21 27 1
0 32 36 44 21 23 27 1
0 44 36 40 27 23 19 1
0 44 40 45 27 19 24 1
0 46 47 48 28 29 30 2
0 49 50 51 31 32 33 2
0 52 53 54 34 35 36 1
0 53 55 54 35 37 36 1
0 53 56 57 35 38 39 1
0 53 57 55 35 39 37 1
0 56 49 57 38 40 39 1
0 49 58 57 40 41 39 1
0 47 59 48 29 42 30 2
0 51 50 60 33 32 43 2
0 54 55 61 36 37 44 1
0 54 61 62 36 44 45 1
0 55 57 61 37 39 44 1
0 57 63 61 39 46 44 1
0 57 58 64 39 41 47 1
0 57 64 63 39 47 46 1
0 59 65 48 42 48 30 2
0 60 50 66 43 32 49 2
0 62 61 67 45 44 50 1
0 61 68 67 44 51 50 1
0 61 63 69 44 46 52 1
0 61 69 68 44 52 51 1
0 63 64 69 46 47 52 1
0 64 70 69 47 53 52 1
0 65 71 48 48 54 30 2
0 66 50 72 49 32 55 2
0 67 68 73 50 51 56 1
0 67 73 74 50 56 57 1
0 68 69 73 51 52 56 1
0 69 75 73 52 58 56 1
0 69 70 76 52 53 59 1
0 69 76 75 52 59 58 1
0 71 77 48 54 60 30 2
0 72 50 78 55 32 61 2
0 74 73 79 57 56 62 1
0 73 80 79 56 63 62 1
0 73 75 81 56 58 64 1
0 73 81 80 56 64 63 1
0 75 76 81 58 59 64 1
0 76 82 81 59 65 64 1
0 77 46 48 60 28 30 2
0 78 50 49 61 32 31 2
0 79 80 83 62 63 35 1
0 79 83 84 62 35 34 1
0 80 81 83 63 64 35 1
0 81 85 83 64 38 35 1
0 81 82 86 64 65 40 1
0 81 86 85 64 40 38 1
0 87 88 89 66 67 68 2
0 90 91 92 69 70 71 2
0 93 94 95 72 73 74 1
0 93 96 94 72 75 73 1
0 97 98 94 76 77 73 1
0 96 97 94 75 76 73 1
0 97 92 98 76 78 77 1
0 97 99 92 76 79 78 1
0 87 100 88 66 80 67 2
0 101 91 90 81 70 69 2
0 102 96 93 82 75 72 1
0 103 102 93 83 82 72 1
0 102 97 96 82 76 75 1
0 102 104 97 82 84 76 1
0 105 99 97 85 79 76 1
0 104 105 97 84 85 76 1
0 87 106 100 66 86 80 2
0 107 91 101 87 70 81 2
0 108 102 103 88 82 83 1
0 108 109 102 88 89 82 1
0 110 104 102 90 84 82 1
0 109 110 102 89 90 82 1
0 110 105 104 90 85 84 1
0 110 111 105 90 91 85 1
0 87 112 106 66 92 86 2
0 113 91 107 93 70 87 2
0 114 109 108 94 89 88 1
0 115 114 108 95 94 88 1
0 114 110 109 94 90 89 1
0 114 116 110 94 96 90 1
0 117 111 110 97 91 90 1
0 116 117 110 96 97 90 1
0 87 118 112 66 98 92 2
0 119 91 113 99 70 93 2
0 120 114 115 100 94 95 1
0 120 121 114 100 101 94 1
0 122 116 114 102 96 94 1
0 121 122 114 101 102 94 1
0 122 117 116 102 97 96 1
0 122 123 117 102 103 97 1
0 87 89 118 66 68 98 2
0 92 91 119 71 70 99 2
0 124 121 120 73 101 100 1
0 125 124 120 74 73 100 1
0 124 122 121 73 102 101 1
0 124 126 122 73 77 102 1
0 127 123 122 78 103 102 1
0 126 127 122 77 78 102 1
"Stick" 0 0
41
0 78.655602 58.805519 0.082774 0.000000 0.000000 -1
0 78.655602 56.243340 4.520592 0.000000 0.000000 -1
1 78.655602 53.681160 0.082774 0.000000 0.000000 -1
0 21.555691 58.805519 0.082774 0.000000 0.000000 -1
1 21.555691 53.681160 0.082774 0.000000 0.000000 -1
0 21.555691 56.243340 4.520592 0.000000 0.000000 -1
0 78.655602 58.805519 0.082774 0.000000 1.000000 -1
0 62.387810 56.132118 0.082774 0.000000 0.666667 -1
0 78.655602 56.243340 4.520592 0.166667 1.000000 -1
0 62.387810 54.906639 2.205369 0.166667 0.666667 -1
0 37.823471 56.132118 0.082774 0.000000 0.333333 -1
0 37.823471 54.906639 2.205369 0.166667 0.333333 -1
0 21.555691 56.243340 4.520592 0.166667 0.000000 -1
0 78.655602 51.118996 4.520592 0.000000 0.000000 -1
0 21.555691 51.118996 4.520592 0.000000 0.000000 -1
0 62.387810 52.455677 2.205369 0.333333 0.666667 -1
0 78.655602 51.118996 4.520592 0.333333 1.000000 -1
0 37.823471 52.455677 2.205369 0.333333 0.333333 -1
0 21.555691 51.118996 4.520592 0.333333 0.000000 -1
0 78.655602 48.556812 0.082774 0.000000 0.000000 -1
0 21.555691 48.556812 0.082774 0.000000 0.000000 -1
0 78.655602 48.556812 0.082774 0.500000 1.000000 -1
0 62.387810 51.230202 0.082774 0.500000 0.666667 -1
0 37.823471 51.230202 0.082774 0.500000 0.333333 -1
0 21.555691 48.556812 0.082774 0.500000 0.000000 -1
0 78.655602 51.118996 -4.355044 0.000000 0.000000 -1
0 21.555691 51.118996 -4.355044 0.000000 0.000000 -1
0 62.387810 52.455677 -2.039820 0.666667 0.666667 -1
0 78.655602 51.118996 -4.355044 0.666667 1.000000 -1
0 37.823471 52.455677 -2.039820 0.666667 0.333333 -1
0 21.555691 51.118996 -4.355044 0.666667 0.000000 -1
0 78.655602 56.243340 -4.355044 0.000000 0.000000 -1
0 21.555691 56.243340 -4.355044 0.000000 0.000000 -1
0 78.655602 56.243340 -4.355044 0.833333 1.000000 -1
0 62.387810 54.906639 -2.039820 0.833333 0.666667 -1
0 37.823471 54.906639 -2.039820 0.833333 0.333333 -1
0 21.555691 56.243340 -4.355044 0.833333 0.000000 -1
0 62.387810 56.132118 0.082774 1.000000 0.666667 -1
0 78.655602 58.805519 0.082774 1.000000 1.000000 -1
0 37.823471 56.132118 0.082774 1.000000 0.333333 -1
0 21.555691 58.805519 0.082774 1.000000 0.000000 -1
30
1.000000 0.000000 0.000000
-1.000000 0.000000 0.000000
-0.140900 0.857385 0.495013
-0.070626 0.863863 0.498751
-0.162161 0.493382 0.854563
-0.081484 0.498338 0.863145
0.070627 0.863863 0.498751
0.081485 0.498337 0.863145
0.140900 0.857386 0.495012
0.162162 0.493382 0.854563
-0.081484 -0.498338 0.863145
-0.162161 -0.493382 0.854563
0.081484 -0.498338 0.863145
0.162161 -0.493382 0.854563
-0.162161 -0.986764 0.000000
-0.081484 -0.996675 -0.000000
0.081484 -0.996675 0.000000
0.162161 -0.986764 0.000000
-0.081484 -0.498338 -0.863145
-0.162161 -0.493382 -0.854563
0.081484 -0.498338 -0.863145
0.162161 -0.493382 -0.854563
-0.162161 0.493382 -0.854563
-0.081484 0.498338 -0.863145
0.081485 0.498337 -0.863145
0.162162 0.493382 -0.854563
-0.070626 0.863863 -0.498751
-0.140900 0.857385 -0.495013
0.070627 0.863863 -0.498751
0.140900 0.857386 -0.495012
48
0 0 1 2 0 0 0 2
0 3 4 5 1 1 1 2
0 6 7 8 2 3 4 1
0 7 9 8 3 5 4 1
0 7 10 11 3 6 7 1
0 7 11 9 3 7 5 1
0 10 3 11 6 8 7 1
0 3 12 11 8 9 7 1
0 1 13 2 0 0 0 2
0 5 4 14 1 1 1 2
0 8 9 15 4 5 10 1
0 8 15 16 4 10 11 1
0 9 11 15 5 7 10 1
0 11 17 15 7 12 10 1
0 11 12 18 7 9 13 1
0 11 18 17 7 13 12 1
0 13 19 2 0 0 0 2
0 14 4 20 1 1 1 2
0 16 15 21 11 10 14 1
0 15 22 21 10 15 14 1
0 15 17 23 10 12 16 1
0 15 23 22 10 16 15 1
0 17 18 23 12 13 16 1
0 18 24 23 13 17 16 1
0 19 25 2 0 0 0 2
0 20 4 26 1 1 1 2
0 21 22 27 14 15 18 1
0 21 27 28 14 18 19 1
0 22 23 27 15 16 18 1
0 23 29 27 16 20 18 1
0 23 24 30 16 17 21 1
0 23 30 29 16 21 20 1
0 25 31 2 0 0 0 2
0 26 4 32 1 1 1 2
0 28 27 33 19 18 22 1
0 27 34 33 18 23 22 1
0 27 29 35 18 20 24 1
0 27 35 34 18 24 23 1
0 29 30 35 20 21 24 1
0 30 36 35 21 25 24 1
0 31 0 2 0 0 0 2
0 32 4 3 1 1 1 2
0 33 34 37 22 23 26 1
0 33 37 38 22 26 27 1
0 34 35 37 23 24 26 1
0 35 39 37 24 28 26 1
0 35 36 40 24 25 29 1
0 35 40 39 24 29 28 1

Materials: 1
"Material01"
0.200000 0.200000 0.200000 1.000000
0.800000 0.800000 0.800000 1.000000
0.000000 0.000000 0.000000 1.000000
0.000000 0.000000 0.000000 1.000000
0.000000
1.000000
"E4Root.tga"
""

Bones: 0
GroupComments: 0
MaterialComments: 0
BoneComments: 0
ModelComment: 0
