// MilkShape 3D ASCII

Frames: 40
Frame: 1

Meshes: 2
"Body" 0 0
70
0 -0.000003 48.733330 19.799999 0.296219 0.730336 -1
0 -9.900002 48.733330 17.147303 0.316209 0.730336 -1
0 -0.000002 48.733330 -0.000000 0.445427 0.730336 -1
0 -0.000001 72.683327 10.643717 0.365218 0.402810 -1
0 -0.000001 72.683327 -0.000000 0.445427 0.402810 -1
0 -3.902917 72.683327 9.217727 0.375964 0.402810 -1
0 -0.000004 60.022438 25.390917 0.254087 0.575953 -1
0 -12.695461 60.022438 21.989185 0.279722 0.575953 -1
0 -0.000003 61.833336 19.799999 0.296219 0.551188 -1
0 -9.900002 61.833336 17.147303 0.316209 0.551188 -1
0 -0.000002 62.133331 13.715311 0.342072 0.547085 -1
0 -7.137909 62.133331 11.877806 0.355919 0.547085 -1
0 -17.147305 48.733330 9.899999 0.370823 0.730336 -1
0 -6.760044 72.683327 5.321857 0.405323 0.402810 -1
0 -21.989187 60.022438 12.695457 0.349757 0.575953 -1
0 -17.147305 61.833336 9.899999 0.370823 0.551188 -1
0 -12.363215 62.133331 6.857654 0.393749 0.547085 -1
0 -19.800001 48.733330 -0.000001 0.445427 0.730336 -1
0 -7.805832 72.683327 -0.000000 0.445427 0.402810 -1
0 -25.390919 60.022438 -0.000001 0.445427 0.575953 -1
0 -19.800001 61.833336 -0.000001 0.445427 0.551188 -1
0 -14.275815 62.133331 -0.000001 0.445427 0.547085 -1
0 -17.147305 48.733330 -9.900001 0.520030 0.730336 -1
0 -6.760044 72.683327 -5.321860 0.485531 0.402810 -1
0 -21.989187 60.022438 -12.695459 0.541096 0.575953 -1
0 -17.147305 61.833336 -9.900001 0.520030 0.551188 -1
0 -12.363215 62.133331 -6.857656 0.497104 0.547085 -1
0 -9.900001 48.733330 -17.147303 0.574644 0.730336 -1
0 -3.902916 72.683327 -9.217727 0.514889 0.402810 -1
0 -12.695459 60.022438 -21.989185 0.611131 0.575953 -1
0 -9.900001 61.833336 -17.147303 0.574644 0.551188 -1
0 -7.137908 62.133331 -11.877806 0.534935 0.547085 -1
0 -0.000001 48.733330 -19.799999 0.594634 0.730336 -1
0 -0.000001 72.683327 -10.643717 0.525635 0.402810 -1
0 -0.000001 60.022438 -25.390917 0.636766 0.575953 -1
0 -0.000001 61.833336 -19.799999 0.594634 0.551188 -1
0 -0.000001 62.133331 -13.715311 0.548782 0.547085 -1
0 9.899999 48.733330 -17.147303 0.574644 0.730336 -1
0 3.902914 72.683327 -9.217727 0.514889 0.402810 -1
0 12.695457 60.022438 -21.989185 0.611131 0.575953 -1
0 9.899999 61.833336 -17.147303 0.574644 0.551188 -1
0 7.137905 62.133331 -11.877806 0.534935 0.547085 -1
0 17.147301 48.733330 -9.899999 0.520030 0.730336 -1
0 6.760043 72.683327 -5.321859 0.485531 0.402810 -1
0 21.989183 60.022438 -12.695457 0.541096 0.575953 -1
0 17.147301 61.833336 -9.899999 0.520030 0.551188 -1
0 12.363212 62.133331 -6.857656 0.497104 0.547085 -1
0 19.799999 48.733330 0.000001 0.445427 0.730336 -1
0 7.805830 72.683327 0.000000 0.445427 0.402810 -1
0 25.390917 60.022438 0.000001 0.445427 0.575953 -1
0 19.799999 61.833336 0.000001 0.445427 0.551188 -1
0 14.275813 62.133331 0.000001 0.445427 0.547085 -1
0 17.147301 48.733330 9.900001 0.370823 0.730336 -1
0 6.760043 72.683327 5.321858 0.405323 0.402810 -1
0 21.989183 60.022438 12.695459 0.349757 0.575953 -1
0 17.147301 61.833336 9.900001 0.370823 0.551188 -1
0 12.363212 62.133331 6.857655 0.393749 0.547085 -1
0 9.899997 48.733330 17.147303 0.316209 0.730336 -1
0 3.902913 72.683327 9.217727 0.375964 0.402810 -1
0 12.695456 60.022438 21.989185 0.279722 0.575953 -1
0 9.899997 61.833336 17.147303 0.316209 0.551188 -1
0 7.137904 62.133331 11.877806 0.355919 0.547085 -1
0 8.519234 70.592278 -7.550508 0.123622 0.998278 -1
0 8.519234 66.073364 -7.550508 0.046956 0.998278 -1
0 8.519234 70.592278 7.550508 0.123622 0.736954 -1
0 8.519234 66.073364 7.550508 0.046956 0.736954 -1
0 13.147436 69.925606 7.550508 0.112312 0.736954 -1
0 15.314102 66.073364 7.550508 0.046956 0.736954 -1
0 13.147436 69.925606 -7.550508 0.112312 0.998278 -1
0 15.314102 66.073364 -7.550508 0.046956 0.998278 -1
67
0.000000 -1.000000 0.000000
0.000000 1.000000 0.000000
-0.000000 -0.443804 0.896124
-0.000000 0.401474 0.915870
-0.457935 0.401474 0.793167
-0.448062 -0.443805 0.776066
0.000000 0.983631 0.180194
-0.090373 0.983553 0.156382
0.000000 0.791315 0.611408
-0.309905 0.817495 0.485450
0.000000 0.310625 0.950533
-0.558339 0.359700 0.747579
-0.776066 -0.443804 0.448062
-0.793167 0.401474 0.457935
-0.157378 0.983343 0.090936
-0.454929 0.847220 0.274332
-0.786235 0.460883 0.411609
-0.915870 0.401474 0.000000
-0.896124 -0.443804 0.000000
-0.182502 0.983206 -0.000000
-0.513437 0.858127 0.000000
-0.852462 0.522789 0.000000
-0.776066 -0.443805 -0.448062
-0.793167 0.401474 -0.457935
-0.157378 0.983343 -0.090936
-0.454929 0.847220 -0.274332
-0.786235 0.460883 -0.411609
-0.457935 0.401474 -0.793167
-0.448062 -0.443805 -0.776066
-0.090373 0.983553 -0.156382
-0.309905 0.817495 -0.485450
-0.558338 0.359700 -0.747579
0.000000 -0.443804 -0.896124
0.000000 0.401474 -0.915870
0.000000 0.983631 -0.180194
0.000000 0.791315 -0.611408
0.000000 0.310625 -0.950533
0.457935 0.401474 -0.793167
0.448062 -0.443805 -0.776066
0.090373 0.983553 -0.156382
0.309905 0.817495 -0.485450
0.558338 0.359700 -0.747579
0.776066 -0.443804 -0.448062
0.793167 0.401474 -0.457935
0.157378 0.983343 -0.090936
0.454929 0.847220 -0.274333
0.786235 0.460882 -0.411609
0.915870 0.401474 -0.000000
0.896124 -0.443804 -0.000000
0.182502 0.983206 -0.000000
0.513437 0.858127 0.000000
0.852462 0.522789 0.000000
0.776066 -0.443804 0.448062
0.793167 0.401474 0.457935
0.157378 0.983343 0.090936
0.454929 0.847220 0.274333
0.786235 0.460882 0.411609
0.457935 0.401474 0.793167
0.448062 -0.443805 0.776066
0.090373 0.983553 0.156382
0.309905 0.817495 0.485450
0.558338 0.359700 0.747579
-1.000000 0.000000 0.000000
0.000000 0.000000 1.000000
0.871597 0.490223 0.000000
0.000000 0.000000 -1.000000
0.142574 0.989784 0.000000
132
0 0 1 2 0 0 0 2
0 3 4 5 1 1 1 2
0 0 6 7 2 3 4 1
0 0 7 1 2 4 5 1
0 6 8 7 3 6 4 1
0 8 9 7 6 7 4 1
0 8 10 11 6 8 9 1
0 8 11 9 6 9 7 1
0 10 3 11 8 10 9 1
0 3 5 11 10 11 9 1
0 1 12 2 0 0 0 2
0 5 4 13 1 1 1 2
0 1 7 12 5 4 12 1
0 7 14 12 4 13 12 1
0 7 9 15 4 7 14 1
0 7 15 14 4 14 13 1
0 9 11 15 7 9 14 1
0 11 16 15 9 15 14 1
0 11 5 13 9 11 16 1
0 11 13 16 9 16 15 1
0 12 17 2 0 0 0 2
0 13 4 18 1 1 1 2
0 12 14 19 12 13 17 1
0 12 19 17 12 17 18 1
0 14 15 19 13 14 17 1
0 15 20 19 14 19 17 1
0 15 16 21 14 15 20 1
0 15 21 20 14 20 19 1
0 16 13 21 15 16 20 1
0 13 18 21 16 21 20 1
0 17 22 2 0 0 0 2
0 18 4 23 1 1 1 2
0 17 19 22 18 17 22 1
0 19 24 22 17 23 22 1
0 19 20 25 17 19 24 1
0 19 25 24 17 24 23 1
0 20 21 25 19 20 24 1
0 21 26 25 20 25 24 1
0 21 18 23 20 21 26 1
0 21 23 26 20 26 25 1
0 22 27 2 0 0 0 2
0 23 4 28 1 1 1 2
0 22 24 29 22 23 27 1
0 22 29 27 22 27 28 1
0 24 25 29 23 24 27 1
0 25 30 29 24 29 27 1
0 25 26 31 24 25 30 1
0 25 31 30 24 30 29 1
0 26 23 31 25 26 30 1
0 23 28 31 26 31 30 1
0 27 32 2 0 0 0 2
0 28 4 33 1 1 1 2
0 27 29 32 28 27 32 1
0 29 34 32 27 33 32 1
0 29 30 35 27 29 34 1
0 29 35 34 27 34 33 1
0 30 31 35 29 30 34 1
0 31 36 35 30 35 34 1
0 31 28 33 30 31 36 1
0 31 33 36 30 36 35 1
0 32 37 2 0 0 0 2
0 33 4 38 1 1 1 2
0 32 34 39 32 33 37 1
0 32 39 37 32 37 38 1
0 34 35 39 33 34 37 1
0 35 40 39 34 39 37 1
0 35 36 41 34 35 40 1
0 35 41 40 34 40 39 1
0 36 33 41 35 36 40 1
0 33 38 41 36 41 40 1
0 37 42 2 0 0 0 2
0 38 4 43 1 1 1 2
0 37 39 42 38 37 42 1
0 39 44 42 37 43 42 1
0 39 40 45 37 39 44 1
0 39 45 44 37 44 43 1
0 40 41 45 39 40 44 1
0 41 46 45 40 45 44 1
0 41 38 43 40 41 46 1
0 41 43 46 40 46 45 1
0 42 47 2 0 0 0 2
0 43 4 48 1 1 1 2
0 42 44 49 42 43 47 1
0 42 49 47 42 47 48 1
0 44 45 49 43 44 47 1
0 45 50 49 44 49 47 1
0 45 46 51 44 45 50 1
0 45 51 50 44 50 49 1
0 46 43 51 45 46 50 1
0 43 48 51 46 51 50 1
0 47 52 2 0 0 0 2
0 48 4 53 1 1 1 2
0 47 49 52 48 47 52 1
0 49 54 52 47 53 52 1
0 49 50 55 47 49 54 1
0 49 55 54 47 54 53 1
0 50 51 55 49 50 54 1
0 51 56 55 50 55 54 1
0 51 48 53 50 51 56 1
0 51 53 56 50 56 55 1
0 52 57 2 0 0 0 2
0 53 4 58 1 1 1 2
0 52 54 59 52 53 57 1
0 52 59 57 52 57 58 1
0 54 55 59 53 54 57 1
0 55 60 59 54 59 57 1
0 55 56 61 54 55 60 1
0 55 61 60 54 60 59 1
0 56 53 61 55 56 60 1
0 53 58 61 56 61 60 1
0 57 0 2 0 0 0 2
0 58 4 3 1 1 1 2
0 57 59 0 58 57 2 1
0 59 6 0 57 3 2 1
0 59 60 8 57 59 6 1
0 59 8 6 57 6 3 1
0 60 61 8 59 60 6 1
0 61 10 8 60 8 6 1
0 61 58 3 60 61 10 1
0 61 3 10 60 10 8 1
0 62 63 64 62 62 62 1
0 63 65 64 62 62 62 1
0 64 65 66 63 63 63 2
0 65 67 66 63 63 63 2
0 66 67 68 64 64 64 1
0 67 69 68 64 64 64 1
0 68 69 62 65 65 65 2
0 69 63 62 65 65 65 2
0 68 62 66 66 66 66 3
0 62 64 66 66 66 66 3
0 63 69 65 0 0 0 3
0 69 67 65 0 0 0 3
"FStick" 0 0
92
0 3.864450 66.416161 6.416667 0.053731 0.756576 -1
0 3.864470 67.791161 6.048236 0.076039 0.762951 -1
1 3.864450 66.416161 3.666667 0.053731 0.804165 -1
0 99.364571 66.416138 6.416671 0.527437 0.756576 -1
1 99.364571 66.416138 3.666671 0.527437 0.804165 -1
0 99.364601 67.791183 6.048240 0.549747 0.762951 -1
0 51.614506 66.416138 6.416669 0.290584 0.756576 -1
0 51.614548 67.791183 6.048238 0.312893 0.762951 -1
0 3.864451 68.797745 5.041667 0.092370 0.780370 -1
0 99.364609 68.797737 5.041671 0.566078 0.780370 -1
0 51.614536 68.797775 5.041669 0.329224 0.780370 -1
0 3.864478 69.166153 3.666667 0.098348 0.804165 -1
0 99.364578 69.166145 3.666671 0.572054 0.804165 -1
0 51.614544 69.166183 3.666669 0.335202 0.804165 -1
0 3.864452 68.797745 2.291667 0.092370 0.827959 -1
0 99.364609 68.797737 2.291671 0.566078 0.827959 -1
0 51.614536 68.797775 2.291669 0.329224 0.827959 -1
0 3.864470 67.791161 1.285097 0.076039 0.845378 -1
0 99.364601 67.791183 1.285101 0.549747 0.845378 -1
0 51.614548 67.791183 1.285099 0.312893 0.845378 -1
0 3.864450 66.416161 0.916667 0.053731 0.851753 -1
0 99.364571 66.416138 0.916671 0.527437 0.851753 -1
0 51.614506 66.416138 0.916669 0.290584 0.851753 -1
0 3.864454 65.041161 1.285097 0.031422 0.845378 -1
0 99.364594 65.041161 1.285101 0.505129 0.845378 -1
0 51.614510 65.041138 1.285099 0.268276 0.845378 -1
0 3.864468 64.034584 2.291667 0.015092 0.827959 -1
0 99.364578 64.034584 2.291671 0.488798 0.827959 -1
0 51.614498 64.034576 2.291669 0.251945 0.827959 -1
0 3.864458 63.666149 3.666667 0.009114 0.804165 -1
0 99.364594 63.666168 3.666671 0.482821 0.804165 -1
0 51.614513 63.666142 3.666669 0.245968 0.804165 -1
0 3.864468 64.034584 5.041667 0.015092 0.780370 -1
0 99.364578 64.034584 5.041671 0.488798 0.780370 -1
0 51.614498 64.034576 5.041669 0.251945 0.780370 -1
0 3.864454 65.041161 6.048236 0.031422 0.762951 -1
0 99.364594 65.041161 6.048240 0.505129 0.762951 -1
0 51.614510 65.041138 6.048238 0.268276 0.762951 -1
0 3.864450 66.416161 -3.666667 0.053731 0.931068 -1
0 3.864470 67.791161 -6.048236 0.076039 0.972282 -1
0 3.864450 66.416161 -6.416667 0.053731 0.978657 -1
0 99.364601 67.791183 -6.048232 0.549747 0.972282 -1
0 99.364571 66.416138 -3.666663 0.527437 0.931068 -1
0 99.364571 66.416138 -6.416663 0.527437 0.978657 -1
0 51.614548 67.791183 -6.048234 0.312893 0.972282 -1
0 51.614506 66.416138 -6.416665 0.290584 0.978657 -1
0 3.864452 68.797745 -5.041667 0.092370 0.954863 -1
0 99.364609 68.797737 -5.041663 0.566078 0.954863 -1
0 51.614536 68.797775 -5.041665 0.329224 0.954863 -1
0 3.864478 69.166153 -3.666667 0.098348 0.931068 -1
0 99.364578 69.166145 -3.666663 0.572054 0.931068 -1
0 51.614544 69.166183 -3.666665 0.335202 0.931068 -1
0 3.864452 68.797745 -2.291667 0.092370 0.907274 -1
0 99.364609 68.797737 -2.291663 0.566078 0.907274 -1
0 51.614536 68.797775 -2.291665 0.329224 0.907274 -1
0 3.864470 67.791161 -1.285097 0.076039 0.889855 -1
0 99.364601 67.791183 -1.285093 0.549747 0.889855 -1
0 51.614548 67.791183 -1.285095 0.312893 0.889855 -1
0 3.864450 66.416161 -0.916667 0.053731 0.883479 -1
0 99.364571 66.416138 -0.916663 0.527437 0.883479 -1
0 51.614506 66.416138 -0.916665 0.290584 0.883479 -1
0 3.864454 65.041161 -1.285097 0.031422 0.889855 -1
0 99.364594 65.041161 -1.285093 0.505129 0.889855 -1
0 51.614510 65.041138 -1.285095 0.268276 0.889855 -1
0 3.864468 64.034584 -2.291667 0.015092 0.907274 -1
0 99.364578 64.034584 -2.291663 0.488798 0.907274 -1
0 51.614498 64.034576 -2.291665 0.251945 0.907274 -1
0 3.864458 63.666149 -3.666667 0.009114 0.931068 -1
0 99.364594 63.666168 -3.666663 0.482821 0.931068 -1
0 51.614513 63.666142 -3.666665 0.245968 0.931068 -1
0 3.864468 64.034584 -5.041667 0.015092 0.954863 -1
0 99.364578 64.034584 -5.041663 0.488798 0.954863 -1
0 51.614498 64.034576 -5.041665 0.251945 0.954863 -1
0 3.864455 65.041161 -6.048236 0.031422 0.972282 -1
0 99.364594 65.041161 -6.048232 0.505129 0.972282 -1
0 51.614510 65.041138 -6.048234 0.268276 0.972282 -1
0 50.982773 69.813614 -7.550506 0.342572 0.998278 -1
0 46.463856 69.813606 -7.550506 0.320157 0.998278 -1
0 50.982773 69.813614 7.550510 0.342572 0.736954 -1
0 46.463856 69.813606 7.550510 0.320157 0.736954 -1
0 50.982758 63.018723 7.550510 0.232330 0.736954 -1
0 46.463844 63.018730 7.550510 0.209914 0.736954 -1
0 50.982758 63.018723 -7.550506 0.232330 0.998278 -1
0 46.463844 63.018730 -7.550506 0.209914 0.998278 -1
0 80.482834 69.813606 -7.550505 0.488900 0.998278 -1
0 75.963882 69.813622 -7.550505 0.466485 0.998278 -1
0 80.482834 69.813606 7.550511 0.488901 0.736954 -1
0 75.963882 69.813622 7.550511 0.466485 0.736954 -1
0 80.482796 63.018726 7.550511 0.378658 0.736954 -1
0 75.963890 63.018703 7.550511 0.356243 0.736954 -1
0 80.482796 63.018726 -7.550505 0.378658 0.998278 -1
0 75.963890 63.018703 -7.550505 0.356243 0.998278 -1
134
-1.000000 0.000006 0.000000
-1.000000 0.000004 0.000006
-1.000000 0.000000 -0.000000
1.000000 -0.000003 0.000000
1.000000 -0.000003 -0.000000
1.000000 -0.000018 -0.000003
-0.000000 -0.000002 1.000000
-0.000000 -0.000004 1.000000
-0.000000 0.499995 0.866028
-0.000000 0.499997 0.866027
-0.000000 -0.000005 1.000000
-0.000000 0.500000 0.866025
-1.000000 0.000002 -0.000002
1.000000 -0.000008 -0.000014
-0.000001 0.866027 0.499998
0.000000 0.866026 0.499998
0.000001 0.866029 0.499994
-1.000000 0.000010 -0.000000
1.000000 -0.000003 0.000000
0.000000 1.000000 0.000000
-0.000001 1.000000 0.000000
0.000001 1.000000 -0.000000
-1.000000 0.000002 0.000002
1.000000 -0.000008 0.000014
-0.000001 0.866027 -0.499997
0.000000 0.866026 -0.499998
0.000001 0.866029 -0.499994
-1.000000 0.000004 -0.000006
1.000000 -0.000018 0.000003
0.000000 0.499995 -0.866028
-0.000000 0.499997 -0.866027
0.000000 0.500000 -0.866026
-1.000000 0.000006 -0.000000
-0.000000 -0.000002 -1.000000
0.000000 -0.000004 -1.000000
0.000000 -0.000005 -1.000000
-1.000000 -0.000006 0.000002
1.000000 0.000007 0.000006
0.000000 -0.500001 -0.866025
-0.000000 -0.499999 -0.866026
0.000000 -0.500000 -0.866025
-1.000000 -0.000006 -0.000002
1.000000 0.000002 0.000001
-0.000000 -0.866025 -0.500001
0.000000 -0.866026 -0.500000
0.000000 -0.866026 -0.499998
-1.000000 -0.000003 0.000000
1.000000 0.000008 0.000000
0.000000 -1.000000 -0.000000
-0.000000 -1.000000 0.000000
0.000001 -1.000000 0.000000
-1.000000 -0.000006 0.000002
1.000000 0.000002 -0.000001
-0.000000 -0.866025 0.500001
-0.000000 -0.866026 0.500000
0.000000 -0.866026 0.499999
-1.000000 -0.000006 -0.000002
1.000000 0.000007 -0.000006
-0.000000 -0.500001 0.866025
-0.000000 -0.499999 0.866026
0.000000 -0.500000 0.866025
-1.000000 0.000000 -0.000000
-1.000000 0.000004 -0.000006
-1.000000 0.000006 0.000000
1.000000 -0.000018 0.000003
1.000000 -0.000003 0.000000
0.000000 0.499995 -0.866028
0.000000 -0.000004 -1.000000
-0.000000 -0.000002 -1.000000
-0.000000 0.499997 -0.866027
0.000000 -0.000005 -1.000000
0.000000 0.500000 -0.866025
-1.000000 0.000002 0.000002
1.000000 -0.000008 0.000014
-0.000001 0.866027 -0.499998
0.000000 0.866026 -0.499999
0.000001 0.866029 -0.499994
-1.000000 0.000010 -0.000000
1.000000 -0.000003 0.000000
0.000000 1.000000 0.000000
-0.000001 1.000000 0.000000
0.000001 1.000000 -0.000000
-1.000000 0.000002 -0.000003
1.000000 -0.000008 -0.000014
-0.000001 0.866027 0.499997
0.000000 0.866026 0.499998
0.000001 0.866029 0.499994
-1.000000 0.000004 0.000006
1.000000 -0.000018 -0.000003
-0.000000 0.499995 0.866028
-0.000000 0.499997 0.866027
-0.000000 0.500000 0.866025
-0.000000 -0.000002 1.000000
-0.000000 -0.000004 1.000000
-0.000000 -0.000005 1.000000
-1.000000 -0.000006 -0.000002
1.000000 0.000007 -0.000006
-0.000000 -0.500001 0.866025
-0.000000 -0.499999 0.866026
0.000000 -0.500000 0.866025
-1.000000 -0.000006 0.000002
1.000000 0.000002 -0.000001
-0.000000 -0.866025 0.500001
-0.000000 -0.866026 0.500000
0.000000 -0.866026 0.499998
-1.000000 -0.000003 0.000000
0.000000 -1.000000 -0.000000
-0.000000 -1.000000 0.000000
-1.000000 -0.000006 -0.000002
1.000000 0.000002 0.000001
-0.000000 -0.866025 -0.500001
0.000000 -0.866026 -0.500000
0.000000 -0.866026 -0.499999
-1.000000 -0.000006 0.000002
1.000000 0.000007 0.000006
0.000000 -0.500001 -0.866025
-0.000000 -0.499999 -0.866026
0.000000 -0.500000 -0.866025
-0.000002 1.000000 0.000000
-0.000000 0.000000 1.000000
-0.000000 0.000000 1.000000
-0.000000 0.000000 1.000000
-0.000002 -1.000000 0.000000
0.000000 -0.000000 -1.000000
0.000000 -0.000000 -1.000000
0.000000 0.000000 -1.000000
1.000000 -0.000002 0.000000
1.000000 -0.000002 0.000000
-1.000000 0.000002 0.000000
0.000003 1.000000 0.000000
0.000000 0.000000 1.000000
0.000005 -1.000000 0.000000
1.000000 -0.000006 0.000000
-1.000000 -0.000001 0.000000
168
0 0 1 2 0 1 2 2
0 3 4 5 3 4 5 2
0 0 6 7 6 7 8 1
0 0 7 1 6 8 9 1
0 6 3 7 7 10 8 1
0 3 5 7 10 11 8 1
0 1 8 2 1 12 2 2
0 5 4 9 5 4 13 2
0 1 7 8 9 8 14 1
0 7 10 8 8 15 14 1
0 7 5 9 8 11 16 1
0 7 9 10 8 16 15 1
0 8 11 2 12 17 2 2
0 9 4 12 13 4 18 2
0 8 10 13 14 15 19 1
0 8 13 11 14 19 20 1
0 10 9 13 15 16 19 1
0 9 12 13 16 21 19 1
0 11 14 2 17 22 2 2
0 12 4 15 18 4 23 2
0 11 13 14 20 19 24 1
0 13 16 14 19 25 24 1
0 13 12 15 19 21 26 1
0 13 15 16 19 26 25 1
0 14 17 2 22 27 2 2
0 15 4 18 23 4 28 2
0 14 16 19 24 25 29 1
0 14 19 17 24 29 30 1
0 16 15 19 25 26 29 1
0 15 18 19 26 31 29 1
0 17 20 2 27 32 2 2
0 18 4 21 28 4 3 2
0 17 19 20 30 29 33 1
0 19 22 20 29 34 33 1
0 19 18 21 29 31 35 1
0 19 21 22 29 35 34 1
0 20 23 2 32 36 2 2
0 21 4 24 3 4 37 2
0 20 22 25 33 34 38 1
0 20 25 23 33 38 39 1
0 22 21 25 34 35 38 1
0 21 24 25 35 40 38 1
0 23 26 2 36 41 2 2
0 24 4 27 37 4 42 2
0 23 25 26 39 38 43 1
0 25 28 26 38 44 43 1
0 25 24 27 38 40 45 1
0 25 27 28 38 45 44 1
0 26 29 2 41 46 2 2
0 27 4 30 42 4 47 2
0 26 28 31 43 44 48 1
0 26 31 29 43 48 49 1
0 28 27 31 44 45 48 1
0 27 30 31 45 50 48 1
0 29 32 2 46 51 2 2
0 30 4 33 47 4 52 2
0 29 31 32 49 48 53 1
0 31 34 32 48 54 53 1
0 31 30 33 48 50 55 1
0 31 33 34 48 55 54 1
0 32 35 2 51 56 2 2
0 33 4 36 52 4 57 2
0 32 34 37 53 54 58 1
0 32 37 35 53 58 59 1
0 34 33 37 54 55 58 1
0 33 36 37 55 60 58 1
0 35 0 2 56 0 2 2
0 36 4 3 57 4 3 2
0 35 37 0 59 58 6 1
0 37 6 0 58 7 6 1
0 37 36 3 58 60 10 1
0 37 3 6 58 10 7 1
0 38 39 40 61 62 63 2
0 41 42 43 64 65 3 2
0 44 45 40 66 67 68 1
0 39 44 40 69 66 68 1
0 44 43 45 66 70 67 1
0 44 41 43 66 71 70 1
0 38 46 39 61 72 62 2
0 47 42 41 73 65 64 2
0 46 44 39 74 66 69 1
0 46 48 44 74 75 66 1
0 47 41 44 76 71 66 1
0 48 47 44 75 76 66 1
0 38 49 46 61 77 72 2
0 50 42 47 78 65 73 2
0 51 48 46 79 75 74 1
0 49 51 46 80 79 74 1
0 51 47 48 79 76 75 1
0 51 50 47 79 81 76 1
0 38 52 49 61 82 77 2
0 53 42 50 83 65 78 2
0 52 51 49 84 79 80 1
0 52 54 51 84 85 79 1
0 53 50 51 86 81 79 1
0 54 53 51 85 86 79 1
0 38 55 52 61 87 82 2
0 56 42 53 88 65 83 2
0 57 54 52 89 85 84 1
0 55 57 52 90 89 84 1
0 57 53 54 89 86 85 1
0 57 56 53 89 91 86 1
0 38 58 55 61 63 87 2
0 59 42 56 3 65 88 2
0 58 57 55 92 89 90 1
0 58 60 57 92 93 89 1
0 59 56 57 94 91 89 1
0 60 59 57 93 94 89 1
0 38 61 58 61 95 63 2
0 62 42 59 96 65 3 2
0 63 60 58 97 93 92 1
0 61 63 58 98 97 92 1
0 63 59 60 97 94 93 1
0 63 62 59 97 99 94 1
0 38 64 61 61 100 95 2
0 65 42 62 101 65 96 2
0 64 63 61 102 97 98 1
0 64 66 63 102 103 97 1
0 65 62 63 104 99 97 1
0 66 65 63 103 104 97 1
0 38 67 64 61 105 100 2
0 68 42 65 47 65 101 2
0 69 66 64 106 103 102 1
0 67 69 64 107 106 102 1
0 69 65 66 106 104 103 1
0 69 68 65 106 50 104 1
0 38 70 67 61 108 105 2
0 71 42 68 109 65 47 2
0 70 69 67 110 106 107 1
0 70 72 69 110 111 106 1
0 71 68 69 112 50 106 1
0 72 71 69 111 112 106 1
0 38 73 70 61 113 108 2
0 74 42 71 114 65 109 2
0 75 72 70 115 111 110 1
0 73 75 70 116 115 110 1
0 75 71 72 115 112 111 1
0 75 74 71 115 117 112 1
0 38 40 73 61 63 113 2
0 43 42 74 3 65 114 2
0 40 75 73 68 115 116 1
0 40 45 75 68 67 115 1
0 43 74 75 70 117 115 1
0 45 43 75 67 70 115 1
0 76 77 78 118 118 118 1
0 77 79 78 118 118 118 1
0 78 79 80 119 120 120 2
0 79 81 80 120 121 120 2
0 80 81 82 122 122 122 1
0 81 83 82 122 122 122 1
0 82 83 76 123 124 124 2
0 83 77 76 124 125 124 2
0 82 76 80 126 127 127 3
0 76 78 80 127 127 127 3
0 77 83 79 128 128 128 3
0 83 81 79 128 128 128 3
0 84 85 86 129 129 129 1
0 85 87 86 129 129 129 1
0 86 87 88 130 130 130 2
0 87 89 88 130 130 130 2
0 88 89 90 131 131 131 1
0 89 91 90 131 131 131 1
0 90 91 84 125 125 125 2
0 91 85 84 125 125 125 2
0 90 84 88 132 132 132 3
0 84 86 88 132 132 132 3
0 85 91 87 133 133 133 3
0 91 89 87 133 133 133 3

Materials: 1
"Material01"
0.000000 0.000000 0.000000 1.000000
0.474510 0.474510 0.474510 1.000000
0.211765 0.211765 0.211765 1.000000
0.000000 0.000000 0.000000 1.000000
0.000000
1.000000
"E1Root.tga"
""

Bones: 0
GroupComments: 0
MaterialComments: 0
BoneComments: 0
ModelComment: 0
