// MilkShape 3D ASCII

Frames: 15
Frame: 1

Meshes: 1
"Body" 0 0
239
0 -99.448837 36.705704 -35.594257 0.494871 0.361533 0
0 -100.127411 32.455704 -35.594257 0.515159 0.361533 -1
0 -99.448837 36.705704 -17.797131 0.494871 0.276223 -1
0 -102.163124 19.705704 -35.594257 0.017555 0.288370 0
0 -102.163124 19.705704 -17.797131 0.023668 0.288370 -1
0 -111.484558 23.955704 -17.797132 0.023668 0.285919 -1
0 -99.468826 36.725708 35.614250 0.484971 0.100529 0
0 -100.147400 32.475708 35.614250 0.486457 0.135136 -1
0 -50.313828 36.720707 35.609249 0.377342 0.100570 -1
0 -102.183113 19.725708 35.614250 0.042016 0.288364 0
0 -50.920971 19.720707 35.609249 0.042014 0.301842 -1
0 -50.906883 0.970707 61.084335 0.050765 0.301846 0
0 97.131180 36.725708 35.614258 0.495432 0.361477 0
0 98.559753 32.475708 35.614258 0.515721 0.361477 -1
0 97.136177 36.720707 17.812130 0.495456 0.276142 -1
0 102.845467 19.725708 35.614258 0.042016 0.342271 0
0 102.850464 19.720707 17.812130 0.035900 0.342272 -1
0 120.421890 23.970707 17.812132 0.035900 0.346892 -1
0 97.131180 36.725708 -35.574249 0.049926 0.104398 0
0 98.559753 32.475708 -35.574249 0.046740 0.137823 -1
0 47.981178 36.725708 -35.574249 0.159566 0.104398 -1
0 102.845467 19.725708 -35.574249 0.017562 0.342271 0
0 51.588322 19.725708 -35.574249 0.017562 0.328794 -1
0 50.803539 0.975708 -62.045689 0.008469 0.328588 0
0 97.131180 36.725708 -35.574249 0.597464 0.073177 0
0 72.553680 36.728207 -35.571751 0.597478 0.158774 -1
0 97.133682 36.723206 -26.678186 0.647573 0.073168 -1
0 -99.488831 36.745705 -35.554256 0.597577 0.757956 0
0 -99.488831 36.745705 -26.655693 0.647700 0.757956 -1
0 -74.908829 49.740704 -26.660694 0.647671 0.672350 0
0 -102.203117 19.745705 -35.554256 0.017569 0.288359 0
0 -102.203117 19.745705 35.634251 0.042022 0.288359 0
0 102.865456 19.705704 35.594257 0.042009 0.342276 0
0 97.151169 36.705704 35.594257 0.998334 0.073107 0
0 97.148666 36.708206 26.698195 0.948226 0.073116 -1
0 72.571167 41.710709 26.700695 0.948240 0.158714 -1
0 -99.488831 36.745705 -35.554256 0.488531 0.104240 0
0 -74.908829 49.740704 -26.660694 0.433700 0.002037 0
0 -74.911331 36.743206 -35.556759 0.433705 0.104260 -1
0 -1.178824 36.735706 -35.564255 0.597520 0.415566 -1
0 -1.176326 36.733208 -26.668190 0.647629 0.415558 -1
0 23.401176 36.730705 -26.670689 0.647615 0.329960 -1
0 72.571167 36.710705 35.599258 0.998362 0.158714 -1
0 -99.488831 36.745705 35.634251 0.998560 0.757956 0
0 -74.908829 36.740704 35.629250 0.998532 0.672350 -1
0 -99.488831 36.745705 26.735687 0.948437 0.757956 -1
0 -99.488831 36.745705 0.039997 0.798069 0.757956 -1
0 -74.908829 49.740704 8.933561 0.848163 0.672350 -1
0 -74.908829 49.740704 0.034998 0.798040 0.672350 -1
0 97.141174 36.715706 0.010004 0.797900 0.073142 -1
0 97.138672 36.718208 -8.886060 0.747791 0.073151 -1
0 72.561172 41.720711 -8.883560 0.747805 0.158748 -1
0 23.398678 36.733208 -35.566753 0.597506 0.329969 -1
0 47.976177 36.730705 -35.569248 0.597492 0.244371 -1
0 47.978676 41.728210 -26.673187 0.647601 0.244363 -1
0 72.556183 41.725708 -26.675686 0.647587 0.158766 -1
0 -1.168831 36.725704 0.020000 0.797956 0.415531 -1
0 -25.748831 49.730705 -8.873564 0.747861 0.501138 -1
0 -25.748831 49.730705 0.024999 0.797984 0.501138 -1
0 -99.488831 36.745705 -8.858567 0.747946 0.757956 -1
0 -99.488831 36.745705 -17.757130 0.697823 0.757956 -1
0 -74.908829 49.740704 -8.863565 0.747918 0.672350 -1
0 -74.908829 49.740704 -17.762131 0.697794 0.672350 -1
0 23.411169 36.720703 8.913565 0.848050 0.329925 -1
0 23.408670 36.723206 0.017501 0.797942 0.329934 -1
0 72.563675 41.718208 0.012503 0.797914 0.158740 -1
0 97.143677 36.713203 8.906068 0.848008 0.073133 -1
0 97.146172 36.710705 17.802132 0.898117 0.073125 -1
0 72.566162 41.715714 8.908566 0.848022 0.158731 -1
0 72.568665 41.713211 17.804630 0.898131 0.158722 -1
0 -25.756325 36.738205 -35.561752 0.597534 0.501164 -1
0 -1.171329 36.728203 -8.876063 0.747847 0.415540 -1
0 -50.328831 49.735703 -17.767128 0.697766 0.586744 -1
0 -25.751329 49.733204 -17.769629 0.697752 0.501147 -1
0 -50.331329 49.738205 -26.663191 0.647657 0.586753 0
0 -1.173827 36.730705 -17.772127 0.697738 0.415549 -1
0 23.406172 36.725704 -8.878562 0.747833 0.329943 -1
0 23.403673 36.728207 -17.774626 0.697724 0.329951 -1
0 -1.168832 36.725704 35.614254 0.998447 0.415531 -1
0 23.411167 36.720703 35.609253 0.998419 0.329925 -1
0 -1.168832 36.725704 26.715691 0.948324 0.415531 -1
0 -1.168831 36.725704 8.918564 0.848079 0.415531 -1
0 47.991165 41.715714 17.807129 0.898145 0.244319 -1
0 23.411169 36.720703 17.812128 0.898174 0.329925 -1
0 47.991165 41.715714 26.705694 0.948268 0.244319 -1
0 -99.488831 36.745705 8.938560 0.848191 0.757956 -1
0 -1.168832 36.725704 35.614254 0.269736 0.100529 -1
0 -25.748833 49.730705 26.720690 0.323555 -0.005371 0
0 -25.748833 36.730705 35.619255 0.323555 0.100488 -1
0 -50.328831 36.735703 35.624249 0.377375 0.100447 -1
0 -50.328831 49.735703 26.725687 0.377375 -0.005411 0
0 -74.908829 49.740704 26.730686 0.431194 -0.005452 0
0 -25.748833 49.730705 26.720690 0.948353 0.501138 0
0 -50.328831 49.735703 17.827126 0.898258 0.586744 0
0 -25.748831 49.730705 17.822126 0.898230 0.501138 0
0 -50.328831 49.735703 8.928562 0.848135 0.586744 -1
0 97.136177 36.720707 -17.782124 0.697682 0.073159 -1
0 -50.333828 36.740707 -35.559258 0.378880 0.104280 -1
0 -50.331329 49.738205 -26.663191 0.378874 0.002057 0
0 47.981171 41.725708 -17.777124 0.697710 0.244354 -1
0 47.991169 36.715706 35.604259 0.998391 0.244319 -1
0 -99.488831 36.745705 17.837124 0.898314 0.757956 -1
0 -74.908829 49.740704 26.730686 0.948409 0.672350 0
0 -74.908829 36.740704 35.629250 0.431194 0.100407 -1
0 -99.488831 36.745705 26.735687 0.485015 0.100366 -1
0 -50.328831 49.735703 0.029998 0.798012 0.586744 -1
0 72.558685 41.723206 -17.779623 0.697696 0.158757 -1
0 -50.328831 49.735703 -8.868565 0.747889 0.586744 -1
0 47.986176 41.720703 0.015002 0.797928 0.244337 -1
0 47.988670 41.718208 8.911066 0.848036 0.244328 -1
0 -25.753826 49.735706 -26.665693 0.647643 0.501155 0
0 -25.753826 49.735706 -26.665693 0.324049 0.002076 0
0 -25.756325 36.738205 -35.561752 0.324054 0.104299 -1
0 -1.176326 36.733208 -26.668190 0.269223 0.104339 -1
0 47.983673 41.723206 -8.881062 0.747819 0.244345 -1
0 -1.168832 36.725704 17.817127 0.898202 0.415531 -1
0 23.411167 36.720703 26.710693 0.948296 0.329925 -1
0 -74.908829 49.740704 17.832123 0.898286 0.672350 0
0 -50.328831 49.735703 26.725687 0.948381 0.586744 0
0 -25.748831 49.730705 8.923563 0.848107 0.501138 -1
0 97.151169 36.705704 35.594257 0.054456 0.100692 0
0 47.996170 36.710705 35.599258 0.162085 0.100651 -1
0 45.991714 9.460705 61.067051 0.166474 0.322546 0
0 -102.183113 19.725708 35.614250 0.490914 0.238959 0
0 -50.906883 0.970707 61.084335 0.378640 0.391679 0
0 -101.504547 23.975708 35.614250 0.489428 0.204351 -1
0 -100.825974 28.225708 35.614250 0.487943 0.169744 -1
0 -50.247166 5.220707 61.084335 0.377196 0.357072 -1
0 -49.587440 9.470707 61.084335 0.375751 0.322464 0
0 98.579742 32.455704 35.594257 0.051328 0.135299 -1
0 102.865456 19.705704 35.594257 0.041944 0.239121 0
0 101.436890 23.955704 35.594257 0.045072 0.204514 -1
0 51.603313 19.710705 35.599258 0.154187 0.239081 -1
0 0.341170 19.715706 35.604256 0.042012 0.315320 -1
0 48.769497 0.960705 61.067051 0.050759 0.328053 0
0 -1.068693 0.965706 61.075695 0.050762 0.314949 -1
0 -1.158830 36.715706 35.604256 0.269714 0.100610 -1
0 -2.457582 5.215706 61.075695 0.272557 0.357112 -1
0 -1.068693 0.965706 61.075695 0.269516 0.391720 -1
0 -1.797859 9.465706 61.075695 0.271113 0.322505 0
0 100.008316 28.205704 35.594257 0.048200 0.169907 -1
0 47.380608 5.210705 61.067051 0.163433 0.357153 -1
0 51.603313 19.710705 35.599258 0.042010 0.328798 -1
0 48.769497 0.960705 61.067051 0.160392 0.391761 0
0 101.436890 23.955704 35.594257 0.042009 0.341900 -1
0 -99.468826 36.725708 -35.574257 0.488486 0.104398 0
0 -50.318825 36.725708 -35.574257 0.378846 0.104398 -1
0 -47.543678 9.475708 -62.045696 0.372656 0.318715 0
0 102.845467 19.725708 -35.574249 0.037179 0.238100 0
0 50.803539 0.975708 -62.045689 0.153270 0.385566 0
0 101.416901 23.975708 -35.574249 0.040366 0.204675 -1
0 99.988327 28.225708 -35.574249 0.043553 0.171249 -1
0 49.414654 5.225708 -62.045689 0.156369 0.352141 0
0 48.025764 9.475708 -62.045689 0.159467 0.318715 0
0 -100.147400 32.475708 -35.574257 0.490000 0.137823 -1
0 -102.183113 19.725708 -35.574257 0.494541 0.238100 0
0 -101.504547 23.975708 -35.574257 0.493027 0.204675 -1
0 -50.925968 19.725708 -35.574257 0.380201 0.238100 -1
0 0.331178 19.725708 -35.574253 0.017562 0.315318 -1
0 -48.863125 0.975708 -62.045696 0.008469 0.302383 0
0 0.970207 0.975708 -62.045692 0.008469 0.315486 -1
0 -1.168822 36.725708 -35.574253 0.269206 0.104398 -1
0 1.629930 5.225708 -62.045692 0.262963 0.352141 0
0 0.970207 0.975708 -62.045692 0.264435 0.385566 -1
0 0.241041 9.475708 -62.045692 0.266062 0.318715 0
0 -100.825974 28.225708 -35.574257 0.491514 0.171249 -1
0 -48.203400 5.225708 -62.045696 0.374127 0.352141 0
0 -50.925968 19.725708 -35.574257 0.017562 0.301841 -1
0 -48.863125 0.975708 -62.045696 0.375599 0.385566 0
0 -101.504547 23.975708 -35.574257 0.017562 0.288543 -1
0 -99.448837 36.705704 35.594250 0.998334 0.757817 0
0 -99.448837 36.705704 17.797123 0.898089 0.757817 -1
0 -110.127411 32.455704 17.797121 0.898089 0.795008 -1
0 -102.163124 19.705704 -35.594257 0.576025 0.361533 0
0 -111.484558 23.955704 -17.797132 0.555737 0.276223 -1
0 -101.484558 23.955704 -35.594257 0.555737 0.361533 -1
0 -100.805984 28.205704 -35.594257 0.535448 0.361533 -1
0 -110.805984 28.205704 -17.797132 0.535448 0.276223 -1
0 -110.127411 32.455704 -17.797132 0.515159 0.276223 -1
0 -99.448837 36.705704 35.594250 0.494871 0.020290 0
0 -110.127411 32.455704 17.797121 0.515159 0.105601 -1
0 -100.127411 32.455704 35.594250 0.515159 0.020290 -1
0 -102.163124 19.705704 35.594250 0.576025 0.020290 0
0 -101.484558 23.955704 35.594250 0.555737 0.020290 -1
0 -102.163124 19.705704 17.797123 0.576025 0.105601 -1
0 -102.163124 19.705704 -0.000004 0.029782 0.288370 -1
0 -111.484558 23.955704 17.797121 0.035895 0.285919 -1
0 -111.484558 23.955704 -0.000005 0.029782 0.285919 -1
0 -99.448837 36.705704 -0.000004 0.797843 0.757817 -1
0 -99.448837 36.705704 -17.797131 0.697597 0.757817 -1
0 -110.127411 32.455704 -17.797132 0.697597 0.795008 -1
0 -100.127411 32.455704 -35.594257 0.597351 0.760180 -1
0 -110.805984 28.205704 -0.000005 0.535448 0.190912 -1
0 -111.484558 23.955704 -0.000005 0.555737 0.190912 -1
0 -110.127411 32.455704 -0.000005 0.515159 0.190912 -1
0 -110.127411 32.455704 -0.000005 0.797843 0.795008 -1
0 -100.805984 28.205704 35.594250 0.535448 0.020290 -1
0 -110.805984 28.205704 17.797121 0.535448 0.105601 -1
0 -102.163124 19.705704 17.797123 0.035895 0.288370 -1
0 -111.484558 23.955704 17.797121 0.555737 0.105601 -1
0 -101.484558 23.955704 35.594250 0.042009 0.288548 -1
0 97.151169 36.705704 -35.594250 0.597351 0.073107 0
0 97.146172 36.710705 -17.792122 0.697626 0.073125 -1
0 117.574745 32.460705 -17.792120 0.697626 0.001977 -1
0 102.845467 19.725708 35.614258 0.041987 0.238959 0
0 120.421890 23.970707 17.812132 0.003502 0.204392 -1
0 101.416901 23.975708 35.614258 0.045115 0.204351 -1
0 99.988327 28.225708 35.614258 0.048243 0.169744 -1
0 118.993324 28.220707 17.812132 0.006630 0.169785 -1
0 117.564751 32.470707 17.812132 0.009758 0.135177 -1
0 97.151169 36.705704 -35.594250 0.049882 0.104555 0
0 117.574745 32.460705 -17.792120 0.004322 0.137941 -1
0 98.579742 32.455704 -35.594250 0.046695 0.137981 -1
0 102.865456 19.705704 -35.594250 0.576682 0.020138 0
0 101.436890 23.955704 -35.594250 0.556394 0.020138 -1
0 102.860458 19.710705 -17.792122 0.576659 0.105473 -1
0 102.855461 19.715706 0.010005 0.029785 0.342273 -1
0 120.431885 23.960705 -17.792120 0.023670 0.346894 -1
0 120.426895 23.965706 0.010005 0.029785 0.346893 -1
0 97.136177 36.720707 17.812130 0.898174 0.073159 -1
0 117.564751 32.470707 17.812132 0.898174 0.002012 -1
0 98.559753 32.475708 35.614258 0.051371 0.135136 -1
0 98.559753 32.475708 35.614258 0.998447 0.068201 -1
0 118.998322 28.215706 0.010005 0.536057 0.190807 -1
0 120.421890 23.970707 17.812132 0.556322 0.276142 -1
0 120.426895 23.965706 0.010005 0.556346 0.190807 -1
0 117.574745 32.460705 -17.792120 0.515793 0.105473 -1
0 117.569748 32.465706 0.010005 0.515769 0.190807 -1
0 117.569748 32.465706 0.010005 0.797900 0.001994 -1
0 118.993324 28.220707 17.812132 0.536034 0.276142 -1
0 117.564751 32.470707 17.812132 0.515745 0.276142 -1
0 100.008316 28.205704 -35.594250 0.043508 0.171406 -1
0 119.003319 28.210705 -17.792120 0.001136 0.171367 -1
0 119.003319 28.210705 -17.792120 0.536081 0.105473 -1
0 102.860458 19.710705 -17.792122 0.023670 0.342275 -1
0 120.431885 23.960705 -17.792120 -0.002051 0.204793 -1
0 101.436890 23.955704 -35.594250 0.040322 0.204832 -1
0 101.436890 23.955704 -35.594250 0.017555 0.341900 -1
0 120.431885 23.960705 -17.792120 0.556370 0.105473 -1
200
-0.987492 0.157667 0.000000
-0.955986 0.152637 -0.250584
-0.414853 -0.909888 0.000000
-0.414853 -0.909888 0.000000
0.000102 -0.000016 1.000000
-0.173390 0.269338 0.947308
-0.020501 0.484694 0.874443
-0.000136 -0.805375 -0.592766
-0.000152 -0.805360 -0.592786
-0.000160 -0.805375 -0.592766
0.947884 0.318617 0.000177
0.235091 -0.971973 0.000339
0.235091 -0.971973 0.000339
0.235091 -0.971973 0.000339
0.000000 0.000000 -1.000000
0.167987 0.299035 -0.939339
0.020845 0.496564 -0.867750
-0.000102 -0.979598 0.200970
-0.000000 -0.816033 0.578005
-0.000000 -0.816033 0.578005
0.000102 1.000000 0.000281
0.060212 0.940395 -0.334711
0.128904 0.977673 -0.165951
-0.467384 0.884055 0.000000
-0.467384 0.884055 0.000000
-0.240701 0.970599 0.000072
-0.000098 -1.000000 0.000000
-0.000146 -1.000000 -0.000141
-0.000195 -1.000000 -0.000281
0.103709 0.961503 0.254473
0.199450 0.979908 0.000219
0.068914 0.983201 0.169015
-0.000027 0.564815 -0.825217
-0.000027 0.564815 -0.825217
-0.000026 0.564815 -0.825217
0.000102 1.000000 0.000281
0.095395 0.995439 0.000253
-0.100082 0.994979 0.000308
0.000277 0.871803 0.489857
0.000203 1.000000 0.000000
-0.240676 0.970605 0.000000
0.201566 0.979475 0.000001
0.199450 0.979908 0.000219
0.100281 0.994959 0.000251
-0.068655 0.983280 -0.168660
0.000039 0.871849 -0.489775
-0.068655 0.983280 -0.168660
0.099279 0.962406 -0.252822
0.240989 0.970528 0.000117
0.241000 0.970525 0.000088
0.241028 0.970518 0.000000
-0.100029 0.994985 0.000158
-0.100082 0.994979 0.000308
0.100280 0.994959 0.000251
0.199451 0.979908 0.000219
0.199451 0.979908 0.000219
0.100281 0.994959 0.000251
0.100281 0.994959 0.000251
0.000102 1.000000 0.000281
0.240961 0.970535 0.000205
0.000153 1.000000 0.000141
0.240961 0.970535 0.000205
0.000102 1.000000 0.000281
0.240961 0.970535 0.000205
-0.100082 0.994979 0.000308
-0.100082 0.994979 0.000308
0.241028 0.970518 0.000000
0.000203 1.000000 0.000000
0.241028 0.970518 0.000000
0.241028 0.970518 0.000000
-0.100026 0.994985 0.000149
-0.099973 0.994990 -0.000000
-0.098953 0.962397 0.252983
0.000283 0.564849 0.825194
0.000283 0.564849 0.825194
0.000283 0.564849 0.825194
0.000283 0.564849 0.825194
0.000283 0.564849 0.825194
-0.096039 0.562238 0.821380
0.241028 0.970518 0.000000
0.000203 1.000000 0.000000
0.241028 0.970518 0.000000
0.000203 1.000000 0.000000
0.199450 0.979908 0.000219
-0.000026 0.564815 -0.825217
-0.000026 0.564815 -0.825217
-0.100082 0.994979 0.000308
-0.059885 0.940365 0.334853
-0.319879 0.947458 0.000000
-0.144373 0.558932 0.816549
-0.285992 0.541257 0.790727
0.100281 0.994959 0.000251
0.000203 1.000000 0.000000
-0.100082 0.994979 0.000307
-0.100082 0.994979 0.000307
0.320152 0.947366 0.000177
0.096285 0.562178 -0.821392
0.144612 0.558859 -0.816556
0.286210 0.541150 -0.790722
-0.100082 0.994979 0.000308
0.241028 0.970518 0.000000
-0.063488 0.994594 0.082171
0.241028 0.970518 0.000000
0.205923 0.433548 0.877286
0.000164 0.682824 0.730583
0.138506 0.290390 0.946831
-0.423880 0.067678 0.903187
-0.217363 0.034244 0.975490
-0.424154 0.067094 0.903101
-0.424275 0.067114 0.903043
-0.217467 0.034078 0.975473
-0.163969 0.394500 0.904148
0.386131 0.128587 0.913438
0.000098 0.000033 1.000000
0.197014 0.066223 0.978161
-0.000152 -0.805315 -0.592847
0.022801 -0.806309 -0.591055
-0.000168 -0.805345 -0.592807
0.000164 0.682881 0.730530
0.000177 0.000014 1.000000
0.000173 0.000057 1.000000
0.000196 0.367025 0.930211
0.385919 0.128517 0.913537
0.197659 0.065208 0.978100
0.034296 -0.806638 -0.590050
0.262551 0.087024 0.960986
0.068686 -0.807025 -0.586509
-0.230661 0.415292 -0.879959
0.000000 0.696786 -0.717279
-0.153881 0.276511 -0.948611
0.409244 0.137561 -0.901996
0.210202 0.069673 -0.975172
0.409801 0.136470 -0.901908
0.410028 0.136546 -0.901794
0.210409 0.069414 -0.975146
0.158164 0.424836 -0.891347
-0.424856 0.067206 -0.902763
-0.217564 0.034737 -0.975428
-0.000000 -0.816033 0.578005
-0.022885 -0.816660 0.576665
-0.000000 -0.816033 0.578005
0.000000 0.696786 -0.717279
0.000000 0.000000 -1.000000
0.000000 -0.000000 -1.000000
0.000000 0.375979 -0.926628
-0.424740 0.067187 -0.902819
-0.217888 0.034144 -0.975376
-0.034330 -0.816812 0.575881
-0.289547 0.045588 -0.956078
-0.068619 -0.816624 0.573076
-0.369783 0.929118 0.000000
-0.863478 0.137865 -0.485179
-0.955986 0.152637 -0.250584
-0.863478 0.137866 -0.485179
-0.863478 0.137867 -0.485179
-0.955986 0.152637 -0.250584
-0.931176 0.148676 -0.332876
-0.863478 0.137867 0.485178
-0.955986 0.152637 0.250584
-0.863478 0.137867 0.485178
-0.987493 0.157666 0.000000
-0.955986 0.152636 0.250584
-0.413650 -0.907249 0.076115
-0.367845 0.924248 -0.102252
-0.368924 0.926960 -0.068128
-0.362050 0.909690 -0.203432
-0.955986 0.152637 0.250584
-0.412136 -0.903930 0.114256
-0.931176 0.148676 0.332875
-0.404022 -0.886132 0.227015
0.203681 0.979037 -0.000218
0.203681 0.979037 -0.000218
0.203681 0.979037 -0.000218
0.666299 0.223965 0.711257
0.666299 0.223965 0.711257
0.666298 0.223966 0.711256
0.666298 0.223966 0.711257
0.666298 0.223966 0.711256
0.666416 0.224006 -0.711134
0.947884 0.318615 0.000177
0.235091 -0.971973 0.000339
0.234312 -0.968753 -0.081338
0.235091 -0.971973 0.000339
0.202520 0.973458 0.106612
0.203167 0.976570 0.070956
0.199041 0.956736 0.212222
0.947884 0.318617 0.000177
0.947884 0.318616 0.000177
0.947884 0.318616 0.000177
0.947884 0.318617 0.000177
0.947884 0.318617 0.000177
0.203681 0.979037 -0.000218
0.666416 0.224005 -0.711134
0.666416 0.224005 -0.711134
0.947884 0.318616 0.000176
0.233327 -0.964679 -0.122282
0.666416 0.224005 -0.711134
0.666416 0.224006 -0.711134
0.228041 -0.942826 -0.243057
0.947884 0.318615 0.000176
258
0 0 1 2 0 1 0 1
0 3 4 5 2 3 2 1
0 6 7 8 4 5 6 1
0 9 10 11 7 8 9 1
0 12 13 14 10 10 10 1
0 15 16 17 11 12 13 1
0 18 19 20 14 15 16 1
0 21 22 23 17 18 19 1
0 24 25 26 20 21 22 1
0 27 28 29 23 24 25 1
0 30 21 31 26 17 27 1
0 21 32 31 17 28 27 1
0 33 34 35 29 30 31 1
0 36 37 38 32 33 34 1
0 39 40 41 35 36 37 1
0 33 35 42 29 31 38 1
0 43 44 45 39 39 40 1
0 46 47 48 24 40 40 1
0 49 50 51 41 42 43 1
0 39 41 52 35 37 44 1
0 53 54 55 45 46 47 1
0 56 57 58 48 49 50 1
0 46 48 59 24 40 24 1
0 60 61 62 24 40 40 1
0 56 63 64 48 51 52 1
0 49 65 66 41 53 54 1
0 67 68 69 55 56 57 1
0 39 70 40 35 58 36 1
0 56 71 57 48 59 49 1
0 72 73 74 60 61 62 1
0 49 51 65 41 43 53 1
0 56 64 71 48 52 59 1
0 75 76 77 63 64 65 1
0 78 79 80 66 67 68 1
0 56 81 63 48 69 51 1
0 82 83 84 70 71 72 1
0 46 85 47 24 24 40 1
0 86 87 88 73 74 75 1
0 89 90 91 76 77 78 1
0 56 58 81 48 50 69 1
0 78 80 92 66 68 79 1
0 93 94 95 80 81 82 1
0 96 26 55 83 22 47 1
0 53 55 25 45 47 21 1
0 25 55 26 21 47 22 1
0 72 29 62 60 25 40 1
0 60 62 28 24 40 24 1
0 28 62 29 24 40 25 1
0 82 35 69 70 31 57 1
0 67 69 34 55 57 30 1
0 34 69 35 30 57 31 1
0 97 38 98 84 34 85 1
0 72 74 29 60 62 25 1
0 37 98 38 33 85 34 1
0 99 41 77 86 37 65 1
0 75 77 40 63 65 36 1
0 40 77 41 36 65 37 1
0 100 42 84 87 38 72 1
0 82 84 35 70 72 31 1
0 35 84 42 31 72 38 1
0 101 45 102 24 40 88 1
0 89 91 103 76 78 89 1
0 103 91 104 89 78 90 1
0 105 48 95 82 40 82 1
0 93 95 47 80 82 40 1
0 47 95 48 40 82 40 1
0 99 51 106 86 43 91 1
0 96 106 50 83 91 42 1
0 50 106 51 42 91 43 1
0 53 52 54 45 44 46 1
0 99 54 41 86 46 37 1
0 41 54 52 37 46 44 1
0 96 55 106 83 47 91 1
0 99 106 54 86 91 46 1
0 54 106 55 46 91 47 1
0 105 58 107 82 50 92 1
0 72 107 57 60 92 49 1
0 57 107 58 49 92 50 1
0 60 59 61 24 24 40 1
0 105 61 48 82 40 40 1
0 48 61 59 40 40 24 1
0 72 62 107 60 40 92 1
0 105 107 61 82 92 40 1
0 61 107 62 40 92 40 1
0 108 64 109 93 52 94 1
0 82 109 63 70 94 51 1
0 63 109 64 51 94 52 1
0 67 66 68 55 54 56 1
0 108 68 65 93 56 53 1
0 65 68 66 53 56 54 1
0 82 69 109 70 57 94 1
0 108 109 68 93 94 56 1
0 68 109 69 56 94 57 1
0 75 40 110 63 36 95 1
0 97 111 112 84 96 97 1
0 112 111 113 97 96 98 1
0 72 57 73 60 49 61 1
0 75 73 71 63 61 59 1
0 71 73 57 59 61 49 1
0 97 98 111 84 85 96 1
0 75 110 73 63 95 61 1
0 73 110 74 61 95 62 1
0 108 65 114 93 53 99 1
0 99 114 51 86 99 43 1
0 51 114 65 43 99 53 1
0 75 71 76 63 59 64 1
0 108 76 64 93 64 52 1
0 64 76 71 52 64 59 1
0 99 77 114 86 65 99 1
0 108 114 76 93 99 64 1
0 76 114 77 64 99 65 1
0 115 80 116 100 68 101 1
0 100 116 79 87 101 67 1
0 79 116 80 67 101 68 1
0 82 63 83 70 51 71 1
0 115 83 81 100 71 69 1
0 81 83 63 69 71 51 1
0 100 84 116 87 72 101 1
0 115 116 83 100 101 71 1
0 83 116 84 71 101 72 1
0 93 47 117 80 40 40 1
0 101 117 85 24 40 24 1
0 85 117 47 24 40 40 1
0 89 88 90 76 75 77 1
0 93 118 92 80 67 79 1
0 87 90 88 74 77 75 1
0 101 102 117 24 88 40 1
0 93 117 118 80 40 67 1
0 118 117 102 67 40 88 1
0 115 81 119 100 69 102 1
0 105 119 58 82 102 50 1
0 58 119 81 50 102 69 1
0 93 92 94 80 79 81 1
0 115 94 80 100 81 68 1
0 80 94 92 68 81 79 1
0 105 95 119 82 82 102 1
0 115 119 94 100 102 81 1
0 94 119 95 81 102 82 1
0 120 121 122 103 104 105 1
0 123 124 125 106 107 108 1
0 126 127 128 109 110 111 1
0 120 122 129 103 105 112 1
0 130 131 132 113 114 113 1
0 133 134 135 115 116 117 1
0 136 8 128 118 6 111 1
0 126 128 7 109 111 5 1
0 7 128 8 5 111 6 1
0 137 124 138 119 107 120 1
0 133 135 10 115 117 8 1
0 10 135 11 8 117 9 1
0 137 122 139 119 105 121 1
0 136 139 121 118 121 104 1
0 121 139 122 104 121 105 1
0 126 125 127 109 108 110 1
0 137 127 124 119 110 107 1
0 124 127 125 107 110 108 1
0 136 128 139 118 111 121 1
0 137 139 127 119 121 110 1
0 127 139 128 110 121 111 1
0 140 129 141 122 112 123 1
0 137 141 122 119 123 105 1
0 122 141 129 105 123 112 1
0 133 142 134 115 124 116 1
0 140 143 131 122 125 114 1
0 144 134 142 126 116 124 1
0 137 138 141 119 120 123 1
0 140 141 143 122 123 125 1
0 143 141 138 125 123 120 1
0 145 146 147 127 128 129 1
0 148 149 150 130 131 132 1
0 151 152 153 133 134 135 1
0 145 147 154 127 129 136 1
0 155 156 157 14 137 14 1
0 158 159 160 138 139 140 1
0 161 20 153 141 16 135 1
0 151 153 19 133 135 15 1
0 19 153 20 15 135 16 1
0 162 149 163 142 131 143 1
0 158 160 22 138 140 18 1
0 22 160 23 18 140 19 1
0 162 147 164 142 129 144 1
0 161 164 146 141 144 128 1
0 146 164 147 128 144 129 1
0 151 150 152 133 132 134 1
0 162 152 149 142 134 131 1
0 149 152 150 131 134 132 1
0 161 153 164 141 135 144 1
0 162 164 152 142 144 134 1
0 152 164 153 134 144 135 1
0 165 154 166 145 136 146 1
0 162 166 147 142 146 129 1
0 147 166 154 129 146 136 1
0 158 167 159 138 147 139 1
0 165 168 156 145 148 137 1
0 169 159 167 149 139 147 1
0 162 163 166 142 143 146 1
0 165 166 168 145 146 148 1
0 168 166 163 148 146 143 1
0 170 171 172 150 150 150 1
0 173 174 175 151 152 153 1
0 176 177 178 154 155 156 1
0 179 180 181 157 158 159 1
0 182 183 184 160 161 160 1
0 185 186 187 3 162 3 1
0 188 189 190 150 163 164 1
0 176 178 1 154 156 1 1
0 191 190 189 165 164 163 1
0 192 174 193 0 152 0 1
0 185 187 4 3 3 3 1
0 4 187 5 3 3 2 1
0 192 180 194 0 158 0 1
0 188 195 171 150 150 150 1
0 171 195 172 150 150 150 1
0 176 175 177 154 153 155 1
0 192 177 174 0 155 152 1
0 174 177 175 152 155 153 1
0 188 190 195 150 164 150 1
0 192 194 177 0 0 155 1
0 177 194 178 155 0 156 1
0 196 181 197 159 159 166 1
0 192 197 180 0 166 158 1
0 180 197 181 158 166 159 1
0 185 198 186 3 167 162 1
0 196 199 183 159 168 161 1
0 200 186 198 169 162 167 1
0 192 193 197 0 0 166 1
0 196 197 199 159 166 168 1
0 199 197 193 168 166 0 1
0 201 202 203 170 171 172 1
0 204 205 206 173 173 174 1
0 207 208 209 175 176 177 1
0 210 211 212 178 178 178 1
0 213 214 215 179 179 179 1
0 216 217 218 180 181 182 1
0 49 219 220 41 183 184 1
0 207 209 221 175 177 177 1
0 222 220 219 185 184 183 1
0 223 224 225 186 187 188 1
0 216 218 16 180 182 12 1
0 16 218 17 12 182 13 1
0 223 226 227 186 189 190 1
0 49 228 202 41 191 171 1
0 202 228 203 171 191 172 1
0 207 206 208 175 174 176 1
0 223 229 224 186 188 187 1
0 205 208 206 173 176 174 1
0 49 220 228 41 184 191 1
0 223 227 229 186 190 188 1
0 229 227 230 188 190 189 1
0 231 212 232 192 178 193 1
0 223 233 226 186 194 189 1
0 211 232 212 178 193 178 1
0 216 234 217 180 195 181 1
0 231 235 236 192 196 197 1
0 237 217 234 198 181 195 1
0 223 225 233 186 188 194 1
0 231 232 235 192 193 196 1
0 238 233 225 199 194 188 1

Materials: 1
"Material01"
0.000000 0.000000 0.000000 1.000000
0.470588 0.470588 0.470588 1.000000
0.207843 0.207843 0.207843 1.000000
0.000000 0.000000 0.000000 1.000000
0.000000
1.000000
"E1Root.tga"
""

Bones: 1
"Com"
""
8 0.000000 0.000000 0.000000 -0.000000 -1.570796 0.000000
0
0
GroupComments: 0
MaterialComments: 0
BoneComments: 0
ModelComment: 0
