// MilkShape 3D ASCII

Frames: 15
Frame: 1

Meshes: 1
"Create Face" 0 -1
12
32 -48.526337 0.000000 -60.480682 0.000000 0.000000 -1
32 48.473663 0.000000 -60.480682 0.000000 0.000000 -1
32 101.473663 0.000000 -37.480682 0.000000 0.000000 -1
32 -99.526337 0.000000 -35.480682 0.000000 0.000000 -1
32 -111.526337 0.000000 -17.480680 0.000000 0.000000 -1
32 120.473663 0.000000 -16.480680 0.000000 0.000000 -1
32 -112.526337 0.000000 17.519320 0.000000 0.000000 -1
32 118.473663 0.000000 19.519320 0.000000 0.000000 -1
32 -101.526337 0.000000 37.519318 0.000000 0.000000 -1
33 101.473663 0.000000 36.519318 0.000000 0.000000 -1
33 -49.526337 0.000000 59.519318 0.000000 0.000000 -1
33 48.473663 0.000000 63.519318 0.000000 0.000000 -1
1
0.000000 -1.000000 0.000000
10
0 0 1 2 0 0 0 1
0 0 2 3 0 0 0 1
0 2 4 3 0 0 0 1
0 2 5 4 0 0 0 1
0 5 6 4 0 0 0 1
0 5 7 6 0 0 0 1
0 7 8 6 0 0 0 1
0 7 9 8 0 0 0 1
0 9 10 8 0 0 0 1
1 9 11 10 0 0 0 1

Materials: 0

Bones: 0
GroupComments: 0
MaterialComments: 0
BoneComments: 0
ModelComment: 0
