// MilkShape 3D ASCII

Frames: 30
Frame: 1

Meshes: 1
"Create Face" 0 -1
16
32 -52.609386 0.000000 -53.000000 0.000000 0.000000 -1
32 -38.609386 0.000000 -92.000000 0.000000 0.000000 -1
32 1.390614 0.000000 -73.000000 0.000000 0.000000 -1
32 39.390614 0.000000 -89.000000 0.000000 0.000000 -1
32 51.390614 0.000000 -51.000000 0.000000 0.000000 -1
32 91.390610 0.000000 -35.000000 0.000000 0.000000 -1
32 72.390610 0.000000 0.000000 0.000000 0.000000 -1
32 89.390610 0.000000 37.000000 0.000000 0.000000 -1
32 51.390614 0.000000 52.000000 0.000000 0.000000 -1
32 36.390614 0.000000 90.000000 0.000000 0.000000 -1
32 -1.609386 0.000000 73.000000 0.000000 0.000000 -1
32 -38.609386 0.000000 88.000000 0.000000 0.000000 -1
32 -48.609386 0.000000 53.000000 0.000000 0.000000 -1
32 -93.609390 0.000000 37.000000 0.000000 0.000000 -1
32 -71.609390 0.000000 -2.000000 0.000000 0.000000 -1
32 -91.609390 0.000000 -42.000000 0.000000 0.000000 -1
1
0.000000 -1.000000 0.000000
14
0 0 1 2 0 0 0 1
0 3 4 2 0 0 0 1
0 4 5 6 0 0 0 1
0 6 7 8 0 0 0 1
0 8 9 10 0 0 0 1
0 10 11 12 0 0 0 1
0 12 13 14 0 0 0 1
0 14 15 0 0 0 0 1
0 4 0 2 0 0 0 1
0 4 14 0 0 0 0 1
0 6 12 14 0 0 0 1
0 6 10 12 0 0 0 1
0 6 8 10 0 0 0 1
0 4 6 14 0 0 0 1

Materials: 0

Bones: 0
GroupComments: 0
MaterialComments: 0
BoneComments: 0
ModelComment: 0
