// MilkShape 3D ASCII

Frames: 40
Frame: 1

Meshes: 2
"Body" 0 0
82
0 -24.929876 53.553864 48.000000 1.000000 0.685585 -1
0 -47.591888 72.569534 44.346210 0.961940 0.846369 -1
0 -24.929874 53.553864 -0.000001 0.500000 0.685585 -1
0 -6.931826 75.003105 48.000000 1.000000 0.557892 -1
0 -6.931824 75.003105 -0.000000 0.500000 0.557892 -1
0 -29.593817 94.018768 44.346214 0.961940 0.718675 -1
0 -20.430353 58.916168 48.000000 1.000000 0.653662 -1
0 -43.092354 77.931839 44.346214 0.961940 0.814446 -1
0 -15.930845 64.278488 48.000000 1.000000 0.621739 -1
0 -38.592857 83.294167 44.346214 0.961940 0.782522 -1
0 -11.431337 69.640800 48.000000 1.000000 0.589815 -1
0 -34.093330 88.656464 44.346214 0.961940 0.750599 -1
0 -66.803787 88.690239 33.941120 0.853553 0.982675 -1
0 -48.805714 110.139488 33.941120 0.853553 0.854981 -1
0 -62.304264 94.052559 33.941120 0.853553 0.950752 -1
0 -57.804752 99.414871 33.941120 0.853553 0.918828 -1
0 -53.305256 104.777184 33.941120 0.853553 0.886905 -1
0 -69.245697 90.739258 18.368801 0.691342 1.000000 -1
0 -51.247654 112.188515 18.368803 0.691342 0.872306 -1
0 -64.746170 96.101578 18.368803 0.691342 0.968076 -1
0 -60.246677 101.463882 18.368803 0.691342 0.936153 -1
0 -55.747150 106.826202 18.368803 0.691342 0.904230 -1
0 -68.100250 89.778122 -0.000003 0.500000 0.991873 -1
0 -50.102200 111.227371 -0.000002 0.500000 0.864180 -1
0 -63.600765 95.140442 -0.000003 0.500000 0.959950 -1
0 -59.101254 100.502747 -0.000003 0.500000 0.928027 -1
0 -54.601742 105.865067 -0.000002 0.500000 0.896103 -1
0 -69.245697 90.739258 -18.368809 0.308658 1.000000 -1
0 -51.247654 112.188515 -18.368807 0.308658 0.872306 -1
0 -64.746170 96.101578 -18.368807 0.308658 0.968076 -1
0 -60.246677 101.463882 -18.368807 0.308658 0.936153 -1
0 -55.747150 106.826202 -18.368807 0.308658 0.904230 -1
0 -66.803787 88.690239 -33.941128 0.146447 0.982675 -1
0 -48.805714 110.139488 -33.941128 0.146447 0.854981 -1
0 -62.304264 94.052559 -33.941128 0.146447 0.950752 -1
0 -57.804752 99.414871 -33.941128 0.146447 0.918828 -1
0 -53.305256 104.777184 -33.941128 0.146447 0.886905 -1
0 -47.591881 72.569534 -44.346218 0.038060 0.846369 -1
0 -29.593813 94.018768 -44.346214 0.038060 0.718675 -1
0 -43.092346 77.931839 -44.346214 0.038060 0.814446 -1
0 -38.592850 83.294167 -44.346214 0.038060 0.782522 -1
0 -34.093323 88.656464 -44.346214 0.038060 0.750599 -1
0 -24.929873 53.553864 -48.000000 0.000000 0.685585 -1
0 -6.931822 75.003105 -48.000000 0.000000 0.557892 -1
0 -20.430349 58.916168 -48.000000 0.000000 0.653662 -1
0 -15.930841 64.278488 -48.000000 0.000000 0.621739 -1
0 -11.431334 69.640800 -48.000000 0.000000 0.589815 -1
0 17.484489 38.684349 -44.346214 0.038060 0.384661 -1
0 27.061052 64.995728 -44.346214 0.038060 0.316717 -1
0 19.878641 45.262207 -44.346214 0.038060 0.367675 -1
0 22.272768 51.840027 -44.346214 0.038060 0.350689 -1
0 24.666912 58.417885 -44.346214 0.038060 0.333703 -1
0 55.619049 56.355125 -33.941120 0.146447 0.083995 -1
0 55.130383 84.350906 -33.941120 0.146447 0.151940 -1
0 55.496872 63.354073 -33.941120 0.146447 0.100981 -1
0 55.374710 70.353020 -33.941120 0.146447 0.117967 -1
0 55.252537 77.351944 -33.941120 0.146447 0.134954 -1
0 55.715813 56.356834 -18.368803 0.308658 0.083350 -1
0 55.227158 84.352577 -18.368803 0.308658 0.151294 -1
0 55.349331 77.353638 -18.368803 0.308658 0.134308 -1
0 55.675114 56.356125 0.000003 0.500000 0.083621 -1
0 55.186462 84.351868 0.000002 0.500000 0.151566 -1
0 55.471474 70.354706 -18.368803 0.308658 0.117322 -1
0 55.430794 70.353989 0.000002 0.500000 0.117594 -1
0 55.624912 56.355240 18.368807 0.691342 0.083956 -1
0 55.136269 84.350967 18.368807 0.691342 0.151900 -1
0 55.258411 77.352036 18.368807 0.691342 0.134914 -1
0 55.380581 70.353096 18.368807 0.691342 0.117928 -1
0 55.619049 56.355125 33.941128 0.853553 0.083995 -1
0 55.130383 84.350906 33.941128 0.853553 0.151940 -1
0 17.484486 38.684349 44.346214 0.961940 0.384661 -1
0 27.061049 64.995728 44.346214 0.961940 0.316717 -1
0 55.496872 63.354073 33.941128 0.853553 0.100981 -1
0 19.878637 45.262207 44.346214 0.961940 0.367675 -1
0 55.374710 70.353020 33.941128 0.853553 0.117967 -1
0 22.272764 51.840027 44.346214 0.961940 0.350689 -1
0 55.252537 77.351944 33.941128 0.853553 0.134954 -1
0 24.666908 58.417885 44.346214 0.961940 0.333703 -1
0 55.593655 63.355766 -18.368803 0.308658 0.100336 -1
0 55.502758 63.354179 18.368807 0.691342 0.100942 -1
0 55.552956 63.355034 0.000003 0.500000 0.100607 -1
0 55.308632 77.352936 0.000002 0.500000 0.134580 -1
114
-0.494848 -0.868979 -0.000000
-0.642788 -0.766045 -0.000000
-0.354375 -0.935103 -0.000001
0.472583 0.881286 0.000000
0.305184 0.952294 0.000008
0.642788 0.766044 0.000000
-0.010399 0.017820 0.999787
-0.011876 0.009965 0.999880
-0.195514 0.164055 0.966882
-0.195513 0.164055 0.966882
-0.006936 0.015995 0.999848
-0.195514 0.164055 0.966882
-0.007076 0.005938 0.999957
-0.195513 0.164055 0.966882
-0.002866 0.013949 0.999899
-0.195513 0.164055 0.966882
-0.642788 -0.766044 -0.000000
0.642788 0.766044 0.000000
-0.590946 0.495863 0.636320
-0.590946 0.495863 0.636320
-0.590947 0.495862 0.636320
-0.590946 0.495863 0.636320
-0.590945 0.495863 0.636320
-0.642788 -0.766044 -0.000000
0.642788 0.766044 0.000000
-0.764651 0.641617 0.060309
-0.764650 0.641618 0.060308
-0.764650 0.641617 0.060309
-0.764650 0.641618 0.060309
-0.764651 0.641616 0.060309
-0.642788 -0.766044 0.000000
0.642788 0.766044 0.000000
-0.766046 0.642786 0.000000
-0.766046 0.642786 0.000000
-0.766045 0.642787 0.000000
-0.766044 0.642789 0.000000
-0.766044 0.642788 -0.000000
-0.642788 -0.766044 0.000000
0.642788 0.766044 -0.000000
-0.764651 0.641617 -0.060309
-0.764650 0.641618 -0.060308
-0.764650 0.641617 -0.060309
-0.764650 0.641618 -0.060309
-0.764651 0.641616 -0.060309
-0.642788 -0.766044 0.000000
0.642788 0.766044 -0.000000
-0.590946 0.495863 -0.636320
-0.590946 0.495863 -0.636320
-0.590946 0.495862 -0.636320
-0.590946 0.495863 -0.636320
-0.590945 0.495863 -0.636320
-0.642788 -0.766045 0.000000
0.642788 0.766044 -0.000000
-0.195513 0.164055 -0.966882
-0.195513 0.164056 -0.966882
-0.195513 0.164055 -0.966882
-0.195513 0.164055 -0.966882
-0.195513 0.164055 -0.966882
-0.494848 -0.868979 -0.000000
0.472583 0.881286 0.000000
-0.010399 0.017820 -0.999787
-0.011876 0.009965 -0.999880
-0.006936 0.015995 -0.999848
-0.007076 0.005938 -0.999957
-0.002866 0.013949 -0.999899
-0.047440 -0.959851 0.276470
-0.051833 0.964894 -0.257474
0.193136 -0.051966 -0.979795
0.194576 -0.070820 -0.978327
0.227188 -0.082690 -0.970334
0.225446 -0.060859 -0.972353
0.272171 -0.099062 -0.957136
0.145246 -0.952954 0.266048
-0.273456 0.930487 -0.243754
0.921754 -0.007658 -0.387699
0.919499 0.016050 -0.392766
0.857935 -0.022683 -0.513257
0.810162 0.014141 -0.586036
0.896727 -0.024219 -0.441922
0.034728 -0.999397 -0.000034
-0.148663 0.988888 0.000263
0.999846 0.017453 -0.002000
0.999846 0.017452 -0.001617
0.034744 -0.999396 0.000043
-0.148823 0.988864 -0.000325
0.999847 0.017451 -0.001157
0.999845 0.017452 0.002475
0.999845 0.017452 0.002475
0.034749 -0.999396 0.000026
-0.148868 0.988857 -0.000205
0.999846 0.017451 0.001663
0.999846 0.017453 0.001791
0.999847 0.017449 0.001555
0.145266 -0.952938 -0.266096
-0.273634 0.930338 0.244121
-0.047440 -0.959851 -0.276470
-0.051833 0.964894 0.257474
0.923428 -0.007672 0.383696
0.879589 0.015354 0.475487
0.193136 -0.051966 0.979795
0.194576 -0.070820 0.978327
0.816969 -0.028333 0.575986
0.227188 -0.082690 0.970334
0.811869 0.014171 0.583668
0.225446 -0.060859 0.972353
0.898383 -0.024266 0.438542
0.272171 -0.099062 0.957136
0.999844 0.017452 -0.002702
0.999846 0.017451 -0.001999
0.999845 0.017451 0.002475
0.999847 0.017452 0.001448
0.999847 0.017451 0.001555
0.999845 0.017451 0.002475
0.999845 0.017452 0.002475
173
0 0 1 2 0 1 2 2
0 3 4 5 3 4 5 2
0 0 6 7 6 7 8 1
0 0 7 1 6 8 9 1
0 6 8 7 7 10 8 1
0 8 9 7 10 11 8 1
0 8 10 11 10 12 13 1
0 8 11 9 10 13 11 1
0 10 3 11 12 14 13 1
0 3 5 11 14 15 13 1
0 1 12 2 1 16 2 2
0 5 4 13 5 4 17 2
0 1 7 12 9 8 18 1
0 7 14 12 8 19 18 1
0 7 9 15 8 11 20 1
0 7 15 14 8 20 19 1
0 9 11 15 11 13 20 1
0 11 16 15 13 21 20 1
0 11 5 13 13 15 22 1
0 11 13 16 13 22 21 1
0 12 17 2 16 23 2 2
0 13 4 18 17 4 24 2
0 12 14 19 18 19 25 1
0 12 19 17 18 25 26 1
0 14 15 19 19 20 25 1
0 15 20 19 20 27 25 1
0 15 16 21 20 21 28 1
0 15 21 20 20 28 27 1
0 16 13 21 21 22 28 1
0 13 18 21 22 29 28 1
0 17 22 2 23 30 2 2
0 18 4 23 24 4 31 2
0 17 19 22 26 25 32 1
0 19 24 22 25 33 32 1
0 19 20 25 25 27 34 1
0 19 25 24 25 34 33 1
0 20 21 25 27 28 34 1
0 21 26 25 28 35 34 1
0 21 18 23 28 29 36 1
0 21 23 26 28 36 35 1
0 22 27 2 30 37 2 2
0 23 4 28 31 4 38 2
0 22 24 29 32 33 39 1
0 22 29 27 32 39 40 1
0 24 25 29 33 34 39 1
0 25 30 29 34 41 39 1
0 25 26 31 34 35 42 1
0 25 31 30 34 42 41 1
0 26 23 31 35 36 42 1
0 23 28 31 36 43 42 1
0 27 32 2 37 44 2 2
0 28 4 33 38 4 45 2
0 27 29 32 40 39 46 1
0 29 34 32 39 47 46 1
0 29 30 35 39 41 48 1
0 29 35 34 39 48 47 1
0 30 31 35 41 42 48 1
0 31 36 35 42 49 48 1
0 31 28 33 42 43 50 1
0 31 33 36 42 50 49 1
0 32 37 2 44 51 2 2
0 33 4 38 45 4 52 2
0 32 34 39 46 47 53 1
0 32 39 37 46 53 54 1
0 34 35 39 47 48 53 1
0 35 40 39 48 55 53 1
0 35 36 41 48 49 56 1
0 35 41 40 48 56 55 1
0 36 33 41 49 50 56 1
0 33 38 41 50 57 56 1
0 37 42 2 51 58 2 2
0 38 4 43 52 4 59 2
0 37 39 42 54 53 60 1
0 39 44 42 53 61 60 1
0 39 40 45 53 55 62 1
0 39 45 44 53 62 61 1
0 40 41 45 55 56 62 1
0 41 46 45 56 63 62 1
0 41 38 43 56 57 64 1
0 41 43 46 56 64 63 1
0 42 47 2 58 65 2 2
0 43 4 48 59 4 66 2
0 42 44 49 60 61 67 1
0 42 49 47 60 67 68 1
0 44 45 49 61 62 67 1
0 45 50 49 62 69 67 1
0 45 46 51 62 63 70 1
0 45 51 50 62 70 69 1
0 46 43 51 63 64 70 1
0 43 48 51 64 71 70 1
0 47 52 2 65 72 2 2
0 48 4 53 66 4 73 2
0 47 49 52 68 67 74 1
0 49 54 52 67 75 74 1
0 49 50 55 67 69 76 1
0 49 55 54 67 76 75 1
0 50 51 55 69 70 76 1
0 51 56 55 70 77 76 1
0 51 48 53 70 71 78 1
0 51 53 56 70 78 77 1
0 52 57 2 72 79 2 2
0 53 4 58 73 4 80 2
0 53 58 59 78 81 82 1
0 57 60 2 79 83 2 2
0 58 4 61 80 4 84 2
0 62 59 63 85 82 86 1
0 59 58 61 82 81 87 1
0 60 64 2 83 88 2 2
0 61 4 65 84 4 89 2
0 63 66 67 86 90 91 1
0 61 65 66 87 92 90 1
0 64 68 2 88 93 2 2
0 65 4 69 89 4 94 2
0 68 70 2 93 95 2 2
0 69 4 71 94 4 96 2
0 68 72 73 97 98 99 1
0 68 73 70 97 99 100 1
0 72 74 73 98 101 99 1
0 74 75 73 101 102 99 1
0 74 76 77 101 103 104 1
0 74 77 75 101 104 102 1
0 76 69 77 103 105 104 1
0 69 71 77 105 106 104 1
0 70 0 2 95 0 2 2
0 71 4 3 96 4 3 2
0 70 73 0 100 99 6 1
0 73 6 0 99 7 6 1
0 73 75 8 99 102 10 1
0 73 8 6 99 10 7 1
0 75 77 8 102 104 10 1
0 77 10 8 104 12 10 1
0 77 71 3 104 106 14 1
0 77 3 10 104 14 12 1
0 52 54 78 74 75 107 1
0 52 78 57 74 107 108 1
0 54 55 78 75 76 107 1
0 57 78 60 108 107 109 1
0 60 79 64 109 110 111 1
0 64 79 68 111 110 97 1
0 79 72 68 110 98 97 1
0 66 65 69 90 92 105 1
0 55 62 78 76 85 107 1
0 55 56 59 76 77 82 1
0 55 59 62 76 82 85 1
0 56 53 59 77 78 82 1
0 78 80 60 107 112 109 1
0 78 62 63 107 85 86 1
0 78 63 80 107 86 112 1
0 59 81 63 82 113 86 1
0 59 61 81 82 87 113 1
0 60 80 79 109 112 110 1
0 80 63 79 112 86 110 1
0 63 67 79 86 91 110 1
0 63 81 66 86 113 90 1
0 81 61 66 113 87 90 1
0 79 67 74 110 91 101 1
0 79 74 72 110 101 98 1
0 67 66 74 91 90 101 1
0 66 76 74 90 103 101 1
0 66 69 76 90 105 103 1
0 53 58 59 78 81 82 1
0 62 59 63 85 82 86 1
0 59 58 61 82 81 87 1
0 63 66 67 86 90 91 1
0 61 65 66 87 92 90 1
0 52 54 78 74 75 107 1
0 52 78 57 74 107 108 1
0 54 55 78 75 76 107 1
0 57 78 60 108 107 109 1
0 60 79 64 109 110 111 1
0 64 79 68 111 110 97 1
0 79 72 68 110 98 97 1
0 66 65 69 90 92 105 1
"Header" 0 0
170
0 58.118538 63.801727 -0.027617 0.499712 0.084428 -1
0 58.108845 69.247620 -2.826319 0.470559 0.097073 -1
0 56.869957 63.192738 -7.906081 0.417645 0.091398 -1
0 59.660625 63.441242 -3.037789 0.468356 0.073251 -1
0 58.841431 63.041683 -8.206846 0.414512 0.077824 -1
0 59.654274 67.014305 -4.874017 0.449229 0.081547 -1
0 68.304512 63.021317 -1.581582 0.483525 0.014295 -1
0 68.294800 68.467194 -4.380282 0.454372 0.026939 -1
0 68.987328 62.835117 -3.218849 0.466470 0.009284 -1
0 68.979431 67.246292 -5.485798 0.442856 0.019526 -1
0 57.373386 71.146622 -8.600673 0.410410 0.106393 -1
0 59.171738 68.260216 -8.662569 0.409765 0.087662 -1
0 67.559380 70.366203 -10.154636 0.394222 0.036259 -1
0 68.383728 68.784485 -10.163023 0.394135 0.027076 -1
0 56.343067 68.386383 -13.968144 0.354499 0.106929 -1
0 58.495720 66.449226 -12.184169 0.373082 0.088014 -1
0 66.528999 67.605972 -15.522106 0.338311 0.036796 -1
0 67.549164 66.548668 -14.510677 0.348847 0.027510 -1
0 55.621372 62.583763 -15.784542 0.335578 0.098367 -1
0 58.022232 62.642136 -13.375907 0.360668 0.082396 -1
0 65.807312 61.803349 -17.338509 0.319391 0.028234 -1
0 66.964584 61.848595 -15.981958 0.333521 0.020575 -1
0 55.631084 57.137917 -12.985843 0.364731 0.085723 -1
0 58.028618 59.069111 -11.539681 0.379795 0.074100 -1
0 65.817009 56.357552 -14.539805 0.348544 0.015590 -1
0 66.972473 57.437469 -13.715014 0.357135 0.010333 -1
0 56.366528 55.238884 -7.211487 0.424880 0.076403 -1
0 58.511124 57.823174 -7.751125 0.419259 0.067985 -1
0 66.552460 54.458542 -8.765452 0.408693 0.006270 -1
0 67.568115 55.899307 -9.037784 0.405856 0.002784 -1
0 57.396862 57.999142 -1.844017 0.480791 0.075867 -1
0 59.187138 59.634159 -4.229529 0.455942 0.067634 -1
0 67.582794 57.218773 -3.397979 0.464604 0.005734 -1
0 68.402733 58.135071 -4.690134 0.451144 0.002350 -1
0 56.953129 70.655716 -18.264751 0.309742 0.108078 -1
0 55.793205 75.868484 -21.260109 0.278540 0.127900 -1
0 55.278008 69.438667 -25.992155 0.229248 0.116504 -1
0 58.318336 70.411560 -21.370493 0.277391 0.098356 -1
0 57.219303 69.613045 -26.440443 0.224579 0.103884 -1
0 57.557331 73.831642 -23.335747 0.256919 0.111361 -1
0 66.983139 71.556641 -20.580902 0.285616 0.042875 -1
0 65.823257 76.769379 -23.576260 0.254414 0.062696 -1
0 67.570816 71.406761 -22.258310 0.268143 0.038586 -1
0 66.631302 75.629051 -24.684553 0.242869 0.054642 -1
0 54.331497 77.314728 -27.027431 0.218464 0.141046 -1
0 56.598320 74.780540 -27.119690 0.217503 0.119986 -1
0 64.361542 78.215652 -29.343584 0.194338 0.075842 -1
0 65.447327 76.800568 -29.356085 0.194207 0.065290 -1
0 53.424240 74.147308 -32.188305 0.164705 0.139816 -1
0 56.003044 72.702408 -30.505741 0.182232 0.119179 -1
0 63.454266 75.048203 -34.504456 0.140579 0.074612 -1
0 64.712433 74.234940 -33.536396 0.150662 0.064294 -1
0 53.602875 68.221626 -33.719563 0.148755 0.124930 -1
0 56.120235 68.814545 -31.510399 0.171767 0.109413 -1
0 63.632904 69.122528 -36.035713 0.124628 0.059727 -1
0 64.857162 69.435150 -34.776707 0.137743 0.052236 -1
0 54.762791 63.008892 -30.724207 0.179956 0.105109 -1
0 56.881271 65.394478 -29.545145 0.192238 0.096407 -1
0 64.792755 63.909874 -33.040359 0.155830 0.039905 -1
0 65.796661 65.212883 -32.350475 0.163016 0.036181 -1
0 56.224491 61.562626 -24.956881 0.240032 0.091962 -1
0 57.840294 64.445564 -25.761200 0.231654 0.087782 -1
0 66.254478 62.463577 -27.273031 0.215906 0.026759 -1
0 66.980614 64.041405 -27.678938 0.211678 0.025532 -1
0 57.131763 64.730057 -19.796007 0.293792 0.093192 -1
0 58.435555 66.523720 -22.375151 0.266925 0.088589 -1
0 67.161743 65.631012 -22.112156 0.269665 0.027989 -1
0 67.715515 66.606979 -23.498631 0.255223 0.026529 -1
0 55.663292 61.993526 16.284548 0.669631 0.096722 -1
0 55.876507 67.836960 14.468150 0.650710 0.108790 -1
0 56.854076 62.709011 8.406086 0.587563 0.090387 -1
0 58.049961 62.260952 13.875911 0.644541 0.081330 -1
0 58.831211 62.730366 8.706853 0.590696 0.077173 -1
0 58.189846 66.094826 12.684173 0.632127 0.089247 -1
0 65.878510 62.103851 17.838516 0.685818 0.028450 -1
0 66.091728 67.947266 16.022116 0.666897 0.040517 -1
0 67.027435 62.249760 16.481966 0.671687 0.021080 -1
0 67.200157 66.982933 15.010682 0.656361 0.030854 -1
0 56.662365 70.676498 9.100678 0.594799 0.110077 -1
0 58.705444 67.957848 9.162576 0.595443 0.090091 -1
0 66.877586 70.786797 10.654643 0.610986 0.041805 -1
0 67.836670 69.282936 10.663030 0.611073 0.031897 -1
0 57.560516 68.848808 3.326325 0.534649 0.099830 -1
0 59.294701 66.758682 5.374021 0.555979 0.083369 -1
0 67.775726 68.959129 4.880289 0.550836 0.031558 -1
0 68.564186 67.802536 5.985803 0.562352 0.023597 -1
0 58.044827 63.424488 0.527623 0.505496 0.084052 -1
0 59.612484 63.199799 3.537791 0.536852 0.073016 -1
0 68.260056 63.534813 2.081589 0.521683 0.015779 -1
0 68.956467 63.408836 3.718857 0.538738 0.010817 -1
0 57.831642 57.581085 2.344023 0.524417 0.071984 -1
0 59.472588 59.365925 4.729533 0.549266 0.065099 -1
0 68.046806 57.691460 3.897987 0.540604 0.003713 -1
0 68.783768 58.675720 5.190139 0.554064 0.001042 -1
0 57.045776 54.741543 7.711493 0.580328 0.070697 -1
0 58.956982 57.502903 8.251131 0.585949 0.064254 -1
0 67.260963 54.851929 9.265458 0.596515 0.002425 -1
0 68.147224 56.375717 9.537790 0.599352 0.000000 -1
0 56.147640 56.569244 13.485848 0.640478 0.080944 -1
0 58.367729 58.702065 12.039685 0.625413 0.070977 -1
0 66.362785 56.679604 15.039812 0.656665 0.012672 -1
0 67.419754 57.856129 14.215018 0.648073 0.008300 -1
0 53.350136 67.349899 33.469570 0.848641 0.124612 -1
0 52.655701 73.237434 31.938313 0.832691 0.142870 -1
0 54.912785 68.708282 25.742159 0.768147 0.117267 -1
0 55.806244 68.159966 31.260397 0.825629 0.110007 -1
0 56.831501 69.051193 26.190447 0.772817 0.105188 -1
0 55.350628 72.022766 30.255743 0.815164 0.121986 -1
0 63.263477 69.121513 35.785725 0.872768 0.062203 -1
0 62.569046 75.009064 34.254463 0.856817 0.080460 -1
0 64.455780 69.539642 34.526714 0.859653 0.055170 -1
0 63.893314 74.308556 33.286404 0.846733 0.069959 -1
0 53.283440 76.471878 26.777435 0.778932 0.146130 -1
0 55.762489 74.144859 26.869692 0.779893 0.124125 -1
0 63.196815 78.243523 29.093586 0.803058 0.083720 -1
0 64.401794 76.928459 29.106087 0.803188 0.072599 -1
0 54.865650 75.158516 21.010109 0.718855 0.132483 -1
0 56.800564 73.283203 23.085747 0.740476 0.115171 -1
0 64.778984 76.930161 23.326263 0.742982 0.070073 -1
0 65.683380 75.864647 24.434555 0.754527 0.061545 -1
0 56.475441 70.066689 18.014753 0.687654 0.109922 -1
0 57.856758 69.942421 21.120493 0.720005 0.100369 -1
0 66.388794 71.838348 20.330906 0.711780 0.047512 -1
0 66.987289 71.740250 22.008318 0.729253 0.043271 -1
0 57.169876 64.179131 19.546011 0.703604 0.091664 -1
0 58.312370 66.079628 22.125151 0.730470 0.088390 -1
0 67.083145 65.950806 21.862164 0.727731 0.029255 -1
0 67.549759 66.971352 23.248636 0.742173 0.028482 -1
0 56.542126 60.944679 24.706884 0.757363 0.088404 -1
0 57.900517 63.957497 25.511204 0.765742 0.086251 -1
0 66.455414 62.716393 27.023039 0.781490 0.025995 -1
0 67.041229 64.351479 27.428944 0.785718 0.025842 -1
0 54.959953 62.258057 30.474215 0.817440 0.102052 -1
0 56.862431 64.819191 29.295145 0.805158 0.095205 -1
0 64.873245 64.029755 32.790363 0.841566 0.039642 -1
0 65.759697 65.415291 32.100479 0.834380 0.036896 -1
0 54.448387 76.280640 8.294712 0.586403 0.137873 -1
0 54.322876 81.965637 6.024139 0.562751 0.151847 -1
0 54.381424 76.381607 0.295629 0.503079 0.138556 -1
0 56.424976 76.353020 5.527565 0.557579 0.124781 -1
0 56.381027 76.419289 0.279368 0.502910 0.125229 -1
0 56.342602 80.082947 4.037841 0.542061 0.133949 -1
0 64.779549 76.475182 8.210696 0.585528 0.069018 -1
0 64.654037 82.160164 5.940121 0.561876 0.082992 -1
0 65.700012 76.511948 6.683281 0.569618 0.062928 -1
0 65.598312 81.116791 4.844114 0.550460 0.074247 -1
0 54.231659 84.379593 0.397880 0.504145 0.158035 -1
0 56.282749 81.666718 0.346455 0.503609 0.138009 -1
0 64.562805 84.574135 0.313864 0.503269 0.089180 -1
0 65.524429 83.072098 0.286847 0.502988 0.079259 -1
0 54.228191 82.108475 -5.288272 0.444914 0.152812 -1
0 56.280472 80.176682 -3.384231 0.464748 0.134583 -1
0 64.559357 82.303009 -5.372289 0.444039 0.083957 -1
0 65.521606 81.232491 -4.318937 0.455011 0.075029 -1
0 54.314499 76.482651 -7.703454 0.419756 0.139238 -1
0 56.337097 76.485558 -4.968832 0.448241 0.125677 -1
0 64.645660 76.677200 -7.787474 0.418880 0.070383 -1
0 65.591515 76.675598 -6.275232 0.434633 0.064034 -1
0 54.440022 70.797668 -5.432877 0.443408 0.125265 -1
0 56.419453 72.755653 -3.479106 0.463759 0.116509 -1
0 64.771126 70.992271 -5.516893 0.442532 0.056410 -1
0 65.693169 72.070816 -4.436069 0.453791 0.052716 -1
0 54.531242 68.383705 0.193380 0.502014 0.119077 -1
0 56.479279 71.171829 0.212282 0.502211 0.112449 -1
0 64.862358 68.578323 0.109363 0.501139 0.050222 -1
0 65.767021 70.115532 0.121201 0.501262 0.047704 -1
0 54.534698 70.654785 5.879530 0.561245 0.124300 -1
0 56.481579 72.661911 3.942965 0.541073 0.115875 -1
0 64.865829 70.849419 5.795514 0.560370 0.055445 -1
0 65.769852 71.955116 4.726983 0.549239 0.051934 -1
250
-0.985739 0.075526 0.150382
-0.985738 0.075526 0.150385
-0.985739 0.075525 0.150383
0.985739 -0.075526 -0.150382
0.985739 -0.075525 -0.150384
0.985738 -0.075528 -0.150385
0.156074 0.076121 0.984808
0.629721 0.027933 0.776319
0.154859 0.756857 0.634970
0.628674 0.616724 0.473730
0.846221 -0.099277 -0.523501
0.846695 -0.365470 -0.386703
-0.024887 -0.085404 -0.996036
-0.023682 -0.760212 -0.649243
-0.985739 0.075524 0.150384
0.985738 -0.075525 -0.150387
0.549162 0.822039 -0.150574
0.062929 0.994234 -0.086825
0.882640 -0.458296 -0.104456
0.067448 -0.995520 0.066264
-0.985739 0.075525 0.150382
0.985739 -0.075523 -0.150385
-0.065863 0.649204 -0.757758
0.437758 0.523613 -0.730888
0.933004 -0.323374 0.157898
0.195117 -0.653495 0.731350
-0.985739 0.075526 0.150383
0.985739 -0.075522 -0.150383
0.359732 -0.103748 -0.927270
-0.156075 -0.076123 -0.984808
0.968281 -0.039743 0.246684
0.284541 0.065513 0.956423
-0.985739 0.075525 0.150384
0.985739 -0.075524 -0.150382
-0.154855 -0.756858 -0.634969
0.360776 -0.692541 -0.624682
0.967805 0.226447 0.109887
0.283333 0.740318 0.609632
-0.985739 0.075524 0.150384
0.985739 -0.075525 -0.150383
0.440302 -0.897849 -0.000380
-0.062922 -0.994235 0.086823
0.931853 0.319282 -0.172360
0.192201 0.975628 -0.105873
-0.985739 0.075523 0.150383
0.985739 -0.075524 -0.150384
0.065866 -0.649204 0.757757
0.551693 -0.599426 0.579934
0.881494 0.184351 -0.434721
0.064534 0.633603 -0.770962
-0.970648 -0.087184 0.224145
-0.970648 -0.087186 0.224145
-0.970648 -0.087184 0.224145
0.970649 0.087184 -0.224143
0.970648 0.087183 -0.224145
0.970649 0.087182 -0.224142
0.209389 0.152129 0.965926
0.668263 0.175335 0.722967
0.064400 0.803725 0.591506
0.542866 0.738921 0.399115
0.811483 0.020752 -0.584007
0.868176 -0.234048 -0.437598
-0.079725 -0.139323 -0.987032
0.063997 -0.785241 -0.615874
-0.970648 -0.087185 0.224144
0.970649 0.087181 -0.224144
0.384824 0.895289 -0.224428
-0.118315 0.984507 -0.129411
0.939625 -0.304735 -0.155694
0.245119 -0.964450 0.098759
-0.970648 -0.087184 0.224145
0.970648 0.087180 -0.224148
-0.231720 0.588580 -0.774519
0.286730 0.552838 -0.782404
0.983972 -0.149914 0.096563
0.357539 -0.571972 0.738250
-0.970648 -0.087184 0.224146
0.970647 0.087184 -0.224149
0.306041 -0.087831 -0.947958
-0.209389 -0.152131 -0.965926
0.975241 0.139732 0.171409
0.335403 0.162290 0.927991
-0.970648 -0.087184 0.224145
0.970648 0.087185 -0.224146
-0.064396 -0.803725 -0.591506
0.431439 -0.651421 -0.624108
0.918548 0.394518 0.024999
0.191676 0.808206 0.556834
-0.970649 -0.087182 0.224144
0.970649 0.087183 -0.224144
0.589481 -0.807782 -0.000563
0.118318 -0.984507 0.129409
0.847099 0.465218 -0.256898
0.010554 0.987415 -0.157800
-0.970648 -0.087182 0.224145
0.970648 0.087184 -0.224144
0.231723 -0.588580 0.774518
0.687568 -0.465333 0.557418
0.802754 0.310391 -0.509159
-0.101862 0.594934 -0.797294
-0.988570 -0.010677 -0.150386
-0.988570 -0.010676 -0.150386
-0.988570 -0.010676 -0.150384
0.988570 0.010677 0.150382
0.988570 0.010675 0.150383
0.988570 0.010675 0.150383
-0.148846 -0.089437 0.984808
0.367404 -0.072001 0.927270
-0.122194 0.640993 0.757758
0.390455 0.559776 0.730887
0.968060 0.044798 -0.246683
0.957638 -0.240826 -0.157900
0.277749 0.090064 -0.956422
0.251330 -0.634003 -0.731351
-0.988570 -0.010676 -0.150385
0.988570 0.010674 0.150382
0.475423 0.866776 0.150574
-0.023962 0.995935 0.086825
0.919224 -0.379626 0.104456
0.153953 -0.985854 -0.066261
-0.988570 -0.010675 -0.150383
0.988570 0.010677 0.150383
0.088305 0.767474 -0.634970
0.572526 0.669173 -0.473731
0.875324 -0.290285 0.386707
0.042665 -0.759381 0.649246
-0.988570 -0.010677 -0.150382
0.988570 0.010677 0.150386
0.624892 0.082710 -0.776317
0.148845 0.089434 -0.984808
0.851650 -0.025148 0.523508
-0.017349 -0.087249 0.996035
-0.988570 -0.010677 -0.150384
0.988570 0.010674 0.150386
0.122198 -0.640994 -0.757756
0.601835 -0.549063 -0.579935
0.862074 0.260474 0.434721
0.009067 0.636815 0.770963
-0.988570 -0.010675 -0.150384
0.988570 0.010675 0.150382
0.516873 -0.856062 0.000378
0.023970 -0.995935 -0.086823
0.900485 0.399274 0.172359
0.106439 0.988667 0.105872
-0.988570 -0.010677 -0.150384
0.988571 0.010676 0.150380
-0.088302 -0.767474 0.634969
0.419758 -0.658464 0.624682
0.944388 0.309930 -0.109884
0.217733 0.762193 -0.609635
-0.959356 -0.171452 -0.224142
-0.959356 -0.171451 -0.224142
-0.959356 -0.171450 -0.224143
0.959357 0.171449 0.224142
0.959356 0.171450 0.224143
0.959356 0.171451 0.224142
-0.195334 -0.169800 0.965926
0.312539 -0.060819 0.947956
-0.282135 0.566145 0.774519
0.237454 0.575726 0.782403
0.959350 0.224193 -0.171418
0.993294 -0.063585 -0.096565
0.319985 0.190901 -0.927990
0.406030 -0.538634 -0.738250
-0.959356 -0.171450 -0.224145
0.959356 0.171451 0.224144
0.305327 0.925423 0.224426
-0.203667 0.970450 0.129410
0.962609 -0.221683 0.155694
0.328245 -0.939415 -0.098763
-0.959356 -0.171448 -0.224145
0.959356 0.171450 0.224143
-0.005893 0.806279 -0.591506
0.476383 0.783428 -0.399123
0.885274 -0.157485 0.437594
0.132194 -0.776677 0.615872
-0.959357 -0.171449 -0.224143
0.959357 0.171450 0.224142
0.650437 0.232910 -0.722969
0.195333 0.169800 -0.965926
0.806585 0.091395 0.584010
-0.067280 -0.145738 0.987033
-0.959356 -0.171451 -0.224144
0.959356 0.171451 0.224142
0.282140 -0.566145 -0.774517
0.725507 -0.403639 -0.557418
0.772646 0.379176 0.509160
-0.153326 0.583793 0.797293
-0.959357 -0.171450 -0.224142
0.959356 0.171451 0.224144
0.657647 -0.753326 0.000563
0.203675 -0.970448 -0.129408
0.803325 0.537282 0.256901
-0.075543 0.984577 0.157803
-0.959357 -0.171451 -0.224141
0.959356 0.171449 0.224144
0.005897 -0.806279 0.591506
0.486586 -0.611333 0.624104
0.880665 0.473079 -0.025008
0.120510 0.821835 -0.556834
-0.999790 -0.018827 0.008132
-0.999790 -0.018825 0.008132
-0.999790 -0.018828 0.008130
0.999790 0.018828 -0.008135
0.999790 0.018827 -0.008132
0.999790 0.018830 -0.008133
0.008369 -0.012626 0.999885
0.509017 -0.001474 0.860756
-0.007320 0.697997 0.716063
0.495448 0.613171 0.615266
0.916913 0.022264 -0.398467
0.923047 -0.255610 -0.287485
0.123381 0.014998 -0.992246
0.138936 -0.689439 -0.710894
-0.999790 -0.018825 0.008131
0.999790 0.018829 -0.008131
0.485585 0.874161 0.006974
-0.018722 0.999743 0.012780
0.927505 -0.373602 -0.012482
0.150238 -0.988554 -0.013741
-0.999790 -0.018826 0.008128
0.999790 0.018829 -0.008131
-0.019156 0.715853 -0.697988
0.485214 0.628614 -0.607792
0.927673 -0.262595 0.265455
0.150667 -0.707141 0.690834
-0.999790 -0.018828 0.008127
0.999790 0.018828 -0.008131
0.494544 0.020368 -0.868914
-0.008370 0.012626 -0.999885
0.923453 0.012391 0.383511
0.139973 -0.010035 0.990104
-0.999790 -0.018831 0.008128
0.999790 0.018826 -0.008129
0.007324 -0.697998 -0.716062
0.508111 -0.594276 -0.623426
0.917318 0.290271 0.272527
0.124416 0.694395 0.708756
-0.999790 -0.018832 0.008130
0.999790 0.018824 -0.008131
0.517982 -0.855258 -0.015137
0.018729 -0.999743 -0.012784
0.912855 0.408277 -0.002484
0.113109 0.993515 0.011600
-0.999790 -0.018831 0.008131
0.999790 0.018824 -0.008135
0.019161 -0.715855 0.697986
0.518357 -0.609716 0.599627
0.912689 0.297255 -0.280424
0.112681 0.712097 -0.692980
320
0 0 1 2 0 1 2 2
0 3 4 5 3 4 5 2
0 0 6 1 6 7 8 1
0 6 7 1 7 9 8 1
0 6 8 9 7 10 11 1
0 6 9 7 7 11 9 1
0 8 3 9 10 12 11 1
0 3 5 9 12 13 11 1
0 1 10 2 1 14 2 2
0 5 4 11 5 4 15 2
0 1 7 12 8 9 16 1
0 1 12 10 8 16 17 1
0 7 9 12 9 11 16 1
0 9 13 12 11 18 16 1
0 9 5 11 11 13 19 1
0 9 11 13 11 19 18 1
0 10 14 2 14 20 2 2
0 11 4 15 15 4 21 2
0 10 12 14 17 16 22 1
0 12 16 14 16 23 22 1
0 12 13 17 16 18 24 1
0 12 17 16 16 24 23 1
0 13 11 17 18 19 24 1
0 11 15 17 19 25 24 1
0 14 18 2 20 26 2 2
0 15 4 19 21 4 27 2
0 14 16 20 22 23 28 1
0 14 20 18 22 28 29 1
0 16 17 20 23 24 28 1
0 17 21 20 24 30 28 1
0 17 15 19 24 25 31 1
0 17 19 21 24 31 30 1
0 18 22 2 26 32 2 2
0 19 4 23 27 4 33 2
0 18 20 22 29 28 34 1
0 20 24 22 28 35 34 1
0 20 21 25 28 30 36 1
0 20 25 24 28 36 35 1
0 21 19 25 30 31 36 1
0 19 23 25 31 37 36 1
0 22 26 2 32 38 2 2
0 23 4 27 33 4 39 2
0 22 24 28 34 35 40 1
0 22 28 26 34 40 41 1
0 24 25 28 35 36 40 1
0 25 29 28 36 42 40 1
0 25 23 27 36 37 43 1
0 25 27 29 36 43 42 1
0 26 30 2 38 44 2 2
0 27 4 31 39 4 45 2
0 26 28 30 41 40 46 1
0 28 32 30 40 47 46 1
0 28 29 33 40 42 48 1
0 28 33 32 40 48 47 1
0 29 27 33 42 43 48 1
0 27 31 33 43 49 48 1
0 30 0 2 44 0 2 2
0 31 4 3 45 4 3 2
0 30 32 6 46 47 7 1
0 30 6 0 46 7 6 1
0 32 33 6 47 48 7 1
0 33 8 6 48 10 7 1
0 33 31 3 48 49 12 1
0 33 3 8 48 12 10 1
0 34 35 36 50 51 52 2
0 37 38 39 53 54 55 2
0 34 40 35 56 57 58 1
0 40 41 35 57 59 58 1
0 40 42 43 57 60 61 1
0 40 43 41 57 61 59 1
0 42 37 43 60 62 61 1
0 37 39 43 62 63 61 1
0 35 44 36 51 64 52 2
0 39 38 45 55 54 65 2
0 35 41 46 58 59 66 1
0 35 46 44 58 66 67 1
0 41 43 46 59 61 66 1
0 43 47 46 61 68 66 1
0 43 39 45 61 63 69 1
0 43 45 47 61 69 68 1
0 44 48 36 64 70 52 2
0 45 38 49 65 54 71 2
0 44 46 48 67 66 72 1
0 46 50 48 66 73 72 1
0 46 47 51 66 68 74 1
0 46 51 50 66 74 73 1
0 47 45 51 68 69 74 1
0 45 49 51 69 75 74 1
0 48 52 36 70 76 52 2
0 49 38 53 71 54 77 2
0 48 50 54 72 73 78 1
0 48 54 52 72 78 79 1
0 50 51 54 73 74 78 1
0 51 55 54 74 80 78 1
0 51 49 53 74 75 81 1
0 51 53 55 74 81 80 1
0 52 56 36 76 82 52 2
0 53 38 57 77 54 83 2
0 52 54 56 79 78 84 1
0 54 58 56 78 85 84 1
0 54 55 59 78 80 86 1
0 54 59 58 78 86 85 1
0 55 53 59 80 81 86 1
0 53 57 59 81 87 86 1
0 56 60 36 82 88 52 2
0 57 38 61 83 54 89 2
0 56 58 62 84 85 90 1
0 56 62 60 84 90 91 1
0 58 59 62 85 86 90 1
0 59 63 62 86 92 90 1
0 59 57 61 86 87 93 1
0 59 61 63 86 93 92 1
0 60 64 36 88 94 52 2
0 61 38 65 89 54 95 2
0 60 62 64 91 90 96 1
0 62 66 64 90 97 96 1
0 62 63 67 90 92 98 1
0 62 67 66 90 98 97 1
0 63 61 67 92 93 98 1
0 61 65 67 93 99 98 1
0 64 34 36 94 50 52 2
0 65 38 37 95 54 53 2
0 64 66 40 96 97 57 1
0 64 40 34 96 57 56 1
0 66 67 40 97 98 57 1
0 67 42 40 98 60 57 1
0 67 65 37 98 99 62 1
0 67 37 42 98 62 60 1
0 68 69 70 100 101 102 2
0 71 72 73 103 104 105 2
0 68 74 69 106 107 108 1
0 74 75 69 107 109 108 1
0 74 76 77 107 110 111 1
0 74 77 75 107 111 109 1
0 76 71 77 110 112 111 1
0 71 73 77 112 113 111 1
0 69 78 70 101 114 102 2
0 73 72 79 105 104 115 2
0 69 75 80 108 109 116 1
0 69 80 78 108 116 117 1
0 75 77 80 109 111 116 1
0 77 81 80 111 118 116 1
0 77 73 79 111 113 119 1
0 77 79 81 111 119 118 1
0 78 82 70 114 120 102 2
0 79 72 83 115 104 121 2
0 78 80 82 117 116 122 1
0 80 84 82 116 123 122 1
0 80 81 85 116 118 124 1
0 80 85 84 116 124 123 1
0 81 79 85 118 119 124 1
0 79 83 85 119 125 124 1
0 82 86 70 120 126 102 2
0 83 72 87 121 104 127 2
0 82 84 88 122 123 128 1
0 82 88 86 122 128 129 1
0 84 85 88 123 124 128 1
0 85 89 88 124 130 128 1
0 85 83 87 124 125 131 1
0 85 87 89 124 131 130 1
0 86 90 70 126 132 102 2
0 87 72 91 127 104 133 2
0 86 88 90 129 128 134 1
0 88 92 90 128 135 134 1
0 88 89 93 128 130 136 1
0 88 93 92 128 136 135 1
0 89 87 93 130 131 136 1
0 87 91 93 131 137 136 1
0 90 94 70 132 138 102 2
0 91 72 95 133 104 139 2
0 90 92 96 134 135 140 1
0 90 96 94 134 140 141 1
0 92 93 96 135 136 140 1
0 93 97 96 136 142 140 1
0 93 91 95 136 137 143 1
0 93 95 97 136 143 142 1
0 94 98 70 138 144 102 2
0 95 72 99 139 104 145 2
0 94 96 98 141 140 146 1
0 96 100 98 140 147 146 1
0 96 97 101 140 142 148 1
0 96 101 100 140 148 147 1
0 97 95 101 142 143 148 1
0 95 99 101 143 149 148 1
0 98 68 70 144 100 102 2
0 99 72 71 145 104 103 2
0 98 100 74 146 147 107 1
0 98 74 68 146 107 106 1
0 100 101 74 147 148 107 1
0 101 76 74 148 110 107 1
0 101 99 71 148 149 112 1
0 101 71 76 148 112 110 1
0 102 103 104 150 151 152 2
0 105 106 107 153 154 155 2
0 102 108 103 156 157 158 1
0 108 109 103 157 159 158 1
0 108 110 111 157 160 161 1
0 108 111 109 157 161 159 1
0 110 105 111 160 162 161 1
0 105 107 111 162 163 161 1
0 103 112 104 151 164 152 2
0 107 106 113 155 154 165 2
0 103 109 114 158 159 166 1
0 103 114 112 158 166 167 1
0 109 111 114 159 161 166 1
0 111 115 114 161 168 166 1
0 111 107 113 161 163 169 1
0 111 113 115 161 169 168 1
0 112 116 104 164 170 152 2
0 113 106 117 165 154 171 2
0 112 114 116 167 166 172 1
0 114 118 116 166 173 172 1
0 114 115 119 166 168 174 1
0 114 119 118 166 174 173 1
0 115 113 119 168 169 174 1
0 113 117 119 169 175 174 1
0 116 120 104 170 176 152 2
0 117 106 121 171 154 177 2
0 116 118 122 172 173 178 1
0 116 122 120 172 178 179 1
0 118 119 122 173 174 178 1
0 119 123 122 174 180 178 1
0 119 117 121 174 175 181 1
0 119 121 123 174 181 180 1
0 120 124 104 176 182 152 2
0 121 106 125 177 154 183 2
0 120 122 124 179 178 184 1
0 122 126 124 178 185 184 1
0 122 123 127 178 180 186 1
0 122 127 126 178 186 185 1
0 123 121 127 180 181 186 1
0 121 125 127 181 187 186 1
0 124 128 104 182 188 152 2
0 125 106 129 183 154 189 2
0 124 126 130 184 185 190 1
0 124 130 128 184 190 191 1
0 126 127 130 185 186 190 1
0 127 131 130 186 192 190 1
0 127 125 129 186 187 193 1
0 127 129 131 186 193 192 1
0 128 132 104 188 194 152 2
0 129 106 133 189 154 195 2
0 128 130 132 191 190 196 1
0 130 134 132 190 197 196 1
0 130 131 135 190 192 198 1
0 130 135 134 190 198 197 1
0 131 129 135 192 193 198 1
0 129 133 135 193 199 198 1
0 132 102 104 194 150 152 2
0 133 106 105 195 154 153 2
0 132 134 108 196 197 157 1
0 132 108 102 196 157 156 1
0 134 135 108 197 198 157 1
0 135 110 108 198 160 157 1
0 135 133 105 198 199 162 1
0 135 105 110 198 162 160 1
0 136 137 138 200 201 202 2
0 139 140 141 203 204 205 2
0 136 142 137 206 207 208 1
0 142 143 137 207 209 208 1
0 142 144 145 207 210 211 1
0 142 145 143 207 211 209 1
0 144 139 145 210 212 211 1
0 139 141 145 212 213 211 1
0 137 146 138 201 214 202 2
0 141 140 147 205 204 215 2
0 137 143 148 208 209 216 1
0 137 148 146 208 216 217 1
0 143 145 148 209 211 216 1
0 145 149 148 211 218 216 1
0 145 141 147 211 213 219 1
0 145 147 149 211 219 218 1
0 146 150 138 214 220 202 2
0 147 140 151 215 204 221 2
0 146 148 150 217 216 222 1
0 148 152 150 216 223 222 1
0 148 149 153 216 218 224 1
0 148 153 152 216 224 223 1
0 149 147 153 218 219 224 1
0 147 151 153 219 225 224 1
0 150 154 138 220 226 202 2
0 151 140 155 221 204 227 2
0 150 152 156 222 223 228 1
0 150 156 154 222 228 229 1
0 152 153 156 223 224 228 1
0 153 157 156 224 230 228 1
0 153 151 155 224 225 231 1
0 153 155 157 224 231 230 1
0 154 158 138 226 232 202 2
0 155 140 159 227 204 233 2
0 154 156 158 229 228 234 1
0 156 160 158 228 235 234 1
0 156 157 161 228 230 236 1
0 156 161 160 228 236 235 1
0 157 155 161 230 231 236 1
0 155 159 161 231 237 236 1
0 158 162 138 232 238 202 2
0 159 140 163 233 204 239 2
0 158 160 164 234 235 240 1
0 158 164 162 234 240 241 1
0 160 161 164 235 236 240 1
0 161 165 164 236 242 240 1
0 161 159 163 236 237 243 1
0 161 163 165 236 243 242 1
0 162 166 138 238 244 202 2
0 163 140 167 239 204 245 2
0 162 164 166 241 240 246 1
0 164 168 166 240 247 246 1
0 164 165 169 240 242 248 1
0 164 169 168 240 248 247 1
0 165 163 169 242 243 248 1
0 163 167 169 243 249 248 1
0 166 136 138 244 200 202 2
0 167 140 139 245 204 203 2
0 166 168 142 246 247 207 1
0 166 142 136 246 207 206 1
0 168 169 142 247 248 207 1
0 169 144 142 248 210 207 1
0 169 167 139 248 249 212 1
0 169 139 144 248 212 210 1

Materials: 1
"Material01"
0.200000 0.200000 0.200000 1.000000
0.800000 0.800000 0.800000 1.000000
0.000000 0.000000 0.000000 1.000000
0.000000 0.000000 0.000000 1.000000
0.000000
1.000000
"E1Root.tga"
""

Bones: 0
GroupComments: 0
MaterialComments: 0
BoneComments: 0
ModelComment: 0
