// MilkShape 3D ASCII

Frames: 40
Frame: 1

Meshes: 1
"Body" 0 0
164
0 -0.000002 6.370001 62.000000 0.731453 0.495962 -1
0 -46.235992 9.909702 57.280525 0.713653 0.305809 -1
0 0.000000 2.000000 0.000000 0.497611 0.495962 -1
0 -0.000002 43.629997 62.000000 0.731453 0.498697 -1
0 0.000000 48.000000 0.000000 0.497611 0.498697 -1
0 -46.235992 40.090298 57.280525 0.713653 0.688850 -1
0 -0.000004 7.685000 109.836800 0.911877 0.495962 -1
0 -46.235992 9.454851 101.475960 0.880343 0.305809 -1
0 -0.000005 10.000000 132.902527 0.998873 0.495962 -1
0 -46.235992 10.000000 122.785919 0.960717 0.305809 -1
0 -0.000005 10.000000 132.902527 0.998873 0.498697 -1
0 -0.000004 26.314999 109.836800 0.911877 0.498697 -1
0 -46.235992 24.545151 101.475960 0.880343 0.688850 -1
0 -46.235992 10.000000 122.785919 0.960717 0.688850 -1
0 -85.432983 12.776860 43.840614 0.662963 0.144605 -1
0 -85.432983 37.223141 43.840614 0.662963 0.850055 -1
0 -46.235992 9.454851 101.475960 0.355219 0.367460 -1
0 -85.432983 18.888430 43.840614 0.281401 0.270952 -1
0 -85.432983 12.776860 43.840614 0.281401 0.333475 -1
0 -85.432983 25.000000 43.840614 0.662963 0.144605 -1
0 -85.432983 25.000000 43.840614 0.281401 0.208430 -1
0 -85.432983 25.000000 43.840614 0.662963 0.850055 -1
0 -46.235992 24.545151 101.475960 0.355219 0.213083 -1
0 -85.432983 31.111572 43.840614 0.281401 0.145907 -1
0 -85.432983 37.223141 43.840614 0.281401 0.083385 -1
0 -111.623566 17.782358 23.726366 0.587099 0.036892 -1
0 -111.623566 32.217640 23.726366 0.587099 0.957768 -1
0 -85.432983 12.776860 43.840614 0.086562 0.344971 -1
0 -85.432983 18.888430 43.840614 0.086562 0.282448 -1
0 -111.623566 21.391180 23.726366 0.049663 0.256845 -1
0 -111.623566 17.782358 23.726366 0.049663 0.293764 -1
0 -85.432983 25.000000 43.840614 0.086562 0.219926 -1
0 -111.623566 25.000000 23.726366 0.049663 0.219926 -1
0 -85.432983 31.111572 43.840614 0.086562 0.157404 -1
0 -111.623566 28.608824 23.726366 0.049663 0.183007 -1
0 -85.432983 37.223141 43.840614 0.086562 0.094881 -1
0 -111.623566 32.217640 23.726366 0.049663 0.146088 -1
0 -120.820480 17.782358 -0.000005 0.497611 -0.000932 -1
0 -120.820480 32.217640 -0.000005 0.497611 0.995592 -1
0 -111.623566 17.782358 23.726366 0.255639 0.282268 -1
0 -111.623566 21.391180 23.726366 0.255639 0.245349 -1
0 -120.820480 17.782358 -0.000005 0.225251 0.282268 -1
0 -120.820480 21.391180 -0.000005 0.225251 0.245349 -1
0 -111.623566 25.000000 23.726366 0.255639 0.208430 -1
0 -120.820480 25.000000 -0.000005 0.225251 0.208430 -1
0 -111.623566 28.608824 23.726366 0.255639 0.171511 -1
0 -120.820480 28.608824 -0.000005 0.225251 0.171511 -1
0 -111.623566 32.217640 23.726366 0.255639 0.134592 -1
0 -120.820480 32.217640 -0.000005 0.225251 0.134592 -1
0 -111.623566 17.782358 -23.726377 0.408124 0.036892 -1
0 -111.623566 32.217640 -23.726377 0.408124 0.957768 -1
0 -111.623566 21.391180 -23.726377 0.194863 0.245349 -1
0 -111.623566 17.782358 -23.726377 0.194863 0.282268 -1
0 -111.623566 25.000000 -23.726377 0.194863 0.208430 -1
0 -111.623566 28.608824 -23.726377 0.194863 0.171511 -1
0 -111.623566 32.217640 -23.726377 0.194863 0.134592 -1
0 -85.432983 12.776860 -43.840622 0.332260 0.144605 -1
0 -85.432983 37.223141 -43.840622 0.332260 0.850055 -1
0 -111.623566 17.782358 -23.726377 0.399538 0.306982 -1
0 -111.623566 21.391180 -23.726377 0.399538 0.270064 -1
0 -85.432983 12.776860 -43.840622 0.362639 0.358190 -1
0 -85.432983 18.888430 -43.840622 0.362639 0.295667 -1
0 -111.623566 25.000000 -23.726377 0.399538 0.233145 -1
0 -85.432983 25.000000 -43.840622 0.362639 0.233145 -1
0 -111.623566 28.608824 -23.726377 0.399538 0.196226 -1
0 -85.432983 31.111572 -43.840622 0.362639 0.170622 -1
0 -111.623566 32.217640 -23.726377 0.399538 0.159307 -1
0 -85.432983 37.223141 -43.840622 0.362639 0.108100 -1
0 -46.235985 9.909702 -57.280533 0.281569 0.305809 -1
0 -46.235985 40.090298 -57.280533 0.281569 0.688850 -1
0 -85.432983 12.776860 -43.840622 0.169101 0.333475 -1
0 -85.432983 18.888430 -43.840622 0.169101 0.270952 -1
0 -46.235985 9.454851 -101.475960 0.095284 0.367460 -1
0 -46.235985 9.454851 -101.475960 0.114879 0.305809 -1
0 -85.432983 25.000000 -43.840622 0.169101 0.208430 -1
0 -85.432983 25.000000 -43.840622 0.332260 0.144605 -1
0 -46.235985 10.000000 -122.785919 0.034505 0.305809 -1
0 -85.432983 31.111572 -43.840622 0.169101 0.145907 -1
0 -46.235985 24.545151 -101.475960 0.095284 0.213083 -1
0 -85.432983 25.000000 -43.840622 0.332260 0.850055 -1
0 -46.235985 24.545151 -101.475960 0.114879 0.688850 -1
0 -46.235985 10.000000 -122.785919 0.034505 0.688850 -1
0 -85.432983 37.223141 -43.840622 0.169101 0.083385 -1
0 0.000003 6.370001 -62.000000 0.263768 0.495962 -1
0 0.000003 43.629997 -62.000000 0.263768 0.498697 -1
0 0.000005 7.685000 -109.836800 0.083344 0.495962 -1
0 0.000006 10.000000 -132.902527 -0.003652 0.495962 -1
0 0.000006 10.000000 -132.902527 -0.003652 0.498697 -1
0 0.000005 26.314999 -109.836800 0.083344 0.498697 -1
0 46.235992 9.909702 -57.280525 0.281569 0.686115 -1
0 46.235992 40.090298 -57.280525 0.281569 0.308544 -1
0 46.235992 9.454851 -101.475960 0.114879 0.686115 -1
0 46.235992 10.000000 -122.785919 0.034505 0.686115 -1
0 46.235992 24.545151 -101.475960 0.114879 0.308544 -1
0 46.235992 10.000000 -122.785919 0.034505 0.308544 -1
0 85.432983 12.776860 -43.840614 0.332260 0.847320 -1
0 85.432983 37.223141 -43.840614 0.332260 0.147340 -1
0 46.235992 9.454851 -101.475960 0.354377 0.367368 -1
0 85.432983 18.888430 -43.840614 0.280559 0.270861 -1
0 85.432983 12.776860 -43.840614 0.280559 0.333383 -1
0 85.432983 25.000000 -43.840614 0.332260 0.847320 -1
0 85.432983 25.000000 -43.840614 0.280559 0.208338 -1
0 85.432983 25.000000 -43.840614 0.332260 0.147340 -1
0 46.235992 24.545151 -101.475960 0.354377 0.212992 -1
0 85.432983 31.111572 -43.840614 0.280559 0.145816 -1
0 85.432983 37.223141 -43.840614 0.280559 0.083294 -1
0 111.623550 17.782358 -23.726366 0.408124 0.955033 -1
0 111.623550 32.217640 -23.726366 0.408124 0.039627 -1
0 85.432983 12.776860 -43.840614 0.086562 0.347761 -1
0 85.432983 18.888430 -43.840614 0.086562 0.285238 -1
0 111.623550 21.391180 -23.726366 0.049663 0.259635 -1
0 111.623550 17.782358 -23.726366 0.049663 0.296554 -1
0 85.432983 25.000000 -43.840614 0.086562 0.222716 -1
0 111.623550 25.000000 -23.726366 0.049663 0.222716 -1
0 85.432983 31.111572 -43.840614 0.086562 0.160194 -1
0 111.623550 28.608824 -23.726366 0.049663 0.185797 -1
0 85.432983 37.223141 -43.840614 0.086562 0.097671 -1
0 111.623550 32.217640 -23.726366 0.049663 0.148878 -1
0 120.820480 17.782358 0.000005 0.497611 0.992857 -1
0 120.820480 32.217640 0.000005 0.497611 0.001803 -1
0 111.623550 17.782358 -23.726366 0.254797 0.282176 -1
0 111.623550 21.391180 -23.726366 0.254797 0.245257 -1
0 120.820480 17.782358 0.000005 0.224409 0.282176 -1
0 120.820480 21.391180 0.000005 0.224409 0.245257 -1
0 111.623550 25.000000 -23.726366 0.254797 0.208338 -1
0 120.820480 25.000000 0.000005 0.224409 0.208338 -1
0 111.623550 28.608824 -23.726366 0.254797 0.171420 -1
0 120.820480 28.608824 0.000005 0.224409 0.171420 -1
0 111.623550 32.217640 -23.726366 0.254797 0.134501 -1
0 120.820480 32.217640 0.000005 0.224409 0.134501 -1
0 111.623550 17.782358 23.726377 0.587099 0.955033 -1
0 111.623550 32.217640 23.726377 0.587099 0.039627 -1
0 111.623550 21.391180 23.726377 0.194021 0.245257 -1
0 111.623550 17.782358 23.726377 0.194021 0.282176 -1
0 111.623550 25.000000 23.726377 0.194021 0.208338 -1
0 111.623550 28.608824 23.726377 0.194021 0.171420 -1
0 111.623550 32.217640 23.726377 0.194021 0.134501 -1
0 85.432983 12.776860 43.840622 0.662963 0.847320 -1
0 85.432983 37.223141 43.840622 0.662963 0.147340 -1
0 111.623550 17.782358 23.726377 0.399538 0.304192 -1
0 111.623550 21.391180 23.726377 0.399538 0.267274 -1
0 85.432983 12.776860 43.840622 0.362640 0.355400 -1
0 85.432983 18.888430 43.840622 0.362640 0.292877 -1
0 111.623550 25.000000 23.726377 0.399538 0.230355 -1
0 85.432983 25.000000 43.840622 0.362640 0.230355 -1
0 111.623550 28.608824 23.726377 0.399538 0.193436 -1
0 85.432983 31.111572 43.840622 0.362640 0.167832 -1
0 111.623550 32.217640 23.726377 0.399538 0.156517 -1
0 85.432983 37.223141 43.840622 0.362640 0.105310 -1
0 46.235985 9.909702 57.280533 0.713653 0.686115 -1
0 46.235985 40.090298 57.280533 0.713653 0.308544 -1
0 85.432983 12.776860 43.840622 0.168260 0.333383 -1
0 85.432983 18.888430 43.840622 0.168260 0.270861 -1
0 46.235985 9.454851 101.475960 0.094442 0.367368 -1
0 46.235985 9.454851 101.475960 0.880343 0.686115 -1
0 85.432983 25.000000 43.840622 0.168260 0.208338 -1
0 85.432983 25.000000 43.840622 0.662963 0.847320 -1
0 46.235985 10.000000 122.785919 0.960717 0.686115 -1
0 85.432983 31.111572 43.840622 0.168260 0.145816 -1
0 46.235985 24.545151 101.475960 0.094442 0.212992 -1
0 85.432983 25.000000 43.840622 0.662963 0.147340 -1
0 46.235985 24.545151 101.475960 0.880343 0.308544 -1
0 46.235985 10.000000 122.785919 0.960717 0.308544 -1
0 85.432983 37.223141 43.840622 0.168260 0.083294 -1
119
-0.000000 -0.997525 0.070309
-0.088519 -0.993899 0.065793
0.000000 -1.000000 -0.000000
-0.000000 0.997525 0.070309
0.000000 1.000000 -0.000000
-0.088519 0.993899 0.065793
-0.000000 -0.999963 0.008613
0.000000 -0.997969 0.063702
-0.109033 -0.993693 0.026202
-0.072368 -0.997325 -0.010264
0.000000 -0.998030 0.062733
-0.206072 -0.978217 0.025025
-0.000000 0.821211 0.570625
-0.000000 0.886458 0.462809
-0.218678 0.870837 0.440253
-0.393634 0.759264 0.518237
-0.000000 0.941832 0.336085
-0.142747 0.933686 0.328411
-0.122254 -0.992482 0.005733
-0.122254 0.992482 0.005733
-0.069447 -0.997533 -0.010266
-0.826893 0.000000 0.562359
-0.826893 0.000000 0.562359
-0.398172 -0.917011 0.023459
-0.633781 0.638879 0.436068
-0.179796 0.927974 0.326402
-0.139990 -0.990153 0.000035
-0.139990 0.990153 0.000034
-0.609095 0.000000 0.793097
-0.609095 0.000000 0.793097
-0.129526 -0.991576 0.000000
-0.129526 0.991576 0.000000
-0.932402 0.000000 0.361422
-1.000000 0.000000 0.000000
-1.000000 0.000000 0.000000
-0.932402 0.000000 0.361422
-0.932402 0.000000 0.361422
-1.000000 0.000000 -0.000000
-0.932402 0.000000 0.361422
-0.139990 -0.990153 -0.000035
-0.139990 0.990153 -0.000034
-0.932402 0.000000 -0.361422
-0.932402 0.000000 -0.361422
-0.932402 0.000000 -0.361422
-0.932402 0.000000 -0.361422
-0.122254 -0.992482 -0.005733
-0.122254 0.992482 -0.005733
-0.609095 0.000000 -0.793097
-0.609095 0.000000 -0.793097
-0.088519 -0.993899 -0.065793
-0.088519 0.993899 -0.065793
-0.826893 0.000000 -0.562359
-0.069447 -0.997533 0.010266
-0.109033 -0.993693 -0.026202
-0.072368 -0.997325 0.010264
-0.398172 -0.917011 -0.023459
-0.206072 -0.978217 -0.025025
-0.633781 0.638879 -0.436068
-0.218678 0.870837 -0.440253
-0.393634 0.759264 -0.518237
-0.826893 0.000000 -0.562359
-0.179796 0.927974 -0.326402
-0.142747 0.933686 -0.328411
0.000000 -0.997525 -0.070309
0.000000 0.997525 -0.070309
-0.000000 -0.999963 -0.008613
0.000000 -0.997969 -0.063702
0.000000 -0.998030 -0.062733
0.000000 0.821211 -0.570625
-0.000000 0.886458 -0.462809
0.000000 0.941832 -0.336085
0.088519 -0.993899 -0.065793
0.088519 0.993899 -0.065793
0.109033 -0.993693 -0.026202
0.072368 -0.997325 0.010264
0.206072 -0.978217 -0.025025
0.218678 0.870837 -0.440253
0.393634 0.759264 -0.518237
0.142747 0.933686 -0.328411
0.122254 -0.992482 -0.005733
0.122254 0.992482 -0.005733
0.069447 -0.997533 0.010266
0.826893 0.000000 -0.562359
0.826893 0.000000 -0.562359
0.398172 -0.917011 -0.023459
0.633781 0.638879 -0.436068
0.179796 0.927974 -0.326402
0.139990 -0.990153 -0.000035
0.139990 0.990153 -0.000034
0.609095 0.000000 -0.793097
0.609095 0.000000 -0.793097
0.129526 -0.991576 0.000000
0.129526 0.991576 -0.000000
0.932402 0.000000 -0.361422
0.932402 0.000000 -0.361422
1.000000 0.000000 0.000000
1.000000 0.000000 -0.000000
1.000000 0.000000 -0.000000
0.139990 -0.990153 0.000035
0.139990 0.990153 0.000034
0.932402 0.000000 0.361422
0.932402 0.000000 0.361422
0.122254 -0.992482 0.005733
0.122254 0.992482 0.005733
0.609095 0.000000 0.793097
0.088519 -0.993899 0.065793
0.088519 0.993899 0.065793
0.826893 0.000000 0.562359
0.069447 -0.997533 -0.010266
0.109033 -0.993693 0.026202
0.072368 -0.997325 -0.010264
0.398172 -0.917011 0.023459
0.206072 -0.978217 0.025025
0.633781 0.638879 0.436068
0.218678 0.870837 0.440253
0.393634 0.759264 0.518237
0.826893 0.000000 0.562359
0.179796 0.927974 0.326402
0.142747 0.933686 0.328411
160
0 0 1 2 0 1 2 2
0 3 4 5 3 4 5 2
0 0 6 7 6 7 8 1
0 0 7 1 6 8 9 1
0 6 8 7 7 10 8 1
0 8 9 7 10 11 8 1
0 10 11 12 12 13 14 1
0 10 12 13 12 14 15 1
0 11 3 12 13 16 14 1
0 3 5 12 16 17 14 1
0 1 14 2 1 18 2 2
0 5 4 15 5 4 19 2
0 1 7 14 9 8 20 1
0 16 17 18 21 21 22 1
0 7 9 19 8 11 23 1
0 16 20 17 21 21 21 1
0 13 12 21 15 14 24 1
0 22 23 20 21 21 21 1
0 12 5 15 14 17 25 1
0 22 24 23 21 21 21 1
0 14 25 2 18 26 2 2
0 15 4 26 19 4 27 2
0 27 28 29 28 28 28 1
0 27 29 30 28 28 28 1
0 28 31 29 28 28 28 1
0 31 32 29 28 29 28 1
0 31 33 34 28 29 29 1
0 31 34 32 28 29 29 1
0 33 35 34 29 29 29 1
0 35 36 34 29 29 29 1
0 25 37 2 26 30 2 2
0 26 4 38 27 4 31 2
0 39 40 41 32 32 33 1
0 40 42 41 32 34 33 1
0 40 43 44 32 35 33 1
0 40 44 42 32 33 34 1
0 43 45 44 35 36 33 1
0 45 46 44 36 37 33 1
0 45 47 48 36 38 33 1
0 45 48 46 36 33 37 1
0 37 49 2 30 39 2 2
0 38 4 50 31 4 40 2
0 41 42 51 33 34 41 1
0 41 51 52 33 41 41 1
0 42 44 51 34 33 41 1
0 44 53 51 33 42 41 1
0 44 46 54 33 37 43 1
0 44 54 53 33 43 42 1
0 46 48 54 37 33 43 1
0 48 55 54 33 44 43 1
0 49 56 2 39 45 2 2
0 50 4 57 40 4 46 2
0 58 59 60 47 47 47 1
0 59 61 60 47 47 47 1
0 59 62 63 47 48 47 1
0 59 63 61 47 47 47 1
0 62 64 63 48 48 47 1
0 64 65 63 48 47 47 1
0 64 66 67 48 48 47 1
0 64 67 65 48 47 47 1
0 56 68 2 45 49 2 2
0 57 4 69 46 4 50 2
0 70 71 72 51 51 51 1
0 56 73 68 52 53 54 1
0 71 74 72 51 51 51 1
0 75 76 73 55 56 53 1
0 74 77 78 51 51 51 1
0 79 80 81 57 58 59 1
0 77 82 78 51 60 51 1
0 57 69 80 61 62 58 1
0 68 83 2 49 63 2 2
0 69 4 84 50 4 64 2
0 68 73 83 54 53 65 1
0 73 85 83 53 66 65 1
0 73 76 86 53 56 67 1
0 73 86 85 53 67 66 1
0 81 80 87 59 58 68 1
0 80 88 87 58 69 68 1
0 80 69 84 58 62 70 1
0 80 84 88 58 70 69 1
0 83 89 2 63 71 2 2
0 84 4 90 64 4 72 2
0 83 85 91 65 66 73 1
0 83 91 89 65 73 74 1
0 85 86 91 66 67 73 1
0 86 92 91 67 75 73 1
0 87 88 93 68 69 76 1
0 87 93 94 68 76 77 1
0 88 84 93 69 70 76 1
0 84 90 93 70 78 76 1
0 89 95 2 71 79 2 2
0 90 4 96 72 4 80 2
0 89 91 95 74 73 81 1
0 97 98 99 82 82 83 1
0 91 92 100 73 75 84 1
0 97 101 98 82 82 82 1
0 94 93 102 77 76 85 1
0 103 104 101 82 82 82 1
0 93 90 96 76 78 86 1
0 103 105 104 82 82 82 1
0 95 106 2 79 87 2 2
0 96 4 107 80 4 88 2
0 108 109 110 89 89 89 1
0 108 110 111 89 89 89 1
0 109 112 110 89 90 89 1
0 112 113 110 90 89 89 1
0 112 114 115 90 90 90 1
0 112 115 113 90 90 89 1
0 114 116 115 90 89 90 1
0 116 117 115 89 89 90 1
0 106 118 2 87 91 2 2
0 107 4 119 88 4 92 2
0 120 121 122 93 94 95 1
0 121 123 122 94 96 95 1
0 121 124 125 94 94 97 1
0 121 125 123 94 97 96 1
0 124 126 125 94 94 97 1
0 126 127 125 94 95 97 1
0 126 128 129 94 94 95 1
0 126 129 127 94 95 95 1
0 118 130 2 91 98 2 2
0 119 4 131 92 4 99 2
0 122 123 132 95 96 100 1
0 122 132 133 95 100 101 1
0 123 125 132 96 97 100 1
0 125 134 132 97 100 100 1
0 125 127 135 97 95 100 1
0 125 135 134 97 100 100 1
0 127 129 135 95 95 100 1
0 129 136 135 95 100 100 1
0 130 137 2 98 102 2 2
0 131 4 138 99 4 103 2
0 139 140 141 104 104 104 1
0 140 142 141 104 104 104 1
0 140 143 144 104 104 104 1
0 140 144 142 104 104 104 1
0 143 145 144 104 104 104 1
0 145 146 144 104 104 104 1
0 145 147 148 104 104 104 1
0 145 148 146 104 104 104 1
0 137 149 2 102 105 2 2
0 138 4 150 103 4 106 2
0 151 152 153 107 107 107 1
0 137 154 149 108 109 110 1
0 152 155 153 107 107 107 1
0 156 157 154 111 112 109 1
0 155 158 159 107 107 107 1
0 160 161 162 113 114 115 1
0 158 163 159 107 116 107 1
0 138 150 161 117 118 114 1
0 149 0 2 105 0 2 2
0 150 4 3 106 4 3 2
0 149 154 0 110 109 6 1
0 154 6 0 109 7 6 1
0 154 157 8 109 112 10 1
0 154 8 6 109 10 7 1
0 162 161 10 115 114 12 1
0 161 11 10 114 13 12 1
0 161 150 3 114 118 16 1
0 161 3 11 114 16 13 1

Materials: 1
"Material01"
0.200000 0.200000 0.200000 1.000000
0.800000 0.800000 0.800000 1.000000
0.000000 0.000000 0.000000 1.000000
0.000000 0.000000 0.000000 1.000000
0.000000
1.000000
"E1Root.tga"
""

Bones: 0
GroupComments: 0
MaterialComments: 0
BoneComments: 0
ModelComment: 0
