// MilkShape 3D ASCII

Frames: 40
Frame: 1

Meshes: 2
"Header" 0 0
62
0 22.000000 52.819504 0.000003 0.501550 0.143776 -1
0 19.052559 51.451317 13.310002 0.666322 0.189495 -1
0 0.000000 47.000000 -0.000001 0.501550 0.485027 -1
0 14.579999 60.180496 0.000002 0.501550 0.258871 -1
0 0.000000 71.000000 -0.000001 0.501550 0.485027 -1
0 12.626649 61.548691 8.820901 0.610749 0.289170 -1
0 20.000000 54.659760 0.000003 0.501550 0.174799 -1
0 17.320507 53.975662 12.100003 0.651343 0.216362 -1
0 13.121999 56.500000 0.000001 0.501550 0.281486 -1
0 11.363984 56.500000 7.938809 0.599829 0.308756 -1
0 14.579999 58.340248 0.000002 0.501550 0.258871 -1
0 12.626649 59.024345 8.820901 0.610749 0.289170 -1
0 10.999997 50.890350 23.053596 0.786945 0.314402 -1
0 7.289998 62.109657 15.278246 0.690688 0.371949 -1
0 9.999997 53.695175 20.957815 0.761000 0.329913 -1
0 6.560998 56.500000 13.750420 0.671775 0.383257 -1
0 7.289998 59.304825 15.278246 0.690688 0.371949 -1
0 -0.000004 52.410561 26.620001 0.831095 0.485027 -1
0 -0.000003 60.589439 17.641798 0.719948 0.485027 -1
0 -0.000004 54.455284 24.200001 0.801137 0.485027 -1
0 -0.000003 56.500000 15.877617 0.698108 0.485027 -1
0 -0.000003 58.544716 17.641798 0.719948 0.485027 -1
0 -11.000003 50.890350 23.053596 0.786945 0.655653 -1
0 -7.290001 67.109650 15.278246 0.690688 0.598106 -1
0 -10.000003 53.695175 20.957815 0.761000 0.640142 -1
0 -6.561001 56.500000 13.750420 0.671775 0.586798 -1
0 -7.290001 64.304825 15.278246 0.690688 0.598106 -1
0 -19.052559 51.451317 13.309995 0.666322 0.780560 -1
0 -12.626647 66.548691 8.820893 0.610749 0.680885 -1
0 -17.320507 53.975662 12.099996 0.651343 0.753693 -1
0 -11.363982 56.500000 7.938806 0.599829 0.661299 -1
0 -12.626647 64.024338 8.820893 0.610749 0.680885 -1
0 -22.000000 52.819504 -0.000005 0.501550 0.826279 -1
0 -14.579997 65.180496 -0.000003 0.501550 0.711184 -1
0 -20.000000 54.659760 -0.000004 0.501550 0.795256 -1
0 -13.121997 56.500000 -0.000003 0.501550 0.688568 -1
0 -14.579997 63.340240 -0.000003 0.501550 0.711184 -1
0 -19.052559 51.451317 -13.310006 0.336777 0.780560 -1
0 -12.626647 66.548691 -8.820905 0.392350 0.680885 -1
0 -17.320507 53.975662 -12.100005 0.351756 0.753693 -1
0 -11.363982 56.500000 -7.938813 0.403270 0.661299 -1
0 -12.626647 64.024338 -8.820905 0.392350 0.680885 -1
0 -10.999995 50.890350 -23.053596 0.216155 0.655653 -1
0 -7.289997 67.109650 -15.278248 0.312411 0.598106 -1
0 -9.999996 53.695175 -20.957815 0.242100 0.640142 -1
0 -6.560997 56.500000 -13.750423 0.331325 0.586798 -1
0 -7.289997 64.304825 -15.278248 0.312411 0.598106 -1
0 0.000005 52.410561 -26.620001 0.172004 0.485027 -1
0 0.000003 60.589439 -17.641798 0.283151 0.485027 -1
0 0.000004 54.455284 -24.200001 0.201963 0.485027 -1
0 0.000003 56.500000 -15.877619 0.304991 0.485027 -1
0 0.000003 58.544716 -17.641798 0.283151 0.485027 -1
0 11.000005 50.890350 -23.053596 0.216155 0.314402 -1
0 7.290002 62.109657 -15.278248 0.312411 0.371949 -1
0 10.000005 53.695175 -20.957815 0.242100 0.329913 -1
0 6.561002 56.500000 -13.750423 0.331325 0.383257 -1
0 7.290002 59.304825 -15.278248 0.312411 0.371949 -1
0 19.052559 51.451317 -13.309999 0.336777 0.189495 -1
0 12.626649 61.548691 -8.820897 0.392350 0.289170 -1
0 17.320507 53.975662 -12.099998 0.351756 0.216362 -1
0 11.363984 56.500000 -7.938808 0.403270 0.308756 -1
0 12.626649 59.024345 -8.820897 0.392350 0.289170 -1
86
0.255727 -0.966749 0.000000
0.213603 -0.976697 0.020880
0.000000 -1.000000 -0.000000
0.595921 0.803043 -0.000000
0.175228 0.984528 0.000000
0.523538 0.838811 0.149342
0.724037 0.689761 0.000000
0.480458 0.877018 -0.000000
0.483801 0.831614 0.272680
0.670261 0.639987 0.375722
0.940776 0.339029 0.000000
0.843895 0.348377 0.408014
0.944411 -0.328768 -0.000000
0.858116 -0.280167 0.430284
1.000000 0.000000 0.000000
0.898571 0.000000 0.438828
0.050336 -0.988472 0.142790
0.218215 0.885158 0.410948
0.447360 0.662637 0.600651
0.342746 0.817382 0.463047
0.550976 0.343722 0.760448
0.550215 -0.267330 0.791074
0.562024 0.000000 0.827121
0.000000 -0.979963 0.199179
0.261737 0.831206 0.490501
-0.000000 0.869691 0.493596
-0.000000 0.763848 0.645396
-0.000000 0.324447 0.945904
-0.018887 -0.276357 0.960869
-0.000000 0.000000 1.000000
-0.050336 -0.988472 0.142790
0.147562 0.939348 0.309598
-0.447361 0.662637 0.600651
-0.342746 0.817382 0.463047
-0.538937 0.466615 0.701297
-0.590926 -0.105070 0.799854
-0.562024 0.000000 0.827121
-0.213603 -0.976697 0.020880
-0.312676 0.949338 0.031487
-0.483801 0.831614 0.272680
-0.670261 0.639987 0.375721
-0.777647 0.502722 0.377539
-0.892775 -0.101036 0.439026
-0.898571 0.000000 0.438828
-0.255727 -0.966749 -0.000000
-0.370704 0.928751 -0.000000
-0.724037 0.689761 0.000000
-0.480458 0.877018 0.000000
-0.857528 0.514438 0.000000
-0.994506 -0.104683 0.000000
-1.000000 0.000000 0.000000
-0.213603 -0.976697 -0.020880
-0.312676 0.949338 -0.031487
-0.483801 0.831614 -0.272680
-0.670260 0.639988 -0.375722
-0.777647 0.502721 -0.377539
-0.892775 -0.101036 -0.439027
-0.898571 0.000000 -0.438828
-0.050336 -0.988472 -0.142790
0.147562 0.939348 -0.309598
-0.447360 0.662637 -0.600651
-0.342746 0.817382 -0.463047
-0.538937 0.466615 -0.701297
-0.590925 -0.105070 -0.799855
-0.562024 0.000000 -0.827121
0.000000 -0.979963 -0.199179
0.261737 0.831206 -0.490501
-0.000000 0.869691 -0.493596
0.000000 0.763848 -0.645396
0.000000 0.324447 -0.945904
-0.018887 -0.276357 -0.960869
0.000000 0.000000 -1.000000
0.050336 -0.988472 -0.142790
0.218215 0.885158 -0.410948
0.447361 0.662637 -0.600651
0.342746 0.817382 -0.463047
0.550976 0.343722 -0.760447
0.550215 -0.267330 -0.791074
0.562024 0.000000 -0.827121
0.213603 -0.976697 -0.020880
0.523538 0.838811 -0.149342
0.483801 0.831614 -0.272680
0.670261 0.639988 -0.375721
0.843895 0.348377 -0.408014
0.858116 -0.280166 -0.430283
0.898571 0.000000 -0.438828
120
0 0 1 2 0 1 2 2
0 3 4 5 3 4 5 2
0 0 6 7 6 7 8 1
0 0 7 1 6 8 9 1
0 6 8 7 7 10 8 1
0 8 9 7 10 11 8 1
0 8 10 11 10 12 13 1
0 8 11 9 10 13 11 1
0 10 3 11 12 14 13 1
0 3 5 11 14 15 13 1
0 1 12 2 1 16 2 2
0 5 4 13 5 4 17 2
0 1 7 12 9 8 18 1
0 7 14 12 8 19 18 1
0 7 9 15 8 11 20 1
0 7 15 14 8 20 19 1
0 9 11 15 11 13 20 1
0 11 16 15 13 21 20 1
0 11 5 13 13 15 22 1
0 11 13 16 13 22 21 1
0 12 17 2 16 23 2 2
0 13 4 18 17 4 24 2
0 12 14 19 18 19 25 1
0 12 19 17 18 25 26 1
0 14 15 19 19 20 25 1
0 15 20 19 20 27 25 1
0 15 16 21 20 21 28 1
0 15 21 20 20 28 27 1
0 16 13 21 21 22 28 1
0 13 18 21 22 29 28 1
0 17 22 2 23 30 2 2
0 18 4 23 24 4 31 2
0 17 19 22 26 25 32 1
0 19 24 22 25 33 32 1
0 19 20 25 25 27 34 1
0 19 25 24 25 34 33 1
0 20 21 25 27 28 34 1
0 21 26 25 28 35 34 1
0 21 18 23 28 29 36 1
0 21 23 26 28 36 35 1
0 22 27 2 30 37 2 2
0 23 4 28 31 4 38 2
0 22 24 29 32 33 39 1
0 22 29 27 32 39 40 1
0 24 25 29 33 34 39 1
0 25 30 29 34 41 39 1
0 25 26 31 34 35 42 1
0 25 31 30 34 42 41 1
0 26 23 31 35 36 42 1
0 23 28 31 36 43 42 1
0 27 32 2 37 44 2 2
0 28 4 33 38 4 45 2
0 27 29 32 40 39 46 1
0 29 34 32 39 47 46 1
0 29 30 35 39 41 48 1
0 29 35 34 39 48 47 1
0 30 31 35 41 42 48 1
0 31 36 35 42 49 48 1
0 31 28 33 42 43 50 1
0 31 33 36 42 50 49 1
0 32 37 2 44 51 2 2
0 33 4 38 45 4 52 2
0 32 34 39 46 47 53 1
0 32 39 37 46 53 54 1
0 34 35 39 47 48 53 1
0 35 40 39 48 55 53 1
0 35 36 41 48 49 56 1
0 35 41 40 48 56 55 1
0 36 33 41 49 50 56 1
0 33 38 41 50 57 56 1
0 37 42 2 51 58 2 2
0 38 4 43 52 4 59 2
0 37 39 42 54 53 60 1
0 39 44 42 53 61 60 1
0 39 40 45 53 55 62 1
0 39 45 44 53 62 61 1
0 40 41 45 55 56 62 1
0 41 46 45 56 63 62 1
0 41 38 43 56 57 64 1
0 41 43 46 56 64 63 1
0 42 47 2 58 65 2 2
0 43 4 48 59 4 66 2
0 42 44 49 60 61 67 1
0 42 49 47 60 67 68 1
0 44 45 49 61 62 67 1
0 45 50 49 62 69 67 1
0 45 46 51 62 63 70 1
0 45 51 50 62 70 69 1
0 46 43 51 63 64 70 1
0 43 48 51 64 71 70 1
0 47 52 2 65 72 2 2
0 48 4 53 66 4 73 2
0 47 49 52 68 67 74 1
0 49 54 52 67 75 74 1
0 49 50 55 67 69 76 1
0 49 55 54 67 76 75 1
0 50 51 55 69 70 76 1
0 51 56 55 70 77 76 1
0 51 48 53 70 71 78 1
0 51 53 56 70 78 77 1
0 52 57 2 72 79 2 2
0 53 4 58 73 4 80 2
0 52 54 59 74 75 81 1
0 52 59 57 74 81 82 1
0 54 55 59 75 76 81 1
0 55 60 59 76 83 81 1
0 55 56 61 76 77 84 1
0 55 61 60 76 84 83 1
0 56 53 61 77 78 84 1
0 53 58 61 78 85 84 1
0 57 0 2 79 0 2 2
0 58 4 3 80 4 3 2
0 57 59 0 82 81 6 1
0 59 6 0 81 7 6 1
0 59 60 8 81 83 10 1
0 59 8 6 81 10 7 1
0 60 61 8 83 84 10 1
0 61 10 8 84 12 10 1
0 61 58 3 84 85 14 1
0 61 3 10 84 14 12 1
"Stick" 0 0
86
0 2.981284 60.654388 3.221021 0.200747 0.988425 -1
0 2.981292 62.264908 2.789486 0.197513 0.977376 -1
1 2.981284 60.654388 0.000000 0.200747 0.905955 -1
0 94.387329 60.654396 3.221025 0.765583 0.988425 -1
1 94.387329 60.654396 0.000004 0.765583 0.905955 -1
0 94.387390 62.264923 2.789490 0.762350 0.977376 -1
0 16.382309 60.654366 1.540605 0.283557 0.945400 -1
0 16.382320 61.424690 1.334203 0.282010 0.940115 -1
0 17.783314 60.654400 3.221021 0.292214 0.988425 -1
0 17.783335 62.264908 2.789486 0.288981 0.977376 -1
0 43.184345 60.654369 3.221023 0.449178 0.988425 -1
0 43.184349 62.264912 2.789487 0.445945 0.977376 -1
0 47.585369 60.654404 1.711784 0.476374 0.949783 -1
0 47.585369 61.510288 1.482449 0.474655 0.943911 -1
0 84.986298 60.654377 1.711786 0.707491 0.949783 -1
0 84.986343 61.510273 1.482450 0.705772 0.943911 -1
0 2.981306 63.443897 1.610510 0.195146 0.947190 -1
0 94.387314 63.443901 1.610514 0.759983 0.947190 -1
0 16.382317 61.988586 0.770303 0.280878 0.925678 -1
0 17.783333 63.443916 1.610511 0.286614 0.947190 -1
0 43.184345 63.443886 1.610512 0.443577 0.947190 -1
0 47.585369 62.136879 0.855893 0.473397 0.927869 -1
0 84.986359 62.136860 0.855895 0.704514 0.927869 -1
0 2.981267 63.875420 0.000000 0.194279 0.905955 -1
0 94.387344 63.875465 0.000004 0.759116 0.905955 -1
0 16.382303 62.194973 0.000001 0.280464 0.905955 -1
0 17.783335 63.875427 0.000001 0.285747 0.905955 -1
0 43.184349 63.875427 0.000002 0.442711 0.905955 -1
0 47.585381 62.366177 0.000002 0.472937 0.905955 -1
0 84.986328 62.366184 0.000004 0.704054 0.905955 -1
0 2.981306 63.443897 -1.610510 0.195146 0.864721 -1
0 94.387314 63.443901 -1.610506 0.759983 0.864721 -1
0 16.382317 61.988586 -0.770301 0.280878 0.886233 -1
0 17.783333 63.443916 -1.610509 0.286614 0.864721 -1
0 43.184345 63.443886 -1.610508 0.443577 0.864721 -1
0 47.585369 62.136879 -0.855889 0.473397 0.884042 -1
0 84.986359 62.136860 -0.855887 0.704514 0.884042 -1
0 2.981293 62.264908 -2.789486 0.197513 0.834535 -1
0 94.387390 62.264923 -2.789482 0.762350 0.834535 -1
0 16.382320 61.424690 -1.334201 0.282010 0.871795 -1
0 17.783335 62.264908 -2.789485 0.288981 0.834535 -1
0 43.184349 62.264912 -2.789484 0.445945 0.834535 -1
0 47.585369 61.510288 -1.482445 0.474655 0.868000 -1
0 84.986343 61.510273 -1.482443 0.705772 0.868000 -1
0 2.981284 60.654388 -3.221020 0.200747 0.823486 -1
0 94.387329 60.654396 -3.221016 0.765583 0.823486 -1
0 16.382309 60.654366 -1.540603 0.283557 0.866511 -1
0 17.783314 60.654400 -3.221020 0.292214 0.823486 -1
0 43.184345 60.654369 -3.221018 0.449178 0.823486 -1
0 47.585369 60.654404 -1.711780 0.476374 0.862128 -1
0 84.986298 60.654377 -1.711778 0.707491 0.862128 -1
0 2.981272 59.043854 -2.789485 0.203980 0.834535 -1
0 94.387360 59.043873 -2.789482 0.768817 0.834535 -1
0 16.382317 59.884094 -1.334201 0.285104 0.871795 -1
0 17.783314 59.043880 -2.789485 0.295448 0.834535 -1
0 43.184349 59.043869 -2.789484 0.452412 0.834535 -1
0 47.585361 59.798508 -1.482445 0.478092 0.868000 -1
0 84.986328 59.798492 -1.482443 0.709209 0.868000 -1
0 2.981283 57.864899 -1.610510 0.206347 0.864721 -1
0 94.387390 57.864944 -1.610506 0.771184 0.864721 -1
0 16.382313 59.320202 -0.770301 0.286236 0.886233 -1
0 17.783321 57.864914 -1.610509 0.297815 0.864721 -1
0 43.184345 57.864899 -1.610508 0.454779 0.864721 -1
0 47.585354 59.171951 -0.855889 0.479350 0.884042 -1
0 84.986359 59.171967 -0.855887 0.710467 0.884042 -1
0 2.981297 57.433380 0.000000 0.207214 0.905955 -1
0 94.387360 57.433369 0.000004 0.772051 0.905955 -1
0 16.382305 59.113766 0.000001 0.286650 0.905955 -1
0 17.783325 57.433414 0.000001 0.298682 0.905955 -1
0 43.184341 57.433342 0.000002 0.455645 0.905955 -1
0 47.585369 58.942642 0.000002 0.479811 0.905955 -1
0 84.986343 58.942638 0.000004 0.710927 0.905955 -1
0 2.981283 57.864899 1.610510 0.206347 0.947190 -1
0 94.387390 57.864944 1.610514 0.771184 0.947190 -1
0 16.382313 59.320202 0.770303 0.286236 0.925678 -1
0 17.783321 57.864914 1.610511 0.297815 0.947190 -1
0 43.184345 57.864899 1.610512 0.454779 0.947190 -1
0 47.585354 59.171951 0.855893 0.479350 0.927869 -1
0 84.986359 59.171967 0.855895 0.710467 0.927869 -1
0 2.981272 59.043854 2.789486 0.203980 0.977376 -1
0 94.387360 59.043873 2.789490 0.768817 0.977376 -1
0 16.382317 59.884094 1.334203 0.285104 0.940115 -1
0 17.783314 59.043880 2.789486 0.295448 0.977376 -1
0 43.184349 59.043869 2.789488 0.452412 0.977376 -1
0 47.585361 59.798508 1.482449 0.478092 0.943911 -1
0 84.986328 59.798492 1.482450 0.709209 0.943911 -1
109
-1.000000 0.000006 -0.000000
-1.000000 0.000007 -0.000001
-1.000000 0.000002 -0.000000
1.000000 -0.000009 0.000000
1.000000 0.000006 -0.000000
1.000000 -0.000005 -0.000019
0.124420 -0.000004 0.992230
-0.371765 -0.000008 0.928327
-0.371766 0.464162 0.803955
0.124421 0.496111 0.859298
-0.428321 -0.000000 0.903627
-0.428319 0.451810 0.782566
0.164721 -0.000003 0.986340
0.164721 0.493165 0.854199
0.164722 -0.000001 0.986340
0.164722 0.493159 0.854202
-0.079540 -0.000001 0.996832
-0.079540 0.498408 0.863286
-0.158510 0.000000 0.987357
-0.158511 0.493676 0.855078
-1.000000 0.000002 0.000010
1.000000 0.000011 -0.000010
0.124422 0.859299 0.496109
-0.371769 0.803956 0.464157
-0.428323 0.782562 0.451814
0.164719 0.854195 0.493172
0.164722 0.854196 0.493169
-0.079541 0.863278 0.498422
-0.158512 0.855072 0.493687
-1.000000 -0.000005 0.000000
1.000000 -0.000005 0.000000
-0.371767 0.928326 -0.000000
0.124422 0.992229 0.000000
-0.428321 0.903627 0.000000
0.164721 0.986340 -0.000000
0.164722 0.986340 -0.000000
-0.079541 0.996832 -0.000000
-0.158515 0.987357 0.000000
-1.000000 0.000002 -0.000010
1.000000 0.000011 0.000010
0.124422 0.859299 -0.496109
-0.371769 0.803956 -0.464157
-0.428323 0.782562 -0.451814
0.164719 0.854195 -0.493172
0.164722 0.854196 -0.493169
-0.079541 0.863278 -0.498422
-0.158512 0.855072 -0.493687
-1.000000 0.000007 0.000001
1.000000 -0.000005 0.000019
-0.371766 0.464162 -0.803955
0.124421 0.496111 -0.859298
-0.428319 0.451810 -0.782566
0.164721 0.493165 -0.854199
0.164722 0.493159 -0.854202
-0.079540 0.498408 -0.863286
-0.158511 0.493676 -0.855078
-1.000000 0.000006 -0.000000
0.124420 -0.000004 -0.992230
-0.371765 -0.000008 -0.928327
-0.428321 -0.000000 -0.903627
0.164721 -0.000003 -0.986340
0.164722 -0.000001 -0.986340
-0.079540 -0.000001 -0.996832
-0.158510 0.000000 -0.987357
-1.000000 0.000002 0.000003
1.000000 0.000021 -0.000001
-0.371765 -0.464168 -0.803952
0.124421 -0.496117 -0.859295
-0.428322 -0.451815 -0.782562
0.164723 -0.493171 -0.854195
0.164723 -0.493170 -0.854195
-0.079540 -0.498425 -0.863276
-0.158510 -0.493689 -0.855071
-1.000000 -0.000004 0.000007
1.000000 0.000016 0.000009
0.124421 -0.859294 -0.496118
-0.371764 -0.803945 -0.464180
-0.428319 -0.782565 -0.451813
0.164723 -0.854193 -0.493174
0.164725 -0.854200 -0.493162
-0.079539 -0.863290 -0.498402
-0.158509 -0.855080 -0.493672
-1.000000 -0.000004 0.000000
1.000000 0.000009 0.000000
-0.371763 -0.928328 -0.000000
0.124418 -0.992230 0.000000
-0.428310 -0.903632 -0.000000
0.164725 -0.986340 -0.000000
0.164727 -0.986339 -0.000000
-0.079540 -0.996832 -0.000000
-0.158513 -0.987357 0.000000
-1.000000 -0.000004 -0.000007
1.000000 0.000016 -0.000009
0.124421 -0.859294 0.496118
-0.371764 -0.803945 0.464180
-0.428319 -0.782565 0.451813
0.164723 -0.854193 0.493174
0.164725 -0.854200 0.493162
-0.079539 -0.863290 0.498402
-0.158509 -0.855080 0.493672
-1.000000 0.000002 -0.000003
1.000000 0.000021 0.000001
-0.371765 -0.464168 0.803952
0.124421 -0.496117 0.859295
-0.428322 -0.451815 0.782562
0.164723 -0.493171 0.854195
0.164723 -0.493170 0.854195
-0.079540 -0.498425 0.863276
-0.158510 -0.493689 0.855071
168
0 0 1 2 0 1 2 2
0 3 4 5 3 4 5 2
0 0 6 7 6 7 8 1
0 0 7 1 6 8 9 1
0 6 8 7 7 10 8 1
0 8 9 7 10 11 8 1
0 8 10 11 10 12 13 1
0 8 11 9 10 13 11 1
0 10 12 11 12 14 13 1
0 12 13 11 14 15 13 1
0 12 14 15 14 16 17 1
0 12 15 13 14 17 15 1
0 14 3 15 16 18 17 1
0 3 5 15 18 19 17 1
0 1 16 2 1 20 2 2
0 5 4 17 5 4 21 2
0 1 7 16 9 8 22 1
0 7 18 16 8 23 22 1
0 7 9 19 8 11 24 1
0 7 19 18 8 24 23 1
0 9 11 19 11 13 24 1
0 11 20 19 13 25 24 1
0 11 13 21 13 15 26 1
0 11 21 20 13 26 25 1
0 13 15 21 15 17 26 1
0 15 22 21 17 27 26 1
0 15 5 17 17 19 28 1
0 15 17 22 17 28 27 1
0 16 23 2 20 29 2 2
0 17 4 24 21 4 30 2
0 16 18 25 22 23 31 1
0 16 25 23 22 31 32 1
0 18 19 25 23 24 31 1
0 19 26 25 24 33 31 1
0 19 20 27 24 25 34 1
0 19 27 26 24 34 33 1
0 20 21 27 25 26 34 1
0 21 28 27 26 35 34 1
0 21 22 29 26 27 36 1
0 21 29 28 26 36 35 1
0 22 17 29 27 28 36 1
0 17 24 29 28 37 36 1
0 23 30 2 29 38 2 2
0 24 4 31 30 4 39 2
0 23 25 30 32 31 40 1
0 25 32 30 31 41 40 1
0 25 26 33 31 33 42 1
0 25 33 32 31 42 41 1
0 26 27 33 33 34 42 1
0 27 34 33 34 43 42 1
0 27 28 35 34 35 44 1
0 27 35 34 34 44 43 1
0 28 29 35 35 36 44 1
0 29 36 35 36 45 44 1
0 29 24 31 36 37 46 1
0 29 31 36 36 46 45 1
0 30 37 2 38 47 2 2
0 31 4 38 39 4 48 2
0 30 32 39 40 41 49 1
0 30 39 37 40 49 50 1
0 32 33 39 41 42 49 1
0 33 40 39 42 51 49 1
0 33 34 41 42 43 52 1
0 33 41 40 42 52 51 1
0 34 35 41 43 44 52 1
0 35 42 41 44 53 52 1
0 35 36 43 44 45 54 1
0 35 43 42 44 54 53 1
0 36 31 43 45 46 54 1
0 31 38 43 46 55 54 1
0 37 44 2 47 56 2 2
0 38 4 45 48 4 3 2
0 37 39 44 50 49 57 1
0 39 46 44 49 58 57 1
0 39 40 47 49 51 59 1
0 39 47 46 49 59 58 1
0 40 41 47 51 52 59 1
0 41 48 47 52 60 59 1
0 41 42 49 52 53 61 1
0 41 49 48 52 61 60 1
0 42 43 49 53 54 61 1
0 43 50 49 54 62 61 1
0 43 38 45 54 55 63 1
0 43 45 50 54 63 62 1
0 44 51 2 56 64 2 2
0 45 4 52 3 4 65 2
0 44 46 53 57 58 66 1
0 44 53 51 57 66 67 1
0 46 47 53 58 59 66 1
0 47 54 53 59 68 66 1
0 47 48 55 59 60 69 1
0 47 55 54 59 69 68 1
0 48 49 55 60 61 69 1
0 49 56 55 61 70 69 1
0 49 50 57 61 62 71 1
0 49 57 56 61 71 70 1
0 50 45 57 62 63 71 1
0 45 52 57 63 72 71 1
0 51 58 2 64 73 2 2
0 52 4 59 65 4 74 2
0 51 53 58 67 66 75 1
0 53 60 58 66 76 75 1
0 53 54 61 66 68 77 1
0 53 61 60 66 77 76 1
0 54 55 61 68 69 77 1
0 55 62 61 69 78 77 1
0 55 56 63 69 70 79 1
0 55 63 62 69 79 78 1
0 56 57 63 70 71 79 1
0 57 64 63 71 80 79 1
0 57 52 59 71 72 81 1
0 57 59 64 71 81 80 1
0 58 65 2 73 82 2 2
0 59 4 66 74 4 83 2
0 58 60 67 75 76 84 1
0 58 67 65 75 84 85 1
0 60 61 67 76 77 84 1
0 61 68 67 77 86 84 1
0 61 62 69 77 78 87 1
0 61 69 68 77 87 86 1
0 62 63 69 78 79 87 1
0 63 70 69 79 88 87 1
0 63 64 71 79 80 89 1
0 63 71 70 79 89 88 1
0 64 59 71 80 81 89 1
0 59 66 71 81 90 89 1
0 65 72 2 82 91 2 2
0 66 4 73 83 4 92 2
0 65 67 72 85 84 93 1
0 67 74 72 84 94 93 1
0 67 68 75 84 86 95 1
0 67 75 74 84 95 94 1
0 68 69 75 86 87 95 1
0 69 76 75 87 96 95 1
0 69 70 77 87 88 97 1
0 69 77 76 87 97 96 1
0 70 71 77 88 89 97 1
0 71 78 77 89 98 97 1
0 71 66 73 89 90 99 1
0 71 73 78 89 99 98 1
0 72 79 2 91 100 2 2
0 73 4 80 92 4 101 2
0 72 74 81 93 94 102 1
0 72 81 79 93 102 103 1
0 74 75 81 94 95 102 1
0 75 82 81 95 104 102 1
0 75 76 83 95 96 105 1
0 75 83 82 95 105 104 1
0 76 77 83 96 97 105 1
0 77 84 83 97 106 105 1
0 77 78 85 97 98 107 1
0 77 85 84 97 107 106 1
0 78 73 85 98 99 107 1
0 73 80 85 99 108 107 1
0 79 0 2 100 0 2 2
0 80 4 3 101 4 3 2
0 79 81 0 103 102 6 1
0 81 6 0 102 7 6 1
0 81 82 8 102 104 10 1
0 81 8 6 102 10 7 1
0 82 83 8 104 105 10 1
0 83 10 8 105 12 10 1
0 83 84 12 105 106 14 1
0 83 12 10 105 14 12 1
0 84 85 12 106 107 14 1
0 85 14 12 107 16 14 1
0 85 80 3 107 108 18 1
0 85 3 14 107 18 16 1

Materials: 1
"Material01"
0.200000 0.200000 0.200000 1.000000
0.800000 0.800000 0.800000 1.000000
0.000000 0.000000 0.000000 1.000000
0.000000 0.000000 0.000000 1.000000
0.000000
1.000000
"E4Root.tga"
""

Bones: 0
GroupComments: 0
MaterialComments: 0
BoneComments: 0
ModelComment: 0
