// MilkShape 3D ASCII

Frames: 15
Frame: 1

Meshes: 1
"Body" 0 0
330
0 -5.000000 26.000000 -0.000000 0.500000 0.514824 -1
0 24.010246 21.000000 32.275036 0.715167 0.306305 -1
0 -5.000001 26.000000 37.268002 0.748453 0.514824 -1
0 15.877469 44.000000 23.528498 0.656857 0.364761 -1
0 -5.000000 49.000000 -0.000000 0.500000 0.514824 -1
0 -5.000001 49.000000 27.168369 0.681122 0.514824 -1
0 -5.000001 33.666668 45.094284 0.800629 0.514824 -1
0 30.312399 28.666668 39.052795 0.760352 0.261006 -1
0 30.312399 36.333332 39.052795 0.760352 0.261006 -1
0 -5.000001 41.333332 45.094284 0.800629 0.514824 -1
0 45.979271 21.000000 18.634003 0.624227 0.148396 -1
0 31.892883 44.000000 13.584186 0.590561 0.249646 -1
0 56.894920 28.666668 22.547144 0.650314 0.069936 -1
0 56.894920 36.333332 22.547144 0.650314 0.069936 -1
0 54.020496 21.000000 0.000002 0.500000 0.090597 -1
0 37.754940 44.000000 0.000002 0.500000 0.207511 -1
0 66.624802 28.666668 0.000003 0.500000 0.000000 -1
0 66.624802 36.333332 0.000003 0.500000 0.000000 -1
0 45.979271 21.000000 -18.633999 0.375773 0.148396 -1
0 31.892883 44.000000 -13.584184 0.409439 0.249646 -1
0 56.894920 28.666668 -22.547140 0.349686 0.069936 -1
0 56.894920 36.333332 -22.547140 0.349686 0.069936 -1
0 24.010250 21.000000 -32.275036 0.284833 0.306305 -1
0 15.877471 44.000000 -23.528498 0.343143 0.364761 -1
0 30.312403 28.666668 -39.052795 0.239648 0.261006 -1
0 30.312403 36.333332 -39.052795 0.239648 0.261006 -1
0 -4.999998 26.000000 -37.268002 0.251547 0.514824 -1
0 -4.999999 49.000000 -27.168369 0.318878 0.514824 -1
0 -4.999998 33.666668 -45.094284 0.199371 0.514824 -1
0 -4.999998 41.333332 -45.094284 0.199371 0.514824 -1
0 -35.010246 26.000000 -32.275036 0.284833 0.730532 -1
0 -26.877466 49.000000 -23.528500 0.343143 0.672075 -1
0 -41.312401 33.666668 -39.052795 0.239648 0.775830 -1
0 -41.312401 41.333332 -39.052795 0.239648 0.775830 -1
0 -45.979271 32.000000 -18.634003 0.375773 0.809375 -1
0 -31.892883 55.000000 -13.584186 0.409439 0.708125 -1
0 -56.894920 39.666668 -22.547144 0.349686 0.887834 -1
0 -56.894920 47.333328 -22.547144 0.349686 0.887834 -1
0 -54.020493 32.000000 -0.000002 0.500000 0.867173 -1
0 -37.754940 55.000000 -0.000002 0.500000 0.750260 -1
0 -66.624802 39.666668 -0.000003 0.500000 0.957770 -1
0 -66.624802 47.333328 -0.000003 0.500000 0.957770 -1
0 -45.979271 32.000000 18.633999 0.624227 0.809375 -1
0 -31.892883 55.000000 13.584184 0.590561 0.708125 -1
0 -56.894920 39.666668 22.547140 0.650314 0.887834 -1
0 -56.894920 47.333328 22.547140 0.650314 0.887834 -1
0 -35.010246 26.000000 32.275036 0.715167 0.730532 -1
0 -26.877470 49.000000 23.528496 0.656857 0.672075 -1
0 -41.312401 33.666668 39.052795 0.760352 0.775830 -1
0 -41.312401 41.333332 39.052795 0.760352 0.775830 -1
0 -59.999996 23.000000 -62.500004 0.083333 0.910153 -1
0 -53.749996 23.000000 -51.674686 0.155502 0.865229 -1
0 -59.999996 23.000000 -50.000004 0.166667 0.910153 -1
0 -53.749996 38.000000 -51.674686 0.155502 0.865229 -1
0 -59.999996 38.000000 -62.500004 0.083333 0.910153 -1
0 -59.999996 38.000000 -50.000004 0.166667 0.910153 -1
0 -53.749996 26.750000 -51.674686 0.155502 0.865229 -1
0 -59.999996 26.750000 -50.000004 0.166667 0.910153 -1
0 -59.999996 30.500000 -50.000004 0.166667 0.910153 -1
0 -53.749996 30.500000 -51.674686 0.155502 0.865229 -1
0 -53.749996 34.250000 -51.674686 0.155502 0.865229 -1
0 -59.999996 34.250000 -50.000004 0.166667 0.910153 -1
0 -49.174679 23.000000 -56.250004 0.125000 0.832343 -1
0 -49.174679 38.000000 -56.250004 0.125000 0.832343 -1
0 -49.174679 26.750000 -56.250004 0.125000 0.832343 -1
0 -49.174679 30.500000 -56.250004 0.125000 0.832343 -1
0 -49.174679 34.250000 -56.250004 0.125000 0.832343 -1
0 -47.499996 23.000000 -62.500004 0.083333 0.820305 -1
0 -47.499996 38.000000 -62.500004 0.083333 0.820305 -1
0 -47.499996 26.750000 -62.500004 0.083333 0.820305 -1
0 -47.499996 30.500000 -62.500004 0.083333 0.820305 -1
0 -47.499996 34.250000 -62.500004 0.083333 0.820305 -1
0 -49.174679 23.000000 -68.750000 0.041667 0.832343 -1
0 -49.174679 38.000000 -68.750000 0.041667 0.832343 -1
0 -49.174679 26.750000 -68.750000 0.041667 0.832343 -1
0 -49.174679 30.500000 -68.750000 0.041667 0.832343 -1
0 -49.174679 34.250000 -68.750000 0.041667 0.832343 -1
0 -53.749996 23.000000 -73.325317 0.011165 0.865229 -1
0 -53.749996 38.000000 -73.325317 0.011165 0.865229 -1
0 -53.749996 26.750000 -73.325317 0.011165 0.865229 -1
0 -53.749996 30.500000 -73.325317 0.011165 0.865229 -1
0 -53.749996 34.250000 -73.325317 0.011165 0.865229 -1
0 -59.999996 23.000000 -75.000000 0.000000 0.910153 -1
0 -59.999996 38.000000 -75.000000 0.000000 0.910153 -1
0 -59.999996 26.750000 -75.000000 0.000000 0.910153 -1
0 -59.999996 30.500000 -75.000000 0.000000 0.910153 -1
0 -59.999996 34.250000 -75.000000 0.000000 0.910153 -1
0 -66.250000 23.000000 -73.325317 0.011165 0.955076 -1
0 -66.250000 38.000000 -73.325317 0.011165 0.955076 -1
0 -66.250000 26.750000 -73.325317 0.011165 0.955076 -1
0 -66.250000 30.500000 -73.325317 0.011165 0.955076 -1
0 -66.250000 34.250000 -73.325317 0.011165 0.955076 -1
0 -70.825317 23.000000 -68.750000 0.041667 0.987963 -1
0 -70.825317 38.000000 -68.750000 0.041667 0.987963 -1
0 -70.825317 26.750000 -68.750000 0.041667 0.987963 -1
0 -70.825317 30.500000 -68.750000 0.041667 0.987963 -1
0 -70.825317 34.250000 -68.750000 0.041667 0.987963 -1
0 -72.500000 23.000000 -62.500004 0.083333 1.000000 -1
0 -72.500000 38.000000 -62.500004 0.083333 1.000000 -1
0 -72.500000 26.750000 -62.500004 0.083333 1.000000 -1
0 -72.500000 30.500000 -62.500004 0.083333 1.000000 -1
0 -72.500000 34.250000 -62.500004 0.083333 1.000000 -1
0 -70.825317 23.000000 -56.250004 0.125000 0.987963 -1
0 -70.825317 38.000000 -56.250004 0.125000 0.987963 -1
0 -70.825317 26.750000 -56.250004 0.125000 0.987963 -1
0 -70.825317 30.500000 -56.250004 0.125000 0.987963 -1
0 -70.825317 34.250000 -56.250004 0.125000 0.987963 -1
0 -66.250000 23.000000 -51.674686 0.155502 0.955076 -1
0 -66.250000 38.000000 -51.674686 0.155502 0.955076 -1
0 -66.250000 26.750000 -51.674686 0.155502 0.955076 -1
0 -66.250000 30.500000 -51.674686 0.155502 0.955076 -1
0 -66.250000 34.250000 -51.674686 0.155502 0.955076 -1
0 -37.523819 45.501575 -30.096701 0.299355 0.748599 -1
0 -28.016230 40.498425 -38.962685 0.240249 0.680260 -1
0 -28.016230 45.501575 -38.962685 0.240249 0.680260 -1
0 -37.523819 40.498425 -30.096701 0.299355 0.748599 -1
0 -57.983765 35.822830 -52.037319 0.153085 0.895660 -1
0 -57.983765 22.177166 -52.037319 0.153085 0.895660 -1
0 -48.476173 35.822830 -60.903301 0.093978 0.827322 -1
0 -48.476173 22.177166 -60.903301 0.093978 0.827322 -1
0 -60.000004 23.000000 49.999996 0.833333 0.910153 -1
0 -53.750004 23.000000 51.674679 0.844498 0.865229 -1
0 -60.000004 23.000000 62.499996 0.916667 0.910153 -1
0 -60.000004 38.000000 49.999996 0.833333 0.910153 -1
0 -60.000004 38.000000 62.499996 0.916667 0.910153 -1
0 -53.750004 38.000000 51.674679 0.844498 0.865229 -1
0 -60.000004 26.750000 49.999996 0.833333 0.910153 -1
0 -53.750004 26.750000 51.674679 0.844498 0.865229 -1
0 -60.000004 30.500000 49.999996 0.833333 0.910153 -1
0 -53.750004 30.500000 51.674679 0.844498 0.865229 -1
0 -60.000004 34.250000 49.999996 0.833333 0.910153 -1
0 -53.750004 34.250000 51.674679 0.844498 0.865229 -1
0 -49.174686 23.000000 56.249996 0.875000 0.832343 -1
0 -49.174686 38.000000 56.249996 0.875000 0.832343 -1
0 -49.174686 26.750000 56.249996 0.875000 0.832343 -1
0 -49.174686 30.500000 56.249996 0.875000 0.832343 -1
0 -49.174686 34.250000 56.249996 0.875000 0.832343 -1
0 -47.500004 23.000000 62.499996 0.916667 0.820305 -1
0 -47.500004 38.000000 62.499996 0.916667 0.820305 -1
0 -47.500004 26.750000 62.499996 0.916667 0.820305 -1
0 -47.500004 30.500000 62.499996 0.916667 0.820305 -1
0 -47.500004 34.250000 62.499996 0.916667 0.820305 -1
0 -49.174686 23.000000 68.750000 0.958333 0.832343 -1
0 -49.174686 38.000000 68.750000 0.958333 0.832343 -1
0 -49.174686 26.750000 68.750000 0.958333 0.832343 -1
0 -49.174686 30.500000 68.750000 0.958333 0.832343 -1
0 -49.174686 34.250000 68.750000 0.958333 0.832343 -1
0 -53.750004 23.000000 73.325317 0.988835 0.865229 -1
0 -53.750004 38.000000 73.325317 0.988835 0.865229 -1
0 -53.750004 26.750000 73.325317 0.988835 0.865229 -1
0 -53.750004 30.500000 73.325317 0.988835 0.865229 -1
0 -53.750004 34.250000 73.325317 0.988835 0.865229 -1
0 -60.000004 23.000000 75.000000 1.000000 0.910153 -1
0 -60.000004 38.000000 75.000000 1.000000 0.910153 -1
0 -60.000004 26.750000 75.000000 1.000000 0.910153 -1
0 -60.000004 30.500000 75.000000 1.000000 0.910153 -1
0 -60.000004 34.250000 75.000000 1.000000 0.910153 -1
0 -66.250000 23.000000 73.325317 0.988835 0.955076 -1
0 -66.250000 38.000000 73.325317 0.988835 0.955076 -1
0 -66.250000 26.750000 73.325317 0.988835 0.955076 -1
0 -66.250000 30.500000 73.325317 0.988835 0.955076 -1
0 -66.250000 34.250000 73.325317 0.988835 0.955076 -1
0 -70.825317 23.000000 68.750000 0.958333 0.987963 -1
0 -70.825317 38.000000 68.750000 0.958333 0.987963 -1
0 -70.825317 26.750000 68.750000 0.958333 0.987963 -1
0 -70.825317 30.500000 68.750000 0.958333 0.987963 -1
0 -70.825317 34.250000 68.750000 0.958333 0.987963 -1
0 -72.500000 23.000000 62.499996 0.916667 1.000000 -1
0 -72.500000 38.000000 62.499996 0.916667 1.000000 -1
0 -72.500000 26.750000 62.499996 0.916667 1.000000 -1
0 -72.500000 30.500000 62.499996 0.916667 1.000000 -1
0 -72.500000 34.250000 62.499996 0.916667 1.000000 -1
0 -70.825317 23.000000 56.249996 0.875000 0.987963 -1
0 -70.825317 38.000000 56.249996 0.875000 0.987963 -1
0 -70.825317 26.750000 56.249996 0.875000 0.987963 -1
0 -70.825317 30.500000 56.249996 0.875000 0.987963 -1
0 -70.825317 34.250000 56.249996 0.875000 0.987963 -1
0 -66.250000 23.000000 51.674679 0.844498 0.955076 -1
0 -66.250000 38.000000 51.674679 0.844498 0.955076 -1
0 -66.250000 26.750000 51.674679 0.844498 0.955076 -1
0 -66.250000 30.500000 51.674679 0.844498 0.955076 -1
0 -66.250000 34.250000 51.674679 0.844498 0.955076 -1
0 -28.016233 45.501575 38.962685 0.759751 0.680260 -1
0 -28.016233 40.498425 38.962685 0.759751 0.680260 -1
0 -37.523819 45.501575 30.096697 0.700645 0.748599 -1
0 -37.523819 40.498425 30.096697 0.700645 0.748599 -1
0 -57.983772 35.822830 52.037312 0.846915 0.895660 -1
0 -57.983772 22.177166 52.037312 0.846915 0.895660 -1
0 -48.476181 35.822830 60.903294 0.906022 0.827322 -1
0 -48.476181 22.177166 60.903294 0.906022 0.827322 -1
0 51.999996 11.000000 49.500004 0.830000 0.105120 -1
0 45.750000 11.000000 38.674686 0.757831 0.150044 -1
0 52.000000 11.000000 37.000004 0.746667 0.105120 -1
0 45.750000 26.000000 38.674686 0.757831 0.150044 -1
0 51.999996 26.000000 49.500004 0.830000 0.105120 -1
0 52.000000 26.000000 37.000004 0.746667 0.105120 -1
0 45.750000 14.750000 38.674686 0.757831 0.150044 -1
0 52.000000 14.750000 37.000004 0.746667 0.105120 -1
0 52.000000 18.500000 37.000004 0.746667 0.105120 -1
0 45.750000 18.500000 38.674686 0.757831 0.150044 -1
0 45.750000 22.250000 38.674686 0.757831 0.150044 -1
0 52.000000 22.250000 37.000004 0.746667 0.105120 -1
0 41.174683 11.000000 43.250000 0.788333 0.182930 -1
0 41.174683 26.000000 43.250000 0.788333 0.182930 -1
0 41.174683 14.750000 43.250000 0.788333 0.182930 -1
0 41.174683 18.500000 43.250000 0.788333 0.182930 -1
0 41.174683 22.250000 43.250000 0.788333 0.182930 -1
0 39.499996 11.000000 49.500000 0.830000 0.194967 -1
0 39.499996 26.000000 49.500000 0.830000 0.194967 -1
0 39.499996 14.750000 49.500000 0.830000 0.194967 -1
0 39.499996 18.500000 49.500000 0.830000 0.194967 -1
0 39.499996 22.250000 49.500000 0.830000 0.194967 -1
0 41.174679 11.000000 55.750000 0.871667 0.182930 -1
0 41.174679 26.000000 55.750000 0.871667 0.182930 -1
0 41.174679 14.750000 55.750000 0.871667 0.182930 -1
0 41.174679 18.500000 55.750000 0.871667 0.182930 -1
0 41.174679 22.250000 55.750000 0.871667 0.182930 -1
0 45.749996 11.000000 60.325321 0.902169 0.150044 -1
0 45.749996 26.000000 60.325321 0.902169 0.150044 -1
0 45.749996 14.750000 60.325321 0.902169 0.150044 -1
0 45.749996 18.500000 60.325321 0.902169 0.150044 -1
0 45.749996 22.250000 60.325321 0.902169 0.150044 -1
0 51.999996 11.000000 62.000004 0.913333 0.105120 -1
0 51.999996 26.000000 62.000004 0.913333 0.105120 -1
0 51.999996 14.750000 62.000004 0.913333 0.105120 -1
0 51.999996 18.500000 62.000004 0.913333 0.105120 -1
0 51.999996 22.250000 62.000004 0.913333 0.105120 -1
0 58.249996 11.000000 60.325321 0.902169 0.060196 -1
0 58.249996 26.000000 60.325321 0.902169 0.060196 -1
0 58.249996 14.750000 60.325321 0.902169 0.060196 -1
0 58.249996 18.500000 60.325321 0.902169 0.060196 -1
0 58.249996 22.250000 60.325321 0.902169 0.060196 -1
0 62.825314 11.000000 55.750004 0.871667 0.027310 -1
0 62.825314 26.000000 55.750004 0.871667 0.027310 -1
0 62.825314 14.750000 55.750004 0.871667 0.027310 -1
0 62.825314 18.500000 55.750004 0.871667 0.027310 -1
0 62.825314 22.250000 55.750004 0.871667 0.027310 -1
0 64.500000 11.000000 49.500004 0.830000 0.015273 -1
0 64.500000 26.000000 49.500004 0.830000 0.015273 -1
0 64.500000 14.750000 49.500004 0.830000 0.015273 -1
0 64.500000 18.500000 49.500004 0.830000 0.015273 -1
0 64.500000 22.250000 49.500004 0.830000 0.015273 -1
0 62.825317 11.000000 43.250004 0.788333 0.027310 -1
0 62.825317 26.000000 43.250004 0.788333 0.027310 -1
0 62.825317 14.750000 43.250004 0.788333 0.027310 -1
0 62.825317 18.500000 43.250004 0.788333 0.027310 -1
0 62.825317 22.250000 43.250004 0.788333 0.027310 -1
0 58.250000 11.000000 38.674686 0.757831 0.060196 -1
0 58.250000 26.000000 38.674686 0.757831 0.060196 -1
0 58.250000 14.750000 38.674686 0.757831 0.060196 -1
0 58.250000 18.500000 38.674686 0.757831 0.060196 -1
0 58.250000 22.250000 38.674686 0.757831 0.060196 -1
0 40.523819 33.501575 28.096701 0.687311 0.187608 -1
0 31.016230 28.498425 36.962685 0.746418 0.255947 -1
0 31.016230 33.501575 36.962685 0.746418 0.255947 -1
0 40.523819 28.498425 28.096701 0.687311 0.187608 -1
0 49.983768 23.822830 39.037319 0.760249 0.119612 -1
0 49.983768 10.177166 39.037319 0.760249 0.119612 -1
0 40.476173 23.822830 47.903297 0.819355 0.187951 -1
0 40.476173 10.177166 47.903297 0.819355 0.187951 -1
0 52.000000 11.000000 -36.999996 0.253333 0.105120 -1
0 45.750000 11.000000 -38.674679 0.242169 0.150044 -1
0 52.000004 11.000000 -49.499996 0.170000 0.105120 -1
0 52.000000 26.000000 -36.999996 0.253333 0.105120 -1
0 52.000004 26.000000 -49.499996 0.170000 0.105120 -1
0 45.750000 26.000000 -38.674679 0.242169 0.150044 -1
0 52.000000 14.750000 -36.999996 0.253333 0.105120 -1
0 45.750000 14.750000 -38.674679 0.242169 0.150044 -1
0 52.000000 18.500000 -36.999996 0.253333 0.105120 -1
0 45.750000 18.500000 -38.674679 0.242169 0.150044 -1
0 52.000000 22.250000 -36.999996 0.253333 0.105120 -1
0 45.750000 22.250000 -38.674679 0.242169 0.150044 -1
0 41.174683 11.000000 -43.250000 0.211667 0.182930 -1
0 41.174683 26.000000 -43.250000 0.211667 0.182930 -1
0 41.174683 14.750000 -43.250000 0.211667 0.182930 -1
0 41.174683 18.500000 -43.250000 0.211667 0.182930 -1
0 41.174683 22.250000 -43.250000 0.211667 0.182930 -1
0 39.500004 11.000000 -49.500000 0.170000 0.194967 -1
0 39.500004 26.000000 -49.500000 0.170000 0.194967 -1
0 39.500004 14.750000 -49.500000 0.170000 0.194967 -1
0 39.500004 18.500000 -49.500000 0.170000 0.194967 -1
0 39.500004 22.250000 -49.500000 0.170000 0.194967 -1
0 41.174686 11.000000 -55.750000 0.128333 0.182930 -1
0 41.174686 26.000000 -55.750000 0.128333 0.182930 -1
0 41.174686 14.750000 -55.750000 0.128333 0.182930 -1
0 41.174686 18.500000 -55.750000 0.128333 0.182930 -1
0 41.174686 22.250000 -55.750000 0.128333 0.182930 -1
0 45.750004 11.000000 -60.325314 0.097831 0.150044 -1
0 45.750004 26.000000 -60.325314 0.097831 0.150044 -1
0 45.750004 14.750000 -60.325314 0.097831 0.150044 -1
0 45.750004 18.500000 -60.325314 0.097831 0.150044 -1
0 45.750004 22.250000 -60.325314 0.097831 0.150044 -1
0 52.000004 11.000000 -61.999996 0.086667 0.105120 -1
0 52.000004 26.000000 -61.999996 0.086667 0.105120 -1
0 52.000004 14.750000 -61.999996 0.086667 0.105120 -1
0 52.000004 18.500000 -61.999996 0.086667 0.105120 -1
0 52.000004 22.250000 -61.999996 0.086667 0.105120 -1
0 58.250004 11.000000 -60.325314 0.097831 0.060196 -1
0 58.250004 26.000000 -60.325314 0.097831 0.060196 -1
0 58.250004 14.750000 -60.325314 0.097831 0.060196 -1
0 58.250004 18.500000 -60.325314 0.097831 0.060196 -1
0 58.250004 22.250000 -60.325314 0.097831 0.060196 -1
0 62.825321 11.000000 -55.749996 0.128333 0.027310 -1
0 62.825321 26.000000 -55.749996 0.128333 0.027310 -1
0 62.825321 14.750000 -55.749996 0.128333 0.027310 -1
0 62.825321 18.500000 -55.749996 0.128333 0.027310 -1
0 62.825321 22.250000 -55.749996 0.128333 0.027310 -1
0 64.500000 11.000000 -49.499996 0.170000 0.015273 -1
0 64.500000 26.000000 -49.499996 0.170000 0.015273 -1
0 64.500000 14.750000 -49.499996 0.170000 0.015273 -1
0 64.500000 18.500000 -49.499996 0.170000 0.015273 -1
0 64.500000 22.250000 -49.499996 0.170000 0.015273 -1
0 62.825317 11.000000 -43.249996 0.211667 0.027310 -1
0 62.825317 26.000000 -43.249996 0.211667 0.027310 -1
0 62.825317 14.750000 -43.249996 0.211667 0.027310 -1
0 62.825317 18.500000 -43.249996 0.211667 0.027310 -1
0 62.825317 22.250000 -43.249996 0.211667 0.027310 -1
0 58.250000 11.000000 -38.674679 0.242169 0.060196 -1
0 58.250000 26.000000 -38.674679 0.242169 0.060196 -1
0 58.250000 14.750000 -38.674679 0.242169 0.060196 -1
0 58.250000 18.500000 -38.674679 0.242169 0.060196 -1
0 58.250000 22.250000 -38.674679 0.242169 0.060196 -1
0 31.016233 33.501575 -36.962685 0.253582 0.255947 -1
0 31.016233 28.498425 -36.962685 0.253582 0.255947 -1
0 40.523819 33.501575 -28.096697 0.312689 0.187608 -1
0 40.523819 28.498425 -28.096697 0.312689 0.187608 -1
0 49.983768 23.822830 -39.037312 0.239751 0.119612 -1
0 49.983768 10.177166 -39.037312 0.239751 0.119612 -1
0 40.476181 23.822830 -47.903297 0.180645 0.187951 -1
0 40.476181 10.177166 -47.903297 0.180645 0.187951 -1
182
-0.113720 -0.993513 0.000000
-0.115896 -0.992027 -0.049510
-0.085234 -0.996361 0.000000
0.159261 0.984893 0.067981
0.166178 0.986096 0.000000
0.117262 0.993101 0.000000
0.180264 -0.742965 0.644599
-0.026545 -0.383119 0.923317
-0.059258 -0.713098 0.698555
0.296490 -0.400268 0.867109
0.340118 0.571174 0.747047
0.040285 0.551304 0.833332
0.082754 0.932188 0.352387
0.223154 0.940326 0.256885
-0.072878 -0.995046 -0.067616
0.100104 0.990643 0.092762
0.665790 -0.463937 0.584368
0.431340 -0.813372 0.390349
0.599313 0.604328 0.524987
0.219846 0.954194 0.202935
-0.084414 -0.996431 0.000000
0.116154 0.993231 0.000000
0.519674 -0.854365 0.000000
0.863180 -0.504897 0.000000
0.773736 0.633509 0.000000
0.256664 0.966501 0.000000
-0.072878 -0.995046 0.067616
0.100104 0.990643 -0.092762
0.665790 -0.463937 -0.584368
0.431340 -0.813372 -0.390349
0.599313 0.604328 -0.524987
0.219846 0.954194 -0.202935
-0.115896 -0.992027 0.049510
0.159261 0.984893 -0.067981
0.180264 -0.742965 -0.644599
0.296490 -0.400268 -0.867109
0.340118 0.571174 -0.747047
0.223154 0.940326 -0.256885
-0.085234 -0.996361 -0.000000
0.117262 0.993101 0.000000
-0.026545 -0.383119 -0.923318
-0.059258 -0.713098 -0.698555
0.040285 0.551304 -0.833332
0.082754 0.932188 -0.352387
-0.121534 -0.986134 0.113005
0.188776 0.966206 -0.175529
-0.369312 -0.801057 -0.471081
-0.467431 -0.424869 -0.775238
-0.301804 0.552531 -0.776932
0.000529 0.896427 -0.443192
-0.182621 -0.979392 0.086257
0.280056 0.950500 -0.134605
-0.778232 -0.462853 -0.424408
-0.531677 -0.833557 -0.150008
-0.633177 0.581451 -0.510882
-0.144054 0.944849 -0.294123
-0.121491 -0.992593 0.000000
0.180180 0.983634 0.000000
-0.519674 -0.854365 -0.000000
-0.863180 -0.504897 -0.000000
-0.773736 0.633509 -0.000000
-0.256664 0.966501 -0.000000
-0.182621 -0.979392 -0.086257
0.280056 0.950500 0.134605
-0.778232 -0.462853 0.424408
-0.531677 -0.833557 0.150008
-0.633178 0.581451 0.510882
-0.144054 0.944849 0.294123
-0.121534 -0.986134 -0.113005
0.188776 0.966206 0.175529
-0.369312 -0.801057 0.471080
-0.467431 -0.424869 0.775238
-0.301804 0.552531 0.776932
0.000529 0.896427 0.443192
0.000000 -1.000000 0.000000
0.000000 1.000000 0.000000
0.500000 0.000000 0.866025
0.000000 0.000000 1.000000
0.500000 0.000000 0.866025
0.000000 0.000000 1.000000
0.866025 0.000000 0.500000
1.000000 0.000000 -0.000000
0.866025 0.000000 -0.500000
0.500000 0.000000 -0.866025
0.500000 0.000000 -0.866025
0.000000 0.000000 -1.000000
0.000000 0.000000 -1.000000
-0.500000 0.000000 -0.866025
-0.500000 0.000000 -0.866025
-0.866025 0.000000 -0.500000
-0.866025 0.000000 -0.500000
-1.000000 0.000000 -0.000000
-1.000000 0.000000 -0.000000
-0.866025 0.000000 0.500000
-0.866025 0.000000 0.500000
-0.500000 0.000000 0.866025
0.681999 0.000000 0.731353
-0.731354 0.000000 0.681998
-0.731354 0.000000 0.681998
-0.681999 0.000000 -0.731353
0.731354 0.000000 -0.681998
0.731354 0.000000 -0.681998
-0.209402 0.951696 -0.224555
-0.209402 0.951696 -0.224555
-0.209402 0.951696 -0.224555
0.355458 -0.853435 0.381181
0.355458 -0.853435 0.381181
0.355458 -0.853435 0.381181
-0.000000 0.000000 -1.000000
0.866025 0.000000 -0.500000
1.000000 0.000000 -0.000000
0.866025 0.000000 0.500000
0.866025 0.000000 0.500000
-0.000000 0.000000 1.000000
-0.500000 0.000000 0.866025
-0.500000 0.000000 0.866025
-0.866025 0.000000 0.500000
-1.000000 0.000000 -0.000000
-0.866025 0.000000 -0.500000
-0.500000 0.000000 -0.866025
-0.500000 0.000000 -0.866025
0.681999 0.000000 -0.731353
-0.731354 0.000000 -0.681998
-0.731354 0.000000 -0.681998
-0.681999 0.000000 0.731353
0.731354 0.000000 0.681998
0.731354 0.000000 0.681998
-0.209402 0.951696 0.224555
-0.209402 0.951696 0.224555
-0.209402 0.951696 0.224555
0.355458 -0.853435 -0.381181
0.355458 -0.853435 -0.381181
0.355458 -0.853435 -0.381181
-0.500000 0.000000 -0.866026
0.000000 0.000000 -1.000000
0.000000 0.000000 -1.000000
-0.500000 0.000000 -0.866026
-0.866025 0.000000 -0.500000
-1.000000 0.000000 -0.000000
-1.000000 0.000000 -0.000000
-0.866026 0.000000 0.500000
-0.866026 0.000000 0.500000
-0.500000 0.000000 0.866025
-0.500000 0.000000 0.866025
0.000000 0.000000 1.000000
0.000000 0.000000 1.000000
0.866025 0.000000 0.500000
1.000000 0.000000 0.000000
1.000000 0.000000 0.000000
0.866025 0.000000 -0.500000
-0.681999 0.000000 -0.731353
0.756439 0.000000 -0.654065
0.681998 0.000000 0.731354
-0.756439 0.000000 0.654065
-0.756439 0.000000 0.654065
0.379480 0.830899 0.406942
0.379480 0.830899 0.406942
0.379480 0.830899 0.406942
-0.535446 -0.619353 -0.574195
-0.535446 -0.619353 -0.574195
-0.535445 -0.619353 -0.574195
-0.500000 0.000000 0.866025
-0.866026 0.000000 0.500000
-0.866026 0.000000 0.500000
-1.000000 0.000000 -0.000000
-1.000000 0.000000 -0.000000
-0.866025 0.000000 -0.500000
-0.866025 0.000000 -0.500000
-0.500000 0.000000 -0.866026
0.866026 0.000000 -0.500000
1.000000 0.000000 0.000000
1.000000 0.000000 0.000000
-0.681999 0.000000 0.731353
0.756439 0.000000 0.654065
0.681999 0.000000 -0.731353
-0.756439 0.000000 -0.654065
0.379480 0.830899 -0.406942
0.379480 0.830899 -0.406942
0.379480 0.830899 -0.406942
-0.535446 -0.619353 0.574194
-0.535446 -0.619353 0.574194
-0.535446 -0.619353 0.574194
624
0 0 1 2 0 1 2 2
0 3 4 5 3 4 5 2
0 1 6 2 6 7 8 1
0 1 7 6 6 9 7 1
0 8 9 6 10 11 7 1
0 7 8 6 9 10 7 1
0 8 5 9 10 12 11 1
0 8 3 5 10 13 12 1
0 0 10 1 0 14 1 2
0 11 4 3 15 4 3 2
0 12 7 1 16 9 6 1
0 10 12 1 17 16 6 1
0 12 8 7 16 10 9 1
0 12 13 8 16 18 10 1
0 11 3 8 19 13 10 1
0 13 11 8 18 19 10 1
0 0 14 10 0 20 14 2
0 15 4 11 21 4 15 2
0 14 12 10 22 16 17 1
0 14 16 12 22 23 16 1
0 17 13 12 24 18 16 1
0 16 17 12 23 24 16 1
0 17 11 13 24 19 18 1
0 17 15 11 24 25 19 1
0 0 18 14 0 26 20 2
0 19 4 15 27 4 21 2
0 20 16 14 28 23 22 1
0 18 20 14 29 28 22 1
0 20 17 16 28 24 23 1
0 20 21 17 28 30 24 1
0 19 15 17 31 25 24 1
0 21 19 17 30 31 24 1
0 0 22 18 0 32 26 2
0 23 4 19 33 4 27 2
0 22 20 18 34 28 29 1
0 22 24 20 34 35 28 1
0 25 21 20 36 30 28 1
0 24 25 20 35 36 28 1
0 25 19 21 36 31 30 1
0 25 23 19 36 37 31 1
0 0 26 22 0 38 32 2
0 27 4 23 39 4 33 2
0 28 24 22 40 35 34 1
0 26 28 22 41 40 34 1
0 28 25 24 40 36 35 1
0 28 29 25 40 42 36 1
0 27 23 25 43 37 36 1
0 29 27 25 42 43 36 1
0 0 30 26 0 44 38 2
0 31 4 27 45 4 39 2
0 30 28 26 46 40 41 1
0 30 32 28 46 47 40 1
0 33 29 28 48 42 40 1
0 32 33 28 47 48 40 1
0 33 27 29 48 43 42 1
0 33 31 27 48 49 43 1
0 0 34 30 0 50 44 2
0 35 4 31 51 4 45 2
0 36 32 30 52 47 46 1
0 34 36 30 53 52 46 1
0 36 33 32 52 48 47 1
0 36 37 33 52 54 48 1
0 35 31 33 55 49 48 1
0 37 35 33 54 55 48 1
0 0 38 34 0 56 50 2
0 39 4 35 57 4 51 2
0 38 36 34 58 52 53 1
0 38 40 36 58 59 52 1
0 41 37 36 60 54 52 1
0 40 41 36 59 60 52 1
0 41 35 37 60 55 54 1
0 41 39 35 60 61 55 1
0 0 42 38 0 62 56 2
0 43 4 39 63 4 57 2
0 44 40 38 64 59 58 1
0 42 44 38 65 64 58 1
0 44 41 40 64 60 59 1
0 44 45 41 64 66 60 1
0 43 39 41 67 61 60 1
0 45 43 41 66 67 60 1
0 0 46 42 0 68 62 2
0 47 4 43 69 4 63 2
0 46 44 42 70 64 65 1
0 46 48 44 70 71 64 1
0 49 45 44 72 66 64 1
0 48 49 44 71 72 64 1
0 49 43 45 72 67 66 1
0 49 47 43 72 73 67 1
0 0 2 46 0 2 68 2
0 5 4 47 5 4 69 2
0 6 48 46 7 71 70 1
0 2 6 46 8 7 70 1
0 6 49 48 7 72 71 1
0 6 9 49 7 11 72 1
0 5 47 49 12 73 72 1
0 9 5 49 11 12 72 1
0 50 51 52 74 74 74 2
0 53 54 55 75 75 75 2
0 56 57 52 76 77 77 1
0 51 56 52 78 76 77 1
0 56 58 57 76 79 77 1
0 56 59 58 76 78 79 1
0 60 61 58 76 77 79 1
0 59 60 58 78 76 79 1
0 60 55 61 76 77 77 1
0 60 53 55 76 78 77 1
0 50 62 51 74 74 74 2
0 63 54 53 75 75 75 2
0 62 56 51 80 76 78 1
0 62 64 56 80 80 76 1
0 65 59 56 80 78 76 1
0 64 65 56 80 80 76 1
0 65 60 59 80 76 78 1
0 65 66 60 80 80 76 1
0 63 53 60 80 78 76 1
0 66 63 60 80 80 76 1
0 50 67 62 74 74 74 2
0 68 54 63 75 75 75 2
0 69 64 62 81 80 80 1
0 67 69 62 81 81 80 1
0 69 65 64 81 80 80 1
0 69 70 65 81 81 80 1
0 71 66 65 81 80 80 1
0 70 71 65 81 81 80 1
0 71 63 66 81 80 80 1
0 71 68 63 81 81 80 1
0 50 72 67 74 74 74 2
0 73 54 68 75 75 75 2
0 72 69 67 82 81 81 1
0 72 74 69 82 82 81 1
0 75 70 69 82 81 81 1
0 74 75 69 82 82 81 1
0 75 71 70 82 81 81 1
0 75 76 71 82 82 81 1
0 73 68 71 82 81 81 1
0 76 73 71 82 82 81 1
0 50 77 72 74 74 74 2
0 78 54 73 75 75 75 2
0 79 74 72 83 82 82 1
0 77 79 72 84 83 82 1
0 79 75 74 83 82 82 1
0 79 80 75 83 83 82 1
0 81 76 75 83 82 82 1
0 80 81 75 83 83 82 1
0 81 73 76 83 82 82 1
0 81 78 73 83 84 82 1
0 50 82 77 74 74 74 2
0 83 54 78 75 75 75 2
0 82 79 77 85 83 84 1
0 82 84 79 85 85 83 1
0 85 80 79 86 83 83 1
0 84 85 79 85 86 83 1
0 85 81 80 86 83 83 1
0 85 86 81 86 85 83 1
0 83 78 81 85 84 83 1
0 86 83 81 85 85 83 1
0 50 87 82 74 74 74 2
0 88 54 83 75 75 75 2
0 89 84 82 87 85 85 1
0 87 89 82 88 87 85 1
0 89 85 84 87 86 85 1
0 89 90 85 87 88 86 1
0 91 86 85 87 85 86 1
0 90 91 85 88 87 86 1
0 91 83 86 87 85 85 1
0 91 88 83 87 88 85 1
0 50 92 87 74 74 74 2
0 93 54 88 75 75 75 2
0 92 89 87 89 87 88 1
0 92 94 89 89 89 87 1
0 95 90 89 90 88 87 1
0 94 95 89 89 90 87 1
0 95 91 90 90 87 88 1
0 95 96 91 90 89 87 1
0 93 88 91 89 88 87 1
0 96 93 91 89 89 87 1
0 50 97 92 74 74 74 2
0 98 54 93 75 75 75 2
0 99 94 92 91 89 89 1
0 97 99 92 92 91 89 1
0 99 95 94 91 90 89 1
0 99 100 95 91 92 90 1
0 101 96 95 91 89 90 1
0 100 101 95 92 91 90 1
0 101 93 96 91 89 89 1
0 101 98 93 91 92 89 1
0 50 102 97 74 74 74 2
0 103 54 98 75 75 75 2
0 102 99 97 93 91 92 1
0 102 104 99 93 93 91 1
0 105 100 99 94 92 91 1
0 104 105 99 93 94 91 1
0 105 101 100 94 91 92 1
0 105 106 101 94 93 91 1
0 103 98 101 93 92 91 1
0 106 103 101 93 93 91 1
0 50 107 102 74 74 74 2
0 108 54 103 75 75 75 2
0 109 104 102 95 93 93 1
0 107 109 102 95 95 93 1
0 109 105 104 95 94 93 1
0 109 110 105 95 95 94 1
0 111 106 105 95 93 94 1
0 110 111 105 95 95 94 1
0 111 103 106 95 93 93 1
0 111 108 103 95 95 93 1
0 50 52 107 74 74 74 2
0 55 54 108 75 75 75 2
0 52 109 107 77 95 95 1
0 52 57 109 77 77 95 1
0 58 110 109 79 95 95 1
0 57 58 109 77 79 95 1
0 58 111 110 79 95 95 1
0 58 61 111 79 77 95 1
0 55 108 111 77 95 95 1
0 61 55 111 77 77 95 1
0 112 113 114 96 96 96 1
0 112 115 113 96 96 96 1
0 116 115 112 97 97 97 2
0 116 117 115 97 98 97 2
0 118 117 116 99 99 99 1
0 118 119 117 99 99 99 1
0 114 119 118 100 100 101 2
0 114 113 119 100 100 100 2
0 116 114 118 102 102 103 3
0 116 112 114 102 104 102 3
0 115 119 113 105 105 106 3
0 115 117 119 105 107 105 3
0 120 121 122 74 74 74 2
0 123 124 125 75 75 75 2
0 120 126 127 108 108 83 1
0 120 127 121 108 83 84 1
0 126 128 127 108 108 83 1
0 128 129 127 108 84 83 1
0 128 130 131 108 108 83 1
0 128 131 129 108 83 84 1
0 130 123 131 108 108 83 1
0 123 125 131 108 84 83 1
0 121 132 122 74 74 74 2
0 125 124 133 75 75 75 2
0 121 127 132 84 83 109 1
0 127 134 132 83 109 109 1
0 127 129 135 83 84 109 1
0 127 135 134 83 109 109 1
0 129 131 135 84 83 109 1
0 131 136 135 83 109 109 1
0 131 125 133 83 84 109 1
0 131 133 136 83 109 109 1
0 132 137 122 74 74 74 2
0 133 124 138 75 75 75 2
0 132 134 139 109 109 81 1
0 132 139 137 109 81 81 1
0 134 135 139 109 109 81 1
0 135 140 139 109 110 81 1
0 135 136 141 109 109 81 1
0 135 141 140 109 81 110 1
0 136 133 141 109 109 81 1
0 133 138 141 109 81 81 1
0 137 142 122 74 74 74 2
0 138 124 143 75 75 75 2
0 137 139 142 81 81 111 1
0 139 144 142 81 111 111 1
0 139 140 145 81 110 112 1
0 139 145 144 81 112 111 1
0 140 141 145 110 81 112 1
0 141 146 145 81 111 112 1
0 141 138 143 81 81 111 1
0 141 143 146 81 111 111 1
0 142 147 122 74 74 74 2
0 143 124 148 75 75 75 2
0 142 144 149 111 111 76 1
0 142 149 147 111 76 78 1
0 144 145 149 111 112 76 1
0 145 150 149 112 76 76 1
0 145 146 151 112 111 76 1
0 145 151 150 112 76 76 1
0 146 143 151 111 111 76 1
0 143 148 151 111 78 76 1
0 147 152 122 74 74 74 2
0 148 124 153 75 75 75 2
0 147 149 152 78 76 113 1
0 149 154 152 76 113 113 1
0 149 150 155 76 76 113 1
0 149 155 154 76 113 113 1
0 150 151 155 76 76 113 1
0 151 156 155 76 113 113 1
0 151 148 153 76 78 113 1
0 151 153 156 76 113 113 1
0 152 157 122 74 74 74 2
0 153 124 158 75 75 75 2
0 152 154 159 113 113 114 1
0 152 159 157 113 114 115 1
0 154 155 159 113 113 114 1
0 155 160 159 113 114 114 1
0 155 156 161 113 113 114 1
0 155 161 160 113 114 114 1
0 156 153 161 113 113 114 1
0 153 158 161 113 115 114 1
0 157 162 122 74 74 74 2
0 158 124 163 75 75 75 2
0 157 159 162 115 114 116 1
0 159 164 162 114 116 116 1
0 159 160 165 114 114 116 1
0 159 165 164 114 116 116 1
0 160 161 165 114 114 116 1
0 161 166 165 114 116 116 1
0 161 158 163 114 115 116 1
0 161 163 166 114 116 116 1
0 162 167 122 74 74 74 2
0 163 124 168 75 75 75 2
0 162 164 169 116 116 117 1
0 162 169 167 116 117 92 1
0 164 165 169 116 116 117 1
0 165 170 169 116 92 117 1
0 165 166 171 116 116 117 1
0 165 171 170 116 117 92 1
0 166 163 171 116 116 117 1
0 163 168 171 116 92 117 1
0 167 172 122 74 74 74 2
0 168 124 173 75 75 75 2
0 167 169 172 92 117 118 1
0 169 174 172 117 118 118 1
0 169 170 175 117 92 90 1
0 169 175 174 117 90 118 1
0 170 171 175 92 117 90 1
0 171 176 175 117 118 90 1
0 171 168 173 117 92 118 1
0 171 173 176 117 118 118 1
0 172 177 122 74 74 74 2
0 173 124 178 75 75 75 2
0 172 174 179 118 118 119 1
0 172 179 177 118 119 120 1
0 174 175 179 118 90 119 1
0 175 180 179 90 120 119 1
0 175 176 181 90 118 119 1
0 175 181 180 90 119 120 1
0 176 173 181 118 118 119 1
0 173 178 181 118 120 119 1
0 177 120 122 74 74 74 2
0 178 124 123 75 75 75 2
0 177 179 120 120 119 108 1
0 179 126 120 119 108 108 1
0 179 180 128 119 120 108 1
0 179 128 126 119 108 108 1
0 180 181 128 120 119 108 1
0 181 130 128 119 108 108 1
0 181 178 123 119 120 108 1
0 181 123 130 119 108 108 1
0 182 183 184 121 121 121 1
0 183 185 184 121 121 121 1
0 184 185 186 122 123 123 2
0 185 187 186 123 123 123 2
0 186 187 188 124 124 124 1
0 187 189 188 124 124 124 1
0 188 189 182 125 125 125 2
0 189 183 182 125 126 125 2
0 188 182 186 127 128 128 3
0 182 184 186 128 129 128 3
0 183 189 185 130 131 131 3
0 189 187 185 131 132 131 3
0 190 191 192 74 74 74 2
0 193 194 195 75 75 75 2
0 196 197 192 133 134 134 1
0 191 196 192 133 133 134 1
0 196 198 197 133 135 134 1
0 196 199 198 133 136 135 1
0 200 201 198 133 134 135 1
0 199 200 198 136 133 135 1
0 200 195 201 133 134 134 1
0 200 193 195 133 133 134 1
0 190 202 191 74 74 74 2
0 203 194 193 75 75 75 2
0 202 196 191 137 133 133 1
0 202 204 196 137 137 133 1
0 205 199 196 137 136 133 1
0 204 205 196 137 137 133 1
0 205 200 199 137 133 136 1
0 205 206 200 137 137 133 1
0 203 193 200 137 133 133 1
0 206 203 200 137 137 133 1
0 190 207 202 74 74 74 2
0 208 194 203 75 75 75 2
0 209 204 202 138 137 137 1
0 207 209 202 139 138 137 1
0 209 205 204 138 137 137 1
0 209 210 205 138 139 137 1
0 211 206 205 138 137 137 1
0 210 211 205 139 138 137 1
0 211 203 206 138 137 137 1
0 211 208 203 138 139 137 1
0 190 212 207 74 74 74 2
0 213 194 208 75 75 75 2
0 212 209 207 140 138 139 1
0 212 214 209 140 140 138 1
0 215 210 209 141 139 138 1
0 214 215 209 140 141 138 1
0 215 211 210 141 138 139 1
0 215 216 211 141 140 138 1
0 213 208 211 140 139 138 1
0 216 213 211 140 140 138 1
0 190 217 212 74 74 74 2
0 218 194 213 75 75 75 2
0 219 214 212 142 140 140 1
0 217 219 212 143 142 140 1
0 219 215 214 142 141 140 1
0 219 220 215 142 143 141 1
0 221 216 215 142 140 141 1
0 220 221 215 143 142 141 1
0 221 213 216 142 140 140 1
0 221 218 213 142 143 140 1
0 190 222 217 74 74 74 2
0 223 194 218 75 75 75 2
0 222 219 217 144 142 143 1
0 222 224 219 144 144 142 1
0 225 220 219 145 143 142 1
0 224 225 219 144 145 142 1
0 225 221 220 145 142 143 1
0 225 226 221 145 144 142 1
0 223 218 221 144 143 142 1
0 226 223 221 144 144 142 1
0 190 227 222 74 74 74 2
0 228 194 223 75 75 75 2
0 229 224 222 76 144 144 1
0 227 229 222 78 76 144 1
0 229 225 224 76 145 144 1
0 229 230 225 76 78 145 1
0 231 226 225 76 144 145 1
0 230 231 225 78 76 145 1
0 231 223 226 76 144 144 1
0 231 228 223 76 78 144 1
0 190 232 227 74 74 74 2
0 233 194 228 75 75 75 2
0 232 229 227 146 76 78 1
0 232 234 229 146 146 76 1
0 235 230 229 146 78 76 1
0 234 235 229 146 146 76 1
0 235 231 230 146 76 78 1
0 235 236 231 146 146 76 1
0 233 228 231 146 78 76 1
0 236 233 231 146 146 76 1
0 190 237 232 74 74 74 2
0 238 194 233 75 75 75 2
0 239 234 232 147 146 146 1
0 237 239 232 148 147 146 1
0 239 235 234 147 146 146 1
0 239 240 235 147 148 146 1
0 241 236 235 147 146 146 1
0 240 241 235 148 147 146 1
0 241 233 236 147 146 146 1
0 241 238 233 147 148 146 1
0 190 242 237 74 74 74 2
0 243 194 238 75 75 75 2
0 242 239 237 149 147 148 1
0 242 244 239 149 149 147 1
0 245 240 239 109 148 147 1
0 244 245 239 149 109 147 1
0 245 241 240 109 147 148 1
0 245 246 241 109 149 147 1
0 243 238 241 149 148 147 1
0 246 243 241 149 149 147 1
0 190 247 242 74 74 74 2
0 248 194 243 75 75 75 2
0 249 244 242 83 149 149 1
0 247 249 242 84 83 149 1
0 249 245 244 83 109 149 1
0 249 250 245 83 83 109 1
0 251 246 245 83 149 109 1
0 250 251 245 83 83 109 1
0 251 243 246 83 149 149 1
0 251 248 243 83 84 149 1
0 190 192 247 74 74 74 2
0 195 194 248 75 75 75 2
0 192 249 247 134 83 84 1
0 192 197 249 134 134 83 1
0 198 250 249 135 83 83 1
0 197 198 249 134 135 83 1
0 198 251 250 135 83 83 1
0 198 201 251 135 134 83 1
0 195 248 251 134 84 83 1
0 201 195 251 134 134 83 1
0 252 253 254 150 150 150 1
0 252 255 253 150 150 150 1
0 256 255 252 151 151 151 2
0 256 257 255 151 151 151 2
0 258 257 256 152 152 152 1
0 258 259 257 152 152 152 1
0 254 259 258 153 153 154 2
0 254 253 259 153 153 153 2
0 256 254 258 155 155 156 3
0 256 252 254 155 157 155 3
0 255 259 253 158 158 159 3
0 255 257 259 158 160 158 3
0 260 261 262 74 74 74 2
0 263 264 265 75 75 75 2
0 260 266 267 144 144 161 1
0 260 267 261 144 161 143 1
0 266 268 267 144 145 161 1
0 268 269 267 145 143 161 1
0 268 270 271 145 144 161 1
0 268 271 269 145 161 143 1
0 270 263 271 144 144 161 1
0 263 265 271 144 143 161 1
0 261 272 262 74 74 74 2
0 265 264 273 75 75 75 2
0 261 267 272 143 161 162 1
0 267 274 272 161 162 162 1
0 267 269 275 161 143 163 1
0 267 275 274 161 163 162 1
0 269 271 275 143 161 163 1
0 271 276 275 161 162 163 1
0 271 265 273 161 143 162 1
0 271 273 276 161 162 162 1
0 272 277 262 74 74 74 2
0 273 264 278 75 75 75 2
0 272 274 279 162 162 164 1
0 272 279 277 162 164 165 1
0 274 275 279 162 163 164 1
0 275 280 279 163 165 164 1
0 275 276 281 163 162 164 1
0 275 281 280 163 164 165 1
0 276 273 281 162 162 164 1
0 273 278 281 162 165 164 1
0 277 282 262 74 74 74 2
0 278 264 283 75 75 75 2
0 277 279 282 165 164 166 1
0 279 284 282 164 166 166 1
0 279 280 285 164 165 167 1
0 279 285 284 164 167 166 1
0 280 281 285 165 164 167 1
0 281 286 285 164 166 167 1
0 281 278 283 164 165 166 1
0 281 283 286 164 166 166 1
0 282 287 262 74 74 74 2
0 283 264 288 75 75 75 2
0 282 284 289 166 166 168 1
0 282 289 287 166 168 133 1
0 284 285 289 166 167 168 1
0 285 290 289 167 168 168 1
0 285 286 291 167 166 168 1
0 285 291 290 167 168 168 1
0 286 283 291 166 166 168 1
0 283 288 291 166 133 168 1
0 287 292 262 74 74 74 2
0 288 264 293 75 75 75 2
0 287 289 292 133 168 134 1
0 289 294 292 168 134 134 1
0 289 290 295 168 168 135 1
0 289 295 294 168 135 134 1
0 290 291 295 168 168 135 1
0 291 296 295 168 134 135 1
0 291 288 293 168 133 134 1
0 291 293 296 168 134 134 1
0 292 297 262 74 74 74 2
0 293 264 298 75 75 75 2
0 292 294 299 134 134 83 1
0 292 299 297 134 83 84 1
0 294 295 299 134 135 83 1
0 295 300 299 135 84 83 1
0 295 296 301 135 134 83 1
0 295 301 300 135 83 84 1
0 296 293 301 134 134 83 1
0 293 298 301 134 84 83 1
0 297 302 262 74 74 74 2
0 298 264 303 75 75 75 2
0 297 299 302 84 83 169 1
0 299 304 302 83 169 169 1
0 299 300 305 83 84 169 1
0 299 305 304 83 169 169 1
0 300 301 305 84 83 169 1
0 301 306 305 83 169 169 1
0 301 298 303 83 84 169 1
0 301 303 306 83 169 169 1
0 302 307 262 74 74 74 2
0 303 264 308 75 75 75 2
0 302 304 309 169 169 170 1
0 302 309 307 169 170 171 1
0 304 305 309 169 169 170 1
0 305 310 309 169 171 170 1
0 305 306 311 169 169 170 1
0 305 311 310 169 170 171 1
0 306 303 311 169 169 170 1
0 303 308 311 169 171 170 1
0 307 312 262 74 74 74 2
0 308 264 313 75 75 75 2
0 307 309 312 171 170 112 1
0 309 314 312 170 112 112 1
0 309 310 315 170 171 80 1
0 309 315 314 170 80 112 1
0 310 311 315 171 170 80 1
0 311 316 315 170 112 80 1
0 311 308 313 170 171 112 1
0 311 313 316 170 112 112 1
0 312 317 262 74 74 74 2
0 313 264 318 75 75 75 2
0 312 314 319 112 112 76 1
0 312 319 317 112 76 78 1
0 314 315 319 112 80 76 1
0 315 320 319 80 76 76 1
0 315 316 321 80 112 76 1
0 315 321 320 80 76 76 1
0 316 313 321 112 112 76 1
0 313 318 321 112 78 76 1
0 317 260 262 74 74 74 2
0 318 264 263 75 75 75 2
0 317 319 260 78 76 144 1
0 319 266 260 76 144 144 1
0 319 320 268 76 76 145 1
0 319 268 266 76 145 144 1
0 320 321 268 76 76 145 1
0 321 270 268 76 144 145 1
0 321 318 263 76 78 144 1
0 321 263 270 76 144 144 1
0 322 323 324 172 172 172 1
0 323 325 324 172 172 172 1
0 324 325 326 173 173 173 2
0 325 327 326 173 173 173 2
0 326 327 328 174 174 174 1
0 327 329 328 174 174 174 1
0 328 329 322 175 175 175 2
0 329 323 322 175 175 175 2
0 328 322 326 176 177 177 3
0 322 324 326 177 178 177 3
0 323 329 325 179 180 180 3
0 329 327 325 180 181 180 3

Materials: 1
"Material01"
0.200000 0.200000 0.200000 1.000000
0.800000 0.800000 0.800000 1.000000
0.000000 0.000000 0.000000 1.000000
0.000000 0.000000 0.000000 1.000000
0.000000
1.000000
"E4Root.tga"
""

Bones: 0
GroupComments: 0
MaterialComments: 0
BoneComments: 0
ModelComment: 0
