// MilkShape 3D ASCII

Frames: 15
Frame: 1

Meshes: 1
"Regroup00" 1 -1
44
1 -53.437599 0.000000 -75.000000 0.000000 0.000000 -1
1 -49.437599 0.000000 -69.500000 0.000000 0.000000 -1
1 -65.437599 0.000000 -74.500000 0.000000 0.000000 -1
1 -71.937599 0.000000 -68.000000 0.000000 0.000000 -1
1 -48.437599 0.000000 -59.500000 0.000000 0.000000 -1
1 -71.437599 0.000000 -56.000000 0.000000 0.000000 -1
1 -61.437599 0.000000 -51.500000 0.000000 0.000000 -1
1 -54.937599 0.000000 -51.500000 0.000000 0.000000 -1
1 -43.937599 0.000000 -36.500000 0.000000 0.000000 -1
1 -27.437599 0.000000 -42.000000 0.000000 0.000000 -1
1 -56.937599 0.000000 49.500000 0.000000 0.000000 -1
1 -65.937599 0.000000 51.500000 0.000000 0.000000 -1
1 -71.937599 0.000000 57.000000 0.000000 0.000000 -1
1 -47.937599 0.000000 62.000000 0.000000 0.000000 -1
1 -71.437599 0.000000 68.500000 0.000000 0.000000 -1
1 -60.437599 0.000000 74.500000 0.000000 0.000000 -1
1 -53.437599 0.000000 74.000000 0.000000 0.000000 -1
1 -45.937599 0.000000 37.000000 0.000000 0.000000 -1
1 -30.937599 0.000000 42.000000 0.000000 0.000000 -1
1 32.562401 0.000000 38.500000 0.000000 0.000000 -1
1 40.062401 0.000000 48.500000 0.000000 0.000000 -1
1 43.062401 0.000000 31.000000 0.000000 0.000000 -1
1 53.062401 0.000000 37.000000 0.000000 0.000000 -1
1 59.562401 0.000000 39.500000 0.000000 0.000000 -1
1 64.562401 0.000000 49.500000 0.000000 0.000000 -1
1 44.562401 0.000000 60.000000 0.000000 0.000000 -1
1 57.062401 0.000000 60.500000 0.000000 0.000000 -1
1 64.562401 0.000000 -55.000000 0.000000 0.000000 -1
1 53.562401 0.000000 -62.500000 0.000000 0.000000 -1
1 46.562401 0.000000 -61.000000 0.000000 0.000000 -1
1 40.062401 0.000000 -51.000000 0.000000 0.000000 -1
1 64.062401 0.000000 -43.500000 0.000000 0.000000 -1
1 58.062401 0.000000 -39.500000 0.000000 0.000000 -1
1 50.062401 0.000000 -39.000000 0.000000 0.000000 -1
1 32.062401 0.000000 -41.000000 0.000000 0.000000 -1
1 44.562401 0.000000 -31.000000 0.000000 0.000000 -1
1 -5.937599 0.000000 -46.000000 0.000000 0.000000 -1
1 56.562401 0.000000 25.000000 0.000000 0.000000 -1
1 58.562401 0.000000 -22.000000 0.000000 0.000000 -1
1 67.062401 0.000000 -0.000000 0.000000 0.000000 -1
1 -4.937599 0.000000 44.500000 0.000000 0.000000 -1
1 -55.437599 0.000000 -24.500000 0.000000 0.000000 -1
1 -58.437599 0.000000 23.000000 0.000000 0.000000 -1
1 -65.437599 0.000000 -0.500000 0.000000 0.000000 -1
3
0.000000 -1.000000 0.000000
0.000000 1.000000 0.000000
0.000000 0.000000 0.000000
42
1 0 1 2 0 0 0 1
1 3 2 1 0 0 0 1
1 3 1 4 0 0 0 1
1 5 3 4 0 0 0 1
1 6 5 4 0 0 0 1
1 7 6 4 0 0 0 1
1 8 7 4 0 0 0 1
1 8 4 9 0 0 0 1
1 10 11 12 1 1 1 1
1 10 12 13 1 1 1 1
1 12 14 13 1 1 1 1
1 14 15 13 1 1 1 1
1 15 16 13 1 1 1 1
1 17 10 13 2 1 1 1
1 17 13 18 2 1 0 1
1 19 20 21 1 1 1 1
1 20 22 21 1 1 1 1
1 20 23 22 1 1 1 1
1 20 24 23 1 1 1 1
1 20 25 24 1 1 1 1
1 25 26 24 1 1 1 1
1 27 28 29 1 1 1 1
1 27 29 30 1 1 1 1
1 31 27 30 1 1 1 1
1 32 31 30 1 1 1 1
1 33 32 30 1 1 1 1
1 33 30 34 1 1 1 1
1 35 33 34 1 1 1 1
1 36 19 34 1 1 1 1
1 19 35 34 1 1 1 1
1 19 21 35 1 1 1 1
1 21 37 35 1 1 1 1
1 37 38 35 1 1 1 1
1 37 39 38 1 1 1 1
1 36 40 19 1 2 1 1
1 36 9 40 1 0 2 1
1 40 8 9 2 0 0 1
1 40 18 8 2 0 0 1
1 18 41 8 0 0 0 1
1 18 17 41 0 2 0 1
1 42 43 41 0 0 0 1
1 17 42 41 2 0 0 1

Materials: 0

Bones: 0
GroupComments: 0
MaterialComments: 0
BoneComments: 0
ModelComment: 0
