// MilkShape 3D ASCII

Frames: 40
Frame: 1

Meshes: 2
"Body" 2 0
82
2 -24.929876 53.553864 48.000000 1.000000 0.685585 -1
2 -47.591888 72.569534 44.346210 0.961940 0.846369 -1
2 -24.929874 53.553864 -0.000001 0.500000 0.685585 -1
2 -6.931826 75.003105 48.000000 1.000000 0.557892 -1
2 -6.931824 75.003105 -0.000000 0.500000 0.557892 -1
2 -29.593817 94.018768 44.346214 0.961940 0.718675 -1
2 -20.430353 58.916168 48.000000 1.000000 0.653662 -1
2 -43.092354 77.931839 44.346214 0.961940 0.814446 -1
2 -15.930845 64.278488 48.000000 1.000000 0.621739 -1
2 -38.592857 83.294167 44.346214 0.961940 0.782522 -1
2 -11.431337 69.640800 48.000000 1.000000 0.589815 -1
2 -34.093330 88.656464 44.346214 0.961940 0.750599 -1
2 -66.803787 88.690239 33.941120 0.853553 0.982675 -1
2 -48.805714 110.139488 33.941120 0.853553 0.854981 -1
2 -62.304264 94.052559 33.941120 0.853553 0.950752 -1
2 -57.804752 99.414871 33.941120 0.853553 0.918828 -1
2 -53.305256 104.777184 33.941120 0.853553 0.886905 -1
2 -69.245697 90.739258 18.368801 0.691342 1.000000 -1
2 -51.247654 112.188515 18.368803 0.691342 0.872306 -1
2 -64.746170 96.101578 18.368803 0.691342 0.968076 -1
2 -60.246677 101.463882 18.368803 0.691342 0.936153 -1
2 -55.747150 106.826202 18.368803 0.691342 0.904230 -1
2 -68.100250 89.778122 -0.000003 0.500000 0.991873 -1
2 -50.102200 111.227371 -0.000002 0.500000 0.864180 -1
2 -63.600765 95.140442 -0.000003 0.500000 0.959950 -1
2 -59.101254 100.502747 -0.000003 0.500000 0.928027 -1
2 -54.601742 105.865067 -0.000002 0.500000 0.896103 -1
2 -69.245697 90.739258 -18.368809 0.308658 1.000000 -1
2 -51.247654 112.188515 -18.368807 0.308658 0.872306 -1
2 -64.746170 96.101578 -18.368807 0.308658 0.968076 -1
2 -60.246677 101.463882 -18.368807 0.308658 0.936153 -1
2 -55.747150 106.826202 -18.368807 0.308658 0.904230 -1
2 -66.803787 88.690239 -33.941128 0.146447 0.982675 -1
2 -48.805714 110.139488 -33.941128 0.146447 0.854981 -1
2 -62.304264 94.052559 -33.941128 0.146447 0.950752 -1
2 -57.804752 99.414871 -33.941128 0.146447 0.918828 -1
2 -53.305256 104.777184 -33.941128 0.146447 0.886905 -1
2 -47.591881 72.569534 -44.346218 0.038060 0.846369 -1
2 -29.593813 94.018768 -44.346214 0.038060 0.718675 -1
2 -43.092346 77.931839 -44.346214 0.038060 0.814446 -1
2 -38.592850 83.294167 -44.346214 0.038060 0.782522 -1
2 -34.093323 88.656464 -44.346214 0.038060 0.750599 -1
2 -24.929873 53.553864 -48.000000 0.000000 0.685585 -1
2 -6.931822 75.003105 -48.000000 0.000000 0.557892 -1
2 -20.430349 58.916168 -48.000000 0.000000 0.653662 -1
2 -15.930841 64.278488 -48.000000 0.000000 0.621739 -1
2 -11.431334 69.640800 -48.000000 0.000000 0.589815 -1
2 17.484489 38.684349 -44.346214 0.038060 0.384661 -1
2 27.061052 64.995728 -44.346214 0.038060 0.316717 -1
2 19.878641 45.262207 -44.346214 0.038060 0.367675 -1
2 22.272768 51.840027 -44.346214 0.038060 0.350689 -1
2 24.666912 58.417885 -44.346214 0.038060 0.333703 -1
2 55.619057 56.355133 -33.941120 0.146447 0.083995 -1
2 55.130375 84.350891 -33.941120 0.146447 0.151940 -1
2 55.496876 63.354076 -33.941120 0.146447 0.100981 -1
2 55.374718 70.353020 -33.941120 0.146447 0.117967 -1
2 55.252552 77.351944 -33.941120 0.146447 0.134954 -1
2 55.715813 56.356842 -18.368803 0.308658 0.083350 -1
2 55.227158 84.352570 -18.368803 0.308658 0.151294 -1
2 55.349323 77.353638 -18.368803 0.308658 0.134308 -1
2 55.675117 56.356117 0.000003 0.500000 0.083621 -1
2 55.186462 84.351852 0.000002 0.500000 0.151566 -1
2 55.471489 70.354706 -18.368803 0.308658 0.117322 -1
2 55.430794 70.353989 0.000002 0.500000 0.117594 -1
2 55.624931 56.355247 18.368807 0.691342 0.083956 -1
2 55.136280 84.350983 18.368807 0.691342 0.151900 -1
2 55.258423 77.352051 18.368807 0.691342 0.134914 -1
2 55.380592 70.353104 18.368807 0.691342 0.117928 -1
2 55.619057 56.355133 33.941128 0.853553 0.083995 -1
2 55.130375 84.350891 33.941128 0.853553 0.151940 -1
2 17.484486 38.684349 44.346214 0.961940 0.384661 -1
2 27.061049 64.995728 44.346214 0.961940 0.316717 -1
2 55.496876 63.354076 33.941128 0.853553 0.100981 -1
2 19.878637 45.262207 44.346214 0.961940 0.367675 -1
2 55.374718 70.353020 33.941128 0.853553 0.117967 -1
2 22.272764 51.840027 44.346214 0.961940 0.350689 -1
2 55.252552 77.351944 33.941128 0.853553 0.134954 -1
2 24.666908 58.417885 44.346214 0.961940 0.333703 -1
2 55.593662 63.355770 -18.368803 0.308658 0.100336 -1
2 55.502766 63.354191 18.368807 0.691342 0.100942 -1
2 55.552952 63.355034 0.000003 0.500000 0.100607 -1
2 55.308624 77.352936 0.000002 0.500000 0.134580 -1
114
-0.494848 -0.868979 -0.000000
-0.642788 -0.766045 -0.000000
-0.354375 -0.935103 -0.000001
0.472583 0.881286 0.000000
0.305184 0.952294 0.000008
0.642788 0.766044 0.000000
-0.010399 0.017820 0.999787
-0.011876 0.009965 0.999880
-0.195514 0.164055 0.966882
-0.195513 0.164055 0.966882
-0.006936 0.015995 0.999848
-0.195514 0.164055 0.966882
-0.007076 0.005938 0.999957
-0.195513 0.164055 0.966882
-0.002866 0.013949 0.999899
-0.195513 0.164055 0.966882
-0.642788 -0.766044 -0.000000
0.642788 0.766044 0.000000
-0.590946 0.495863 0.636320
-0.590946 0.495863 0.636320
-0.590947 0.495862 0.636320
-0.590946 0.495863 0.636320
-0.590945 0.495863 0.636320
-0.642788 -0.766044 -0.000000
0.642788 0.766044 0.000000
-0.764651 0.641617 0.060309
-0.764650 0.641618 0.060308
-0.764650 0.641617 0.060309
-0.764650 0.641618 0.060309
-0.764651 0.641616 0.060309
-0.642788 -0.766044 0.000000
0.642788 0.766044 0.000000
-0.766046 0.642786 0.000000
-0.766046 0.642786 0.000000
-0.766045 0.642787 0.000000
-0.766044 0.642789 0.000000
-0.766044 0.642788 -0.000000
-0.642788 -0.766044 0.000000
0.642788 0.766044 -0.000000
-0.764651 0.641617 -0.060309
-0.764650 0.641618 -0.060308
-0.764650 0.641617 -0.060309
-0.764650 0.641618 -0.060309
-0.764651 0.641616 -0.060309
-0.642788 -0.766044 0.000000
0.642788 0.766044 -0.000000
-0.590946 0.495863 -0.636320
-0.590946 0.495863 -0.636320
-0.590946 0.495862 -0.636320
-0.590946 0.495863 -0.636320
-0.590945 0.495863 -0.636320
-0.642788 -0.766045 0.000000
0.642788 0.766044 -0.000000
-0.195513 0.164055 -0.966882
-0.195513 0.164056 -0.966882
-0.195513 0.164055 -0.966882
-0.195513 0.164055 -0.966882
-0.195513 0.164055 -0.966882
-0.494848 -0.868979 -0.000000
0.472583 0.881286 0.000000
-0.010399 0.017820 -0.999787
-0.011876 0.009965 -0.999880
-0.006936 0.015995 -0.999848
-0.007076 0.005938 -0.999957
-0.002866 0.013949 -0.999899
-0.047440 -0.959851 0.276470
-0.051833 0.964894 -0.257474
0.193136 -0.051966 -0.979795
0.194576 -0.070820 -0.978327
0.227188 -0.082690 -0.970334
0.225446 -0.060859 -0.972353
0.272171 -0.099062 -0.957136
0.145246 -0.952954 0.266048
-0.273456 0.930487 -0.243754
0.921754 -0.007658 -0.387699
0.919498 0.016050 -0.392766
0.857935 -0.022683 -0.513257
0.810162 0.014142 -0.586036
0.896727 -0.024219 -0.441922
0.034728 -0.999397 -0.000034
-0.148663 0.988888 0.000263
0.999846 0.017452 -0.002000
0.999846 0.017452 -0.001617
0.034744 -0.999396 0.000043
-0.148823 0.988864 -0.000325
0.999847 0.017453 -0.001157
0.999845 0.017452 0.002475
0.999845 0.017451 0.002474
0.034749 -0.999396 0.000027
-0.148868 0.988857 -0.000205
0.999846 0.017451 0.001663
0.999846 0.017453 0.001791
0.999847 0.017449 0.001556
0.145266 -0.952938 -0.266096
-0.273635 0.930338 0.244122
-0.047440 -0.959851 -0.276470
-0.051833 0.964894 0.257474
0.923427 -0.007671 0.383696
0.879588 0.015354 0.475487
0.193136 -0.051966 0.979795
0.194576 -0.070820 0.978327
0.816969 -0.028334 0.575986
0.227188 -0.082689 0.970334
0.811869 0.014172 0.583668
0.225446 -0.060859 0.972353
0.898383 -0.024264 0.438543
0.272171 -0.099062 0.957136
0.999844 0.017452 -0.002702
0.999846 0.017450 -0.001999
0.999845 0.017451 0.002474
0.999847 0.017453 0.001448
0.999847 0.017452 0.001555
0.999845 0.017452 0.002475
0.999845 0.017452 0.002475
173
2 0 1 2 0 1 2 2
2 3 4 5 3 4 5 2
2 0 6 7 6 7 8 1
2 0 7 1 6 8 9 1
2 6 8 7 7 10 8 1
2 8 9 7 10 11 8 1
2 8 10 11 10 12 13 1
2 8 11 9 10 13 11 1
2 10 3 11 12 14 13 1
2 3 5 11 14 15 13 1
2 1 12 2 1 16 2 2
2 5 4 13 5 4 17 2
2 1 7 12 9 8 18 1
2 7 14 12 8 19 18 1
2 7 9 15 8 11 20 1
2 7 15 14 8 20 19 1
2 9 11 15 11 13 20 1
2 11 16 15 13 21 20 1
2 11 5 13 13 15 22 1
2 11 13 16 13 22 21 1
2 12 17 2 16 23 2 2
2 13 4 18 17 4 24 2
2 12 14 19 18 19 25 1
2 12 19 17 18 25 26 1
2 14 15 19 19 20 25 1
2 15 20 19 20 27 25 1
2 15 16 21 20 21 28 1
2 15 21 20 20 28 27 1
2 16 13 21 21 22 28 1
2 13 18 21 22 29 28 1
2 17 22 2 23 30 2 2
2 18 4 23 24 4 31 2
2 17 19 22 26 25 32 1
2 19 24 22 25 33 32 1
2 19 20 25 25 27 34 1
2 19 25 24 25 34 33 1
2 20 21 25 27 28 34 1
2 21 26 25 28 35 34 1
2 21 18 23 28 29 36 1
2 21 23 26 28 36 35 1
2 22 27 2 30 37 2 2
2 23 4 28 31 4 38 2
2 22 24 29 32 33 39 1
2 22 29 27 32 39 40 1
2 24 25 29 33 34 39 1
2 25 30 29 34 41 39 1
2 25 26 31 34 35 42 1
2 25 31 30 34 42 41 1
2 26 23 31 35 36 42 1
2 23 28 31 36 43 42 1
2 27 32 2 37 44 2 2
2 28 4 33 38 4 45 2
2 27 29 32 40 39 46 1
2 29 34 32 39 47 46 1
2 29 30 35 39 41 48 1
2 29 35 34 39 48 47 1
2 30 31 35 41 42 48 1
2 31 36 35 42 49 48 1
2 31 28 33 42 43 50 1
2 31 33 36 42 50 49 1
2 32 37 2 44 51 2 2
2 33 4 38 45 4 52 2
2 32 34 39 46 47 53 1
2 32 39 37 46 53 54 1
2 34 35 39 47 48 53 1
2 35 40 39 48 55 53 1
2 35 36 41 48 49 56 1
2 35 41 40 48 56 55 1
2 36 33 41 49 50 56 1
2 33 38 41 50 57 56 1
2 37 42 2 51 58 2 2
2 38 4 43 52 4 59 2
2 37 39 42 54 53 60 1
2 39 44 42 53 61 60 1
2 39 40 45 53 55 62 1
2 39 45 44 53 62 61 1
2 40 41 45 55 56 62 1
2 41 46 45 56 63 62 1
2 41 38 43 56 57 64 1
2 41 43 46 56 64 63 1
2 42 47 2 58 65 2 2
2 43 4 48 59 4 66 2
2 42 44 49 60 61 67 1
2 42 49 47 60 67 68 1
2 44 45 49 61 62 67 1
2 45 50 49 62 69 67 1
2 45 46 51 62 63 70 1
2 45 51 50 62 70 69 1
2 46 43 51 63 64 70 1
2 43 48 51 64 71 70 1
2 47 52 2 65 72 2 2
2 48 4 53 66 4 73 2
2 47 49 52 68 67 74 1
2 49 54 52 67 75 74 1
2 49 50 55 67 69 76 1
2 49 55 54 67 76 75 1
2 50 51 55 69 70 76 1
2 51 56 55 70 77 76 1
2 51 48 53 70 71 78 1
2 51 53 56 70 78 77 1
2 52 57 2 72 79 2 2
2 53 4 58 73 4 80 2
2 53 58 59 78 81 82 1
2 57 60 2 79 83 2 2
2 58 4 61 80 4 84 2
2 62 59 63 85 82 86 1
2 59 58 61 82 81 87 1
2 60 64 2 83 88 2 2
2 61 4 65 84 4 89 2
2 63 66 67 86 90 91 1
2 61 65 66 87 92 90 1
2 64 68 2 88 93 2 2
2 65 4 69 89 4 94 2
2 68 70 2 93 95 2 2
2 69 4 71 94 4 96 2
2 68 72 73 97 98 99 1
2 68 73 70 97 99 100 1
2 72 74 73 98 101 99 1
2 74 75 73 101 102 99 1
2 74 76 77 101 103 104 1
2 74 77 75 101 104 102 1
2 76 69 77 103 105 104 1
2 69 71 77 105 106 104 1
2 70 0 2 95 0 2 2
2 71 4 3 96 4 3 2
2 70 73 0 100 99 6 1
2 73 6 0 99 7 6 1
2 73 75 8 99 102 10 1
2 73 8 6 99 10 7 1
2 75 77 8 102 104 10 1
2 77 10 8 104 12 10 1
2 77 71 3 104 106 14 1
2 77 3 10 104 14 12 1
2 52 54 78 74 75 107 1
2 52 78 57 74 107 108 1
2 54 55 78 75 76 107 1
2 57 78 60 108 107 109 1
2 60 79 64 109 110 111 1
2 64 79 68 111 110 97 1
2 79 72 68 110 98 97 1
2 66 65 69 90 92 105 1
2 55 62 78 76 85 107 1
2 55 56 59 76 77 82 1
2 55 59 62 76 82 85 1
2 56 53 59 77 78 82 1
2 78 80 60 107 112 109 1
2 78 62 63 107 85 86 1
2 78 63 80 107 86 112 1
2 59 81 63 82 113 86 1
2 59 61 81 82 87 113 1
2 60 80 79 109 112 110 1
2 80 63 79 112 86 110 1
2 63 67 79 86 91 110 1
2 63 81 66 86 113 90 1
2 81 61 66 113 87 90 1
2 79 67 74 110 91 101 1
2 79 74 72 110 101 98 1
2 67 66 74 91 90 101 1
2 66 76 74 90 103 101 1
2 66 69 76 90 105 103 1
2 53 58 59 78 81 82 1
2 62 59 63 85 82 86 1
2 59 58 61 82 81 87 1
2 63 66 67 86 90 91 1
2 61 65 66 87 92 90 1
2 52 54 78 74 75 107 1
2 52 78 57 74 107 108 1
2 54 55 78 75 76 107 1
2 57 78 60 108 107 109 1
2 60 79 64 109 110 111 1
2 64 79 68 111 110 97 1
2 79 72 68 110 98 97 1
2 66 65 69 90 92 105 1
"Header" 0 0
170
0 58.118546 63.801731 -0.027617 0.499712 0.084428 -1
0 58.108845 69.247604 -2.826319 0.470559 0.097073 -1
0 56.869957 63.192753 -7.906080 0.417645 0.091398 -1
0 59.660625 63.441257 -3.037789 0.468356 0.073251 -1
0 58.841431 63.041676 -8.206846 0.414512 0.077824 -1
0 59.654263 67.014297 -4.874017 0.449229 0.081547 -1
0 68.304512 63.021317 -1.581582 0.483525 0.014295 -1
0 68.294785 68.467186 -4.380282 0.454372 0.026939 -1
0 68.987328 62.835125 -3.218849 0.466470 0.009284 -1
0 68.979446 67.246292 -5.485798 0.442856 0.019526 -1
0 57.373394 71.146622 -8.600673 0.410410 0.106393 -1
0 59.171738 68.260223 -8.662569 0.409765 0.087662 -1
0 67.559372 70.366196 -10.154636 0.394222 0.036259 -1
0 68.383728 68.784477 -10.163023 0.394135 0.027076 -1
0 56.343063 68.386391 -13.968144 0.354499 0.106929 -1
0 58.495728 66.449226 -12.184169 0.373082 0.088014 -1
0 66.528999 67.605988 -15.522106 0.338311 0.036796 -1
0 67.549164 66.548668 -14.510677 0.348847 0.027510 -1
0 55.621372 62.583771 -15.784542 0.335578 0.098367 -1
0 58.022232 62.642136 -13.375907 0.360668 0.082396 -1
0 65.807335 61.803356 -17.338509 0.319391 0.028234 -1
0 66.964584 61.848583 -15.981958 0.333521 0.020575 -1
0 55.631092 57.137917 -12.985843 0.364731 0.085723 -1
0 58.028610 59.069118 -11.539681 0.379795 0.074100 -1
0 65.817009 56.357544 -14.539805 0.348544 0.015590 -1
0 66.972473 57.437485 -13.715014 0.357135 0.010333 -1
0 56.366528 55.238899 -7.211487 0.424880 0.076403 -1
0 58.511124 57.823181 -7.751125 0.419259 0.067985 -1
0 66.552460 54.458538 -8.765452 0.408693 0.006270 -1
0 67.568108 55.899296 -9.037784 0.405856 0.002784 -1
0 57.396862 57.999142 -1.844017 0.480791 0.075867 -1
0 59.187134 59.634171 -4.229529 0.455942 0.067634 -1
0 67.582787 57.218773 -3.397979 0.464604 0.005734 -1
0 68.402718 58.135067 -4.690134 0.451144 0.002350 -1
0 56.953125 70.655724 -18.264751 0.309742 0.108078 -1
0 55.793209 75.868484 -21.260109 0.278540 0.127900 -1
0 55.278008 69.438683 -25.992155 0.229248 0.116504 -1
0 58.318329 70.411545 -21.370493 0.277391 0.098356 -1
0 57.219299 69.613052 -26.440443 0.224579 0.103884 -1
0 57.557327 73.831650 -23.335747 0.256919 0.111361 -1
0 66.983139 71.556633 -20.580902 0.285616 0.042875 -1
0 65.823250 76.769379 -23.576260 0.254414 0.062696 -1
0 67.570824 71.406746 -22.258310 0.268143 0.038586 -1
0 66.631302 75.629082 -24.684553 0.242869 0.054642 -1
0 54.331516 77.314720 -27.027431 0.218464 0.141046 -1
0 56.598316 74.780540 -27.119690 0.217503 0.119986 -1
0 64.361542 78.215652 -29.343584 0.194338 0.075842 -1
0 65.447334 76.800552 -29.356085 0.194207 0.065290 -1
0 53.424244 74.147316 -32.188305 0.164705 0.139816 -1
0 56.003036 72.702400 -30.505741 0.182232 0.119179 -1
0 63.454277 75.048218 -34.504456 0.140579 0.074612 -1
0 64.712448 74.234955 -33.536396 0.150662 0.064294 -1
0 53.602890 68.221642 -33.719563 0.148755 0.124930 -1
0 56.120243 68.814545 -31.510399 0.171767 0.109413 -1
0 63.632915 69.122536 -36.035713 0.124628 0.059727 -1
0 64.857147 69.435158 -34.776707 0.137743 0.052236 -1
0 54.762798 63.008900 -30.724207 0.179956 0.105109 -1
0 56.881279 65.394485 -29.545145 0.192238 0.096407 -1
0 64.792763 63.909840 -33.040359 0.155830 0.039905 -1
0 65.796646 65.212883 -32.350475 0.163016 0.036181 -1
0 56.224499 61.562630 -24.956881 0.240032 0.091962 -1
0 57.840298 64.445564 -25.761200 0.231654 0.087782 -1
0 66.254501 62.463581 -27.273031 0.215906 0.026759 -1
0 66.980614 64.041412 -27.678938 0.211678 0.025532 -1
0 57.131763 64.730057 -19.796007 0.293792 0.093192 -1
0 58.435555 66.523727 -22.375151 0.266925 0.088589 -1
0 67.161743 65.631004 -22.112156 0.269665 0.027989 -1
0 67.715492 66.606995 -23.498631 0.255223 0.026529 -1
0 55.663296 61.993538 16.284548 0.669631 0.096722 -1
0 55.876507 67.836960 14.468150 0.650710 0.108790 -1
0 56.854080 62.709019 8.406086 0.587563 0.090387 -1
0 58.049950 62.260948 13.875911 0.644541 0.081330 -1
0 58.831215 62.730366 8.706853 0.590696 0.077173 -1
0 58.189835 66.094818 12.684173 0.632127 0.089247 -1
0 65.878525 62.103855 17.838516 0.685818 0.028450 -1
0 66.091728 67.947273 16.022116 0.666897 0.040517 -1
0 67.027428 62.249760 16.481966 0.671687 0.021080 -1
0 67.200150 66.982941 15.010682 0.656361 0.030854 -1
0 56.662361 70.676498 9.100678 0.594799 0.110077 -1
0 58.705441 67.957840 9.162576 0.595443 0.090091 -1
0 66.877579 70.786812 10.654643 0.610986 0.041805 -1
0 67.836685 69.282936 10.663030 0.611073 0.031897 -1
0 57.560509 68.848793 3.326325 0.534649 0.099830 -1
0 59.294701 66.758698 5.374021 0.555979 0.083369 -1
0 67.775719 68.959122 4.880289 0.550836 0.031558 -1
0 68.564186 67.802544 5.985803 0.562352 0.023597 -1
0 58.044827 63.424480 0.527623 0.505496 0.084052 -1
0 59.612473 63.199806 3.537791 0.536852 0.073016 -1
0 68.260033 63.534805 2.081589 0.521683 0.015779 -1
0 68.956474 63.408829 3.718857 0.538738 0.010817 -1
0 57.831635 57.581085 2.344023 0.524417 0.071984 -1
0 59.472588 59.365940 4.729533 0.549266 0.065099 -1
0 68.046799 57.691460 3.897987 0.540604 0.003713 -1
0 68.783768 58.675720 5.190139 0.554064 0.001042 -1
0 57.045780 54.741543 7.711493 0.580328 0.070697 -1
0 58.956989 57.502911 8.251131 0.585949 0.064254 -1
0 67.260963 54.851936 9.265458 0.596515 0.002425 -1
0 68.147202 56.375732 9.537790 0.599352 0.000000 -1
0 56.147640 56.569241 13.485848 0.640478 0.080944 -1
0 58.367722 58.702057 12.039685 0.625413 0.070977 -1
0 66.362801 56.679604 15.039812 0.656665 0.012672 -1
0 67.419739 57.856129 14.215018 0.648073 0.008300 -1
0 53.350128 67.349899 33.469570 0.848641 0.124612 -1
0 52.655708 73.237442 31.938313 0.832691 0.142870 -1
0 54.912785 68.708305 25.742159 0.768147 0.117267 -1
0 55.806252 68.159966 31.260397 0.825629 0.110007 -1
0 56.831497 69.051186 26.190447 0.772817 0.105188 -1
0 55.350632 72.022766 30.255743 0.815164 0.121986 -1
0 63.263477 69.121513 35.785725 0.872768 0.062203 -1
0 62.569046 75.009056 34.254463 0.856817 0.080460 -1
0 64.455780 69.539642 34.526714 0.859653 0.055170 -1
0 63.893314 74.308556 33.286404 0.846733 0.069959 -1
0 53.283440 76.471878 26.777435 0.778932 0.146130 -1
0 55.762497 74.144859 26.869692 0.779893 0.124125 -1
0 63.196812 78.243538 29.093586 0.803058 0.083720 -1
0 64.401794 76.928452 29.106087 0.803188 0.072599 -1
0 54.865650 75.158516 21.010109 0.718855 0.132483 -1
0 56.800568 73.283203 23.085747 0.740476 0.115171 -1
0 64.778976 76.930145 23.326263 0.742982 0.070073 -1
0 65.683365 75.864655 24.434555 0.754527 0.061545 -1
0 56.475449 70.066689 18.014753 0.687654 0.109922 -1
0 57.856766 69.942406 21.120493 0.720005 0.100369 -1
0 66.388802 71.838348 20.330906 0.711780 0.047512 -1
0 66.987289 71.740257 22.008318 0.729253 0.043271 -1
0 57.169880 64.179123 19.546011 0.703604 0.091664 -1
0 58.312382 66.079620 22.125151 0.730470 0.088390 -1
0 67.083168 65.950813 21.862164 0.727731 0.029255 -1
0 67.549759 66.971367 23.248636 0.742173 0.028482 -1
0 56.542126 60.944679 24.706884 0.757363 0.088404 -1
0 57.900513 63.957497 25.511204 0.765742 0.086251 -1
0 66.455421 62.716404 27.023039 0.781490 0.025995 -1
0 67.041229 64.351486 27.428944 0.785718 0.025842 -1
0 54.959953 62.258064 30.474215 0.817440 0.102052 -1
0 56.862431 64.819176 29.295145 0.805158 0.095205 -1
0 64.873238 64.029747 32.790363 0.841566 0.039642 -1
0 65.759705 65.415298 32.100479 0.834380 0.036896 -1
0 54.448399 76.280617 8.294712 0.586403 0.137873 -1
0 54.322880 81.965630 6.024139 0.562751 0.151847 -1
0 54.381447 76.381622 0.295629 0.503079 0.138556 -1
0 56.424973 76.353020 5.527565 0.557579 0.124781 -1
1 56.381035 76.385139 0.279368 0.502910 0.125229 -1
0 56.342606 80.082947 4.037841 0.542061 0.133949 -1
0 64.779556 76.475189 8.210696 0.585528 0.069018 -1
0 64.654037 82.160172 5.940121 0.561876 0.082992 -1
0 65.699997 76.511932 6.683281 0.569618 0.062928 -1
0 65.598312 81.116806 4.844114 0.550460 0.074247 -1
0 54.231667 84.379593 0.397880 0.504145 0.158035 -1
0 56.282764 81.666740 0.346455 0.503609 0.138009 -1
0 64.562820 84.574150 0.313864 0.503269 0.089180 -1
0 65.524429 83.072090 0.286847 0.502988 0.079259 -1
0 54.228203 82.108475 -5.288272 0.444914 0.152812 -1
0 56.280472 80.176666 -3.384231 0.464748 0.134583 -1
0 64.559341 82.303001 -5.372289 0.444039 0.083957 -1
0 65.521622 81.232491 -4.318937 0.455011 0.075029 -1
0 54.314499 76.482658 -7.703454 0.419756 0.139238 -1
0 56.337101 76.485565 -4.968832 0.448241 0.125677 -1
0 64.645668 76.677216 -7.787474 0.418880 0.070383 -1
0 65.591515 76.675598 -6.275232 0.434633 0.064034 -1
0 54.440018 70.797668 -5.432877 0.443408 0.125265 -1
0 56.419464 72.755653 -3.479106 0.463759 0.116509 -1
0 64.771126 70.992271 -5.516893 0.442532 0.056410 -1
0 65.693176 72.070793 -4.436069 0.453791 0.052716 -1
0 54.531242 68.383705 0.193380 0.502014 0.119077 -1
0 56.479286 71.171822 0.212282 0.502211 0.112449 -1
0 64.862358 68.578323 0.109363 0.501139 0.050222 -1
0 65.767014 70.115524 0.121201 0.501262 0.047704 -1
0 54.534702 70.654785 5.879530 0.561245 0.124300 -1
0 56.481590 72.661911 3.942965 0.541073 0.115875 -1
0 64.865822 70.849426 5.795514 0.560370 0.055445 -1
0 65.769859 71.955116 4.726983 0.549239 0.051934 -1
250
-0.985739 0.075526 0.150383
-0.985738 0.075526 0.150385
-0.985739 0.075525 0.150383
0.985739 -0.075525 -0.150382
0.985739 -0.075525 -0.150383
0.985739 -0.075526 -0.150383
0.156074 0.076122 0.984808
0.629720 0.027934 0.776320
0.154859 0.756857 0.634970
0.628667 0.616729 0.473734
0.846221 -0.099280 -0.523501
0.846697 -0.365468 -0.386702
-0.024887 -0.085405 -0.996035
-0.023681 -0.760212 -0.649244
-0.985739 0.075525 0.150384
0.985739 -0.075525 -0.150385
0.549159 0.822041 -0.150572
0.062930 0.994234 -0.086824
0.882641 -0.458295 -0.104457
0.067448 -0.995520 0.066264
-0.985739 0.075525 0.150382
0.985739 -0.075524 -0.150384
-0.065863 0.649204 -0.757757
0.437760 0.523614 -0.730886
0.933004 -0.323373 0.157901
0.195117 -0.653495 0.731351
-0.985739 0.075525 0.150383
0.985739 -0.075524 -0.150383
0.359735 -0.103748 -0.927269
-0.156074 -0.076123 -0.984808
0.968280 -0.039743 0.246688
0.284541 0.065514 0.956423
-0.985739 0.075524 0.150383
0.985739 -0.075525 -0.150383
-0.154856 -0.756858 -0.634969
0.360779 -0.692541 -0.624681
0.967805 0.226448 0.109889
0.283332 0.740319 0.609632
-0.985739 0.075524 0.150383
0.985739 -0.075525 -0.150383
0.440303 -0.897849 -0.000379
-0.062924 -0.994235 0.086823
0.931854 0.319282 -0.172358
0.192202 0.975628 -0.105873
-0.985739 0.075524 0.150383
0.985739 -0.075524 -0.150383
0.065866 -0.649205 0.757756
0.551694 -0.599426 0.579933
0.881494 0.184350 -0.434721
0.064535 0.633602 -0.770963
-0.970648 -0.087184 0.224145
-0.970648 -0.087184 0.224144
-0.970648 -0.087184 0.224144
0.970649 0.087185 -0.224142
0.970648 0.087184 -0.224144
0.970649 0.087182 -0.224141
0.209389 0.152130 0.965926
0.668263 0.175335 0.722968
0.064400 0.803725 0.591506
0.542860 0.738923 0.399118
0.811484 0.020751 -0.584006
0.868178 -0.234045 -0.437596
-0.079726 -0.139321 -0.987033
0.063999 -0.785241 -0.615875
-0.970649 -0.087183 0.224144
0.970648 0.087181 -0.224145
0.384823 0.895290 -0.224426
-0.118315 0.984507 -0.129410
0.939625 -0.304738 -0.155692
0.245119 -0.964449 0.098761
-0.970648 -0.087184 0.224145
0.970648 0.087182 -0.224148
-0.231720 0.588580 -0.774519
0.286729 0.552839 -0.782404
0.983972 -0.149915 0.096565
0.357540 -0.571971 0.738251
-0.970648 -0.087184 0.224145
0.970648 0.087186 -0.224147
0.306044 -0.087829 -0.947957
-0.209389 -0.152130 -0.965926
0.975240 0.139729 0.171413
0.335403 0.162290 0.927991
-0.970648 -0.087184 0.224144
0.970648 0.087187 -0.224144
-0.064398 -0.803725 -0.591506
0.431446 -0.651418 -0.624107
0.918545 0.394524 0.025003
0.191677 0.808205 0.556834
-0.970649 -0.087183 0.224144
0.970649 0.087184 -0.224143
0.589487 -0.807778 -0.000564
0.118317 -0.984507 0.129408
0.847095 0.465224 -0.256898
0.010554 0.987415 -0.157801
-0.970648 -0.087183 0.224145
0.970648 0.087186 -0.224144
0.231723 -0.588580 0.774518
0.687574 -0.465330 0.557414
0.802752 0.310395 -0.509160
-0.101863 0.594934 -0.797294
-0.988570 -0.010677 -0.150386
-0.988570 -0.010677 -0.150386
-0.988570 -0.010677 -0.150384
0.988570 0.010677 0.150385
0.988570 0.010676 0.150384
0.988570 0.010676 0.150385
-0.148846 -0.089436 0.984808
0.367408 -0.072000 0.927269
-0.122194 0.640993 0.757758
0.390457 0.559776 0.730886
0.968059 0.044798 -0.246687
0.957638 -0.240825 -0.157900
0.277749 0.090063 -0.956422
0.251330 -0.634003 -0.731350
-0.988570 -0.010677 -0.150384
0.988570 0.010675 0.150383
0.475421 0.866777 0.150572
-0.023963 0.995935 0.086823
0.919225 -0.379624 0.104457
0.153954 -0.985854 -0.066263
-0.988570 -0.010677 -0.150382
0.988570 0.010677 0.150382
0.088305 0.767473 -0.634971
0.572522 0.669174 -0.473735
0.875327 -0.290283 0.386702
0.042665 -0.759382 0.649244
-0.988570 -0.010677 -0.150382
0.988570 0.010677 0.150383
0.624888 0.082710 -0.776321
0.148846 0.089434 -0.984808
0.851653 -0.025147 0.523502
-0.017349 -0.087248 0.996036
-0.988570 -0.010677 -0.150383
0.988570 0.010676 0.150384
0.122198 -0.640994 -0.757756
0.601834 -0.549063 -0.579936
0.862074 0.260475 0.434719
0.009068 0.636815 0.770963
-0.988570 -0.010675 -0.150384
0.988570 0.010675 0.150383
0.516877 -0.856060 0.000378
0.023971 -0.995935 -0.086823
0.900482 0.399280 0.172360
0.106439 0.988667 0.105874
-0.988570 -0.010677 -0.150385
0.988570 0.010676 0.150384
-0.088302 -0.767474 0.634969
0.419765 -0.658462 0.624680
0.944386 0.309934 -0.109887
0.217732 0.762194 -0.609633
-0.959356 -0.171451 -0.224143
-0.959357 -0.171450 -0.224142
-0.959356 -0.171450 -0.224143
0.959358 0.171449 0.224139
0.959357 0.171450 0.224143
0.959357 0.171451 0.224141
-0.195334 -0.169800 0.965926
0.312538 -0.060820 0.947956
-0.282135 0.566144 0.774519
0.237454 0.575725 0.782404
0.959350 0.224194 -0.171417
0.993294 -0.063586 -0.096565
0.319985 0.190901 -0.927991
0.406030 -0.538634 -0.738250
-0.959356 -0.171451 -0.224144
0.959357 0.171449 0.224143
0.305328 0.925423 0.224425
-0.203668 0.970450 0.129410
0.962609 -0.221687 0.155691
0.328246 -0.939415 -0.098764
-0.959356 -0.171449 -0.224145
0.959357 0.171448 0.224144
-0.005893 0.806279 -0.591506
0.476382 0.783428 -0.399125
0.885275 -0.157484 0.437593
0.132194 -0.776676 0.615873
-0.959356 -0.171449 -0.224143
0.959356 0.171450 0.224144
0.650438 0.232913 -0.722968
0.195333 0.169800 -0.965926
0.806584 0.091397 0.584011
-0.067280 -0.145737 0.987033
-0.959356 -0.171450 -0.224144
0.959356 0.171452 0.224145
0.282140 -0.566145 -0.774517
0.725512 -0.403636 -0.557413
0.772643 0.379178 0.509163
-0.153327 0.583794 0.797292
-0.959357 -0.171450 -0.224142
0.959356 0.171451 0.224146
0.657648 -0.753325 0.000565
0.203675 -0.970448 -0.129407
0.803324 0.537283 0.256901
-0.075545 0.984577 0.157803
-0.959357 -0.171451 -0.224141
0.959357 0.171448 0.224142
0.005897 -0.806279 0.591506
0.486584 -0.611335 0.624104
0.880665 0.473079 -0.025007
0.120508 0.821835 -0.556834
-0.999790 -0.018827 0.008130
-0.999790 -0.018827 0.008131
-0.999790 -0.018828 0.008130
0.999789 0.018830 -0.008255
0.999790 0.018828 -0.008132
0.999791 0.018744 -0.008218
0.008369 -0.012627 0.999885
0.509018 -0.001475 0.860754
-0.007321 0.697996 0.716064
0.495447 0.613171 0.615267
0.916911 0.022264 -0.398471
0.923046 -0.255613 -0.287488
0.123381 0.014999 -0.992246
0.138937 -0.689437 -0.710896
-0.999790 -0.018827 0.008130
0.999792 0.018706 -0.008134
0.485587 0.874161 0.006973
-0.018723 0.999743 0.012781
0.927502 -0.373610 -0.012480
0.150238 -0.988554 -0.013739
-0.999790 -0.018827 0.008129
0.999792 0.018741 -0.008048
-0.019156 0.715853 -0.697988
0.485207 0.628617 -0.607795
0.927673 -0.262595 0.265454
0.150668 -0.707138 0.690836
-0.999790 -0.018827 0.008130
0.999791 0.018828 -0.008009
0.494543 0.020369 -0.868914
-0.008370 0.012627 -0.999885
0.923453 0.012389 0.383512
0.139974 -0.010036 0.990104
-0.999790 -0.018828 0.008131
0.999789 0.018912 -0.008041
0.007324 -0.697998 -0.716062
0.508107 -0.594278 -0.623427
0.917318 0.290269 0.272527
0.124418 0.694394 0.708757
-0.999790 -0.018829 0.008130
0.999787 0.018947 -0.008129
0.517981 -0.855258 -0.015136
0.018729 -0.999743 -0.012784
0.912854 0.408277 -0.002485
0.113109 0.993515 0.011599
-0.999790 -0.018829 0.008130
0.999787 0.018913 -0.008220
0.019162 -0.715855 0.697986
0.518353 -0.609718 0.599629
0.912689 0.297254 -0.280425
0.112681 0.712096 -0.692980
320
0 0 1 2 0 1 2 2
0 3 4 5 3 4 5 2
0 0 6 1 6 7 8 1
0 6 7 1 7 9 8 1
0 6 8 9 7 10 11 1
0 6 9 7 7 11 9 1
0 8 3 9 10 12 11 1
0 3 5 9 12 13 11 1
0 1 10 2 1 14 2 2
0 5 4 11 5 4 15 2
0 1 7 12 8 9 16 1
0 1 12 10 8 16 17 1
0 7 9 12 9 11 16 1
0 9 13 12 11 18 16 1
0 9 5 11 11 13 19 1
0 9 11 13 11 19 18 1
0 10 14 2 14 20 2 2
0 11 4 15 15 4 21 2
0 10 12 14 17 16 22 1
0 12 16 14 16 23 22 1
0 12 13 17 16 18 24 1
0 12 17 16 16 24 23 1
0 13 11 17 18 19 24 1
0 11 15 17 19 25 24 1
0 14 18 2 20 26 2 2
0 15 4 19 21 4 27 2
0 14 16 20 22 23 28 1
0 14 20 18 22 28 29 1
0 16 17 20 23 24 28 1
0 17 21 20 24 30 28 1
0 17 15 19 24 25 31 1
0 17 19 21 24 31 30 1
0 18 22 2 26 32 2 2
0 19 4 23 27 4 33 2
0 18 20 22 29 28 34 1
0 20 24 22 28 35 34 1
0 20 21 25 28 30 36 1
0 20 25 24 28 36 35 1
0 21 19 25 30 31 36 1
0 19 23 25 31 37 36 1
0 22 26 2 32 38 2 2
0 23 4 27 33 4 39 2
0 22 24 28 34 35 40 1
0 22 28 26 34 40 41 1
0 24 25 28 35 36 40 1
0 25 29 28 36 42 40 1
0 25 23 27 36 37 43 1
0 25 27 29 36 43 42 1
0 26 30 2 38 44 2 2
0 27 4 31 39 4 45 2
0 26 28 30 41 40 46 1
0 28 32 30 40 47 46 1
0 28 29 33 40 42 48 1
0 28 33 32 40 48 47 1
0 29 27 33 42 43 48 1
0 27 31 33 43 49 48 1
0 30 0 2 44 0 2 2
0 31 4 3 45 4 3 2
0 30 32 6 46 47 7 1
0 30 6 0 46 7 6 1
0 32 33 6 47 48 7 1
0 33 8 6 48 10 7 1
0 33 31 3 48 49 12 1
0 33 3 8 48 12 10 1
0 34 35 36 50 51 52 2
0 37 38 39 53 54 55 2
0 34 40 35 56 57 58 1
0 40 41 35 57 59 58 1
0 40 42 43 57 60 61 1
0 40 43 41 57 61 59 1
0 42 37 43 60 62 61 1
0 37 39 43 62 63 61 1
0 35 44 36 51 64 52 2
0 39 38 45 55 54 65 2
0 35 41 46 58 59 66 1
0 35 46 44 58 66 67 1
0 41 43 46 59 61 66 1
0 43 47 46 61 68 66 1
0 43 39 45 61 63 69 1
0 43 45 47 61 69 68 1
0 44 48 36 64 70 52 2
0 45 38 49 65 54 71 2
0 44 46 48 67 66 72 1
0 46 50 48 66 73 72 1
0 46 47 51 66 68 74 1
0 46 51 50 66 74 73 1
0 47 45 51 68 69 74 1
0 45 49 51 69 75 74 1
0 48 52 36 70 76 52 2
0 49 38 53 71 54 77 2
0 48 50 54 72 73 78 1
0 48 54 52 72 78 79 1
0 50 51 54 73 74 78 1
0 51 55 54 74 80 78 1
0 51 49 53 74 75 81 1
0 51 53 55 74 81 80 1
0 52 56 36 76 82 52 2
0 53 38 57 77 54 83 2
0 52 54 56 79 78 84 1
0 54 58 56 78 85 84 1
0 54 55 59 78 80 86 1
0 54 59 58 78 86 85 1
0 55 53 59 80 81 86 1
0 53 57 59 81 87 86 1
0 56 60 36 82 88 52 2
0 57 38 61 83 54 89 2
0 56 58 62 84 85 90 1
0 56 62 60 84 90 91 1
0 58 59 62 85 86 90 1
0 59 63 62 86 92 90 1
0 59 57 61 86 87 93 1
0 59 61 63 86 93 92 1
0 60 64 36 88 94 52 2
0 61 38 65 89 54 95 2
0 60 62 64 91 90 96 1
0 62 66 64 90 97 96 1
0 62 63 67 90 92 98 1
0 62 67 66 90 98 97 1
0 63 61 67 92 93 98 1
0 61 65 67 93 99 98 1
0 64 34 36 94 50 52 2
0 65 38 37 95 54 53 2
0 64 66 40 96 97 57 1
0 64 40 34 96 57 56 1
0 66 67 40 97 98 57 1
0 67 42 40 98 60 57 1
0 67 65 37 98 99 62 1
0 67 37 42 98 62 60 1
0 68 69 70 100 101 102 2
0 71 72 73 103 104 105 2
0 68 74 69 106 107 108 1
0 74 75 69 107 109 108 1
0 74 76 77 107 110 111 1
0 74 77 75 107 111 109 1
0 76 71 77 110 112 111 1
0 71 73 77 112 113 111 1
0 69 78 70 101 114 102 2
0 73 72 79 105 104 115 2
0 69 75 80 108 109 116 1
0 69 80 78 108 116 117 1
0 75 77 80 109 111 116 1
0 77 81 80 111 118 116 1
0 77 73 79 111 113 119 1
0 77 79 81 111 119 118 1
0 78 82 70 114 120 102 2
0 79 72 83 115 104 121 2
0 78 80 82 117 116 122 1
0 80 84 82 116 123 122 1
0 80 81 85 116 118 124 1
0 80 85 84 116 124 123 1
0 81 79 85 118 119 124 1
0 79 83 85 119 125 124 1
0 82 86 70 120 126 102 2
0 83 72 87 121 104 127 2
0 82 84 88 122 123 128 1
0 82 88 86 122 128 129 1
0 84 85 88 123 124 128 1
0 85 89 88 124 130 128 1
0 85 83 87 124 125 131 1
0 85 87 89 124 131 130 1
0 86 90 70 126 132 102 2
0 87 72 91 127 104 133 2
0 86 88 90 129 128 134 1
0 88 92 90 128 135 134 1
0 88 89 93 128 130 136 1
0 88 93 92 128 136 135 1
0 89 87 93 130 131 136 1
0 87 91 93 131 137 136 1
0 90 94 70 132 138 102 2
0 91 72 95 133 104 139 2
0 90 92 96 134 135 140 1
0 90 96 94 134 140 141 1
0 92 93 96 135 136 140 1
0 93 97 96 136 142 140 1
0 93 91 95 136 137 143 1
0 93 95 97 136 143 142 1
0 94 98 70 138 144 102 2
0 95 72 99 139 104 145 2
0 94 96 98 141 140 146 1
0 96 100 98 140 147 146 1
0 96 97 101 140 142 148 1
0 96 101 100 140 148 147 1
0 97 95 101 142 143 148 1
0 95 99 101 143 149 148 1
0 98 68 70 144 100 102 2
0 99 72 71 145 104 103 2
0 98 100 74 146 147 107 1
0 98 74 68 146 107 106 1
0 100 101 74 147 148 107 1
0 101 76 74 148 110 107 1
0 101 99 71 148 149 112 1
0 101 71 76 148 112 110 1
0 102 103 104 150 151 152 2
0 105 106 107 153 154 155 2
0 102 108 103 156 157 158 1
0 108 109 103 157 159 158 1
0 108 110 111 157 160 161 1
0 108 111 109 157 161 159 1
0 110 105 111 160 162 161 1
0 105 107 111 162 163 161 1
0 103 112 104 151 164 152 2
0 107 106 113 155 154 165 2
0 103 109 114 158 159 166 1
0 103 114 112 158 166 167 1
0 109 111 114 159 161 166 1
0 111 115 114 161 168 166 1
0 111 107 113 161 163 169 1
0 111 113 115 161 169 168 1
0 112 116 104 164 170 152 2
0 113 106 117 165 154 171 2
0 112 114 116 167 166 172 1
0 114 118 116 166 173 172 1
0 114 115 119 166 168 174 1
0 114 119 118 166 174 173 1
0 115 113 119 168 169 174 1
0 113 117 119 169 175 174 1
0 116 120 104 170 176 152 2
0 117 106 121 171 154 177 2
0 116 118 122 172 173 178 1
0 116 122 120 172 178 179 1
0 118 119 122 173 174 178 1
0 119 123 122 174 180 178 1
0 119 117 121 174 175 181 1
0 119 121 123 174 181 180 1
0 120 124 104 176 182 152 2
0 121 106 125 177 154 183 2
0 120 122 124 179 178 184 1
0 122 126 124 178 185 184 1
0 122 123 127 178 180 186 1
0 122 127 126 178 186 185 1
0 123 121 127 180 181 186 1
0 121 125 127 181 187 186 1
0 124 128 104 182 188 152 2
0 125 106 129 183 154 189 2
0 124 126 130 184 185 190 1
0 124 130 128 184 190 191 1
0 126 127 130 185 186 190 1
0 127 131 130 186 192 190 1
0 127 125 129 186 187 193 1
0 127 129 131 186 193 192 1
0 128 132 104 188 194 152 2
0 129 106 133 189 154 195 2
0 128 130 132 191 190 196 1
0 130 134 132 190 197 196 1
0 130 131 135 190 192 198 1
0 130 135 134 190 198 197 1
0 131 129 135 192 193 198 1
0 129 133 135 193 199 198 1
0 132 102 104 194 150 152 2
0 133 106 105 195 154 153 2
0 132 134 108 196 197 157 1
0 132 108 102 196 157 156 1
0 134 135 108 197 198 157 1
0 135 110 108 198 160 157 1
0 135 133 105 198 199 162 1
0 135 105 110 198 162 160 1
0 136 137 138 200 201 202 2
0 139 140 141 203 204 205 2
0 136 142 137 206 207 208 1
0 142 143 137 207 209 208 1
0 142 144 145 207 210 211 1
0 142 145 143 207 211 209 1
0 144 139 145 210 212 211 1
0 139 141 145 212 213 211 1
0 137 146 138 201 214 202 2
0 141 140 147 205 204 215 2
0 137 143 148 208 209 216 1
0 137 148 146 208 216 217 1
0 143 145 148 209 211 216 1
0 145 149 148 211 218 216 1
0 145 141 147 211 213 219 1
0 145 147 149 211 219 218 1
0 146 150 138 214 220 202 2
0 147 140 151 215 204 221 2
0 146 148 150 217 216 222 1
0 148 152 150 216 223 222 1
0 148 149 153 216 218 224 1
0 148 153 152 216 224 223 1
0 149 147 153 218 219 224 1
0 147 151 153 219 225 224 1
0 150 154 138 220 226 202 2
0 151 140 155 221 204 227 2
0 150 152 156 222 223 228 1
0 150 156 154 222 228 229 1
0 152 153 156 223 224 228 1
0 153 157 156 224 230 228 1
0 153 151 155 224 225 231 1
0 153 155 157 224 231 230 1
0 154 158 138 226 232 202 2
0 155 140 159 227 204 233 2
0 154 156 158 229 228 234 1
0 156 160 158 228 235 234 1
0 156 157 161 228 230 236 1
0 156 161 160 228 236 235 1
0 157 155 161 230 231 236 1
0 155 159 161 231 237 236 1
0 158 162 138 232 238 202 2
0 159 140 163 233 204 239 2
0 158 160 164 234 235 240 1
0 158 164 162 234 240 241 1
0 160 161 164 235 236 240 1
0 161 165 164 236 242 240 1
0 161 159 163 236 237 243 1
0 161 163 165 236 243 242 1
0 162 166 138 238 244 202 2
0 163 140 167 239 204 245 2
0 162 164 166 241 240 246 1
0 164 168 166 240 247 246 1
0 164 165 169 240 242 248 1
0 164 169 168 240 248 247 1
0 165 163 169 242 243 248 1
0 163 167 169 243 249 248 1
0 166 136 138 244 200 202 2
0 167 140 139 245 204 203 2
0 166 168 142 246 247 207 1
0 166 142 136 246 207 206 1
0 168 169 142 247 248 207 1
0 169 144 142 248 210 207 1
0 169 167 139 248 249 212 1
0 169 139 144 248 212 210 1

Materials: 1
"Material01"
0.200000 0.200000 0.200000 1.000000
0.800000 0.800000 0.800000 1.000000
0.000000 0.000000 0.000000 1.000000
0.000000 0.000000 0.000000 1.000000
0.000000
1.000000
"E5Root.tga"
""

Bones: 0
GroupComments: 0
MaterialComments: 0
BoneComments: 0
ModelComment: 0
