// MilkShape 3D ASCII

Frames: 40
Frame: 1

Meshes: 1
"Create Face" 0 -1
12
32 -45.000000 0.000000 -123.000000 0.000000 0.000000 -1
32 47.000000 0.000000 -125.000000 0.000000 0.000000 -1
32 -110.000000 0.000000 -24.000000 0.000000 0.000000 -1
32 89.000000 0.000000 -44.000000 0.000000 0.000000 -1
32 -112.000000 0.000000 24.000000 0.000000 0.000000 -1
32 113.000000 0.000000 -22.000000 0.000000 0.000000 -1
32 -81.000000 0.000000 43.000000 0.000000 0.000000 -1
32 111.000000 0.000000 25.000000 0.000000 0.000000 -1
32 -47.000000 0.000000 57.000000 0.000000 0.000000 -1
32 42.000000 0.000000 119.000000 0.000000 0.000000 -1
32 -48.000000 0.000000 123.000000 0.000000 0.000000 -1
32 88.000000 0.000000 40.000000 0.000000 0.000000 -1
1
0.000000 -1.000000 0.000000
11
0 0 1 2 0 0 0 1
0 1 3 2 0 0 0 1
0 3 4 2 0 0 0 1
0 3 5 4 0 0 0 1
0 5 6 4 0 0 0 1
0 5 7 6 0 0 0 1
0 7 8 6 0 0 0 1
0 9 10 8 0 0 0 1
0 11 9 8 0 0 0 1
0 7 11 8 0 0 0 1
0 6 8 10 0 0 0 1

Materials: 0

Bones: 0
GroupComments: 0
MaterialComments: 0
BoneComments: 0
ModelComment: 0
