// MilkShape 3D ASCII

Frames: 40
Frame: 1

Meshes: 2
"Header" 2 0
62
2 22.312977 80.319504 0.000001 0.501550 0.143776 -1
2 19.365536 78.951324 13.310000 0.666322 0.189495 -1
2 0.312977 74.500000 -0.000003 0.501550 0.485027 -1
2 28.725273 95.180496 0.000002 0.501550 0.258871 -1
2 0.312977 106.000000 -0.000003 0.501550 0.485027 -1
2 24.918747 96.548691 17.189442 0.610749 0.289170 -1
2 20.312977 82.159760 0.000001 0.501550 0.174799 -1
2 17.633484 81.475662 12.100001 0.651343 0.216362 -1
2 25.884041 91.500000 0.000002 0.501550 0.281486 -1
2 22.458166 91.500000 15.470494 0.599829 0.308756 -1
2 28.725273 93.340256 0.000002 0.501550 0.258871 -1
2 24.918747 94.024353 17.189442 0.610749 0.289170 -1
2 11.312974 78.390350 23.053595 0.786945 0.314402 -1
2 14.519121 97.109665 29.772982 0.690688 0.371949 -1
2 10.312974 81.195175 20.957813 0.761000 0.329913 -1
2 13.098507 91.500000 26.795679 0.671775 0.383257 -1
2 14.519121 94.304825 29.772982 0.690688 0.371949 -1
2 0.312973 79.910568 26.619999 0.831095 0.485027 -1
2 0.312973 95.589447 34.378883 0.719948 0.485027 -1
2 0.312973 81.955292 24.199999 0.801137 0.485027 -1
2 0.312975 91.500000 30.940989 0.698108 0.485027 -1
2 0.312973 93.544724 34.378883 0.719948 0.485027 -1
2 -10.687027 78.390350 23.053595 0.786945 0.655653 -1
2 -13.893173 102.109650 29.772982 0.690688 0.598106 -1
2 -9.687027 81.195175 20.957813 0.761000 0.640142 -1
2 -12.472561 91.500000 26.795679 0.671775 0.586798 -1
2 -13.893173 99.304825 29.772982 0.690688 0.598106 -1
2 -18.739582 78.951324 13.309993 0.666322 0.780560 -1
2 -24.292789 101.548691 17.189426 0.610749 0.680885 -1
2 -17.007530 81.475662 12.099994 0.651343 0.753693 -1
2 -21.832214 91.500000 15.470489 0.599829 0.661299 -1
2 -24.292789 99.024338 17.189426 0.610749 0.680885 -1
2 -21.687023 80.319504 -0.000007 0.501550 0.826279 -1
2 -28.099323 100.180496 -0.000008 0.501550 0.711184 -1
2 -19.687023 82.159760 -0.000006 0.501550 0.795256 -1
2 -25.258083 91.500000 -0.000007 0.501550 0.688568 -1
2 -28.099323 98.340240 -0.000008 0.501550 0.711184 -1
2 -18.739582 78.951324 -13.310008 0.336777 0.780560 -1
2 -24.292789 101.548691 -17.189453 0.392350 0.680885 -1
2 -17.007530 81.475662 -12.100007 0.351756 0.753693 -1
2 -21.832214 91.500000 -15.470502 0.403270 0.661299 -1
2 -24.292789 99.024338 -17.189453 0.392350 0.680885 -1
2 -10.687019 78.390350 -23.053598 0.216155 0.655653 -1
2 -13.893162 102.109650 -29.772985 0.312411 0.598106 -1
2 -9.687019 81.195175 -20.957817 0.242100 0.640142 -1
2 -12.472553 91.500000 -26.795691 0.331325 0.586798 -1
2 -13.893162 99.304825 -29.772985 0.312411 0.598106 -1
2 0.312981 79.910568 -26.620003 0.172004 0.485027 -1
2 0.312981 95.589447 -34.378883 0.283151 0.485027 -1
2 0.312981 81.955292 -24.200003 0.201963 0.485027 -1
2 0.312981 91.500000 -30.940994 0.304991 0.485027 -1
2 0.312981 93.544724 -34.378883 0.283151 0.485027 -1
2 11.312982 78.390350 -23.053598 0.216155 0.314402 -1
2 14.519129 97.109665 -29.772985 0.312411 0.371949 -1
2 10.312982 81.195175 -20.957817 0.242100 0.329913 -1
2 13.098515 91.500000 -26.795691 0.331325 0.383257 -1
2 14.519129 94.304825 -29.772985 0.312411 0.371949 -1
2 19.365536 78.951324 -13.310000 0.336777 0.189495 -1
2 24.918747 96.548691 -17.189436 0.392350 0.289170 -1
2 17.633484 81.475662 -12.099999 0.351756 0.216362 -1
2 22.458166 91.500000 -15.470493 0.403270 0.308756 -1
2 24.918747 94.024353 -17.189436 0.392350 0.289170 -1
86
0.255727 -0.966749 0.000000
0.213603 -0.976697 0.020880
0.000000 -1.000000 -0.000000
0.355874 0.934534 -0.000000
0.102881 0.994694 -0.000000
0.304902 0.948574 0.085106
0.724037 0.689761 0.000000
0.989868 0.141991 0.000000
0.885792 0.095564 0.454137
0.670260 0.639988 0.375721
0.750788 -0.660543 -0.000000
0.690687 -0.641220 0.334347
0.876934 -0.480611 -0.000000
0.805757 -0.433191 0.403857
1.000000 0.000000 -0.000000
0.898571 0.000000 0.438828
0.050336 -0.988472 0.142790
0.122600 0.965485 0.229800
0.447360 0.662637 0.600651
0.565458 0.070228 0.821782
0.421140 -0.674187 0.606723
0.517587 -0.421797 0.744440
0.562024 0.000000 0.827121
-0.000000 -0.979963 0.199179
0.161309 0.944547 0.286026
-0.000000 0.095366 0.995442
-0.000000 0.763848 0.645396
0.000000 -0.735727 0.677278
-0.027201 -0.415036 0.909398
-0.000000 0.000000 1.000000
-0.050336 -0.988472 0.142789
0.100049 0.979345 0.175707
-0.447361 0.662637 0.600650
-0.565459 0.070228 0.821781
-0.503109 -0.529535 0.682989
-0.582158 -0.196347 0.789012
-0.562024 0.000000 0.827121
-0.213603 -0.976697 0.020880
-0.167049 0.985816 0.016161
-0.885792 0.095564 0.454136
-0.670260 0.639989 0.375721
-0.809567 -0.435433 0.393698
-0.881200 -0.189315 0.433182
-0.898571 0.000000 0.438828
-0.255727 -0.966749 -0.000000
-0.200658 0.979661 -0.000000
-0.724037 0.689761 0.000000
-0.989868 0.141992 0.000000
-0.900358 -0.435150 0.000000
-0.980682 -0.195609 0.000000
-1.000000 0.000000 0.000000
-0.213603 -0.976697 -0.020880
-0.167049 0.985816 -0.016162
-0.885792 0.095564 -0.454137
-0.670260 0.639989 -0.375721
-0.809567 -0.435434 -0.393698
-0.881199 -0.189315 -0.433183
-0.898571 0.000000 -0.438829
-0.050336 -0.988472 -0.142790
0.100049 0.979345 -0.175707
-0.447360 0.662637 -0.600651
-0.565458 0.070228 -0.821782
-0.503108 -0.529535 -0.682990
-0.582158 -0.196346 -0.789012
-0.562024 0.000000 -0.827121
0.000000 -0.979963 -0.199179
0.161309 0.944547 -0.286026
-0.000000 0.095366 -0.995442
-0.000000 0.763848 -0.645396
0.000000 -0.735727 -0.677279
-0.027201 -0.415035 -0.909399
-0.000000 0.000000 -1.000000
0.050336 -0.988472 -0.142790
0.122600 0.965485 -0.229799
0.447360 0.662637 -0.600650
0.565459 0.070228 -0.821781
0.421140 -0.674187 -0.606723
0.517587 -0.421796 -0.744441
0.562024 0.000000 -0.827121
0.213603 -0.976697 -0.020880
0.304902 0.948574 -0.085106
0.885792 0.095564 -0.454136
0.670260 0.639989 -0.375721
0.690688 -0.641220 -0.334347
0.805757 -0.433191 -0.403857
0.898571 0.000000 -0.438828
120
2 0 1 2 0 1 2 2
2 3 4 5 3 4 5 2
2 0 6 7 6 7 8 1
2 0 7 1 6 8 9 1
2 6 8 7 7 10 8 1
2 8 9 7 10 11 8 1
2 8 10 11 10 12 13 1
2 8 11 9 10 13 11 1
2 10 3 11 12 14 13 1
2 3 5 11 14 15 13 1
2 1 12 2 1 16 2 2
2 5 4 13 5 4 17 2
2 1 7 12 9 8 18 1
2 7 14 12 8 19 18 1
2 7 9 15 8 11 20 1
2 7 15 14 8 20 19 1
2 9 11 15 11 13 20 1
2 11 16 15 13 21 20 1
2 11 5 13 13 15 22 1
2 11 13 16 13 22 21 1
2 12 17 2 16 23 2 2
2 13 4 18 17 4 24 2
2 12 14 19 18 19 25 1
2 12 19 17 18 25 26 1
2 14 15 19 19 20 25 1
2 15 20 19 20 27 25 1
2 15 16 21 20 21 28 1
2 15 21 20 20 28 27 1
2 16 13 21 21 22 28 1
2 13 18 21 22 29 28 1
2 17 22 2 23 30 2 2
2 18 4 23 24 4 31 2
2 17 19 22 26 25 32 1
2 19 24 22 25 33 32 1
2 19 20 25 25 27 34 1
2 19 25 24 25 34 33 1
2 20 21 25 27 28 34 1
2 21 26 25 28 35 34 1
2 21 18 23 28 29 36 1
2 21 23 26 28 36 35 1
2 22 27 2 30 37 2 2
2 23 4 28 31 4 38 2
2 22 24 29 32 33 39 1
2 22 29 27 32 39 40 1
2 24 25 29 33 34 39 1
2 25 30 29 34 41 39 1
2 25 26 31 34 35 42 1
2 25 31 30 34 42 41 1
2 26 23 31 35 36 42 1
2 23 28 31 36 43 42 1
2 27 32 2 37 44 2 2
2 28 4 33 38 4 45 2
2 27 29 32 40 39 46 1
2 29 34 32 39 47 46 1
2 29 30 35 39 41 48 1
2 29 35 34 39 48 47 1
2 30 31 35 41 42 48 1
2 31 36 35 42 49 48 1
2 31 28 33 42 43 50 1
2 31 33 36 42 50 49 1
2 32 37 2 44 51 2 2
2 33 4 38 45 4 52 2
2 32 34 39 46 47 53 1
2 32 39 37 46 53 54 1
2 34 35 39 47 48 53 1
2 35 40 39 48 55 53 1
2 35 36 41 48 49 56 1
2 35 41 40 48 56 55 1
2 36 33 41 49 50 56 1
2 33 38 41 50 57 56 1
2 37 42 2 51 58 2 2
2 38 4 43 52 4 59 2
2 37 39 42 54 53 60 1
2 39 44 42 53 61 60 1
2 39 40 45 53 55 62 1
2 39 45 44 53 62 61 1
2 40 41 45 55 56 62 1
2 41 46 45 56 63 62 1
2 41 38 43 56 57 64 1
2 41 43 46 56 64 63 1
2 42 47 2 58 65 2 2
2 43 4 48 59 4 66 2
2 42 44 49 60 61 67 1
2 42 49 47 60 67 68 1
2 44 45 49 61 62 67 1
2 45 50 49 62 69 67 1
2 45 46 51 62 63 70 1
2 45 51 50 62 70 69 1
2 46 43 51 63 64 70 1
2 43 48 51 64 71 70 1
2 47 52 2 65 72 2 2
2 48 4 53 66 4 73 2
2 47 49 52 68 67 74 1
2 49 54 52 67 75 74 1
2 49 50 55 67 69 76 1
2 49 55 54 67 76 75 1
2 50 51 55 69 70 76 1
2 51 56 55 70 77 76 1
2 51 48 53 70 71 78 1
2 51 53 56 70 78 77 1
2 52 57 2 72 79 2 2
2 53 4 58 73 4 80 2
2 52 54 59 74 75 81 1
2 52 59 57 74 81 82 1
2 54 55 59 75 76 81 1
2 55 60 59 76 83 81 1
2 55 56 61 76 77 84 1
2 55 61 60 76 84 83 1
2 56 53 61 77 78 84 1
2 53 58 61 78 85 84 1
2 57 0 2 79 0 2 2
2 58 4 3 80 4 3 2
2 57 59 0 82 81 6 1
2 59 6 0 81 7 6 1
2 59 60 8 81 83 10 1
2 59 8 6 81 10 7 1
2 60 61 8 83 84 10 1
2 61 10 8 84 12 10 1
2 61 58 3 84 85 14 1
2 61 3 10 84 14 12 1
"Stick" 0 0
86
0 -4.700203 75.631088 7.594995 0.200747 0.988425 -1
0 -3.330133 78.315575 6.577458 0.197513 0.977376 -1
1 -4.700203 75.631088 -0.000004 0.200747 0.905955 -1
0 65.270180 78.280640 8.228119 0.765583 0.988425 -1
1 65.270180 78.280640 0.000004 0.765583 0.905955 -1
0 65.650391 80.897423 7.125757 0.762350 0.977376 -1
0 8.686379 76.109184 3.632662 0.283557 0.945400 -1
0 9.341726 77.393234 3.145977 0.282010 0.940115 -1
0 10.085925 76.159248 7.594997 0.292214 0.988425 -1
0 11.456000 78.843742 6.577460 0.288981 0.977376 -1
0 35.459587 77.065582 7.595001 0.449178 0.988425 -1
0 36.829666 79.750107 6.577462 0.445945 0.977376 -1
0 39.855881 77.222633 4.036294 0.476374 0.949783 -1
0 40.583984 78.649277 3.495533 0.474655 0.943911 -1
0 75.696281 77.387146 14.430838 0.707491 0.949783 -1
0 76.898674 81.694695 12.497481 0.705772 0.943911 -1
0 -2.327131 80.280777 3.797495 0.195146 0.947190 -1
0 65.928627 82.813087 4.114060 0.759983 0.947190 -1
0 9.821429 78.333191 1.816329 0.280878 0.925678 -1
0 12.458931 80.808922 3.797496 0.286614 0.947190 -1
0 37.832611 81.715279 3.797499 0.443577 0.947190 -1
0 41.117012 79.693687 2.018147 0.473397 0.927869 -1
0 77.778992 84.848244 7.215421 0.704514 0.927869 -1
0 -1.960109 81.000038 -0.000004 0.194279 0.905955 -1
0 66.030449 83.514290 0.000004 0.759116 0.905955 -1
0 9.996973 78.677162 -0.000003 0.280464 0.905955 -1
0 12.826038 81.528252 -0.000003 0.285747 0.905955 -1
0 38.199692 82.434586 -0.000000 0.442711 0.905955 -1
0 41.312080 80.075882 0.000000 0.472937 0.905955 -1
0 78.101204 86.002380 0.000003 0.704054 0.905955 -1
0 -2.327131 80.280777 -3.797503 0.195146 0.864721 -1
0 65.928627 82.813087 -4.114051 0.759983 0.864721 -1
0 9.821429 78.333191 -1.816335 0.280878 0.886233 -1
0 12.458931 80.808922 -3.797502 0.286614 0.864721 -1
0 37.832611 81.715279 -3.797499 0.443577 0.864721 -1
0 41.117012 79.693687 -2.018146 0.473397 0.884042 -1
0 77.778992 84.848244 -7.215415 0.704514 0.884042 -1
0 -3.330133 78.315575 -6.577466 0.197513 0.834535 -1
0 65.650391 80.897423 -7.125753 0.762350 0.834535 -1
0 9.341726 77.393234 -3.145982 0.282010 0.871795 -1
0 11.456000 78.843742 -6.577466 0.288981 0.834535 -1
0 36.829666 79.750107 -6.577463 0.445945 0.834535 -1
0 40.583984 78.649277 -3.495532 0.474655 0.868000 -1
0 76.898674 81.694695 -12.497472 0.705772 0.868000 -1
0 -4.700203 75.631088 -7.595003 0.200747 0.823486 -1
0 65.270180 78.280640 -8.228107 0.765583 0.823486 -1
0 8.686379 76.109184 -3.632666 0.283557 0.866511 -1
0 10.085925 76.159248 -7.595002 0.292214 0.823486 -1
0 35.459587 77.065582 -7.594998 0.449178 0.823486 -1
0 39.855881 77.222633 -4.036293 0.476374 0.862128 -1
0 75.696281 77.387146 -14.430835 0.707491 0.862128 -1
0 -6.070259 72.946541 -6.577466 0.203980 0.834535 -1
0 64.890106 75.663879 -7.125750 0.768817 0.834535 -1
0 8.031137 74.825272 -3.145982 0.285104 0.871795 -1
0 8.715853 73.474754 -6.577466 0.295448 0.834535 -1
0 34.089569 74.381104 -6.577462 0.452412 0.834535 -1
0 39.127785 75.795982 -3.495532 0.478092 0.868000 -1
0 74.493805 73.079491 -12.497472 0.709209 0.868000 -1
0 -7.073214 70.981392 -3.797503 0.206347 0.864721 -1
0 64.611809 73.748390 -4.114051 0.771184 0.864721 -1
0 7.551434 73.885353 -1.816335 0.286236 0.886233 -1
0 7.712936 71.509575 -3.797502 0.297815 0.864721 -1
0 33.086578 72.415871 -3.797499 0.454779 0.864721 -1
0 38.594757 74.751633 -2.018146 0.479350 0.884042 -1
0 73.613548 69.926178 -7.215415 0.710467 0.884042 -1
0 -7.440210 70.262123 -0.000004 0.207214 0.905955 -1
0 64.510002 73.047127 0.000005 0.772051 0.905955 -1
0 7.375815 73.541245 -0.000003 0.286650 0.905955 -1
0 7.345882 70.790367 -0.000003 0.298682 0.905955 -1
0 32.719490 71.696587 -0.000000 0.455645 0.905955 -1
0 38.399696 74.369400 0.000000 0.479811 0.905955 -1
0 73.291351 68.771889 0.000003 0.710927 0.905955 -1
0 -7.073214 70.981392 3.797495 0.206347 0.947190 -1
0 64.611809 73.748390 4.114060 0.771184 0.947190 -1
0 7.551434 73.885353 1.816329 0.286236 0.925678 -1
0 7.712936 71.509575 3.797497 0.297815 0.947190 -1
0 33.086578 72.415871 3.797499 0.454779 0.947190 -1
0 38.594757 74.751633 2.018147 0.479350 0.927869 -1
0 73.613548 69.926178 7.215421 0.710467 0.927869 -1
0 -6.070259 72.946541 6.577459 0.203980 0.977376 -1
0 64.890106 75.663879 7.125761 0.768817 0.977376 -1
0 8.031137 74.825272 3.145977 0.285104 0.940115 -1
0 8.715853 73.474754 6.577460 0.295448 0.977376 -1
0 34.089569 74.381104 6.577462 0.452412 0.977376 -1
0 39.127785 75.795982 3.495533 0.478092 0.943911 -1
0 74.493805 73.079491 12.497481 0.709209 0.943911 -1
110
-0.890707 0.454579 0.000000
-0.890702 0.454588 -0.000002
-0.890706 0.454580 -0.000000
0.989612 -0.143762 0.000000
0.989613 -0.143757 -0.000000
0.989611 -0.143771 -0.000006
0.285688 -0.127658 0.949782
-0.427661 0.226511 0.875099
-0.339374 0.683684 0.646067
0.258917 0.513454 0.818124
-0.546870 0.275331 0.790649
-0.462017 0.679029 0.570491
0.332095 -0.156140 0.930233
0.345025 0.470955 0.811886
0.202261 -0.115066 0.972548
0.241901 0.526123 0.815278
0.907655 -0.253036 0.334867
0.947242 0.110552 0.300849
0.499844 -0.100396 -0.860277
0.369222 -0.634578 -0.678959
-0.890703 0.454586 0.000005
0.989613 -0.143755 -0.000011
0.209949 0.883378 0.419005
-0.306075 0.899148 0.312811
-0.416881 0.866056 0.275965
0.317534 0.848329 0.423687
0.246189 0.878384 0.409675
0.973770 0.143984 0.176183
0.244903 -0.915099 -0.320337
-0.890706 0.454580 -0.000000
0.989613 -0.143757 0.000000
-0.298958 0.954266 -0.000000
0.190703 0.981648 -0.000000
-0.403587 0.914941 0.000000
0.300865 0.953667 -0.000000
0.240527 0.970643 -0.000000
0.987188 0.159563 -0.000001
0.201881 -0.979410 -0.000000
-0.890703 0.454586 -0.000005
0.989613 -0.143755 0.000011
0.209950 0.883378 -0.419005
-0.306075 0.899148 -0.312812
-0.416881 0.866056 -0.275965
0.317534 0.848329 -0.423687
0.246189 0.878383 -0.409675
0.973770 0.143984 -0.176183
0.244903 -0.915099 0.320337
-0.890702 0.454588 0.000002
0.989611 -0.143771 0.000006
-0.339374 0.683683 -0.646067
0.258917 0.513454 -0.818124
-0.462017 0.679029 -0.570491
0.345025 0.470955 -0.811886
0.241902 0.526123 -0.815278
0.947242 0.110554 -0.300849
0.369222 -0.634577 0.678960
-0.890707 0.454579 0.000000
0.989612 -0.143762 0.000000
0.285688 -0.127658 -0.949782
-0.427661 0.226511 -0.875099
-0.546870 0.275331 -0.790649
0.332095 -0.156140 -0.930233
0.202261 -0.115066 -0.972548
0.907655 -0.253036 -0.334867
0.499844 -0.100396 0.860277
-0.890707 0.454578 -0.000003
0.989614 -0.143751 0.000005
-0.544806 -0.328584 -0.771504
0.258896 -0.666754 -0.698865
-0.638583 -0.249083 -0.728127
0.282713 -0.671868 -0.684592
0.153302 -0.655473 -0.739495
0.935948 -0.188748 -0.297281
0.520011 0.513256 0.682757
-0.890708 0.454575 0.000006
0.989614 -0.143753 -0.000002
0.227176 -0.913107 -0.338567
-0.616116 -0.671746 -0.411288
-0.690210 -0.603451 -0.399322
0.247519 -0.910152 -0.332200
0.141305 -0.928866 -0.342406
0.942075 -0.333603 -0.034684
0.463366 0.818448 0.339756
-0.890712 0.454568 0.000000
0.989615 -0.143743 0.000000
-0.634607 -0.772835 0.000000
0.216093 -0.976373 -0.000000
-0.702957 -0.711232 0.000000
0.236374 -0.971662 -0.000000
0.141690 -0.989911 -0.000000
0.956870 -0.290517 -0.000000
0.437733 0.899105 -0.000000
-0.890708 0.454575 -0.000006
0.989614 -0.143753 0.000002
0.227176 -0.913107 0.338567
-0.616116 -0.671746 0.411288
-0.690210 -0.603451 0.399322
0.247519 -0.910152 0.332200
0.141305 -0.928866 0.342406
0.942075 -0.333603 0.034684
0.463366 0.818448 -0.339756
-0.890707 0.454578 0.000003
0.989614 -0.143751 -0.000005
-0.544806 -0.328584 0.771504
0.258896 -0.666754 0.698865
-0.638584 -0.249083 0.728127
0.282713 -0.671868 0.684592
0.153302 -0.655473 0.739495
0.935948 -0.188748 0.297281
0.520011 0.513256 -0.682757
168
0 0 1 2 0 1 2 2
0 3 4 5 3 4 5 2
0 0 6 7 6 7 8 1
0 0 7 1 6 8 9 1
0 6 8 7 7 10 8 1
0 8 9 7 10 11 8 1
0 8 10 11 10 12 13 1
0 8 11 9 10 13 11 1
0 10 12 11 12 14 13 1
0 12 13 11 14 15 13 1
0 12 14 15 14 16 17 1
0 12 15 13 14 17 15 1
0 14 3 15 16 18 17 1
0 3 5 15 18 19 17 1
0 1 16 2 1 20 2 2
0 5 4 17 5 4 21 2
0 1 7 16 9 8 22 1
0 7 18 16 8 23 22 1
0 7 9 19 8 11 24 1
0 7 19 18 8 24 23 1
0 9 11 19 11 13 24 1
0 11 20 19 13 25 24 1
0 11 13 21 13 15 26 1
0 11 21 20 13 26 25 1
0 13 15 21 15 17 26 1
0 15 22 21 17 27 26 1
0 15 5 17 17 19 28 1
0 15 17 22 17 28 27 1
0 16 23 2 20 29 2 2
0 17 4 24 21 4 30 2
0 16 18 25 22 23 31 1
0 16 25 23 22 31 32 1
0 18 19 25 23 24 31 1
0 19 26 25 24 33 31 1
0 19 20 27 24 25 34 1
0 19 27 26 24 34 33 1
0 20 21 27 25 26 34 1
0 21 28 27 26 35 34 1
0 21 22 29 26 27 36 1
0 21 29 28 26 36 35 1
0 22 17 29 27 28 36 1
0 17 24 29 28 37 36 1
0 23 30 2 29 38 2 2
0 24 4 31 30 4 39 2
0 23 25 30 32 31 40 1
0 25 32 30 31 41 40 1
0 25 26 33 31 33 42 1
0 25 33 32 31 42 41 1
0 26 27 33 33 34 42 1
0 27 34 33 34 43 42 1
0 27 28 35 34 35 44 1
0 27 35 34 34 44 43 1
0 28 29 35 35 36 44 1
0 29 36 35 36 45 44 1
0 29 24 31 36 37 46 1
0 29 31 36 36 46 45 1
0 30 37 2 38 47 2 2
0 31 4 38 39 4 48 2
0 30 32 39 40 41 49 1
0 30 39 37 40 49 50 1
0 32 33 39 41 42 49 1
0 33 40 39 42 51 49 1
0 33 34 41 42 43 52 1
0 33 41 40 42 52 51 1
0 34 35 41 43 44 52 1
0 35 42 41 44 53 52 1
0 35 36 43 44 45 54 1
0 35 43 42 44 54 53 1
0 36 31 43 45 46 54 1
0 31 38 43 46 55 54 1
0 37 44 2 47 56 2 2
0 38 4 45 48 4 57 2
0 37 39 44 50 49 58 1
0 39 46 44 49 59 58 1
0 39 40 47 49 51 60 1
0 39 47 46 49 60 59 1
0 40 41 47 51 52 60 1
0 41 48 47 52 61 60 1
0 41 42 49 52 53 62 1
0 41 49 48 52 62 61 1
0 42 43 49 53 54 62 1
0 43 50 49 54 63 62 1
0 43 38 45 54 55 64 1
0 43 45 50 54 64 63 1
0 44 51 2 56 65 2 2
0 45 4 52 57 4 66 2
0 44 46 53 58 59 67 1
0 44 53 51 58 67 68 1
0 46 47 53 59 60 67 1
0 47 54 53 60 69 67 1
0 47 48 55 60 61 70 1
0 47 55 54 60 70 69 1
0 48 49 55 61 62 70 1
0 49 56 55 62 71 70 1
0 49 50 57 62 63 72 1
0 49 57 56 62 72 71 1
0 50 45 57 63 64 72 1
0 45 52 57 64 73 72 1
0 51 58 2 65 74 2 2
0 52 4 59 66 4 75 2
0 51 53 58 68 67 76 1
0 53 60 58 67 77 76 1
0 53 54 61 67 69 78 1
0 53 61 60 67 78 77 1
0 54 55 61 69 70 78 1
0 55 62 61 70 79 78 1
0 55 56 63 70 71 80 1
0 55 63 62 70 80 79 1
0 56 57 63 71 72 80 1
0 57 64 63 72 81 80 1
0 57 52 59 72 73 82 1
0 57 59 64 72 82 81 1
0 58 65 2 74 83 2 2
0 59 4 66 75 4 84 2
0 58 60 67 76 77 85 1
0 58 67 65 76 85 86 1
0 60 61 67 77 78 85 1
0 61 68 67 78 87 85 1
0 61 62 69 78 79 88 1
0 61 69 68 78 88 87 1
0 62 63 69 79 80 88 1
0 63 70 69 80 89 88 1
0 63 64 71 80 81 90 1
0 63 71 70 80 90 89 1
0 64 59 71 81 82 90 1
0 59 66 71 82 91 90 1
0 65 72 2 83 92 2 2
0 66 4 73 84 4 93 2
0 65 67 72 86 85 94 1
0 67 74 72 85 95 94 1
0 67 68 75 85 87 96 1
0 67 75 74 85 96 95 1
0 68 69 75 87 88 96 1
0 69 76 75 88 97 96 1
0 69 70 77 88 89 98 1
0 69 77 76 88 98 97 1
0 70 71 77 89 90 98 1
0 71 78 77 90 99 98 1
0 71 66 73 90 91 100 1
0 71 73 78 90 100 99 1
0 72 79 2 92 101 2 2
0 73 4 80 93 4 102 2
0 72 74 81 94 95 103 1
0 72 81 79 94 103 104 1
0 74 75 81 95 96 103 1
0 75 82 81 96 105 103 1
0 75 76 83 96 97 106 1
0 75 83 82 96 106 105 1
0 76 77 83 97 98 106 1
0 77 84 83 98 107 106 1
0 77 78 85 98 99 108 1
0 77 85 84 98 108 107 1
0 78 73 85 99 100 108 1
0 73 80 85 100 109 108 1
0 79 0 2 101 0 2 2
0 80 4 3 102 4 3 2
0 79 81 0 104 103 6 1
0 81 6 0 103 7 6 1
0 81 82 8 103 105 10 1
0 81 8 6 103 10 7 1
0 82 83 8 105 106 10 1
0 83 10 8 106 12 10 1
0 83 84 12 106 107 14 1
0 83 12 10 106 14 12 1
0 84 85 12 107 108 14 1
0 85 14 12 108 16 14 1
0 85 80 3 108 109 18 1
0 85 3 14 108 18 16 1

Materials: 1
"Material01"
0.200000 0.200000 0.200000 1.000000
0.800000 0.800000 0.800000 1.000000
0.000000 0.000000 0.000000 1.000000
0.000000 0.000000 0.000000 1.000000
0.000000
1.000000
"E7Root.tga"
""

Bones: 0
GroupComments: 0
MaterialComments: 0
BoneComments: 0
ModelComment: 0
