// MilkShape 3D ASCII

Frames: 15
Frame: 1

Meshes: 1
"Body" 0 0
330
0 -5.000000 26.000000 0.000000 0.500000 0.514824 -1
0 24.010246 21.000000 32.275036 0.715167 0.306305 -1
0 -5.000001 26.000000 22.006378 0.748453 0.514824 -1
0 15.877469 53.500000 23.528498 0.656857 0.364761 -1
1 -5.000000 77.500000 0.000000 0.500000 0.514824 -1
1 -5.000001 77.500000 16.042650 0.681122 0.514824 -1
0 -5.000001 33.666668 26.627720 0.800629 0.514824 -1
0 30.312399 28.666668 39.052795 0.760352 0.261006 -1
0 30.312399 36.333332 39.052795 0.760352 0.261006 -1
0 -5.000001 41.333332 26.627720 0.800629 0.514824 -1
0 45.979271 21.000000 18.634003 0.624227 0.148396 -1
0 31.892883 53.500000 13.584186 0.590561 0.249646 -1
0 56.894920 28.666668 22.547144 0.650314 0.069936 -1
0 56.894920 36.333332 22.547144 0.650314 0.069936 -1
0 38.020496 21.000000 0.000002 0.500000 0.090597 -1
0 21.754940 53.500000 0.000002 0.500000 0.207511 -1
0 50.624802 28.666668 0.000003 0.500000 0.000000 -1
0 50.624802 36.333332 0.000003 0.500000 0.000000 -1
0 45.979271 21.000000 -18.633999 0.375773 0.148396 -1
0 31.892883 53.500000 -13.584184 0.409439 0.249646 -1
0 56.894920 28.666668 -22.547140 0.349686 0.069936 -1
0 56.894920 36.333332 -22.547140 0.349686 0.069936 -1
0 24.010250 21.000000 -32.275036 0.284833 0.306305 -1
0 15.877471 53.500000 -23.528498 0.343143 0.364761 -1
0 30.312403 28.666668 -39.052795 0.239648 0.261006 -1
0 30.312403 36.333332 -39.052795 0.239648 0.261006 -1
0 -4.999998 26.000000 -22.006378 0.251547 0.514824 -1
1 -4.999999 77.500000 -16.042650 0.318878 0.514824 -1
0 -4.999998 33.666668 -26.627720 0.199371 0.514824 -1
0 -4.999998 41.333332 -26.627720 0.199371 0.514824 -1
0 -35.010246 26.000000 -32.275036 0.284833 0.730532 -1
1 -26.877466 77.500000 -23.528500 0.343143 0.672075 -1
0 -41.312401 33.666668 -39.052795 0.239648 0.775830 -1
0 -41.312401 41.333332 -39.052795 0.239648 0.775830 -1
0 -45.979271 32.000000 -18.634003 0.375773 0.809375 -1
1 -31.892883 83.500000 -13.584186 0.409439 0.708125 -1
0 -56.894920 39.666668 -22.547144 0.349686 0.887834 -1
0 -56.894920 47.333328 -22.547144 0.349686 0.887834 -1
0 -36.020493 32.000000 -0.000002 0.500000 0.867173 -1
1 -19.754940 83.500000 -0.000002 0.500000 0.750260 -1
0 -48.624802 39.666668 -0.000003 0.500000 0.957770 -1
0 -48.624802 47.333328 -0.000003 0.500000 0.957770 -1
0 -45.979271 32.000000 18.633999 0.624227 0.809375 -1
1 -31.892883 83.500000 13.584184 0.590561 0.708125 -1
0 -56.894920 39.666668 22.547140 0.650314 0.887834 -1
0 -56.894920 47.333328 22.547140 0.650314 0.887834 -1
0 -35.010246 26.000000 32.275036 0.715167 0.730532 -1
1 -26.877470 77.500000 23.528496 0.656857 0.672075 -1
0 -41.312401 33.666668 39.052795 0.760352 0.775830 -1
0 -41.312401 41.333332 39.052795 0.760352 0.775830 -1
0 -23.365547 23.000000 -50.722275 0.083333 0.910153 -1
0 -33.348442 23.000000 -43.199570 0.155502 0.865229 -1
0 -35.772354 23.000000 -49.198929 0.166667 0.910153 -1
0 -33.348442 38.000000 -43.199570 0.155502 0.865229 -1
0 -23.365547 38.000000 -50.722275 0.083333 0.910153 -1
0 -35.772354 38.000000 -49.198929 0.166667 0.910153 -1
0 -33.348442 26.750000 -43.199570 0.155502 0.865229 -1
0 -35.772354 26.750000 -49.198929 0.166667 0.910153 -1
0 -35.772354 30.500000 -49.198929 0.166667 0.910153 -1
0 -33.348442 30.500000 -43.199570 0.155502 0.865229 -1
0 -33.348442 34.250000 -43.199570 0.155502 0.865229 -1
0 -35.772354 34.250000 -49.198929 0.166667 0.910153 -1
0 -28.249664 23.000000 -39.215927 0.125000 0.832343 -1
0 -28.249664 38.000000 -39.215927 0.125000 0.832343 -1
0 -28.249664 26.750000 -39.215927 0.125000 0.832343 -1
0 -28.249664 30.500000 -39.215927 0.125000 0.832343 -1
0 -28.249664 34.250000 -39.215927 0.125000 0.832343 -1
0 -21.842163 23.000000 -38.315445 0.083333 0.820305 -1
0 -21.842163 38.000000 -38.315445 0.083333 0.820305 -1
0 -21.842163 26.750000 -38.315445 0.083333 0.820305 -1
0 -21.842163 30.500000 -38.315445 0.083333 0.820305 -1
0 -21.842163 34.250000 -38.315445 0.083333 0.820305 -1
0 -15.842834 23.000000 -40.739311 0.041667 0.832343 -1
0 -15.842834 38.000000 -40.739311 0.041667 0.832343 -1
0 -15.842834 26.750000 -40.739311 0.041667 0.832343 -1
0 -15.842834 30.500000 -40.739311 0.041667 0.832343 -1
0 -15.842834 34.250000 -40.739311 0.041667 0.832343 -1
0 -11.859238 23.000000 -45.838127 0.011165 0.865229 -1
0 -11.859238 38.000000 -45.838127 0.011165 0.865229 -1
0 -11.859238 26.750000 -45.838127 0.011165 0.865229 -1
0 -11.859238 30.500000 -45.838127 0.011165 0.865229 -1
0 -11.859238 34.250000 -45.838127 0.011165 0.865229 -1
0 -10.958717 23.000000 -52.245667 0.000000 0.910153 -1
0 -10.958717 38.000000 -52.245667 0.000000 0.910153 -1
0 -10.958717 26.750000 -52.245667 0.000000 0.910153 -1
0 -10.958717 30.500000 -52.245667 0.000000 0.910153 -1
0 -10.958717 34.250000 -52.245667 0.000000 0.910153 -1
0 -13.382553 23.000000 -58.244987 0.011165 0.955076 -1
0 -13.382553 38.000000 -58.244987 0.011165 0.955076 -1
0 -13.382553 26.750000 -58.244987 0.011165 0.955076 -1
0 -13.382553 30.500000 -58.244987 0.011165 0.955076 -1
0 -13.382553 34.250000 -58.244987 0.011165 0.955076 -1
0 -18.481400 23.000000 -62.228615 0.041667 0.987963 -1
0 -18.481400 38.000000 -62.228615 0.041667 0.987963 -1
0 -18.481400 26.750000 -62.228615 0.041667 0.987963 -1
0 -18.481400 30.500000 -62.228615 0.041667 0.987963 -1
0 -18.481400 34.250000 -62.228615 0.041667 0.987963 -1
0 -24.888870 23.000000 -63.129150 0.083333 1.000000 -1
0 -24.888870 38.000000 -63.129150 0.083333 1.000000 -1
0 -24.888870 26.750000 -63.129150 0.083333 1.000000 -1
0 -24.888870 30.500000 -63.129150 0.083333 1.000000 -1
0 -24.888870 34.250000 -63.129150 0.083333 1.000000 -1
0 -30.888199 23.000000 -60.705231 0.125000 0.987963 -1
0 -30.888199 38.000000 -60.705231 0.125000 0.987963 -1
0 -30.888199 26.750000 -60.705231 0.125000 0.987963 -1
0 -30.888199 30.500000 -60.705231 0.125000 0.987963 -1
0 -30.888199 34.250000 -60.705231 0.125000 0.987963 -1
0 -34.871849 23.000000 -55.606430 0.155502 0.955076 -1
0 -34.871849 38.000000 -55.606430 0.155502 0.955076 -1
0 -34.871849 26.750000 -55.606430 0.155502 0.955076 -1
0 -34.871849 30.500000 -55.606430 0.155502 0.955076 -1
0 -34.871849 34.250000 -55.606430 0.155502 0.955076 -1
0 -52.788193 45.501575 -24.464622 0.299355 0.748599 -1
0 -42.829605 40.498425 -16.108398 0.240249 0.680260 -1
0 -42.829605 45.501575 -16.108398 0.240249 0.680260 -1
0 -52.788193 40.498425 -24.464622 0.299355 0.748599 -1
0 -33.504593 35.822830 -47.445984 0.153085 0.895660 -1
0 -33.504593 22.177166 -47.445984 0.153085 0.895660 -1
0 -23.545952 35.822830 -39.089767 0.093978 0.827322 -1
0 -23.545952 22.177166 -39.089767 0.093978 0.827322 -1
0 -35.426216 23.000000 49.052505 0.833333 0.910153 -1
0 -33.107399 23.000000 43.011803 0.844498 0.865229 -1
0 -22.994680 23.000000 50.359108 0.916667 0.910153 -1
0 -35.426216 38.000000 49.052505 0.833333 0.910153 -1
0 -22.994680 38.000000 50.359108 0.916667 0.910153 -1
0 -33.107399 38.000000 43.011803 0.844498 0.865229 -1
0 -35.426216 26.750000 49.052505 0.833333 0.910153 -1
0 -33.107399 26.750000 43.011803 0.844498 0.865229 -1
0 -35.426216 30.500000 49.052505 0.833333 0.910153 -1
0 -33.107399 30.500000 43.011803 0.844498 0.865229 -1
0 -35.426216 34.250000 49.052505 0.833333 0.910153 -1
0 -33.107399 34.250000 43.011803 0.844498 0.865229 -1
0 -28.078892 23.000000 38.939774 0.875000 0.832343 -1
0 -28.078892 38.000000 38.939774 0.875000 0.832343 -1
0 -28.078892 26.750000 38.939774 0.875000 0.832343 -1
0 -28.078892 30.500000 38.939774 0.875000 0.832343 -1
0 -28.078892 34.250000 38.939774 0.875000 0.832343 -1
0 -21.688074 23.000000 37.927574 0.916667 0.820305 -1
0 -21.688074 38.000000 37.927574 0.916667 0.820305 -1
0 -21.688074 26.750000 37.927574 0.916667 0.820305 -1
0 -21.688074 30.500000 37.927574 0.916667 0.820305 -1
0 -21.688074 34.250000 37.927574 0.916667 0.820305 -1
0 -15.647341 23.000000 40.246384 0.958333 0.832343 -1
0 -15.647341 38.000000 40.246384 0.958333 0.832343 -1
0 -15.647341 26.750000 40.246384 0.958333 0.832343 -1
0 -15.647341 30.500000 40.246384 0.958333 0.832343 -1
0 -15.647341 34.250000 40.246384 0.958333 0.832343 -1
0 -11.575350 23.000000 45.274887 0.988835 0.865229 -1
0 -11.575350 38.000000 45.274887 0.988835 0.865229 -1
0 -11.575350 26.750000 45.274887 0.988835 0.865229 -1
0 -11.575350 30.500000 45.274887 0.988835 0.865229 -1
0 -11.575350 34.250000 45.274887 0.988835 0.865229 -1
0 -10.563143 23.000000 51.665718 1.000000 0.910153 -1
0 -10.563143 38.000000 51.665718 1.000000 0.910153 -1
0 -10.563143 26.750000 51.665718 1.000000 0.910153 -1
0 -10.563143 30.500000 51.665718 1.000000 0.910153 -1
0 -10.563143 34.250000 51.665718 1.000000 0.910153 -1
0 -12.881948 23.000000 57.706440 0.988835 0.955076 -1
0 -12.881948 38.000000 57.706440 0.988835 0.955076 -1
0 -12.881948 26.750000 57.706440 0.988835 0.955076 -1
0 -12.881948 30.500000 57.706440 0.988835 0.955076 -1
0 -12.881948 34.250000 57.706440 0.988835 0.955076 -1
0 -17.910463 23.000000 61.778435 0.958333 0.987963 -1
0 -17.910463 38.000000 61.778435 0.958333 0.987963 -1
0 -17.910463 26.750000 61.778435 0.958333 0.987963 -1
0 -17.910463 30.500000 61.778435 0.958333 0.987963 -1
0 -17.910463 34.250000 61.778435 0.958333 0.987963 -1
0 -24.301296 23.000000 62.790657 0.916667 1.000000 -1
0 -24.301296 38.000000 62.790657 0.916667 1.000000 -1
0 -24.301296 26.750000 62.790657 0.916667 1.000000 -1
0 -24.301296 30.500000 62.790657 0.916667 1.000000 -1
0 -24.301296 34.250000 62.790657 0.916667 1.000000 -1
0 -30.342016 23.000000 60.471806 0.875000 0.987963 -1
0 -30.342016 38.000000 60.471806 0.875000 0.987963 -1
0 -30.342016 26.750000 60.471806 0.875000 0.987963 -1
0 -30.342016 30.500000 60.471806 0.875000 0.987963 -1
0 -30.342016 34.250000 60.471806 0.875000 0.987963 -1
0 -34.413994 23.000000 55.443321 0.844498 0.955076 -1
0 -34.413994 38.000000 55.443321 0.844498 0.955076 -1
0 -34.413994 26.750000 55.443321 0.844498 0.955076 -1
0 -34.413994 30.500000 55.443321 0.844498 0.955076 -1
0 -34.413994 34.250000 55.443321 0.844498 0.955076 -1
0 -43.059837 45.501575 16.090210 0.759751 0.680260 -1
0 -43.059837 40.498425 16.090210 0.759751 0.680260 -1
0 -52.871101 45.501575 24.618973 0.700645 0.748599 -1
0 -52.871101 40.498425 24.618973 0.700645 0.748599 -1
0 -33.189308 35.822830 47.260281 0.846915 0.895660 -1
0 -33.189308 22.177166 47.260281 0.846915 0.895660 -1
0 -23.378073 35.822830 38.731510 0.906022 0.827322 -1
0 -23.378073 22.177166 38.731510 0.906022 0.827322 -1
0 51.999996 11.000000 49.500004 0.830000 0.105120 -1
0 45.750000 11.000000 38.674686 0.757831 0.150044 -1
0 52.000000 11.000000 37.000004 0.746667 0.105120 -1
0 45.750000 26.000000 38.674686 0.757831 0.150044 -1
0 51.999996 26.000000 49.500004 0.830000 0.105120 -1
0 52.000000 26.000000 37.000004 0.746667 0.105120 -1
0 45.750000 14.750000 38.674686 0.757831 0.150044 -1
0 52.000000 14.750000 37.000004 0.746667 0.105120 -1
0 52.000000 18.500000 37.000004 0.746667 0.105120 -1
0 45.750000 18.500000 38.674686 0.757831 0.150044 -1
0 45.750000 22.250000 38.674686 0.757831 0.150044 -1
0 52.000000 22.250000 37.000004 0.746667 0.105120 -1
0 41.174683 11.000000 43.250000 0.788333 0.182930 -1
0 41.174683 26.000000 43.250000 0.788333 0.182930 -1
0 41.174683 14.750000 43.250000 0.788333 0.182930 -1
0 41.174683 18.500000 43.250000 0.788333 0.182930 -1
0 41.174683 22.250000 43.250000 0.788333 0.182930 -1
0 39.499996 11.000000 49.500000 0.830000 0.194967 -1
0 39.499996 26.000000 49.500000 0.830000 0.194967 -1
0 39.499996 14.750000 49.500000 0.830000 0.194967 -1
0 39.499996 18.500000 49.500000 0.830000 0.194967 -1
0 39.499996 22.250000 49.500000 0.830000 0.194967 -1
0 41.174679 11.000000 55.750000 0.871667 0.182930 -1
0 41.174679 26.000000 55.750000 0.871667 0.182930 -1
0 41.174679 14.750000 55.750000 0.871667 0.182930 -1
0 41.174679 18.500000 55.750000 0.871667 0.182930 -1
0 41.174679 22.250000 55.750000 0.871667 0.182930 -1
0 45.749996 11.000000 60.325321 0.902169 0.150044 -1
0 45.749996 26.000000 60.325321 0.902169 0.150044 -1
0 45.749996 14.750000 60.325321 0.902169 0.150044 -1
0 45.749996 18.500000 60.325321 0.902169 0.150044 -1
0 45.749996 22.250000 60.325321 0.902169 0.150044 -1
0 51.999996 11.000000 62.000004 0.913333 0.105120 -1
0 51.999996 26.000000 62.000004 0.913333 0.105120 -1
0 51.999996 14.750000 62.000004 0.913333 0.105120 -1
0 51.999996 18.500000 62.000004 0.913333 0.105120 -1
0 51.999996 22.250000 62.000004 0.913333 0.105120 -1
0 58.249996 11.000000 60.325321 0.902169 0.060196 -1
0 58.249996 26.000000 60.325321 0.902169 0.060196 -1
0 58.249996 14.750000 60.325321 0.902169 0.060196 -1
0 58.249996 18.500000 60.325321 0.902169 0.060196 -1
0 58.249996 22.250000 60.325321 0.902169 0.060196 -1
0 62.825314 11.000000 55.750004 0.871667 0.027310 -1
0 62.825314 26.000000 55.750004 0.871667 0.027310 -1
0 62.825314 14.750000 55.750004 0.871667 0.027310 -1
0 62.825314 18.500000 55.750004 0.871667 0.027310 -1
0 62.825314 22.250000 55.750004 0.871667 0.027310 -1
0 64.500000 11.000000 49.500004 0.830000 0.015273 -1
0 64.500000 26.000000 49.500004 0.830000 0.015273 -1
0 64.500000 14.750000 49.500004 0.830000 0.015273 -1
0 64.500000 18.500000 49.500004 0.830000 0.015273 -1
0 64.500000 22.250000 49.500004 0.830000 0.015273 -1
0 62.825317 11.000000 43.250004 0.788333 0.027310 -1
0 62.825317 26.000000 43.250004 0.788333 0.027310 -1
0 62.825317 14.750000 43.250004 0.788333 0.027310 -1
0 62.825317 18.500000 43.250004 0.788333 0.027310 -1
0 62.825317 22.250000 43.250004 0.788333 0.027310 -1
0 58.250000 11.000000 38.674686 0.757831 0.060196 -1
0 58.250000 26.000000 38.674686 0.757831 0.060196 -1
0 58.250000 14.750000 38.674686 0.757831 0.060196 -1
0 58.250000 18.500000 38.674686 0.757831 0.060196 -1
0 58.250000 22.250000 38.674686 0.757831 0.060196 -1
0 40.523819 33.501575 28.096701 0.687311 0.187608 -1
0 31.016230 28.498425 36.962685 0.746418 0.255947 -1
0 31.016230 33.501575 36.962685 0.746418 0.255947 -1
0 40.523819 28.498425 28.096701 0.687311 0.187608 -1
0 49.983768 23.822830 39.037319 0.760249 0.119612 -1
0 49.983768 10.177166 39.037319 0.760249 0.119612 -1
0 40.476173 23.822830 47.903297 0.819355 0.187951 -1
0 40.476173 10.177166 47.903297 0.819355 0.187951 -1
0 52.000000 11.000000 -36.999996 0.253333 0.105120 -1
0 45.750000 11.000000 -38.674679 0.242169 0.150044 -1
0 52.000004 11.000000 -49.499996 0.170000 0.105120 -1
0 52.000000 26.000000 -36.999996 0.253333 0.105120 -1
0 52.000004 26.000000 -49.499996 0.170000 0.105120 -1
0 45.750000 26.000000 -38.674679 0.242169 0.150044 -1
0 52.000000 14.750000 -36.999996 0.253333 0.105120 -1
0 45.750000 14.750000 -38.674679 0.242169 0.150044 -1
0 52.000000 18.500000 -36.999996 0.253333 0.105120 -1
0 45.750000 18.500000 -38.674679 0.242169 0.150044 -1
0 52.000000 22.250000 -36.999996 0.253333 0.105120 -1
0 45.750000 22.250000 -38.674679 0.242169 0.150044 -1
0 41.174683 11.000000 -43.250000 0.211667 0.182930 -1
0 41.174683 26.000000 -43.250000 0.211667 0.182930 -1
0 41.174683 14.750000 -43.250000 0.211667 0.182930 -1
0 41.174683 18.500000 -43.250000 0.211667 0.182930 -1
0 41.174683 22.250000 -43.250000 0.211667 0.182930 -1
0 39.500004 11.000000 -49.500000 0.170000 0.194967 -1
0 39.500004 26.000000 -49.500000 0.170000 0.194967 -1
0 39.500004 14.750000 -49.500000 0.170000 0.194967 -1
0 39.500004 18.500000 -49.500000 0.170000 0.194967 -1
0 39.500004 22.250000 -49.500000 0.170000 0.194967 -1
0 41.174686 11.000000 -55.750000 0.128333 0.182930 -1
0 41.174686 26.000000 -55.750000 0.128333 0.182930 -1
0 41.174686 14.750000 -55.750000 0.128333 0.182930 -1
0 41.174686 18.500000 -55.750000 0.128333 0.182930 -1
0 41.174686 22.250000 -55.750000 0.128333 0.182930 -1
0 45.750004 11.000000 -60.325314 0.097831 0.150044 -1
0 45.750004 26.000000 -60.325314 0.097831 0.150044 -1
0 45.750004 14.750000 -60.325314 0.097831 0.150044 -1
0 45.750004 18.500000 -60.325314 0.097831 0.150044 -1
0 45.750004 22.250000 -60.325314 0.097831 0.150044 -1
0 52.000004 11.000000 -61.999996 0.086667 0.105120 -1
0 52.000004 26.000000 -61.999996 0.086667 0.105120 -1
0 52.000004 14.750000 -61.999996 0.086667 0.105120 -1
0 52.000004 18.500000 -61.999996 0.086667 0.105120 -1
0 52.000004 22.250000 -61.999996 0.086667 0.105120 -1
0 58.250004 11.000000 -60.325314 0.097831 0.060196 -1
0 58.250004 26.000000 -60.325314 0.097831 0.060196 -1
0 58.250004 14.750000 -60.325314 0.097831 0.060196 -1
0 58.250004 18.500000 -60.325314 0.097831 0.060196 -1
0 58.250004 22.250000 -60.325314 0.097831 0.060196 -1
0 62.825321 11.000000 -55.749996 0.128333 0.027310 -1
0 62.825321 26.000000 -55.749996 0.128333 0.027310 -1
0 62.825321 14.750000 -55.749996 0.128333 0.027310 -1
0 62.825321 18.500000 -55.749996 0.128333 0.027310 -1
0 62.825321 22.250000 -55.749996 0.128333 0.027310 -1
0 64.500000 11.000000 -49.499996 0.170000 0.015273 -1
0 64.500000 26.000000 -49.499996 0.170000 0.015273 -1
0 64.500000 14.750000 -49.499996 0.170000 0.015273 -1
0 64.500000 18.500000 -49.499996 0.170000 0.015273 -1
0 64.500000 22.250000 -49.499996 0.170000 0.015273 -1
0 62.825317 11.000000 -43.249996 0.211667 0.027310 -1
0 62.825317 26.000000 -43.249996 0.211667 0.027310 -1
0 62.825317 14.750000 -43.249996 0.211667 0.027310 -1
0 62.825317 18.500000 -43.249996 0.211667 0.027310 -1
0 62.825317 22.250000 -43.249996 0.211667 0.027310 -1
0 58.250000 11.000000 -38.674679 0.242169 0.060196 -1
0 58.250000 26.000000 -38.674679 0.242169 0.060196 -1
0 58.250000 14.750000 -38.674679 0.242169 0.060196 -1
0 58.250000 18.500000 -38.674679 0.242169 0.060196 -1
0 58.250000 22.250000 -38.674679 0.242169 0.060196 -1
0 31.016233 33.501575 -36.962685 0.253582 0.255947 -1
0 31.016233 28.498425 -36.962685 0.253582 0.255947 -1
0 40.523819 33.501575 -28.096697 0.312689 0.187608 -1
0 40.523819 28.498425 -28.096697 0.312689 0.187608 -1
0 49.983768 23.822830 -39.037312 0.239751 0.119612 -1
0 49.983768 10.177166 -39.037312 0.239751 0.119612 -1
0 40.476181 23.822830 -47.903297 0.180645 0.187951 -1
0 40.476181 10.177166 -47.903297 0.180645 0.187951 -1
195
-0.130417 -0.991459 0.000000
-0.115896 -0.992027 -0.049510
-0.085234 -0.996361 0.000000
0.573829 0.770714 0.276985
0.442432 0.896802 0.000000
0.414536 0.910033 0.000000
-0.010221 -0.669190 0.743021
-0.023529 -0.261750 0.964849
-0.044302 -0.515741 0.855599
0.053936 -0.354910 0.933343
0.240971 0.390841 0.888356
0.004871 0.142589 0.989770
0.326824 0.440661 0.836064
0.574221 0.759428 0.305843
-0.088587 -0.995759 -0.024829
0.533648 0.844617 0.042916
0.797486 -0.518583 0.308363
0.529091 -0.833788 0.157673
0.798856 0.512453 0.314994
0.481580 0.862761 0.154029
-0.115447 -0.993314 0.000000
0.667743 0.744392 -0.000000
0.579806 -0.814755 -0.000000
0.867955 -0.496643 -0.000000
0.884072 0.467352 -0.000000
0.511093 0.859525 -0.000000
-0.088587 -0.995759 0.024829
0.533648 0.844617 -0.042916
0.797486 -0.518583 -0.308363
0.529091 -0.833788 -0.157673
0.798856 0.512453 -0.314993
0.481580 0.862761 -0.154029
-0.115896 -0.992027 0.049510
0.573829 0.770714 -0.276985
-0.010221 -0.669190 -0.743021
0.053936 -0.354910 -0.933343
0.240971 0.390841 -0.888356
0.574221 0.759428 -0.305843
-0.085234 -0.996361 -0.000000
0.414536 0.910033 0.000000
-0.023529 -0.261750 -0.964849
-0.044302 -0.515741 -0.855599
0.004871 0.142589 -0.989770
0.326825 0.440661 -0.836064
-0.121534 -0.986134 0.113005
0.188776 0.966206 -0.175529
-0.177139 -0.774182 -0.607671
-0.231939 -0.401233 -0.886124
-0.195186 0.233519 -0.952561
-0.170969 0.445466 -0.878823
-0.214810 -0.963076 0.162299
0.360927 0.872588 -0.329122
-0.870377 -0.485266 -0.083435
-0.600384 -0.789365 0.128229
-0.923645 0.312688 -0.221599
-0.779616 0.613489 -0.125816
-0.189901 -0.981803 0.000000
0.376690 0.926339 -0.000000
-0.588495 -0.808501 0.000000
-0.865381 -0.501114 0.000000
-0.957697 0.287779 0.000000
-0.781537 0.623858 0.000000
-0.214810 -0.963076 -0.162299
0.360927 0.872588 0.329122
-0.870377 -0.485266 0.083435
-0.600384 -0.789365 -0.128229
-0.923645 0.312688 0.221598
-0.779616 0.613489 0.125816
-0.121534 -0.986134 -0.113005
0.188776 0.966206 0.175529
-0.177139 -0.774182 0.607671
-0.231939 -0.401233 0.886124
-0.195186 0.233519 0.952561
-0.170969 0.445466 0.878823
0.000000 -1.000000 0.000000
0.000000 1.000000 0.000000
-0.798636 0.000000 0.601814
-0.992546 0.000000 0.121871
-0.992546 0.000000 0.121871
-0.390731 0.000000 0.920505
0.121870 0.000000 0.992546
0.121870 0.000000 0.992546
0.601816 0.000000 0.798635
0.920506 0.000000 0.390729
0.920506 0.000000 0.390729
0.992547 0.000000 -0.121866
0.992547 0.000000 -0.121866
0.798636 0.000000 -0.601814
0.798636 0.000000 -0.601814
0.390731 0.000000 -0.920505
0.390731 0.000000 -0.920505
-0.121870 0.000000 -0.992546
-0.601815 0.000000 -0.798635
-0.601815 0.000000 -0.798635
-0.920504 0.000000 -0.390732
-0.920504 0.000000 -0.390732
-0.920504 0.000000 -0.390732
-0.642787 0.000000 0.766045
-0.766045 0.000000 -0.642787
0.642784 0.000000 -0.766047
0.766044 0.000000 0.642788
0.766045 0.000000 0.642788
0.197361 0.951696 -0.235207
0.197361 0.951696 -0.235208
0.197362 0.951696 -0.235207
-0.335019 -0.853435 0.399263
-0.335020 -0.853435 0.399262
-0.335019 -0.853435 0.399264
-0.994522 0.000000 -0.104528
-0.809017 0.000000 -0.587785
-0.994522 0.000000 -0.104528
-0.406738 0.000000 -0.913545
-0.406738 0.000000 -0.913545
0.104528 0.000000 -0.994522
0.587785 0.000000 -0.809017
0.587785 0.000000 -0.809017
0.913546 0.000000 -0.406736
0.913546 0.000000 -0.406736
0.994522 0.000000 0.104528
0.809017 0.000000 0.587785
0.809017 0.000000 0.587785
0.406737 0.000000 0.913545
0.406737 0.000000 0.913545
-0.104530 0.000000 0.994522
-0.587788 0.000000 0.809015
-0.587788 0.000000 0.809015
-0.913545 0.000000 0.406737
-0.913545 0.000000 0.406737
-0.656057 0.000000 -0.754711
-0.754709 0.000000 0.656059
-0.754710 0.000000 0.656059
0.656059 0.000000 0.754710
0.754710 0.000000 -0.656059
0.201437 0.951696 0.231727
0.201437 0.951696 0.231727
0.201436 0.951696 0.231727
-0.341937 -0.853435 -0.393355
-0.341937 -0.853435 -0.393355
-0.341938 -0.853435 -0.393354
-0.500000 0.000000 -0.866026
0.000000 0.000000 -1.000000
0.000000 0.000000 -1.000000
-0.500000 0.000000 -0.866026
-0.866025 0.000000 -0.500000
-1.000000 0.000000 -0.000000
-1.000000 0.000000 -0.000000
-0.866026 0.000000 0.500000
-0.866026 0.000000 0.500000
-0.500000 0.000000 0.866025
-0.500000 0.000000 0.866025
0.000000 0.000000 1.000000
0.000000 0.000000 1.000000
0.500000 0.000000 0.866025
0.500000 0.000000 0.866025
0.866025 0.000000 0.500000
1.000000 0.000000 0.000000
1.000000 0.000000 0.000000
0.866025 0.000000 -0.500000
0.866025 0.000000 -0.500000
0.500000 0.000000 -0.866025
0.500000 0.000000 -0.866025
-0.681999 0.000000 -0.731353
0.756439 0.000000 -0.654065
0.681998 0.000000 0.731354
-0.756439 0.000000 0.654065
-0.756439 0.000000 0.654065
0.379480 0.830899 0.406942
0.379480 0.830899 0.406942
0.379480 0.830899 0.406942
-0.535446 -0.619353 -0.574195
-0.535446 -0.619353 -0.574195
-0.535445 -0.619353 -0.574195
-0.500000 0.000000 0.866025
-0.866026 0.000000 0.500000
-0.866026 0.000000 0.500000
-1.000000 0.000000 -0.000000
-1.000000 0.000000 -0.000000
-0.866025 0.000000 -0.500000
-0.866025 0.000000 -0.500000
-0.500000 0.000000 -0.866026
0.866026 0.000000 -0.500000
1.000000 0.000000 0.000000
1.000000 0.000000 0.000000
0.866025 0.000000 0.500000
0.866025 0.000000 0.500000
-0.681999 0.000000 0.731353
0.756439 0.000000 0.654065
0.681999 0.000000 -0.731353
-0.756439 0.000000 -0.654065
0.379480 0.830899 -0.406942
0.379480 0.830899 -0.406942
0.379480 0.830899 -0.406942
-0.535446 -0.619353 0.574194
-0.535446 -0.619353 0.574194
-0.535446 -0.619353 0.574194
624
0 0 1 2 0 1 2 2
0 3 4 5 3 4 5 2
0 1 6 2 6 7 8 1
0 1 7 6 6 9 7 1
0 8 9 6 10 11 7 1
0 7 8 6 9 10 7 1
0 8 5 9 10 12 11 1
0 8 3 5 10 13 12 1
0 0 10 1 0 14 1 2
0 11 4 3 15 4 3 2
0 12 7 1 16 9 6 1
0 10 12 1 17 16 6 1
0 12 8 7 16 10 9 1
0 12 13 8 16 18 10 1
0 11 3 8 19 13 10 1
0 13 11 8 18 19 10 1
0 0 14 10 0 20 14 2
0 15 4 11 21 4 15 2
0 14 12 10 22 16 17 1
0 14 16 12 22 23 16 1
0 17 13 12 24 18 16 1
0 16 17 12 23 24 16 1
0 17 11 13 24 19 18 1
0 17 15 11 24 25 19 1
0 0 18 14 0 26 20 2
0 19 4 15 27 4 21 2
0 20 16 14 28 23 22 1
0 18 20 14 29 28 22 1
0 20 17 16 28 24 23 1
0 20 21 17 28 30 24 1
0 19 15 17 31 25 24 1
0 21 19 17 30 31 24 1
0 0 22 18 0 32 26 2
0 23 4 19 33 4 27 2
0 22 20 18 34 28 29 1
0 22 24 20 34 35 28 1
0 25 21 20 36 30 28 1
0 24 25 20 35 36 28 1
0 25 19 21 36 31 30 1
0 25 23 19 36 37 31 1
0 0 26 22 0 38 32 2
0 27 4 23 39 4 33 2
0 28 24 22 40 35 34 1
0 26 28 22 41 40 34 1
0 28 25 24 40 36 35 1
0 28 29 25 40 42 36 1
0 27 23 25 43 37 36 1
0 29 27 25 42 43 36 1
0 0 30 26 0 44 38 2
0 31 4 27 45 4 39 2
0 30 28 26 46 40 41 1
0 30 32 28 46 47 40 1
0 33 29 28 48 42 40 1
0 32 33 28 47 48 40 1
0 33 27 29 48 43 42 1
0 33 31 27 48 49 43 1
0 0 34 30 0 50 44 2
0 35 4 31 51 4 45 2
0 36 32 30 52 47 46 1
0 34 36 30 53 52 46 1
0 36 33 32 52 48 47 1
0 36 37 33 52 54 48 1
0 35 31 33 55 49 48 1
0 37 35 33 54 55 48 1
0 0 38 34 0 56 50 2
0 39 4 35 57 4 51 2
0 38 36 34 58 52 53 1
0 38 40 36 58 59 52 1
0 41 37 36 60 54 52 1
0 40 41 36 59 60 52 1
0 41 35 37 60 55 54 1
0 41 39 35 60 61 55 1
0 0 42 38 0 62 56 2
0 43 4 39 63 4 57 2
0 44 40 38 64 59 58 1
0 42 44 38 65 64 58 1
0 44 41 40 64 60 59 1
0 44 45 41 64 66 60 1
0 43 39 41 67 61 60 1
0 45 43 41 66 67 60 1
0 0 46 42 0 68 62 2
0 47 4 43 69 4 63 2
0 46 44 42 70 64 65 1
0 46 48 44 70 71 64 1
0 49 45 44 72 66 64 1
0 48 49 44 71 72 64 1
0 49 43 45 72 67 66 1
0 49 47 43 72 73 67 1
0 0 2 46 0 2 68 2
0 5 4 47 5 4 69 2
0 6 48 46 7 71 70 1
0 2 6 46 8 7 70 1
0 6 49 48 7 72 71 1
0 6 9 49 7 11 72 1
0 5 47 49 12 73 72 1
0 9 5 49 11 12 72 1
0 50 51 52 74 74 74 2
0 53 54 55 75 75 75 2
0 56 57 52 76 77 77 1
0 51 56 52 76 76 77 1
0 56 58 57 76 78 77 1
0 56 59 58 76 76 78 1
0 60 61 58 76 77 78 1
0 59 60 58 76 76 78 1
0 60 55 61 76 77 77 1
0 60 53 55 76 76 77 1
0 50 62 51 74 74 74 2
0 63 54 53 75 75 75 2
0 62 56 51 79 76 76 1
0 62 64 56 79 79 76 1
0 65 59 56 79 76 76 1
0 64 65 56 79 79 76 1
0 65 60 59 79 76 76 1
0 65 66 60 79 79 76 1
0 63 53 60 79 76 76 1
0 66 63 60 79 79 76 1
0 50 67 62 74 74 74 2
0 68 54 63 75 75 75 2
0 69 64 62 80 79 79 1
0 67 69 62 81 80 79 1
0 69 65 64 80 79 79 1
0 69 70 65 80 81 79 1
0 71 66 65 80 79 79 1
0 70 71 65 81 80 79 1
0 71 63 66 80 79 79 1
0 71 68 63 80 81 79 1
0 50 72 67 74 74 74 2
0 73 54 68 75 75 75 2
0 72 69 67 82 80 81 1
0 72 74 69 82 82 80 1
0 75 70 69 82 81 80 1
0 74 75 69 82 82 80 1
0 75 71 70 82 80 81 1
0 75 76 71 82 82 80 1
0 73 68 71 82 81 80 1
0 76 73 71 82 82 80 1
0 50 77 72 74 74 74 2
0 78 54 73 75 75 75 2
0 79 74 72 83 82 82 1
0 77 79 72 84 83 82 1
0 79 75 74 83 82 82 1
0 79 80 75 83 84 82 1
0 81 76 75 83 82 82 1
0 80 81 75 84 83 82 1
0 81 73 76 83 82 82 1
0 81 78 73 83 84 82 1
0 50 82 77 74 74 74 2
0 83 54 78 75 75 75 2
0 82 79 77 85 83 84 1
0 82 84 79 85 85 83 1
0 85 80 79 86 84 83 1
0 84 85 79 85 86 83 1
0 85 81 80 86 83 84 1
0 85 86 81 86 85 83 1
0 83 78 81 85 84 83 1
0 86 83 81 85 85 83 1
0 50 87 82 74 74 74 2
0 88 54 83 75 75 75 2
0 89 84 82 87 85 85 1
0 87 89 82 88 87 85 1
0 89 85 84 87 86 85 1
0 89 90 85 87 88 86 1
0 91 86 85 87 85 86 1
0 90 91 85 88 87 86 1
0 91 83 86 87 85 85 1
0 91 88 83 87 88 85 1
0 50 92 87 74 74 74 2
0 93 54 88 75 75 75 2
0 92 89 87 89 87 88 1
0 92 94 89 89 89 87 1
0 95 90 89 90 88 87 1
0 94 95 89 89 90 87 1
0 95 91 90 90 87 88 1
0 95 96 91 90 89 87 1
0 93 88 91 89 88 87 1
0 96 93 91 89 89 87 1
0 50 97 92 74 74 74 2
0 98 54 93 75 75 75 2
0 99 94 92 91 89 89 1
0 97 99 92 91 91 89 1
0 99 95 94 91 90 89 1
0 99 100 95 91 91 90 1
0 101 96 95 91 89 90 1
0 100 101 95 91 91 90 1
0 101 93 96 91 89 89 1
0 101 98 93 91 91 89 1
0 50 102 97 74 74 74 2
0 103 54 98 75 75 75 2
0 102 99 97 92 91 91 1
0 102 104 99 92 92 91 1
0 105 100 99 93 91 91 1
0 104 105 99 92 93 91 1
0 105 101 100 93 91 91 1
0 105 106 101 93 92 91 1
0 103 98 101 92 91 91 1
0 106 103 101 92 92 91 1
0 50 107 102 74 74 74 2
0 108 54 103 75 75 75 2
0 109 104 102 94 92 92 1
0 107 109 102 95 94 92 1
0 109 105 104 94 93 92 1
0 109 110 105 94 96 93 1
0 111 106 105 94 92 93 1
0 110 111 105 96 94 93 1
0 111 103 106 94 92 92 1
0 111 108 103 94 95 92 1
0 50 52 107 74 74 74 2
0 55 54 108 75 75 75 2
0 52 109 107 77 94 95 1
0 52 57 109 77 77 94 1
0 58 110 109 78 96 94 1
0 57 58 109 77 78 94 1
0 58 111 110 78 94 96 1
0 58 61 111 78 77 94 1
0 55 108 111 77 95 94 1
0 61 55 111 77 77 94 1
0 112 113 114 97 97 97 1
0 112 115 113 97 97 97 1
0 116 115 112 98 98 98 2
0 116 117 115 98 98 98 2
0 118 117 116 99 99 99 1
0 118 119 117 99 99 99 1
0 114 119 118 100 100 101 2
0 114 113 119 100 100 100 2
0 116 114 118 102 102 103 3
0 116 112 114 102 104 102 3
0 115 119 113 105 105 106 3
0 115 117 119 105 107 105 3
0 120 121 122 74 74 74 2
0 123 124 125 75 75 75 2
0 120 126 127 108 108 109 1
0 120 127 121 108 109 109 1
0 126 128 127 108 110 109 1
0 128 129 127 110 109 109 1
0 128 130 131 110 108 109 1
0 128 131 129 110 109 109 1
0 130 123 131 108 108 109 1
0 123 125 131 108 109 109 1
0 121 132 122 74 74 74 2
0 125 124 133 75 75 75 2
0 121 127 132 109 109 111 1
0 127 134 132 109 111 111 1
0 127 129 135 109 109 112 1
0 127 135 134 109 112 111 1
0 129 131 135 109 109 112 1
0 131 136 135 109 111 112 1
0 131 125 133 109 109 111 1
0 131 133 136 109 111 111 1
0 132 137 122 74 74 74 2
0 133 124 138 75 75 75 2
0 132 134 139 111 111 113 1
0 132 139 137 111 113 113 1
0 134 135 139 111 112 113 1
0 135 140 139 112 113 113 1
0 135 136 141 112 111 113 1
0 135 141 140 112 113 113 1
0 136 133 141 111 111 113 1
0 133 138 141 111 113 113 1
0 137 142 122 74 74 74 2
0 138 124 143 75 75 75 2
0 137 139 142 113 113 114 1
0 139 144 142 113 114 114 1
0 139 140 145 113 113 115 1
0 139 145 144 113 115 114 1
0 140 141 145 113 113 115 1
0 141 146 145 113 114 115 1
0 141 138 143 113 113 114 1
0 141 143 146 113 114 114 1
0 142 147 122 74 74 74 2
0 143 124 148 75 75 75 2
0 142 144 149 114 114 116 1
0 142 149 147 114 116 117 1
0 144 145 149 114 115 116 1
0 145 150 149 115 117 116 1
0 145 146 151 115 114 116 1
0 145 151 150 115 116 117 1
0 146 143 151 114 114 116 1
0 143 148 151 114 117 116 1
0 147 152 122 74 74 74 2
0 148 124 153 75 75 75 2
0 147 149 152 117 116 118 1
0 149 154 152 116 118 118 1
0 149 150 155 116 117 118 1
0 149 155 154 116 118 118 1
0 150 151 155 117 116 118 1
0 151 156 155 116 118 118 1
0 151 148 153 116 117 118 1
0 151 153 156 116 118 118 1
0 152 157 122 74 74 74 2
0 153 124 158 75 75 75 2
0 152 154 159 118 118 119 1
0 152 159 157 118 119 120 1
0 154 155 159 118 118 119 1
0 155 160 159 118 120 119 1
0 155 156 161 118 118 119 1
0 155 161 160 118 119 120 1
0 156 153 161 118 118 119 1
0 153 158 161 118 120 119 1
0 157 162 122 74 74 74 2
0 158 124 163 75 75 75 2
0 157 159 162 120 119 121 1
0 159 164 162 119 121 121 1
0 159 160 165 119 120 122 1
0 159 165 164 119 122 121 1
0 160 161 165 120 119 122 1
0 161 166 165 119 121 122 1
0 161 158 163 119 120 121 1
0 161 163 166 119 121 121 1
0 162 167 122 74 74 74 2
0 163 124 168 75 75 75 2
0 162 164 169 121 121 123 1
0 162 169 167 121 123 123 1
0 164 165 169 121 122 123 1
0 165 170 169 122 123 123 1
0 165 166 171 122 121 123 1
0 165 171 170 122 123 123 1
0 166 163 171 121 121 123 1
0 163 168 171 121 123 123 1
0 167 172 122 74 74 74 2
0 168 124 173 75 75 75 2
0 167 169 172 123 123 124 1
0 169 174 172 123 124 124 1
0 169 170 175 123 123 125 1
0 169 175 174 123 125 124 1
0 170 171 175 123 123 125 1
0 171 176 175 123 124 125 1
0 171 168 173 123 123 124 1
0 171 173 176 123 124 124 1
0 172 177 122 74 74 74 2
0 173 124 178 75 75 75 2
0 172 174 179 124 124 126 1
0 172 179 177 124 126 127 1
0 174 175 179 124 125 126 1
0 175 180 179 125 126 126 1
0 175 176 181 125 124 126 1
0 175 181 180 125 126 126 1
0 176 173 181 124 124 126 1
0 173 178 181 124 127 126 1
0 177 120 122 74 74 74 2
0 178 124 123 75 75 75 2
0 177 179 120 127 126 108 1
0 179 126 120 126 108 108 1
0 179 180 128 126 126 110 1
0 179 128 126 126 110 108 1
0 180 181 128 126 126 110 1
0 181 130 128 126 108 110 1
0 181 178 123 126 127 108 1
0 181 123 130 126 108 108 1
0 182 183 184 128 128 128 1
0 183 185 184 128 128 128 1
0 184 185 186 129 129 129 2
0 185 187 186 129 130 129 2
0 186 187 188 131 131 131 1
0 187 189 188 131 131 131 1
0 188 189 182 132 132 132 2
0 189 183 182 132 132 132 2
0 188 182 186 133 134 134 3
0 182 184 186 134 135 134 3
0 183 189 185 136 137 137 3
0 189 187 185 137 138 137 3
0 190 191 192 74 74 74 2
0 193 194 195 75 75 75 2
0 196 197 192 139 140 140 1
0 191 196 192 139 139 140 1
0 196 198 197 139 141 140 1
0 196 199 198 139 142 141 1
0 200 201 198 139 140 141 1
0 199 200 198 142 139 141 1
0 200 195 201 139 140 140 1
0 200 193 195 139 139 140 1
0 190 202 191 74 74 74 2
0 203 194 193 75 75 75 2
0 202 196 191 143 139 139 1
0 202 204 196 143 143 139 1
0 205 199 196 143 142 139 1
0 204 205 196 143 143 139 1
0 205 200 199 143 139 142 1
0 205 206 200 143 143 139 1
0 203 193 200 143 139 139 1
0 206 203 200 143 143 139 1
0 190 207 202 74 74 74 2
0 208 194 203 75 75 75 2
0 209 204 202 144 143 143 1
0 207 209 202 145 144 143 1
0 209 205 204 144 143 143 1
0 209 210 205 144 145 143 1
0 211 206 205 144 143 143 1
0 210 211 205 145 144 143 1
0 211 203 206 144 143 143 1
0 211 208 203 144 145 143 1
0 190 212 207 74 74 74 2
0 213 194 208 75 75 75 2
0 212 209 207 146 144 145 1
0 212 214 209 146 146 144 1
0 215 210 209 147 145 144 1
0 214 215 209 146 147 144 1
0 215 211 210 147 144 145 1
0 215 216 211 147 146 144 1
0 213 208 211 146 145 144 1
0 216 213 211 146 146 144 1
0 190 217 212 74 74 74 2
0 218 194 213 75 75 75 2
0 219 214 212 148 146 146 1
0 217 219 212 149 148 146 1
0 219 215 214 148 147 146 1
0 219 220 215 148 149 147 1
0 221 216 215 148 146 147 1
0 220 221 215 149 148 147 1
0 221 213 216 148 146 146 1
0 221 218 213 148 149 146 1
0 190 222 217 74 74 74 2
0 223 194 218 75 75 75 2
0 222 219 217 150 148 149 1
0 222 224 219 150 150 148 1
0 225 220 219 151 149 148 1
0 224 225 219 150 151 148 1
0 225 221 220 151 148 149 1
0 225 226 221 151 150 148 1
0 223 218 221 150 149 148 1
0 226 223 221 150 150 148 1
0 190 227 222 74 74 74 2
0 228 194 223 75 75 75 2
0 229 224 222 152 150 150 1
0 227 229 222 153 152 150 1
0 229 225 224 152 151 150 1
0 229 230 225 152 153 151 1
0 231 226 225 152 150 151 1
0 230 231 225 153 152 151 1
0 231 223 226 152 150 150 1
0 231 228 223 152 153 150 1
0 190 232 227 74 74 74 2
0 233 194 228 75 75 75 2
0 232 229 227 154 152 153 1
0 232 234 229 154 154 152 1
0 235 230 229 154 153 152 1
0 234 235 229 154 154 152 1
0 235 231 230 154 152 153 1
0 235 236 231 154 154 152 1
0 233 228 231 154 153 152 1
0 236 233 231 154 154 152 1
0 190 237 232 74 74 74 2
0 238 194 233 75 75 75 2
0 239 234 232 155 154 154 1
0 237 239 232 156 155 154 1
0 239 235 234 155 154 154 1
0 239 240 235 155 156 154 1
0 241 236 235 155 154 154 1
0 240 241 235 156 155 154 1
0 241 233 236 155 154 154 1
0 241 238 233 155 156 154 1
0 190 242 237 74 74 74 2
0 243 194 238 75 75 75 2
0 242 239 237 157 155 156 1
0 242 244 239 157 157 155 1
0 245 240 239 158 156 155 1
0 244 245 239 157 158 155 1
0 245 241 240 158 155 156 1
0 245 246 241 158 157 155 1
0 243 238 241 157 156 155 1
0 246 243 241 157 157 155 1
0 190 247 242 74 74 74 2
0 248 194 243 75 75 75 2
0 249 244 242 159 157 157 1
0 247 249 242 160 159 157 1
0 249 245 244 159 158 157 1
0 249 250 245 159 159 158 1
0 251 246 245 159 157 158 1
0 250 251 245 159 159 158 1
0 251 243 246 159 157 157 1
0 251 248 243 159 160 157 1
0 190 192 247 74 74 74 2
0 195 194 248 75 75 75 2
0 192 249 247 140 159 160 1
0 192 197 249 140 140 159 1
0 198 250 249 141 159 159 1
0 197 198 249 140 141 159 1
0 198 251 250 141 159 159 1
0 198 201 251 141 140 159 1
0 195 248 251 140 160 159 1
0 201 195 251 140 140 159 1
0 252 253 254 161 161 161 1
0 252 255 253 161 161 161 1
0 256 255 252 162 162 162 2
0 256 257 255 162 162 162 2
0 258 257 256 163 163 163 1
0 258 259 257 163 163 163 1
0 254 259 258 164 164 165 2
0 254 253 259 164 164 164 2
0 256 254 258 166 166 167 3
0 256 252 254 166 168 166 3
0 255 259 253 169 169 170 3
0 255 257 259 169 171 169 3
0 260 261 262 74 74 74 2
0 263 264 265 75 75 75 2
0 260 266 267 150 150 172 1
0 260 267 261 150 172 149 1
0 266 268 267 150 151 172 1
0 268 269 267 151 149 172 1
0 268 270 271 151 150 172 1
0 268 271 269 151 172 149 1
0 270 263 271 150 150 172 1
0 263 265 271 150 149 172 1
0 261 272 262 74 74 74 2
0 265 264 273 75 75 75 2
0 261 267 272 149 172 173 1
0 267 274 272 172 173 173 1
0 267 269 275 172 149 174 1
0 267 275 274 172 174 173 1
0 269 271 275 149 172 174 1
0 271 276 275 172 173 174 1
0 271 265 273 172 149 173 1
0 271 273 276 172 173 173 1
0 272 277 262 74 74 74 2
0 273 264 278 75 75 75 2
0 272 274 279 173 173 175 1
0 272 279 277 173 175 176 1
0 274 275 279 173 174 175 1
0 275 280 279 174 176 175 1
0 275 276 281 174 173 175 1
0 275 281 280 174 175 176 1
0 276 273 281 173 173 175 1
0 273 278 281 173 176 175 1
0 277 282 262 74 74 74 2
0 278 264 283 75 75 75 2
0 277 279 282 176 175 177 1
0 279 284 282 175 177 177 1
0 279 280 285 175 176 178 1
0 279 285 284 175 178 177 1
0 280 281 285 176 175 178 1
0 281 286 285 175 177 178 1
0 281 278 283 175 176 177 1
0 281 283 286 175 177 177 1
0 282 287 262 74 74 74 2
0 283 264 288 75 75 75 2
0 282 284 289 177 177 179 1
0 282 289 287 177 179 139 1
0 284 285 289 177 178 179 1
0 285 290 289 178 179 179 1
0 285 286 291 178 177 179 1
0 285 291 290 178 179 179 1
0 286 283 291 177 177 179 1
0 283 288 291 177 139 179 1
0 287 292 262 74 74 74 2
0 288 264 293 75 75 75 2
0 287 289 292 139 179 140 1
0 289 294 292 179 140 140 1
0 289 290 295 179 179 141 1
0 289 295 294 179 141 140 1
0 290 291 295 179 179 141 1
0 291 296 295 179 140 141 1
0 291 288 293 179 139 140 1
0 291 293 296 179 140 140 1
0 292 297 262 74 74 74 2
0 293 264 298 75 75 75 2
0 292 294 299 140 140 159 1
0 292 299 297 140 159 160 1
0 294 295 299 140 141 159 1
0 295 300 299 141 160 159 1
0 295 296 301 141 140 159 1
0 295 301 300 141 159 160 1
0 296 293 301 140 140 159 1
0 293 298 301 140 160 159 1
0 297 302 262 74 74 74 2
0 298 264 303 75 75 75 2
0 297 299 302 160 159 180 1
0 299 304 302 159 180 180 1
0 299 300 305 159 160 180 1
0 299 305 304 159 180 180 1
0 300 301 305 160 159 180 1
0 301 306 305 159 180 180 1
0 301 298 303 159 160 180 1
0 301 303 306 159 180 180 1
0 302 307 262 74 74 74 2
0 303 264 308 75 75 75 2
0 302 304 309 180 180 181 1
0 302 309 307 180 181 182 1
0 304 305 309 180 180 181 1
0 305 310 309 180 182 181 1
0 305 306 311 180 180 181 1
0 305 311 310 180 181 182 1
0 306 303 311 180 180 181 1
0 303 308 311 180 182 181 1
0 307 312 262 74 74 74 2
0 308 264 313 75 75 75 2
0 307 309 312 182 181 183 1
0 309 314 312 181 183 183 1
0 309 310 315 181 182 184 1
0 309 315 314 181 184 183 1
0 310 311 315 182 181 184 1
0 311 316 315 181 183 184 1
0 311 308 313 181 182 183 1
0 311 313 316 181 183 183 1
0 312 317 262 74 74 74 2
0 313 264 318 75 75 75 2
0 312 314 319 183 183 152 1
0 312 319 317 183 152 153 1
0 314 315 319 183 184 152 1
0 315 320 319 184 152 152 1
0 315 316 321 184 183 152 1
0 315 321 320 184 152 152 1
0 316 313 321 183 183 152 1
0 313 318 321 183 153 152 1
0 317 260 262 74 74 74 2
0 318 264 263 75 75 75 2
0 317 319 260 153 152 150 1
0 319 266 260 152 150 150 1
0 319 320 268 152 152 151 1
0 319 268 266 152 151 150 1
0 320 321 268 152 152 151 1
0 321 270 268 152 150 151 1
0 321 318 263 152 153 150 1
0 321 263 270 152 150 150 1
0 322 323 324 185 185 185 1
0 323 325 324 185 185 185 1
0 324 325 326 186 186 186 2
0 325 327 326 186 186 186 2
0 326 327 328 187 187 187 1
0 327 329 328 187 187 187 1
0 328 329 322 188 188 188 2
0 329 323 322 188 188 188 2
0 328 322 326 189 190 190 3
0 322 324 326 190 191 190 3
0 323 329 325 192 193 193 3
0 329 327 325 193 194 193 3

Materials: 1
"Material01"
0.200000 0.200000 0.200000 1.000000
0.800000 0.800000 0.800000 1.000000
0.000000 0.000000 0.000000 1.000000
0.000000 0.000000 0.000000 1.000000
0.000000
1.000000
"E7Root.tga"
""

Bones: 0
GroupComments: 0
MaterialComments: 0
BoneComments: 0
ModelComment: 0
