// MilkShape 3D ASCII

Frames: 15
Frame: 1

Meshes: 1
"Create Face" 0 -1
39
32 -25.197460 0.000000 -62.669247 0.000000 0.000000 -1
32 -11.197460 0.000000 -53.169247 0.000000 0.000000 -1
32 -17.697460 0.000000 -62.169247 0.000000 0.000000 -1
32 -36.197460 0.000000 -56.169247 0.000000 0.000000 -1
32 -34.197460 0.000000 -45.169247 0.000000 0.000000 -1
32 -16.197460 0.000000 -42.169247 0.000000 0.000000 -1
32 -27.697460 0.000000 -40.169247 0.000000 0.000000 -1
32 -41.697460 0.000000 -39.669247 0.000000 0.000000 -1
32 -57.197460 0.000000 -22.669247 0.000000 0.000000 -1
32 -6.197460 0.000000 -27.169247 0.000000 0.000000 -1
32 -48.697460 0.000000 -0.669247 0.000000 0.000000 -1
32 -55.197460 0.000000 21.330753 0.000000 0.000000 -1
32 -27.197460 0.000000 33.330753 0.000000 0.000000 -1
32 -4.697460 0.000000 26.830753 0.000000 0.000000 -1
32 -41.197460 0.000000 39.330753 0.000000 0.000000 -1
32 -15.197460 0.000000 40.330753 0.000000 0.000000 -1
32 -34.697460 0.000000 49.330753 0.000000 0.000000 -1
32 -29.697460 0.000000 60.830753 0.000000 0.000000 -1
32 -10.197460 0.000000 52.830753 0.000000 0.000000 -1
32 -17.197460 0.000000 61.330753 0.000000 0.000000 -1
32 32.802540 0.000000 37.830753 0.000000 0.000000 -1
32 44.802540 0.000000 30.330753 0.000000 0.000000 -1
32 56.802540 0.000000 21.830753 0.000000 0.000000 -1
32 51.302540 0.000000 -1.669247 0.000000 0.000000 -1
32 57.302540 0.000000 -22.169247 0.000000 0.000000 -1
32 44.302540 0.000000 -30.669247 0.000000 0.000000 -1
32 30.802540 0.000000 -39.169247 0.000000 0.000000 -1
32 40.302540 0.000000 -47.169247 0.000000 0.000000 -1
32 51.302540 0.000000 -38.169247 0.000000 0.000000 -1
32 58.302540 0.000000 -39.669247 0.000000 0.000000 -1
32 45.802540 0.000000 -60.169247 0.000000 0.000000 -1
32 64.802536 0.000000 -50.669247 0.000000 0.000000 -1
32 57.302540 0.000000 -60.669247 0.000000 0.000000 -1
32 52.302540 0.000000 37.330753 0.000000 0.000000 -1
32 39.802540 0.000000 47.830753 0.000000 0.000000 -1
32 41.802540 0.000000 56.330753 0.000000 0.000000 -1
32 62.802540 0.000000 42.830753 0.000000 0.000000 -1
32 51.802540 0.000000 60.330753 0.000000 0.000000 -1
32 63.302540 0.000000 55.830753 0.000000 0.000000 -1
1
0.000000 1.000000 0.000000
38
0 0 1 2 0 0 0 1
0 0 3 1 0 0 0 1
0 3 4 1 0 0 0 1
0 4 5 1 0 0 0 1
0 4 6 5 0 0 0 1
0 6 4 7 0 0 0 1
0 6 7 8 0 0 0 1
0 5 6 9 0 0 0 1
0 8 9 6 0 0 0 1
0 9 8 10 0 0 0 1
0 10 11 12 0 0 0 1
0 10 12 9 0 0 0 1
0 12 13 9 0 0 0 1
0 14 15 12 0 0 0 1
0 14 16 15 0 0 0 1
0 16 17 15 0 0 0 1
0 17 18 15 0 0 0 1
0 17 19 18 0 0 0 1
0 13 12 15 0 0 0 1
0 13 20 21 0 0 0 1
0 13 21 22 0 0 0 1
0 13 22 23 0 0 0 1
0 13 23 9 0 0 0 1
0 23 24 9 0 0 0 1
0 24 25 9 0 0 0 1
0 25 26 9 0 0 0 1
0 25 27 26 0 0 0 1
0 25 28 27 0 0 0 1
0 28 29 27 0 0 0 1
0 29 30 27 0 0 0 1
0 29 31 30 0 0 0 1
0 31 32 30 0 0 0 1
0 20 33 21 0 0 0 1
0 20 34 33 0 0 0 1
0 34 35 33 0 0 0 1
0 35 36 33 0 0 0 1
0 35 37 36 0 0 0 1
0 37 38 36 0 0 0 1

Materials: 0

Bones: 0
GroupComments: 0
MaterialComments: 0
BoneComments: 0
ModelComment: 0
