// MilkShape 3D ASCII

Frames: 40
Frame: 1

Meshes: 2
"Body" 0 0
82
0 -8.066620 49.626907 12.574014 1.000000 0.685585 -1
0 -13.744431 47.563194 11.374200 0.961940 0.846369 -1
0 -8.066616 49.626892 -0.274507 0.500000 0.685585 -1
0 -8.455713 77.517258 12.574014 1.000000 0.557892 -1
0 -8.455713 77.517258 -0.274506 0.500000 0.557892 -1
0 -7.459873 75.582596 11.374203 0.961940 0.718675 -1
0 -8.554897 56.609810 12.574014 1.000000 0.653662 -1
0 -14.232677 54.546211 11.374203 0.961940 0.814446 -1
0 -9.043232 63.592796 12.574014 1.000000 0.621739 -1
0 -14.721012 61.529167 11.374203 0.961940 0.782522 -1
0 -9.531513 70.575768 12.574014 1.000000 0.589815 -1
0 -15.209305 68.512146 11.374203 0.961940 0.750599 -1
0 -19.914757 49.205330 3.336570 0.853553 0.982675 -1
0 -15.350788 73.942505 3.336570 0.853553 0.854981 -1
0 -20.287720 54.442566 3.336570 0.853553 0.950752 -1
0 -20.660690 59.679787 3.336570 0.853553 0.918828 -1
0 -21.033653 64.917007 3.336570 0.853553 0.886905 -1
0 -22.343605 49.038578 1.578044 0.691342 1.000000 -1
0 -16.482723 73.734039 1.578044 0.691342 0.872306 -1
0 -32.805290 54.275826 16.107605 0.691342 0.968076 -1
0 -33.422867 59.513039 16.107605 0.691342 0.936153 -1
0 -34.040451 64.750259 16.107605 0.691342 0.904230 -1
0 -21.204285 49.116833 -0.496279 0.500000 0.991873 -1
0 -15.951763 73.831825 -0.496279 0.500000 0.864180 -1
0 -21.577324 54.354019 -0.496279 0.500000 0.959950 -1
0 -21.950241 59.591263 -0.496279 0.500000 0.928027 -1
0 -22.323219 64.828461 -0.496279 0.500000 0.896103 -1
0 -22.343605 49.038578 -2.570603 0.308658 1.000000 -1
0 -16.482723 73.734039 -2.570602 0.308658 0.872306 -1
0 -32.805290 54.275826 -16.656620 0.308658 0.968076 -1
0 -33.422867 59.513039 -16.656620 0.308658 0.936153 -1
0 -34.040451 64.750259 -16.656620 0.308658 0.904230 -1
0 -19.914757 49.205330 -4.329127 0.146447 0.982675 -1
0 -15.350788 73.942505 -4.329127 0.146447 0.854981 -1
0 -20.287720 54.442566 -4.329127 0.146447 0.950752 -1
0 -20.660690 59.679787 -4.329127 0.146447 0.918828 -1
0 -21.033653 64.917007 -4.329127 0.146447 0.886905 -1
0 -13.744423 47.563210 -12.366758 0.038060 0.846369 -1
0 -7.459873 75.582596 -12.366758 0.038060 0.718675 -1
0 -14.232674 54.546219 -12.366758 0.038060 0.814446 -1
0 -14.721004 61.529167 -12.366758 0.038060 0.782522 -1
0 -15.209297 68.512146 -12.366758 0.038060 0.750599 -1
0 -8.066616 49.626892 -13.123020 0.000000 0.685585 -1
0 -8.455713 77.517258 -13.123020 0.000000 0.557892 -1
0 -8.554905 56.609825 -13.123020 0.000000 0.653662 -1
0 -9.043228 63.592827 -13.123020 0.000000 0.621739 -1
0 -9.531513 70.575768 -13.123020 0.000000 0.589815 -1
0 17.484489 53.184349 -35.683746 0.038060 0.384661 -1
0 3.276903 79.333191 -35.683746 0.038060 0.316717 -1
0 19.878641 59.762207 -35.683746 0.038060 0.367675 -1
0 22.272768 66.340027 -35.683746 0.038060 0.350689 -1
0 24.666912 72.917885 -35.683746 0.038060 0.333703 -1
0 37.692184 54.187500 -20.253325 0.146447 0.083995 -1
0 10.837990 79.119759 -20.253325 0.146447 0.151940 -1
0 35.787331 59.120888 -20.253325 0.146447 0.100981 -1
0 36.937691 64.429276 -20.253325 0.146447 0.117967 -1
0 35.032852 69.362663 -20.253325 0.146447 0.134954 -1
0 37.764534 54.212341 -10.961019 0.308658 0.083350 -1
0 10.871714 79.150780 -10.961019 0.308658 0.151294 -1
0 35.105225 69.387497 -10.961019 0.308658 0.134308 -1
0 37.734100 54.201881 0.000007 0.500000 0.083621 -1
0 10.857533 79.137733 0.000006 0.500000 0.151566 -1
0 37.010048 64.454109 -10.961019 0.308658 0.117322 -1
0 36.979630 64.443665 0.000006 0.500000 0.117594 -1
0 37.696571 54.189011 10.961028 0.691342 0.083956 -1
0 10.840046 79.121658 10.961028 0.691342 0.151900 -1
0 35.037247 69.364166 10.961028 0.691342 0.134914 -1
0 36.942085 64.430779 10.961028 0.691342 0.117928 -1
0 37.692184 54.187500 20.253332 0.853553 0.083995 -1
0 10.837990 79.119759 20.253332 0.853553 0.151940 -1
0 17.484486 53.184349 35.683750 0.961940 0.384661 -1
0 3.276903 79.333191 35.683750 0.961940 0.316717 -1
0 35.787331 59.120888 20.253332 0.853553 0.100981 -1
0 19.878637 59.762207 35.683750 0.961940 0.367675 -1
0 36.937691 64.429276 20.253332 0.853553 0.117967 -1
0 22.272764 66.340027 35.683750 0.961940 0.350689 -1
0 35.032852 69.362663 20.253332 0.853553 0.134954 -1
0 24.666908 72.917885 35.683750 0.961940 0.333703 -1
0 35.859688 59.145721 -10.961019 0.308658 0.100336 -1
0 35.791733 59.122406 10.961028 0.691342 0.100942 -1
0 35.829262 59.135262 0.000006 0.500000 0.100607 -1
0 35.074783 69.377045 0.000006 0.500000 0.134580 -1
113
0.241082 -0.970505 0.000001
0.163640 -0.982011 -0.094213
0.103284 -0.994652 -0.000176
-0.891144 0.453720 0.000000
-0.366802 0.930299 0.000847
-0.933242 0.332889 0.135070
-0.442718 0.044648 0.895549
-0.426529 -0.029826 0.903982
-0.533879 -0.037607 0.844724
-0.534118 -0.037345 0.844585
-0.409143 0.037568 0.911697
-0.533667 -0.037319 0.844871
-0.392593 0.017293 0.919550
-0.674496 0.242350 0.697367
-0.750103 -0.240835 0.615909
-0.645915 0.707943 -0.285674
0.012107 -0.996983 -0.076666
-0.384707 0.908253 0.164548
-0.387109 -0.393831 0.833693
-0.064582 -0.004599 0.997902
-0.069796 0.007972 0.997529
-0.105531 0.037336 0.993715
-0.436055 0.653833 0.618351
0.042199 -0.999078 0.007934
-0.418783 0.907280 0.038252
-0.686285 -0.718032 0.115943
-0.577580 -0.806692 -0.125098
-0.633746 -0.074732 0.769923
-0.524207 0.825968 0.207325
-0.443499 0.896091 0.018132
0.038792 -0.999247 0.000152
-0.441220 0.897399 0.000467
-0.967980 -0.251022 0.001649
-0.997454 -0.071036 0.006309
-0.995542 -0.094109 0.006353
-0.960150 0.279408 0.006514
-0.668391 0.743806 0.002628
0.042330 -0.999078 -0.007218
-0.417659 0.907898 -0.035811
-0.680208 -0.722706 -0.122529
-0.566856 -0.815343 0.117855
-0.645282 -0.076093 -0.760146
-0.528221 0.822693 -0.210139
-0.443265 0.896188 -0.019057
0.009756 -0.997123 0.075165
-0.378956 0.911604 -0.159283
-0.390237 -0.390426 -0.833836
-0.073375 -0.005225 -0.997291
-0.078551 0.006998 -0.996886
-0.113773 0.039107 -0.992737
-0.437571 0.651458 -0.619785
0.160890 -0.982660 0.092158
-0.932413 0.336935 -0.130694
-0.502242 -0.035398 -0.864002
-0.502485 -0.035134 -0.863872
-0.502024 -0.035106 -0.864141
-0.647902 0.232915 -0.725241
-0.626818 0.687011 0.367580
0.241081 -0.970505 0.000000
-0.403603 0.047111 -0.913720
-0.387390 -0.027089 -0.921518
-0.369599 0.039844 -0.928337
-0.351645 0.015394 -0.936007
-0.695415 -0.333884 -0.636333
0.109582 -0.993761 -0.020766
-0.099399 0.994883 0.018087
0.028318 0.001975 -0.999597
-0.041780 0.015207 -0.999011
0.069915 -0.025447 -0.997228
0.047623 0.302484 -0.951964
0.013770 0.045912 -0.998851
0.090584 -0.995692 -0.019818
-0.065723 0.997701 0.016557
0.921956 0.273250 -0.274466
0.961153 0.075998 -0.265348
0.946903 -0.030428 -0.320077
0.695146 0.703670 -0.147036
0.356656 0.933552 -0.035731
0.099693 -0.995018 0.000604
-0.084750 0.996402 -0.000968
0.373695 0.927551 -0.001433
0.684006 0.729474 -0.001669
0.099399 -0.995047 -0.000751
-0.083628 0.996496 0.001203
0.990581 0.136918 -0.001437
0.990577 0.136919 0.003217
0.373835 0.927493 0.001897
0.099313 -0.995056 -0.000472
-0.083299 0.996524 0.000757
0.684091 0.729394 0.001882
0.990579 0.136920 0.002347
0.373986 0.927433 0.001115
0.090045 -0.995727 0.020496
-0.063930 0.997796 -0.017806
0.109426 -0.993782 0.020562
-0.099063 0.994920 -0.017922
0.923386 0.273675 0.269186
0.939504 0.138858 0.313132
0.022549 0.002794 0.999742
-0.047422 0.017260 0.998726
0.934149 -0.004857 0.356851
0.064416 -0.023445 0.997648
0.695508 0.704033 0.143551
0.041358 0.304900 0.951486
0.356807 0.933594 0.033044
0.013035 0.043461 0.998970
0.991889 0.127055 -0.003494
0.932873 0.360195 -0.002646
0.932872 0.360193 0.003275
0.987381 0.158350 0.001882
0.932875 0.360194 0.002058
0.996991 0.077457 0.003173
0.712264 0.701905 0.002956
173
0 0 1 2 0 1 2 2
0 3 4 5 3 4 5 2
0 0 6 7 6 7 8 1
0 0 7 1 6 8 9 1
0 6 8 7 7 10 8 1
0 8 9 7 10 11 8 1
0 8 10 11 10 12 13 1
0 8 11 9 10 13 11 1
0 10 3 11 12 14 13 1
0 3 5 11 14 15 13 1
0 1 12 2 1 16 2 2
0 5 4 13 5 4 17 2
0 1 7 12 9 8 18 1
0 7 14 12 8 19 18 1
0 7 9 15 8 11 20 1
0 7 15 14 8 20 19 1
0 9 11 15 11 13 20 1
0 11 16 15 13 21 20 1
0 11 5 13 13 15 22 1
0 11 13 16 13 22 21 1
0 12 17 2 16 23 2 2
0 13 4 18 17 4 24 2
0 12 14 19 18 19 25 1
0 12 19 17 18 25 26 1
0 14 15 19 19 20 25 1
0 15 20 19 20 27 25 1
0 15 16 21 20 21 28 1
0 15 21 20 20 28 27 1
0 16 13 21 21 22 28 1
0 13 18 21 22 29 28 1
0 17 22 2 23 30 2 2
0 18 4 23 24 4 31 2
0 17 19 22 26 25 32 1
0 19 24 22 25 33 32 1
0 19 20 25 25 27 34 1
0 19 25 24 25 34 33 1
0 20 21 25 27 28 34 1
0 21 26 25 28 35 34 1
0 21 18 23 28 29 36 1
0 21 23 26 28 36 35 1
0 22 27 2 30 37 2 2
0 23 4 28 31 4 38 2
0 22 24 29 32 33 39 1
0 22 29 27 32 39 40 1
0 24 25 29 33 34 39 1
0 25 30 29 34 41 39 1
0 25 26 31 34 35 42 1
0 25 31 30 34 42 41 1
0 26 23 31 35 36 42 1
0 23 28 31 36 43 42 1
0 27 32 2 37 44 2 2
0 28 4 33 38 4 45 2
0 27 29 32 40 39 46 1
0 29 34 32 39 47 46 1
0 29 30 35 39 41 48 1
0 29 35 34 39 48 47 1
0 30 31 35 41 42 48 1
0 31 36 35 42 49 48 1
0 31 28 33 42 43 50 1
0 31 33 36 42 50 49 1
0 32 37 2 44 51 2 2
0 33 4 38 45 4 52 2
0 32 34 39 46 47 53 1
0 32 39 37 46 53 54 1
0 34 35 39 47 48 53 1
0 35 40 39 48 55 53 1
0 35 36 41 48 49 56 1
0 35 41 40 48 56 55 1
0 36 33 41 49 50 56 1
0 33 38 41 50 57 56 1
0 37 42 2 51 58 2 2
0 38 4 43 52 4 3 2
0 37 39 42 54 53 59 1
0 39 44 42 53 60 59 1
0 39 40 45 53 55 61 1
0 39 45 44 53 61 60 1
0 40 41 45 55 56 61 1
0 41 46 45 56 62 61 1
0 41 38 43 56 57 63 1
0 41 43 46 56 63 62 1
0 42 47 2 58 64 2 2
0 43 4 48 3 4 65 2
0 42 44 49 59 60 66 1
0 42 49 47 59 66 67 1
0 44 45 49 60 61 66 1
0 45 50 49 61 68 66 1
0 45 46 51 61 62 69 1
0 45 51 50 61 69 68 1
0 46 43 51 62 63 69 1
0 43 48 51 63 70 69 1
0 47 52 2 64 71 2 2
0 48 4 53 65 4 72 2
0 47 49 52 67 66 73 1
0 49 54 52 66 74 73 1
0 49 50 55 66 68 75 1
0 49 55 54 66 75 74 1
0 50 51 55 68 69 75 1
0 51 56 55 69 76 75 1
0 51 48 53 69 70 77 1
0 51 53 56 69 77 76 1
0 52 57 2 71 78 2 2
0 53 4 58 72 4 79 2
0 53 58 59 77 80 81 1
0 57 60 2 78 82 2 2
0 58 4 61 79 4 83 2
0 62 59 63 84 81 85 1
0 59 58 61 81 80 86 1
0 60 64 2 82 87 2 2
0 61 4 65 83 4 88 2
0 63 66 67 85 89 90 1
0 61 65 66 86 91 89 1
0 64 68 2 87 92 2 2
0 65 4 69 88 4 93 2
0 68 70 2 92 94 2 2
0 69 4 71 93 4 95 2
0 68 72 73 96 97 98 1
0 68 73 70 96 98 99 1
0 72 74 73 97 100 98 1
0 74 75 73 100 101 98 1
0 74 76 77 100 102 103 1
0 74 77 75 100 103 101 1
0 76 69 77 102 104 103 1
0 69 71 77 104 105 103 1
0 70 0 2 94 0 2 2
0 71 4 3 95 4 3 2
0 70 73 0 99 98 6 1
0 73 6 0 98 7 6 1
0 73 75 8 98 101 10 1
0 73 8 6 98 10 7 1
0 75 77 8 101 103 10 1
0 77 10 8 103 12 10 1
0 77 71 3 103 105 14 1
0 77 3 10 103 14 12 1
0 52 54 78 73 74 106 1
0 52 78 57 73 106 107 1
0 54 55 78 74 75 106 1
0 57 78 60 107 106 108 1
0 60 79 64 108 109 110 1
0 64 79 68 110 109 96 1
0 79 72 68 109 97 96 1
0 66 65 69 89 91 104 1
0 55 62 78 75 84 106 1
0 55 56 59 75 76 81 1
0 55 59 62 75 81 84 1
0 56 53 59 76 77 81 1
0 78 80 60 106 111 108 1
0 78 62 63 106 84 85 1
0 78 63 80 106 85 111 1
0 59 81 63 81 112 85 1
0 59 61 81 81 86 112 1
0 60 80 79 108 111 109 1
0 80 63 79 111 85 109 1
0 63 67 79 85 90 109 1
0 63 81 66 85 112 89 1
0 81 61 66 112 86 89 1
0 79 67 74 109 90 100 1
0 79 74 72 109 100 97 1
0 67 66 74 90 89 100 1
0 66 76 74 89 102 100 1
0 66 69 76 89 104 102 1
0 53 58 59 77 80 81 1
0 62 59 63 84 81 85 1
0 59 58 61 81 80 86 1
0 63 66 67 85 89 90 1
0 61 65 66 86 91 89 1
0 52 54 78 73 74 106 1
0 52 78 57 73 106 107 1
0 54 55 78 74 75 106 1
0 57 78 60 107 106 108 1
0 60 79 64 108 109 110 1
0 64 79 68 110 109 96 1
0 79 72 68 109 97 96 1
0 66 65 69 89 91 104 1
"Header" 0 0
170
0 20.566776 77.727242 -0.027617 0.499712 0.084428 -1
0 15.219093 78.756828 -2.826319 0.470559 0.097073 -1
0 20.926311 76.385406 -7.906081 0.417645 0.091398 -1
0 21.214855 79.172211 -3.037789 0.468356 0.073251 -1
0 21.450764 78.291832 -8.206846 0.414512 0.077824 -1
0 17.706249 79.847710 -4.874017 0.449229 0.081547 -1
0 23.276424 87.577164 -1.581582 0.483525 0.014295 -1
0 17.928761 88.606750 -4.380282 0.454372 0.026939 -1
0 23.589458 88.211906 -3.218849 0.466470 0.009284 -1
0 19.257862 89.045868 -5.485798 0.442856 0.019526 -1
0 13.214645 78.397255 -8.600673 0.410410 0.106393 -1
0 16.391148 79.611801 -8.662569 0.409765 0.087662 -1
0 15.924313 88.247185 -10.154636 0.394222 0.036259 -1
0 17.634251 88.754601 -10.163023 0.394135 0.027076 -1
0 15.727570 76.859161 -13.968144 0.354499 0.106929 -1
0 18.039902 78.602654 -12.184169 0.373082 0.088014 -1
0 18.437187 86.709091 -15.522106 0.338311 0.036796 -1
0 19.669750 87.508774 -14.510677 0.348847 0.027510 -1
0 21.285862 75.043541 -15.784542 0.335578 0.098367 -1
0 21.686649 77.411446 -13.375907 0.360668 0.082396 -1
0 23.995502 84.893471 -17.338509 0.319391 0.028234 -1
0 24.171940 86.038101 -15.981958 0.333521 0.020575 -1
0 26.633511 74.013962 -12.985843 0.364731 0.085723 -1
0 25.195255 76.735931 -11.539681 0.379795 0.074100 -1
0 29.343124 83.863853 -14.539805 0.348544 0.015590 -1
0 28.503510 85.204140 -13.715014 0.357135 0.010333 -1
0 28.637985 74.373543 -7.211487 0.424880 0.076403 -1
0 26.510395 76.971863 -7.751125 0.419259 0.067985 -1
0 31.347580 84.223442 -8.765452 0.408693 0.006270 -1
0 30.127060 85.495346 -9.037784 0.405856 0.002784 -1
0 26.125065 75.911652 -1.844017 0.480791 0.075867 -1
0 24.861645 77.980995 -4.229529 0.455942 0.067634 -1
0 28.834610 85.761513 -3.397979 0.464604 0.005734 -1
0 28.091629 86.741226 -4.690134 0.451144 0.002350 -1
0 13.616318 77.891045 -18.264751 0.309742 0.108078 -1
0 8.278004 77.747078 -21.260109 0.278540 0.127900 -1
0 14.491383 76.014465 -25.992155 0.229248 0.116504 -1
0 14.116516 79.184563 -21.370493 0.277391 0.098356 -1
0 14.690617 77.953392 -26.440443 0.224579 0.103884 -1
0 10.614037 79.090149 -23.335747 0.256919 0.111361 -1
0 14.645771 87.908691 -20.580902 0.285616 0.042875 -1
0 9.307495 87.764732 -23.576260 0.254414 0.062696 -1
0 14.905048 88.456970 -22.258310 0.268143 0.038586 -1
0 10.581020 88.340363 -24.684553 0.242869 0.054642 -1
0 6.579418 76.588181 -27.027431 0.218464 0.141046 -1
0 9.499592 78.329803 -27.119690 0.217503 0.119986 -1
0 7.608898 86.605812 -29.343584 0.194338 0.075842 -1
0 9.205139 87.401649 -29.356085 0.194207 0.065290 -1
0 9.515545 75.093231 -32.188305 0.164705 0.139816 -1
0 11.425972 77.348923 -30.505741 0.182232 0.119179 -1
0 10.544971 85.110909 -34.504456 0.140579 0.074612 -1
0 11.583424 86.190720 -33.536396 0.150662 0.064294 -1
0 15.366413 74.137909 -33.719563 0.148755 0.124930 -1
0 15.264748 76.722137 -31.510399 0.171767 0.109413 -1
0 16.395912 84.155548 -36.035713 0.124628 0.059727 -1
0 16.322617 85.416931 -34.776707 0.137743 0.052236 -1
0 20.704685 74.281860 -30.724207 0.179956 0.105109 -1
0 18.767189 76.816605 -29.545145 0.192238 0.096407 -1
0 21.734119 84.299500 -33.040359 0.155830 0.039905 -1
0 20.646618 85.533508 -32.350475 0.163016 0.036181 -1
0 22.403332 75.440765 -24.956881 0.240032 0.091962 -1
0 19.881657 77.576950 -25.761200 0.231654 0.087782 -1
0 23.432743 85.458389 -27.273031 0.215906 0.026759 -1
0 22.022457 86.472221 -27.678938 0.211678 0.025532 -1
0 19.467213 76.935753 -19.796007 0.293792 0.093192 -1
0 17.955280 78.557831 -22.375151 0.266925 0.088589 -1
0 20.496571 86.953346 -22.112156 0.269665 0.027989 -1
0 19.644238 87.683159 -23.498631 0.255223 0.026529 -1
0 21.873264 74.972084 16.284548 0.669631 0.096722 -1
0 16.177876 76.296349 14.468150 0.650710 0.108790 -1
0 21.398129 76.277519 8.406086 0.587563 0.090387 -1
0 22.066174 77.365936 13.875911 0.644541 0.081330 -1
0 21.754421 78.222397 8.706853 0.590696 0.077173 -1
0 18.329407 78.234779 12.684173 0.632127 0.089247 -1
0 23.714123 85.020699 17.838516 0.685818 0.028450 -1
0 18.018723 86.344948 16.022116 0.666897 0.040517 -1
0 23.790127 86.176384 16.481966 0.671687 0.021080 -1
0 19.176884 87.249046 15.010682 0.656361 0.030854 -1
0 13.540443 77.609596 9.100678 0.594799 0.110077 -1
0 16.599014 79.096382 9.162576 0.595443 0.090091 -1
0 15.381317 87.658180 10.654643 0.610986 0.041805 -1
0 17.040554 88.312698 10.663030 0.611073 0.031897 -1
0 15.505905 78.142517 3.326325 0.534649 0.099830 -1
0 17.888535 79.446037 5.374021 0.555979 0.083369 -1
0 17.346802 88.191086 4.880289 0.550836 0.031558 -1
0 18.632580 88.744385 5.985803 0.562352 0.023597 -1
0 20.923000 77.582916 0.527623 0.505496 0.084052 -1
0 21.442677 79.078880 3.537791 0.536852 0.073016 -1
0 22.763836 87.631493 2.081589 0.521683 0.015779 -1
0 23.020420 88.291092 3.718857 0.538738 0.010817 -1
0 26.618366 76.258636 2.344023 0.524417 0.071984 -1
0 25.179432 78.210030 4.729533 0.549266 0.065099 -1
0 28.459167 86.307213 3.897987 0.540604 0.003713 -1
0 27.633621 87.218445 5.190139 0.554064 0.001042 -1
0 29.255768 74.945412 7.711493 0.580328 0.070697 -1
0 26.909840 77.348419 8.251131 0.585949 0.064254 -1
0 31.096588 84.993965 9.265458 0.596515 0.002425 -1
0 29.769913 86.154716 9.537790 0.599352 0.000000 -1
0 27.290314 74.412537 13.485848 0.640478 0.080944 -1
0 25.620289 76.998795 12.039685 0.625413 0.070977 -1
0 29.131104 84.461082 15.039812 0.656665 0.012672 -1
0 28.177887 85.723091 14.215018 0.648073 0.008300 -1
0 16.173923 73.723465 33.469570 0.848641 0.124612 -1
0 10.262062 74.165192 31.938313 0.832691 0.142870 -1
0 15.138660 75.516602 25.742159 0.768147 0.117267 -1
0 15.847408 76.289017 31.260397 0.825629 0.110007 -1
0 15.168198 77.465500 26.190447 0.772817 0.105188 -1
0 11.968624 76.578842 30.255743 0.815164 0.121986 -1
0 16.326408 83.792732 35.785725 0.872768 0.062203 -1
0 10.414520 84.234428 34.254463 0.856817 0.080460 -1
0 16.143467 85.042915 34.526714 0.859653 0.055170 -1
0 11.354836 85.400742 33.286404 0.846733 0.069959 -1
0 7.206825 75.398560 26.777435 0.778932 0.146130 -1
0 9.964088 77.388039 26.869692 0.779893 0.124125 -1
0 7.359261 85.467865 29.093586 0.803058 0.083720 -1
0 8.880093 86.399757 29.106087 0.803188 0.072599 -1
0 8.797958 76.701080 21.010109 0.718855 0.132483 -1
0 11.008018 78.242638 23.085747 0.740476 0.115171 -1
0 8.950413 86.770309 23.326263 0.742982 0.070073 -1
0 10.168919 87.454796 24.434555 0.754527 0.061545 -1
0 14.103397 77.309753 18.014753 0.687654 0.109922 -1
0 14.488926 78.641983 21.120493 0.720005 0.100369 -1
0 14.255848 87.379021 20.330906 0.711780 0.047512 -1
0 14.466320 87.947807 22.008318 0.729253 0.043271 -1
0 20.015308 76.868027 19.546011 0.703604 0.091664 -1
0 18.367710 78.352150 22.125151 0.730470 0.088390 -1
0 20.167698 86.937202 21.862164 0.727731 0.029255 -1
0 19.254932 87.589996 23.248636 0.742173 0.028482 -1
0 23.070538 75.634644 24.706884 0.757363 0.088404 -1
0 20.372242 77.542938 25.511204 0.765742 0.086251 -1
0 23.222889 85.703880 27.023039 0.781490 0.025995 -1
0 21.729610 86.590897 27.428944 0.785718 0.025842 -1
0 21.479374 74.332138 30.474215 0.817440 0.102052 -1
0 19.328327 76.688347 29.295145 0.805158 0.095205 -1
0 21.631779 84.401337 32.790363 0.841566 0.039642 -1
0 20.440815 85.535896 32.100479 0.834380 0.036896 -1
0 7.616825 76.505646 8.294712 0.586403 0.137873 -1
0 2.012337 77.467171 6.024139 0.562751 0.151847 -1
0 7.504902 76.459198 0.295629 0.503079 0.138556 -1
0 7.922924 78.459686 5.527565 0.557579 0.124781 -1
0 7.849476 78.429192 0.279368 0.502910 0.125229 -1
0 4.245808 79.090523 4.037841 0.542061 0.133949 -1
0 9.397106 86.684120 8.210696 0.585528 0.069018 -1
0 3.792625 87.645622 5.940121 0.561876 0.082992 -1
0 9.536663 87.594643 6.683281 0.569618 0.062928 -1
0 4.997013 88.373489 4.844114 0.550460 0.074247 -1
0 -0.374710 77.838234 0.397880 0.504145 0.158035 -1
0 2.679707 79.333992 0.346455 0.503609 0.138009 -1
0 1.405636 88.016693 0.313864 0.503269 0.089180 -1
0 3.063549 88.674034 0.286847 0.502988 0.079259 -1
0 1.854042 77.401482 -5.288272 0.444914 0.152812 -1
0 4.141945 79.047462 -3.384231 0.464748 0.134583 -1
0 3.634357 87.579910 -5.372289 0.444039 0.083957 -1
0 4.868816 88.320282 -4.318937 0.455011 0.075029 -1
0 7.392944 76.412743 -7.703454 0.419756 0.139238 -1
0 7.776028 78.398750 -4.968832 0.448241 0.125677 -1
0 9.173256 86.591202 -7.787474 0.418880 0.070383 -1
0 9.355335 87.519371 -6.275232 0.434633 0.064034 -1
0 12.997482 75.451172 -5.432877 0.443408 0.125265 -1
0 11.453102 77.767876 -3.479106 0.463759 0.116509 -1
0 14.777683 85.629639 -5.516893 0.442532 0.056410 -1
0 13.894913 86.740509 -4.436069 0.453791 0.052716 -1
0 15.384476 75.080139 0.193380 0.502014 0.119077 -1
0 13.019264 77.524391 0.212282 0.502211 0.112449 -1
0 17.164707 85.258575 0.109363 0.501139 0.050222 -1
0 15.828369 86.439941 0.121201 0.501262 0.047704 -1
0 13.155739 75.516876 5.879530 0.561245 0.124300 -1
0 11.556992 77.810997 3.942965 0.541073 0.115875 -1
0 14.935989 85.695320 5.795514 0.560370 0.055445 -1
0 14.023132 86.793762 4.726983 0.549239 0.051934 -1
250
-0.262223 -0.953218 0.150382
-0.262224 -0.953217 0.150383
-0.262224 -0.953217 0.150385
0.262222 0.953218 -0.150382
0.262223 0.953218 -0.150383
0.262223 0.953218 -0.150381
-0.044943 0.167731 0.984808
0.092737 0.623480 0.776320
-0.713403 0.296429 0.634970
-0.485441 0.734795 0.473733
0.258923 0.811730 -0.523502
0.520311 0.761406 -0.386702
0.079088 -0.040726 -0.996035
0.741726 -0.168302 -0.649243
-0.262224 -0.953217 0.150384
0.262224 0.953218 -0.150382
-0.702155 0.695921 -0.150571
-0.963960 0.251483 -0.086824
0.618286 0.778981 -0.104456
0.990099 -0.123745 0.066264
-0.262224 -0.953217 0.150385
0.262223 0.953217 -0.150384
-0.649845 0.059221 -0.757756
-0.430468 0.529626 -0.730886
0.495457 0.854160 0.157901
0.678718 0.066840 0.731351
-0.262225 -0.953217 0.150385
0.262225 0.953217 -0.150384
0.170482 0.333327 -0.927270
0.044944 -0.167731 -0.984808
0.223775 0.942906 0.246685
-0.010015 0.291813 0.956423
-0.262226 -0.953216 0.150386
0.262225 0.953217 -0.150386
0.713403 -0.296426 -0.634970
0.748656 0.222007 -0.624682
-0.037621 0.993232 0.109888
-0.672652 0.419387 0.609634
-0.262226 -0.953216 0.150387
0.262223 0.953217 -0.150385
0.965366 0.260898 -0.000378
0.963961 -0.251477 0.086822
-0.135616 0.975654 -0.172359
-0.921029 0.374829 -0.105874
-0.262223 -0.953217 0.150385
0.262223 0.953218 -0.150382
0.649845 -0.059217 0.757757
0.693680 0.427178 0.579937
-0.012765 0.900475 -0.434721
-0.609646 0.184246 -0.770964
-0.099624 -0.969450 0.224147
-0.099626 -0.969450 0.224146
-0.099626 -0.969450 0.224145
0.099624 0.969452 -0.224138
0.099627 0.969450 -0.224146
0.099629 0.969451 -0.224140
-0.109382 0.234569 0.965926
-0.044604 0.689440 0.722968
-0.776670 0.216576 0.591505
-0.621767 0.673879 0.399116
0.134467 0.800533 -0.584008
0.395396 0.807569 -0.437600
0.121549 -0.104844 -0.987033
0.783025 -0.087008 -0.615875
-0.099626 -0.969451 0.224143
0.099627 0.969449 -0.224148
-0.805413 0.548583 -0.224424
-0.988994 0.071715 -0.129412
0.478420 0.864218 -0.155695
0.993501 0.056592 0.098762
-0.099627 -0.969451 0.224143
0.099626 0.969448 -0.224152
-0.621981 -0.115157 -0.774518
-0.487966 0.386965 -0.782399
0.334913 0.937287 0.096573
0.629685 0.241833 0.738251
-0.099628 -0.969450 0.224144
0.099626 0.969449 -0.224152
0.144613 0.283669 -0.947955
0.109382 -0.234570 -0.965926
0.048922 0.983983 0.171416
-0.095308 0.360208 0.927991
-0.099626 -0.969450 0.224145
0.099629 0.969449 -0.224148
0.776669 -0.216573 -0.591507
0.721771 0.299227 -0.624107
-0.212010 0.976948 0.025003
-0.756782 0.342371 0.556832
-0.099625 -0.969450 0.224148
0.099632 0.969449 -0.224148
0.905416 0.424524 -0.000563
0.988995 -0.071710 0.129405
-0.295042 0.920299 -0.256903
-0.967259 0.198769 -0.157802
-0.099624 -0.969450 0.224148
0.099624 0.969450 -0.224145
0.621980 0.115161 0.774518
0.587977 0.586145 0.557420
-0.151517 0.847232 -0.509157
-0.603441 0.013528 -0.797293
-0.178145 -0.972444 -0.150387
-0.178147 -0.972444 -0.150388
-0.178149 -0.972444 -0.150384
0.178147 0.972445 0.150380
0.178148 0.972444 0.150383
0.178148 0.972445 0.150382
0.059392 -0.163176 0.984808
0.140782 0.346912 0.927272
-0.652532 0.002357 0.757758
-0.474993 0.490086 0.730889
0.140744 0.958822 -0.246679
0.419123 0.894094 -0.157897
-0.035412 0.289830 -0.956423
0.670311 0.125736 -0.731351
-0.178148 -0.972444 -0.150387
0.178150 0.972444 0.150385
-0.760138 0.632075 0.150573
-0.982209 0.166511 0.086827
0.548043 0.829902 0.104454
0.997116 -0.036984 -0.066265
-0.178149 -0.972444 -0.150384
0.178151 0.972444 0.150385
-0.736524 0.233125 -0.634969
-0.547637 0.689688 -0.473734
0.451971 0.803856 0.386702
0.753573 -0.103017 0.649242
-0.178150 -0.972444 -0.150382
0.178149 0.972444 0.150384
0.038043 0.629189 -0.776321
-0.059389 0.163176 -0.984808
0.187190 0.831207 0.523502
0.082335 -0.033679 0.996036
-0.178151 -0.972444 -0.150383
0.178147 0.972444 0.150385
0.652533 -0.002355 -0.757756
0.653811 0.486009 -0.579937
-0.091194 0.895938 0.434718
-0.623385 0.130411 0.770963
-0.178152 -0.972444 -0.150381
0.178148 0.972444 0.150383
0.938959 0.344028 0.000377
0.982210 -0.166507 -0.086824
-0.220110 0.960127 0.172360
-0.950192 0.293131 0.105873
-0.178148 -0.972444 -0.150383
0.178148 0.972445 0.150380
0.736525 -0.233120 0.634969
0.726460 0.286411 0.624680
-0.124034 0.986175 -0.109885
-0.706646 0.359166 -0.609633
-0.014753 -0.974445 -0.224142
-0.014753 -0.974445 -0.224142
-0.014753 -0.974445 -0.224143
0.014757 0.974445 0.224143
0.014755 0.974445 0.224143
0.014753 0.974445 0.224142
0.129409 -0.224144 0.965926
0.119338 0.295189 0.947957
-0.609577 -0.168927 0.774519
-0.519842 0.342936 0.782406
-0.037020 0.984503 -0.171418
0.251945 0.962912 -0.096564
-0.126339 0.350530 -0.927991
0.606210 0.295795 -0.738251
-0.014754 -0.974445 -0.224143
0.014751 0.974445 0.224143
-0.850162 0.476297 0.224424
-0.991481 -0.014757 0.129409
0.401290 0.902622 0.155690
0.984788 0.142966 -0.098762
-0.014754 -0.974444 -0.224144
0.014753 0.974444 0.224145
-0.792589 0.148060 -0.591507
-0.678136 0.617113 -0.399127
0.323509 0.838961 0.437592
0.787629 -0.018432 0.615874
-0.014753 -0.974444 -0.224144
0.014756 0.974445 0.224143
-0.104524 0.682926 -0.722971
-0.129410 0.224143 -0.965926
0.064184 0.809206 0.584009
0.130225 -0.093852 0.987033
-0.014753 -0.974444 -0.224145
0.014756 0.974445 0.224142
0.609579 0.168932 -0.774516
0.534659 0.635156 -0.557420
-0.224783 0.830801 0.509158
-0.602325 -0.039116 0.797292
-0.014754 -0.974445 -0.224143
0.014756 0.974444 0.224144
0.864969 0.501825 0.000565
0.991482 0.014764 -0.129404
-0.374137 0.891080 0.256902
-0.980902 0.113708 0.157801
-0.014753 -0.974445 -0.224142
0.014757 0.974444 0.224144
0.792590 -0.148056 0.591507
0.692947 0.360997 0.624104
-0.296351 0.954752 -0.025007
-0.783744 0.275105 -0.556833
-0.172289 -0.985013 0.008130
-0.172285 -0.985013 0.008131
-0.172288 -0.985013 0.008131
0.172281 0.985014 -0.008134
0.172287 0.985013 -0.008130
0.172286 0.985013 -0.008131
0.013992 0.005806 0.999885
0.098572 0.499383 0.860755
-0.686570 0.125998 0.716063
-0.507375 0.603339 0.615267
0.153099 0.904311 -0.398474
0.427038 0.857315 -0.287488
0.008819 0.123976 -0.992246
0.703282 0.004833 -0.710895
-0.172285 -0.985014 0.008131
0.172289 0.985013 -0.008126
-0.765449 0.643459 0.006972
-0.984947 0.172386 0.012781
0.543716 0.839177 -0.012480
0.999059 -0.041147 -0.013740
-0.172286 -0.985013 0.008131
0.172289 0.985013 -0.008124
-0.706356 0.117788 -0.697988
-0.524491 0.596231 -0.607797
0.434776 0.860526 0.265450
0.722897 0.012971 0.690834
-0.172290 -0.985013 0.008132
0.172290 0.985013 -0.008125
0.074368 0.489342 -0.868915
-0.013994 -0.005806 -0.999885
0.164046 0.908851 0.383510
0.036560 0.135488 0.990104
-0.172291 -0.985013 0.008134
0.172289 0.985013 -0.008125
0.686571 -0.125993 -0.716062
0.680308 0.385386 -0.623425
-0.109903 0.955851 0.272527
-0.657895 0.254631 0.708758
-0.172288 -0.985013 0.008131
0.172288 0.985013 -0.008134
0.938382 0.345269 -0.015135
0.984948 -0.172375 -0.012778
-0.226590 0.973987 -0.002490
-0.953678 0.300606 0.011600
-0.172291 -0.985013 0.008128
0.172284 0.985014 -0.008139
0.706358 -0.117783 0.697987
0.697425 0.392477 0.599633
-0.117639 0.952641 -0.280422
-0.677513 0.246489 -0.692979
320
0 0 1 2 0 1 2 2
0 3 4 5 3 4 5 2
0 0 6 1 6 7 8 1
0 6 7 1 7 9 8 1
0 6 8 9 7 10 11 1
0 6 9 7 7 11 9 1
0 8 3 9 10 12 11 1
0 3 5 9 12 13 11 1
0 1 10 2 1 14 2 2
0 5 4 11 5 4 15 2
0 1 7 12 8 9 16 1
0 1 12 10 8 16 17 1
0 7 9 12 9 11 16 1
0 9 13 12 11 18 16 1
0 9 5 11 11 13 19 1
0 9 11 13 11 19 18 1
0 10 14 2 14 20 2 2
0 11 4 15 15 4 21 2
0 10 12 14 17 16 22 1
0 12 16 14 16 23 22 1
0 12 13 17 16 18 24 1
0 12 17 16 16 24 23 1
0 13 11 17 18 19 24 1
0 11 15 17 19 25 24 1
0 14 18 2 20 26 2 2
0 15 4 19 21 4 27 2
0 14 16 20 22 23 28 1
0 14 20 18 22 28 29 1
0 16 17 20 23 24 28 1
0 17 21 20 24 30 28 1
0 17 15 19 24 25 31 1
0 17 19 21 24 31 30 1
0 18 22 2 26 32 2 2
0 19 4 23 27 4 33 2
0 18 20 22 29 28 34 1
0 20 24 22 28 35 34 1
0 20 21 25 28 30 36 1
0 20 25 24 28 36 35 1
0 21 19 25 30 31 36 1
0 19 23 25 31 37 36 1
0 22 26 2 32 38 2 2
0 23 4 27 33 4 39 2
0 22 24 28 34 35 40 1
0 22 28 26 34 40 41 1
0 24 25 28 35 36 40 1
0 25 29 28 36 42 40 1
0 25 23 27 36 37 43 1
0 25 27 29 36 43 42 1
0 26 30 2 38 44 2 2
0 27 4 31 39 4 45 2
0 26 28 30 41 40 46 1
0 28 32 30 40 47 46 1
0 28 29 33 40 42 48 1
0 28 33 32 40 48 47 1
0 29 27 33 42 43 48 1
0 27 31 33 43 49 48 1
0 30 0 2 44 0 2 2
0 31 4 3 45 4 3 2
0 30 32 6 46 47 7 1
0 30 6 0 46 7 6 1
0 32 33 6 47 48 7 1
0 33 8 6 48 10 7 1
0 33 31 3 48 49 12 1
0 33 3 8 48 12 10 1
0 34 35 36 50 51 52 2
0 37 38 39 53 54 55 2
0 34 40 35 56 57 58 1
0 40 41 35 57 59 58 1
0 40 42 43 57 60 61 1
0 40 43 41 57 61 59 1
0 42 37 43 60 62 61 1
0 37 39 43 62 63 61 1
0 35 44 36 51 64 52 2
0 39 38 45 55 54 65 2
0 35 41 46 58 59 66 1
0 35 46 44 58 66 67 1
0 41 43 46 59 61 66 1
0 43 47 46 61 68 66 1
0 43 39 45 61 63 69 1
0 43 45 47 61 69 68 1
0 44 48 36 64 70 52 2
0 45 38 49 65 54 71 2
0 44 46 48 67 66 72 1
0 46 50 48 66 73 72 1
0 46 47 51 66 68 74 1
0 46 51 50 66 74 73 1
0 47 45 51 68 69 74 1
0 45 49 51 69 75 74 1
0 48 52 36 70 76 52 2
0 49 38 53 71 54 77 2
0 48 50 54 72 73 78 1
0 48 54 52 72 78 79 1
0 50 51 54 73 74 78 1
0 51 55 54 74 80 78 1
0 51 49 53 74 75 81 1
0 51 53 55 74 81 80 1
0 52 56 36 76 82 52 2
0 53 38 57 77 54 83 2
0 52 54 56 79 78 84 1
0 54 58 56 78 85 84 1
0 54 55 59 78 80 86 1
0 54 59 58 78 86 85 1
0 55 53 59 80 81 86 1
0 53 57 59 81 87 86 1
0 56 60 36 82 88 52 2
0 57 38 61 83 54 89 2
0 56 58 62 84 85 90 1
0 56 62 60 84 90 91 1
0 58 59 62 85 86 90 1
0 59 63 62 86 92 90 1
0 59 57 61 86 87 93 1
0 59 61 63 86 93 92 1
0 60 64 36 88 94 52 2
0 61 38 65 89 54 95 2
0 60 62 64 91 90 96 1
0 62 66 64 90 97 96 1
0 62 63 67 90 92 98 1
0 62 67 66 90 98 97 1
0 63 61 67 92 93 98 1
0 61 65 67 93 99 98 1
0 64 34 36 94 50 52 2
0 65 38 37 95 54 53 2
0 64 66 40 96 97 57 1
0 64 40 34 96 57 56 1
0 66 67 40 97 98 57 1
0 67 42 40 98 60 57 1
0 67 65 37 98 99 62 1
0 67 37 42 98 62 60 1
0 68 69 70 100 101 102 2
0 71 72 73 103 104 105 2
0 68 74 69 106 107 108 1
0 74 75 69 107 109 108 1
0 74 76 77 107 110 111 1
0 74 77 75 107 111 109 1
0 76 71 77 110 112 111 1
0 71 73 77 112 113 111 1
0 69 78 70 101 114 102 2
0 73 72 79 105 104 115 2
0 69 75 80 108 109 116 1
0 69 80 78 108 116 117 1
0 75 77 80 109 111 116 1
0 77 81 80 111 118 116 1
0 77 73 79 111 113 119 1
0 77 79 81 111 119 118 1
0 78 82 70 114 120 102 2
0 79 72 83 115 104 121 2
0 78 80 82 117 116 122 1
0 80 84 82 116 123 122 1
0 80 81 85 116 118 124 1
0 80 85 84 116 124 123 1
0 81 79 85 118 119 124 1
0 79 83 85 119 125 124 1
0 82 86 70 120 126 102 2
0 83 72 87 121 104 127 2
0 82 84 88 122 123 128 1
0 82 88 86 122 128 129 1
0 84 85 88 123 124 128 1
0 85 89 88 124 130 128 1
0 85 83 87 124 125 131 1
0 85 87 89 124 131 130 1
0 86 90 70 126 132 102 2
0 87 72 91 127 104 133 2
0 86 88 90 129 128 134 1
0 88 92 90 128 135 134 1
0 88 89 93 128 130 136 1
0 88 93 92 128 136 135 1
0 89 87 93 130 131 136 1
0 87 91 93 131 137 136 1
0 90 94 70 132 138 102 2
0 91 72 95 133 104 139 2
0 90 92 96 134 135 140 1
0 90 96 94 134 140 141 1
0 92 93 96 135 136 140 1
0 93 97 96 136 142 140 1
0 93 91 95 136 137 143 1
0 93 95 97 136 143 142 1
0 94 98 70 138 144 102 2
0 95 72 99 139 104 145 2
0 94 96 98 141 140 146 1
0 96 100 98 140 147 146 1
0 96 97 101 140 142 148 1
0 96 101 100 140 148 147 1
0 97 95 101 142 143 148 1
0 95 99 101 143 149 148 1
0 98 68 70 144 100 102 2
0 99 72 71 145 104 103 2
0 98 100 74 146 147 107 1
0 98 74 68 146 107 106 1
0 100 101 74 147 148 107 1
0 101 76 74 148 110 107 1
0 101 99 71 148 149 112 1
0 101 71 76 148 112 110 1
0 102 103 104 150 151 152 2
0 105 106 107 153 154 155 2
0 102 108 103 156 157 158 1
0 108 109 103 157 159 158 1
0 108 110 111 157 160 161 1
0 108 111 109 157 161 159 1
0 110 105 111 160 162 161 1
0 105 107 111 162 163 161 1
0 103 112 104 151 164 152 2
0 107 106 113 155 154 165 2
0 103 109 114 158 159 166 1
0 103 114 112 158 166 167 1
0 109 111 114 159 161 166 1
0 111 115 114 161 168 166 1
0 111 107 113 161 163 169 1
0 111 113 115 161 169 168 1
0 112 116 104 164 170 152 2
0 113 106 117 165 154 171 2
0 112 114 116 167 166 172 1
0 114 118 116 166 173 172 1
0 114 115 119 166 168 174 1
0 114 119 118 166 174 173 1
0 115 113 119 168 169 174 1
0 113 117 119 169 175 174 1
0 116 120 104 170 176 152 2
0 117 106 121 171 154 177 2
0 116 118 122 172 173 178 1
0 116 122 120 172 178 179 1
0 118 119 122 173 174 178 1
0 119 123 122 174 180 178 1
0 119 117 121 174 175 181 1
0 119 121 123 174 181 180 1
0 120 124 104 176 182 152 2
0 121 106 125 177 154 183 2
0 120 122 124 179 178 184 1
0 122 126 124 178 185 184 1
0 122 123 127 178 180 186 1
0 122 127 126 178 186 185 1
0 123 121 127 180 181 186 1
0 121 125 127 181 187 186 1
0 124 128 104 182 188 152 2
0 125 106 129 183 154 189 2
0 124 126 130 184 185 190 1
0 124 130 128 184 190 191 1
0 126 127 130 185 186 190 1
0 127 131 130 186 192 190 1
0 127 125 129 186 187 193 1
0 127 129 131 186 193 192 1
0 128 132 104 188 194 152 2
0 129 106 133 189 154 195 2
0 128 130 132 191 190 196 1
0 130 134 132 190 197 196 1
0 130 131 135 190 192 198 1
0 130 135 134 190 198 197 1
0 131 129 135 192 193 198 1
0 129 133 135 193 199 198 1
0 132 102 104 194 150 152 2
0 133 106 105 195 154 153 2
0 132 134 108 196 197 157 1
0 132 108 102 196 157 156 1
0 134 135 108 197 198 157 1
0 135 110 108 198 160 157 1
0 135 133 105 198 199 162 1
0 135 105 110 198 162 160 1
0 136 137 138 200 201 202 2
0 139 140 141 203 204 205 2
0 136 142 137 206 207 208 1
0 142 143 137 207 209 208 1
0 142 144 145 207 210 211 1
0 142 145 143 207 211 209 1
0 144 139 145 210 212 211 1
0 139 141 145 212 213 211 1
0 137 146 138 201 214 202 2
0 141 140 147 205 204 215 2
0 137 143 148 208 209 216 1
0 137 148 146 208 216 217 1
0 143 145 148 209 211 216 1
0 145 149 148 211 218 216 1
0 145 141 147 211 213 219 1
0 145 147 149 211 219 218 1
0 146 150 138 214 220 202 2
0 147 140 151 215 204 221 2
0 146 148 150 217 216 222 1
0 148 152 150 216 223 222 1
0 148 149 153 216 218 224 1
0 148 153 152 216 224 223 1
0 149 147 153 218 219 224 1
0 147 151 153 219 225 224 1
0 150 154 138 220 226 202 2
0 151 140 155 221 204 227 2
0 150 152 156 222 223 228 1
0 150 156 154 222 228 229 1
0 152 153 156 223 224 228 1
0 153 157 156 224 230 228 1
0 153 151 155 224 225 231 1
0 153 155 157 224 231 230 1
0 154 158 138 226 232 202 2
0 155 140 159 227 204 233 2
0 154 156 158 229 228 234 1
0 156 160 158 228 235 234 1
0 156 157 161 228 230 236 1
0 156 161 160 228 236 235 1
0 157 155 161 230 231 236 1
0 155 159 161 231 237 236 1
0 158 162 138 232 238 202 2
0 159 140 163 233 204 239 2
0 158 160 164 234 235 240 1
0 158 164 162 234 240 241 1
0 160 161 164 235 236 240 1
0 161 165 164 236 242 240 1
0 161 159 163 236 237 243 1
0 161 163 165 236 243 242 1
0 162 166 138 238 244 202 2
0 163 140 167 239 204 245 2
0 162 164 166 241 240 246 1
0 164 168 166 240 247 246 1
0 164 165 169 240 242 248 1
0 164 169 168 240 248 247 1
0 165 163 169 242 243 248 1
0 163 167 169 243 249 248 1
0 166 136 138 244 200 202 2
0 167 140 139 245 204 203 2
0 166 168 142 246 247 207 1
0 166 142 136 246 207 206 1
0 168 169 142 247 248 207 1
0 169 144 142 248 210 207 1
0 169 167 139 248 249 212 1
0 169 139 144 248 212 210 1

Materials: 1
"Material01"
0.200000 0.200000 0.200000 1.000000
0.800000 0.800000 0.800000 1.000000
0.000000 0.000000 0.000000 1.000000
0.000000 0.000000 0.000000 1.000000
0.000000
1.000000
"E1Root.tga"
""

Bones: 0
GroupComments: 0
MaterialComments: 0
BoneComments: 0
ModelComment: 0
