// MilkShape 3D ASCII

Frames: 15
Frame: 1

Meshes: 1
"Body" 0 0
330
0 -5.000000 26.000000 0.000000 0.500000 0.514824 -1
0 24.010246 21.000000 32.275036 0.715167 0.306305 -1
1 -5.000001 26.000000 53.123138 0.748453 0.514824 -1
0 15.877469 53.500000 23.528498 0.656857 0.364761 -1
0 -19.000000 59.000000 0.500000 0.500000 0.514824 -1
0 -19.000000 59.000000 16.542650 0.681122 0.514824 -1
1 -5.000002 33.666668 64.279007 0.800629 0.514824 -1
0 30.312399 28.666668 39.052795 0.760352 0.261006 -1
0 30.312399 36.333332 39.052795 0.760352 0.261006 -1
1 -5.000002 41.333332 64.279007 0.800629 0.514824 -1
0 45.979271 21.000000 18.634003 0.624227 0.148396 -1
0 31.892883 53.500000 13.584186 0.590561 0.249646 -1
0 56.894920 28.666668 22.547144 0.650314 0.069936 -1
0 56.894920 36.333332 22.547144 0.650314 0.069936 -1
0 38.020496 21.000000 0.000002 0.500000 0.090597 -1
0 21.754940 53.500000 0.000002 0.500000 0.207511 -1
0 50.624802 28.666668 0.000003 0.500000 0.000000 -1
0 50.624802 36.333332 0.000003 0.500000 0.000000 -1
0 45.979271 21.000000 -18.633999 0.375773 0.148396 -1
0 31.892883 53.500000 -13.584184 0.409439 0.249646 -1
0 56.894920 28.666668 -22.547140 0.349686 0.069936 -1
0 56.894920 36.333332 -22.547140 0.349686 0.069936 -1
0 24.010250 21.000000 -32.275036 0.284833 0.306305 -1
0 15.877471 53.500000 -23.528498 0.343143 0.364761 -1
0 30.312403 28.666668 -39.052795 0.239648 0.261006 -1
0 30.312403 36.333332 -39.052795 0.239648 0.261006 -1
1 -4.999998 26.000000 -53.123138 0.251547 0.514824 -1
0 -19.000000 59.000000 -15.542650 0.318878 0.514824 -1
1 -4.999997 33.666668 -64.279007 0.199371 0.514824 -1
1 -4.999997 41.333332 -64.279007 0.199371 0.514824 -1
0 -35.010246 26.000000 -32.275036 0.284833 0.730532 -1
0 -40.877464 59.000000 -23.028500 0.343143 0.672075 -1
0 -41.312401 33.666668 -39.052795 0.239648 0.775830 -1
0 -41.312401 41.333332 -39.052795 0.239648 0.775830 -1
0 -45.979271 32.000000 -18.634003 0.375773 0.809375 -1
0 -45.892883 65.000000 -13.084186 0.409439 0.708125 -1
0 -56.894920 39.666668 -22.547144 0.349686 0.887834 -1
0 -56.894920 47.333328 -22.547144 0.349686 0.887834 -1
0 -36.020493 32.000000 -0.000002 0.500000 0.867173 -1
0 -33.754944 65.000000 0.499998 0.500000 0.750260 -1
0 -48.624802 39.666668 -0.000003 0.500000 0.957770 -1
0 -48.624802 47.333328 -0.000003 0.500000 0.957770 -1
0 -45.979271 32.000000 18.633999 0.624227 0.809375 -1
0 -45.892883 65.000000 14.084184 0.590561 0.708125 -1
0 -56.894920 39.666668 22.547140 0.650314 0.887834 -1
0 -56.894920 47.333328 22.547140 0.650314 0.887834 -1
0 -35.010246 26.000000 32.275036 0.715167 0.730532 -1
0 -40.877472 59.000000 24.028496 0.656857 0.672075 -1
0 -41.312401 33.666668 39.052795 0.760352 0.775830 -1
0 -41.312401 41.333332 39.052795 0.760352 0.775830 -1
0 -21.865547 72.000000 -50.722275 0.083333 0.910153 -1
0 -31.848442 72.000000 -43.199570 0.155502 0.865229 -1
0 -34.272354 72.000000 -49.198929 0.166667 0.910153 -1
0 -31.848442 87.000000 -43.199570 0.155502 0.865229 -1
0 -21.865547 87.000000 -50.722275 0.083333 0.910153 -1
0 -34.272354 87.000000 -49.198929 0.166667 0.910153 -1
0 -31.848442 75.750000 -43.199570 0.155502 0.865229 -1
0 -34.272354 75.750000 -49.198929 0.166667 0.910153 -1
0 -34.272354 79.500000 -49.198929 0.166667 0.910153 -1
0 -31.848442 79.500000 -43.199570 0.155502 0.865229 -1
0 -31.848442 83.250000 -43.199570 0.155502 0.865229 -1
0 -34.272354 83.250000 -49.198929 0.166667 0.910153 -1
0 -26.749664 72.000000 -39.215927 0.125000 0.832343 -1
0 -26.749664 87.000000 -39.215927 0.125000 0.832343 -1
0 -26.749664 75.750000 -39.215927 0.125000 0.832343 -1
0 -26.749664 79.500000 -39.215927 0.125000 0.832343 -1
0 -26.749664 83.250000 -39.215927 0.125000 0.832343 -1
0 -20.342163 72.000000 -38.315445 0.083333 0.820305 -1
0 -20.342163 87.000000 -38.315445 0.083333 0.820305 -1
0 -20.342163 75.750000 -38.315445 0.083333 0.820305 -1
0 -20.342163 79.500000 -38.315445 0.083333 0.820305 -1
0 -20.342163 83.250000 -38.315445 0.083333 0.820305 -1
0 -14.342834 72.000000 -40.739311 0.041667 0.832343 -1
0 -14.342834 87.000000 -40.739311 0.041667 0.832343 -1
0 -14.342834 75.750000 -40.739311 0.041667 0.832343 -1
0 -14.342834 79.500000 -40.739311 0.041667 0.832343 -1
0 -14.342834 83.250000 -40.739311 0.041667 0.832343 -1
0 -10.359238 72.000000 -45.838127 0.011165 0.865229 -1
0 -10.359238 87.000000 -45.838127 0.011165 0.865229 -1
0 -10.359238 75.750000 -45.838127 0.011165 0.865229 -1
0 -10.359238 79.500000 -45.838127 0.011165 0.865229 -1
0 -10.359238 83.250000 -45.838127 0.011165 0.865229 -1
0 -9.458717 72.000000 -52.245667 0.000000 0.910153 -1
0 -9.458717 87.000000 -52.245667 0.000000 0.910153 -1
0 -9.458717 75.750000 -52.245667 0.000000 0.910153 -1
0 -9.458717 79.500000 -52.245667 0.000000 0.910153 -1
0 -9.458717 83.250000 -52.245667 0.000000 0.910153 -1
0 -11.882553 72.000000 -58.244987 0.011165 0.955076 -1
0 -11.882553 87.000000 -58.244987 0.011165 0.955076 -1
0 -11.882553 75.750000 -58.244987 0.011165 0.955076 -1
0 -11.882553 79.500000 -58.244987 0.011165 0.955076 -1
0 -11.882553 83.250000 -58.244987 0.011165 0.955076 -1
0 -16.981400 72.000000 -62.228615 0.041667 0.987963 -1
0 -16.981400 87.000000 -62.228615 0.041667 0.987963 -1
0 -16.981400 75.750000 -62.228615 0.041667 0.987963 -1
0 -16.981400 79.500000 -62.228615 0.041667 0.987963 -1
0 -16.981400 83.250000 -62.228615 0.041667 0.987963 -1
0 -23.388870 72.000000 -63.129150 0.083333 1.000000 -1
0 -23.388870 87.000000 -63.129150 0.083333 1.000000 -1
0 -23.388870 75.750000 -63.129150 0.083333 1.000000 -1
0 -23.388870 79.500000 -63.129150 0.083333 1.000000 -1
0 -23.388870 83.250000 -63.129150 0.083333 1.000000 -1
0 -29.388199 72.000000 -60.705231 0.125000 0.987963 -1
0 -29.388199 87.000000 -60.705231 0.125000 0.987963 -1
0 -29.388199 75.750000 -60.705231 0.125000 0.987963 -1
0 -29.388199 79.500000 -60.705231 0.125000 0.987963 -1
0 -29.388199 83.250000 -60.705231 0.125000 0.987963 -1
0 -33.371849 72.000000 -55.606430 0.155502 0.955076 -1
0 -33.371849 87.000000 -55.606430 0.155502 0.955076 -1
0 -33.371849 75.750000 -55.606430 0.155502 0.955076 -1
0 -33.371849 79.500000 -55.606430 0.155502 0.955076 -1
0 -33.371849 83.250000 -55.606430 0.155502 0.955076 -1
0 -52.788193 45.501575 -24.464622 0.299355 0.748599 -1
0 -42.829605 40.498425 -16.108398 0.240249 0.680260 -1
0 -42.829605 45.501575 -16.108398 0.240249 0.680260 -1
0 -52.788193 40.498425 -24.464622 0.299355 0.748599 -1
0 -32.004593 84.822830 -47.445984 0.153085 0.895660 -1
0 -32.004593 71.177170 -47.445984 0.153085 0.895660 -1
0 -22.045952 84.822830 -39.089767 0.093978 0.827322 -1
0 -22.045952 71.177170 -39.089767 0.093978 0.827322 -1
0 -33.926216 72.000000 49.052505 0.833333 0.910153 -1
0 -31.607399 72.000000 43.011803 0.844498 0.865229 -1
0 -21.494680 72.000000 50.359108 0.916667 0.910153 -1
0 -33.926216 87.000000 49.052505 0.833333 0.910153 -1
0 -21.494680 87.000000 50.359108 0.916667 0.910153 -1
0 -31.607399 87.000000 43.011803 0.844498 0.865229 -1
0 -33.926216 75.750000 49.052505 0.833333 0.910153 -1
0 -31.607399 75.750000 43.011803 0.844498 0.865229 -1
0 -33.926216 79.500000 49.052505 0.833333 0.910153 -1
0 -31.607399 79.500000 43.011803 0.844498 0.865229 -1
0 -33.926216 83.250000 49.052505 0.833333 0.910153 -1
0 -31.607399 83.250000 43.011803 0.844498 0.865229 -1
0 -26.578892 72.000000 38.939774 0.875000 0.832343 -1
0 -26.578892 87.000000 38.939774 0.875000 0.832343 -1
0 -26.578892 75.750000 38.939774 0.875000 0.832343 -1
0 -26.578892 79.500000 38.939774 0.875000 0.832343 -1
0 -26.578892 83.250000 38.939774 0.875000 0.832343 -1
0 -20.188074 72.000000 37.927574 0.916667 0.820305 -1
0 -20.188074 87.000000 37.927574 0.916667 0.820305 -1
0 -20.188074 75.750000 37.927574 0.916667 0.820305 -1
0 -20.188074 79.500000 37.927574 0.916667 0.820305 -1
0 -20.188074 83.250000 37.927574 0.916667 0.820305 -1
0 -14.147341 72.000000 40.246384 0.958333 0.832343 -1
0 -14.147341 87.000000 40.246384 0.958333 0.832343 -1
0 -14.147341 75.750000 40.246384 0.958333 0.832343 -1
0 -14.147341 79.500000 40.246384 0.958333 0.832343 -1
0 -14.147341 83.250000 40.246384 0.958333 0.832343 -1
0 -10.075350 72.000000 45.274887 0.988835 0.865229 -1
0 -10.075350 87.000000 45.274887 0.988835 0.865229 -1
0 -10.075350 75.750000 45.274887 0.988835 0.865229 -1
0 -10.075350 79.500000 45.274887 0.988835 0.865229 -1
0 -10.075350 83.250000 45.274887 0.988835 0.865229 -1
0 -9.063143 72.000000 51.665718 1.000000 0.910153 -1
0 -9.063143 87.000000 51.665718 1.000000 0.910153 -1
0 -9.063143 75.750000 51.665718 1.000000 0.910153 -1
0 -9.063143 79.500000 51.665718 1.000000 0.910153 -1
0 -9.063143 83.250000 51.665718 1.000000 0.910153 -1
0 -11.381948 72.000000 57.706440 0.988835 0.955076 -1
0 -11.381948 87.000000 57.706440 0.988835 0.955076 -1
0 -11.381948 75.750000 57.706440 0.988835 0.955076 -1
0 -11.381948 79.500000 57.706440 0.988835 0.955076 -1
0 -11.381948 83.250000 57.706440 0.988835 0.955076 -1
0 -16.410463 72.000000 61.778435 0.958333 0.987963 -1
0 -16.410463 87.000000 61.778435 0.958333 0.987963 -1
0 -16.410463 75.750000 61.778435 0.958333 0.987963 -1
0 -16.410463 79.500000 61.778435 0.958333 0.987963 -1
0 -16.410463 83.250000 61.778435 0.958333 0.987963 -1
0 -22.801296 72.000000 62.790657 0.916667 1.000000 -1
0 -22.801296 87.000000 62.790657 0.916667 1.000000 -1
0 -22.801296 75.750000 62.790657 0.916667 1.000000 -1
0 -22.801296 79.500000 62.790657 0.916667 1.000000 -1
0 -22.801296 83.250000 62.790657 0.916667 1.000000 -1
0 -28.842016 72.000000 60.471806 0.875000 0.987963 -1
0 -28.842016 87.000000 60.471806 0.875000 0.987963 -1
0 -28.842016 75.750000 60.471806 0.875000 0.987963 -1
0 -28.842016 79.500000 60.471806 0.875000 0.987963 -1
0 -28.842016 83.250000 60.471806 0.875000 0.987963 -1
0 -32.913994 72.000000 55.443321 0.844498 0.955076 -1
0 -32.913994 87.000000 55.443321 0.844498 0.955076 -1
0 -32.913994 75.750000 55.443321 0.844498 0.955076 -1
0 -32.913994 79.500000 55.443321 0.844498 0.955076 -1
0 -32.913994 83.250000 55.443321 0.844498 0.955076 -1
0 -43.059837 45.501575 16.090210 0.759751 0.680260 -1
0 -43.059837 40.498425 16.090210 0.759751 0.680260 -1
0 -52.871101 45.501575 24.618973 0.700645 0.748599 -1
0 -52.871101 40.498425 24.618973 0.700645 0.748599 -1
0 -31.689308 84.822830 47.260281 0.846915 0.895660 -1
0 -31.689308 71.177170 47.260281 0.846915 0.895660 -1
0 -21.878073 84.822830 38.731510 0.906022 0.827322 -1
0 -21.878073 71.177170 38.731510 0.906022 0.827322 -1
0 95.000000 60.000000 47.500004 0.830000 0.105120 -1
0 88.750000 60.000000 36.674686 0.757831 0.150044 -1
0 95.000000 60.000000 35.000004 0.746667 0.105120 -1
0 88.750000 75.000000 36.674686 0.757831 0.150044 -1
0 95.000000 75.000000 47.500004 0.830000 0.105120 -1
0 95.000000 75.000000 35.000004 0.746667 0.105120 -1
0 88.750000 63.750000 36.674686 0.757831 0.150044 -1
0 95.000000 63.750000 35.000004 0.746667 0.105120 -1
0 95.000000 67.500000 35.000004 0.746667 0.105120 -1
0 88.750000 67.500000 36.674686 0.757831 0.150044 -1
0 88.750000 71.250000 36.674686 0.757831 0.150044 -1
0 95.000000 71.250000 35.000004 0.746667 0.105120 -1
0 84.174683 60.000000 41.250000 0.788333 0.182930 -1
0 84.174683 75.000000 41.250000 0.788333 0.182930 -1
0 84.174683 63.750000 41.250000 0.788333 0.182930 -1
0 84.174683 67.500000 41.250000 0.788333 0.182930 -1
0 84.174683 71.250000 41.250000 0.788333 0.182930 -1
0 82.500000 60.000000 47.500000 0.830000 0.194967 -1
0 82.500000 75.000000 47.500000 0.830000 0.194967 -1
0 82.500000 63.750000 47.500000 0.830000 0.194967 -1
0 82.500000 67.500000 47.500000 0.830000 0.194967 -1
0 82.500000 71.250000 47.500000 0.830000 0.194967 -1
0 84.174683 60.000000 53.750000 0.871667 0.182930 -1
0 84.174683 75.000000 53.750000 0.871667 0.182930 -1
0 84.174683 63.750000 53.750000 0.871667 0.182930 -1
0 84.174683 67.500000 53.750000 0.871667 0.182930 -1
0 84.174683 71.250000 53.750000 0.871667 0.182930 -1
0 88.750000 60.000000 58.325317 0.902169 0.150044 -1
0 88.750000 75.000000 58.325317 0.902169 0.150044 -1
0 88.750000 63.750000 58.325317 0.902169 0.150044 -1
0 88.750000 67.500000 58.325317 0.902169 0.150044 -1
0 88.750000 71.250000 58.325317 0.902169 0.150044 -1
0 95.000000 60.000000 60.000000 0.913333 0.105120 -1
0 95.000000 75.000000 60.000000 0.913333 0.105120 -1
0 95.000000 63.750000 60.000000 0.913333 0.105120 -1
0 95.000000 67.500000 60.000000 0.913333 0.105120 -1
0 95.000000 71.250000 60.000000 0.913333 0.105120 -1
0 101.250000 60.000000 58.325317 0.902169 0.060196 -1
0 101.250000 75.000000 58.325317 0.902169 0.060196 -1
0 101.250000 63.750000 58.325317 0.902169 0.060196 -1
0 101.250000 67.500000 58.325317 0.902169 0.060196 -1
0 101.250000 71.250000 58.325317 0.902169 0.060196 -1
0 105.825317 60.000000 53.750004 0.871667 0.027310 -1
0 105.825317 75.000000 53.750004 0.871667 0.027310 -1
0 105.825317 63.750000 53.750004 0.871667 0.027310 -1
0 105.825317 67.500000 53.750004 0.871667 0.027310 -1
0 105.825317 71.250000 53.750004 0.871667 0.027310 -1
0 107.500000 60.000000 47.500004 0.830000 0.015273 -1
0 107.500000 75.000000 47.500004 0.830000 0.015273 -1
0 107.500000 63.750000 47.500004 0.830000 0.015273 -1
0 107.500000 67.500000 47.500004 0.830000 0.015273 -1
0 107.500000 71.250000 47.500004 0.830000 0.015273 -1
0 105.825317 60.000000 41.250004 0.788333 0.027310 -1
0 105.825317 75.000000 41.250004 0.788333 0.027310 -1
0 105.825317 63.750000 41.250004 0.788333 0.027310 -1
0 105.825317 67.500000 41.250004 0.788333 0.027310 -1
0 105.825317 71.250000 41.250004 0.788333 0.027310 -1
0 101.250000 60.000000 36.674686 0.757831 0.060196 -1
0 101.250000 75.000000 36.674686 0.757831 0.060196 -1
0 101.250000 63.750000 36.674686 0.757831 0.060196 -1
0 101.250000 67.500000 36.674686 0.757831 0.060196 -1
0 101.250000 71.250000 36.674686 0.757831 0.060196 -1
0 40.523819 33.501575 28.096701 0.687311 0.187608 -1
0 31.016230 28.498425 36.962685 0.746418 0.255947 -1
0 31.016230 33.501575 36.962685 0.746418 0.255947 -1
0 40.523819 28.498425 28.096701 0.687311 0.187608 -1
0 92.983765 72.822830 37.037319 0.760249 0.119612 -1
0 92.983765 59.177170 37.037319 0.760249 0.119612 -1
0 83.476173 72.822830 45.903297 0.819355 0.187951 -1
0 83.476173 59.177170 45.903297 0.819355 0.187951 -1
0 95.000000 60.000000 -38.999996 0.253333 0.105120 -1
0 88.750000 60.000000 -40.674679 0.242169 0.150044 -1
0 95.000000 60.000000 -51.499996 0.170000 0.105120 -1
0 95.000000 75.000000 -38.999996 0.253333 0.105120 -1
0 95.000000 75.000000 -51.499996 0.170000 0.105120 -1
0 88.750000 75.000000 -40.674679 0.242169 0.150044 -1
0 95.000000 63.750000 -38.999996 0.253333 0.105120 -1
0 88.750000 63.750000 -40.674679 0.242169 0.150044 -1
0 95.000000 67.500000 -38.999996 0.253333 0.105120 -1
0 88.750000 67.500000 -40.674679 0.242169 0.150044 -1
0 95.000000 71.250000 -38.999996 0.253333 0.105120 -1
0 88.750000 71.250000 -40.674679 0.242169 0.150044 -1
0 84.174683 60.000000 -45.250000 0.211667 0.182930 -1
0 84.174683 75.000000 -45.250000 0.211667 0.182930 -1
0 84.174683 63.750000 -45.250000 0.211667 0.182930 -1
0 84.174683 67.500000 -45.250000 0.211667 0.182930 -1
0 84.174683 71.250000 -45.250000 0.211667 0.182930 -1
0 82.500000 60.000000 -51.500000 0.170000 0.194967 -1
0 82.500000 75.000000 -51.500000 0.170000 0.194967 -1
0 82.500000 63.750000 -51.500000 0.170000 0.194967 -1
0 82.500000 67.500000 -51.500000 0.170000 0.194967 -1
0 82.500000 71.250000 -51.500000 0.170000 0.194967 -1
0 84.174683 60.000000 -57.750000 0.128333 0.182930 -1
0 84.174683 75.000000 -57.750000 0.128333 0.182930 -1
0 84.174683 63.750000 -57.750000 0.128333 0.182930 -1
0 84.174683 67.500000 -57.750000 0.128333 0.182930 -1
0 84.174683 71.250000 -57.750000 0.128333 0.182930 -1
0 88.750000 60.000000 -62.325314 0.097831 0.150044 -1
0 88.750000 75.000000 -62.325314 0.097831 0.150044 -1
0 88.750000 63.750000 -62.325314 0.097831 0.150044 -1
0 88.750000 67.500000 -62.325314 0.097831 0.150044 -1
0 88.750000 71.250000 -62.325314 0.097831 0.150044 -1
0 95.000000 60.000000 -64.000000 0.086667 0.105120 -1
0 95.000000 75.000000 -64.000000 0.086667 0.105120 -1
0 95.000000 63.750000 -64.000000 0.086667 0.105120 -1
0 95.000000 67.500000 -64.000000 0.086667 0.105120 -1
0 95.000000 71.250000 -64.000000 0.086667 0.105120 -1
0 101.250000 60.000000 -62.325314 0.097831 0.060196 -1
0 101.250000 75.000000 -62.325314 0.097831 0.060196 -1
0 101.250000 63.750000 -62.325314 0.097831 0.060196 -1
0 101.250000 67.500000 -62.325314 0.097831 0.060196 -1
0 101.250000 71.250000 -62.325314 0.097831 0.060196 -1
0 105.825317 60.000000 -57.749996 0.128333 0.027310 -1
0 105.825317 75.000000 -57.749996 0.128333 0.027310 -1
0 105.825317 63.750000 -57.749996 0.128333 0.027310 -1
0 105.825317 67.500000 -57.749996 0.128333 0.027310 -1
0 105.825317 71.250000 -57.749996 0.128333 0.027310 -1
0 107.500000 60.000000 -51.499996 0.170000 0.015273 -1
0 107.500000 75.000000 -51.499996 0.170000 0.015273 -1
0 107.500000 63.750000 -51.499996 0.170000 0.015273 -1
0 107.500000 67.500000 -51.499996 0.170000 0.015273 -1
0 107.500000 71.250000 -51.499996 0.170000 0.015273 -1
0 105.825317 60.000000 -45.249996 0.211667 0.027310 -1
0 105.825317 75.000000 -45.249996 0.211667 0.027310 -1
0 105.825317 63.750000 -45.249996 0.211667 0.027310 -1
0 105.825317 67.500000 -45.249996 0.211667 0.027310 -1
0 105.825317 71.250000 -45.249996 0.211667 0.027310 -1
0 101.250000 60.000000 -40.674679 0.242169 0.060196 -1
0 101.250000 75.000000 -40.674679 0.242169 0.060196 -1
0 101.250000 63.750000 -40.674679 0.242169 0.060196 -1
0 101.250000 67.500000 -40.674679 0.242169 0.060196 -1
0 101.250000 71.250000 -40.674679 0.242169 0.060196 -1
0 31.016233 33.501575 -36.962685 0.253582 0.255947 -1
0 31.016233 28.498425 -36.962685 0.253582 0.255947 -1
0 40.523819 33.501575 -28.096697 0.312689 0.187608 -1
0 40.523819 28.498425 -28.096697 0.312689 0.187608 -1
0 92.983765 72.822830 -41.037312 0.239751 0.119612 -1
0 92.983765 59.177170 -41.037312 0.239751 0.119612 -1
0 83.476181 72.822830 -49.903297 0.180645 0.187951 -1
0 83.476181 59.177170 -49.903297 0.180645 0.187951 -1
199
-0.130417 -0.991459 0.000000
-0.115896 -0.992027 -0.049510
-0.085234 -0.996361 -0.000000
0.116012 0.991369 0.061069
0.186795 0.982399 0.000377
0.078124 0.996944 0.000000
0.310390 -0.771579 0.555270
-0.024059 -0.493180 0.869595
-0.057882 -0.822763 0.565429
0.483210 -0.419842 0.768271
0.449889 0.444200 0.774781
0.013045 0.615632 0.787926
0.061288 0.815786 0.575097
0.146514 0.728435 0.669265
-0.088587 -0.995759 -0.024829
0.104448 0.994461 0.011762
0.797486 -0.518583 0.308363
0.529091 -0.833788 0.157673
0.798856 0.512453 0.314994
0.481580 0.862761 0.154029
-0.115447 -0.993314 0.000000
0.133751 0.991015 0.000889
0.579806 -0.814755 -0.000000
0.867955 -0.496643 -0.000000
0.884072 0.467352 -0.000000
0.511093 0.859525 -0.000000
-0.088587 -0.995759 0.024829
0.104825 0.994445 -0.009557
0.797486 -0.518583 -0.308363
0.529091 -0.833788 -0.157673
0.798856 0.512453 -0.314993
0.481580 0.862761 -0.154029
-0.115896 -0.992027 0.049510
0.115193 0.991544 -0.059756
0.310390 -0.771579 -0.555270
0.483210 -0.419842 -0.768271
0.446693 0.443388 -0.777092
0.133612 0.724174 -0.676550
-0.085234 -0.996361 -0.000000
0.078124 0.996944 0.000000
-0.024059 -0.493180 -0.869595
-0.057882 -0.822763 -0.565429
0.014128 0.619117 -0.785172
0.053385 0.820472 -0.569188
-0.121534 -0.986134 0.113005
0.188776 0.966206 -0.175529
-0.481957 -0.796514 -0.365080
-0.631429 -0.423157 -0.649797
-0.512555 0.386386 -0.766807
-0.159018 0.665435 -0.729321
-0.214810 -0.963076 0.162299
0.360927 0.872588 -0.329121
-0.870377 -0.485266 -0.083435
-0.600384 -0.789365 0.128229
-0.928008 0.309243 -0.207775
-0.761508 0.638002 -0.114276
-0.189901 -0.981803 0.000000
0.376690 0.926339 -0.000000
-0.588495 -0.808501 0.000000
-0.865381 -0.501114 0.000000
-0.965521 0.260321 0.001681
-0.765136 0.643843 0.005804
-0.214810 -0.963076 -0.162299
0.360927 0.872588 0.329121
-0.870377 -0.485266 0.083435
-0.600384 -0.789365 -0.128229
-0.928415 0.306256 0.210364
-0.768815 0.628299 0.119012
-0.121534 -0.986134 -0.113005
0.188776 0.966206 0.175529
-0.481957 -0.796514 0.365080
-0.631429 -0.423157 0.649797
-0.518820 0.372835 0.769298
-0.178499 0.639982 0.747370
0.000000 -1.000000 0.000000
0.000000 1.000000 0.000000
-0.798636 0.000000 0.601814
-0.992546 0.000000 0.121871
-0.992546 0.000000 0.121871
-0.390731 0.000000 0.920505
0.121870 0.000000 0.992546
0.121870 0.000000 0.992546
0.601816 0.000000 0.798635
0.920506 0.000000 0.390729
0.920506 0.000000 0.390729
0.992547 0.000000 -0.121866
0.992547 0.000000 -0.121866
0.798636 0.000000 -0.601814
0.798636 0.000000 -0.601814
0.390731 0.000000 -0.920505
0.390731 0.000000 -0.920505
-0.121870 0.000000 -0.992546
-0.601815 0.000000 -0.798635
-0.601815 0.000000 -0.798635
-0.920504 0.000000 -0.390732
-0.920504 0.000000 -0.390732
-0.920504 0.000000 -0.390732
-0.642787 0.000000 0.766045
-0.741681 0.000000 -0.670753
0.642784 0.000000 -0.766047
0.741681 0.000000 0.670753
0.741680 0.000000 0.670753
-0.505004 0.618673 0.601843
-0.505002 0.618673 0.601844
-0.505005 0.618672 0.601843
0.452408 -0.710374 -0.539162
0.452409 -0.710374 -0.539161
0.452408 -0.710373 -0.539163
-0.994522 0.000000 -0.104528
-0.809017 0.000000 -0.587785
-0.994522 0.000000 -0.104528
-0.406738 0.000000 -0.913545
-0.406738 0.000000 -0.913545
0.104528 0.000000 -0.994522
0.587785 0.000000 -0.809017
0.587785 0.000000 -0.809017
0.913546 0.000000 -0.406736
0.913546 0.000000 -0.406736
0.994522 0.000000 0.104528
0.809017 0.000000 0.587785
0.809017 0.000000 0.587785
0.406737 0.000000 0.913545
0.406737 0.000000 0.913545
-0.104530 0.000000 0.994522
-0.587788 0.000000 0.809015
-0.587788 0.000000 0.809015
-0.913545 0.000000 0.406737
-0.913545 0.000000 0.406737
-0.656057 0.000000 -0.754711
-0.730252 0.000000 0.683178
0.656059 0.000000 0.754710
0.730252 0.000000 -0.683178
0.730252 0.000000 -0.683178
-0.515305 0.618918 -0.592791
-0.515304 0.618918 -0.592791
-0.515304 0.618918 -0.592792
0.461600 -0.710600 0.531012
0.461600 -0.710600 0.531012
0.461601 -0.710600 0.531011
-0.500000 0.000000 -0.866026
0.000000 0.000000 -1.000000
0.000000 0.000000 -1.000000
-0.500000 0.000000 -0.866026
-0.866025 0.000000 -0.500000
-0.866025 0.000000 -0.500000
-1.000000 0.000000 0.000000
-1.000000 0.000000 0.000000
-0.866025 0.000000 0.500000
-0.866025 0.000000 0.500000
-0.500000 0.000000 0.866025
-0.500000 0.000000 0.866025
0.000000 0.000000 1.000000
0.000000 0.000000 1.000000
0.500000 0.000000 0.866026
0.500000 0.000000 0.866026
0.866025 0.000000 0.500000
0.866025 0.000000 0.500000
1.000000 0.000000 -0.000000
1.000000 0.000000 0.000000
0.866025 0.000000 -0.500000
0.866025 0.000000 -0.500000
0.500000 0.000000 -0.866025
0.500000 0.000000 -0.866025
-0.681999 0.000000 -0.731353
0.168005 0.000000 -0.985786
0.681999 0.000000 0.731353
-0.168005 0.000000 0.985786
-0.464241 0.732556 -0.497837
-0.464241 0.732556 -0.497837
-0.464241 0.732556 -0.497837
0.400306 -0.809616 0.429275
0.400306 -0.809616 0.429275
0.400306 -0.809616 0.429275
-0.500000 0.000000 0.866025
-0.500000 0.000000 0.866025
-0.866026 0.000000 0.500000
-1.000000 0.000000 -0.000000
-0.866025 0.000000 -0.500000
-0.500000 0.000000 -0.866025
-0.000000 0.000000 -1.000000
0.500000 0.000000 -0.866025
0.500000 0.000000 -0.866025
1.000000 0.000000 0.000000
0.866025 0.000000 0.500000
0.866025 0.000000 0.500000
0.500000 0.000000 0.866025
0.500000 0.000000 0.866025
-0.681999 0.000000 0.731353
0.239497 0.000000 0.970897
0.681999 0.000000 -0.731353
-0.239497 0.000000 -0.970897
-0.239497 0.000000 -0.970897
-0.239497 0.000000 -0.970897
-0.447387 0.754766 0.479763
-0.447387 0.754766 0.479763
-0.447387 0.754766 0.479763
0.382764 -0.827655 -0.410463
0.382764 -0.827655 -0.410463
0.382764 -0.827655 -0.410463
624
0 0 1 2 0 1 2 2
0 3 4 5 3 4 5 2
0 1 6 2 6 7 8 1
0 1 7 6 6 9 7 1
0 8 9 6 10 11 7 1
0 7 8 6 9 10 7 1
0 8 5 9 10 12 11 1
0 8 3 5 10 13 12 1
0 0 10 1 0 14 1 2
0 11 4 3 15 4 3 2
0 12 7 1 16 9 6 1
0 10 12 1 17 16 6 1
0 12 8 7 16 10 9 1
0 12 13 8 16 18 10 1
0 11 3 8 19 13 10 1
0 13 11 8 18 19 10 1
0 0 14 10 0 20 14 2
0 15 4 11 21 4 15 2
0 14 12 10 22 16 17 1
0 14 16 12 22 23 16 1
0 17 13 12 24 18 16 1
0 16 17 12 23 24 16 1
0 17 11 13 24 19 18 1
0 17 15 11 24 25 19 1
0 0 18 14 0 26 20 2
0 19 4 15 27 4 21 2
0 20 16 14 28 23 22 1
0 18 20 14 29 28 22 1
0 20 17 16 28 24 23 1
0 20 21 17 28 30 24 1
0 19 15 17 31 25 24 1
0 21 19 17 30 31 24 1
0 0 22 18 0 32 26 2
0 23 4 19 33 4 27 2
0 22 20 18 34 28 29 1
0 22 24 20 34 35 28 1
0 25 21 20 36 30 28 1
0 24 25 20 35 36 28 1
0 25 19 21 36 31 30 1
0 25 23 19 36 37 31 1
0 0 26 22 0 38 32 2
0 27 4 23 39 4 33 2
0 28 24 22 40 35 34 1
0 26 28 22 41 40 34 1
0 28 25 24 40 36 35 1
0 28 29 25 40 42 36 1
0 27 23 25 43 37 36 1
0 29 27 25 42 43 36 1
0 0 30 26 0 44 38 2
0 31 4 27 45 4 39 2
0 30 28 26 46 40 41 1
0 30 32 28 46 47 40 1
0 33 29 28 48 42 40 1
0 32 33 28 47 48 40 1
0 33 27 29 48 43 42 1
0 33 31 27 48 49 43 1
0 0 34 30 0 50 44 2
0 35 4 31 51 4 45 2
0 36 32 30 52 47 46 1
0 34 36 30 53 52 46 1
0 36 33 32 52 48 47 1
0 36 37 33 52 54 48 1
0 35 31 33 55 49 48 1
0 37 35 33 54 55 48 1
0 0 38 34 0 56 50 2
0 39 4 35 57 4 51 2
0 38 36 34 58 52 53 1
0 38 40 36 58 59 52 1
0 41 37 36 60 54 52 1
0 40 41 36 59 60 52 1
0 41 35 37 60 55 54 1
0 41 39 35 60 61 55 1
0 0 42 38 0 62 56 2
0 43 4 39 63 4 57 2
0 44 40 38 64 59 58 1
0 42 44 38 65 64 58 1
0 44 41 40 64 60 59 1
0 44 45 41 64 66 60 1
0 43 39 41 67 61 60 1
0 45 43 41 66 67 60 1
0 0 46 42 0 68 62 2
0 47 4 43 69 4 63 2
0 46 44 42 70 64 65 1
0 46 48 44 70 71 64 1
0 49 45 44 72 66 64 1
0 48 49 44 71 72 64 1
0 49 43 45 72 67 66 1
0 49 47 43 72 73 67 1
0 0 2 46 0 2 68 2
0 5 4 47 5 4 69 2
0 6 48 46 7 71 70 1
0 2 6 46 8 7 70 1
0 6 49 48 7 72 71 1
0 6 9 49 7 11 72 1
0 5 47 49 12 73 72 1
0 9 5 49 11 12 72 1
0 50 51 52 74 74 74 2
0 53 54 55 75 75 75 2
0 56 57 52 76 77 77 1
0 51 56 52 76 76 77 1
0 56 58 57 76 78 77 1
0 56 59 58 76 76 78 1
0 60 61 58 76 77 78 1
0 59 60 58 76 76 78 1
0 60 55 61 76 77 77 1
0 60 53 55 76 76 77 1
0 50 62 51 74 74 74 2
0 63 54 53 75 75 75 2
0 62 56 51 79 76 76 1
0 62 64 56 79 79 76 1
0 65 59 56 79 76 76 1
0 64 65 56 79 79 76 1
0 65 60 59 79 76 76 1
0 65 66 60 79 79 76 1
0 63 53 60 79 76 76 1
0 66 63 60 79 79 76 1
0 50 67 62 74 74 74 2
0 68 54 63 75 75 75 2
0 69 64 62 80 79 79 1
0 67 69 62 81 80 79 1
0 69 65 64 80 79 79 1
0 69 70 65 80 81 79 1
0 71 66 65 80 79 79 1
0 70 71 65 81 80 79 1
0 71 63 66 80 79 79 1
0 71 68 63 80 81 79 1
0 50 72 67 74 74 74 2
0 73 54 68 75 75 75 2
0 72 69 67 82 80 81 1
0 72 74 69 82 82 80 1
0 75 70 69 82 81 80 1
0 74 75 69 82 82 80 1
0 75 71 70 82 80 81 1
0 75 76 71 82 82 80 1
0 73 68 71 82 81 80 1
0 76 73 71 82 82 80 1
0 50 77 72 74 74 74 2
0 78 54 73 75 75 75 2
0 79 74 72 83 82 82 1
0 77 79 72 84 83 82 1
0 79 75 74 83 82 82 1
0 79 80 75 83 84 82 1
0 81 76 75 83 82 82 1
0 80 81 75 84 83 82 1
0 81 73 76 83 82 82 1
0 81 78 73 83 84 82 1
0 50 82 77 74 74 74 2
0 83 54 78 75 75 75 2
0 82 79 77 85 83 84 1
0 82 84 79 85 85 83 1
0 85 80 79 86 84 83 1
0 84 85 79 85 86 83 1
0 85 81 80 86 83 84 1
0 85 86 81 86 85 83 1
0 83 78 81 85 84 83 1
0 86 83 81 85 85 83 1
0 50 87 82 74 74 74 2
0 88 54 83 75 75 75 2
0 89 84 82 87 85 85 1
0 87 89 82 88 87 85 1
0 89 85 84 87 86 85 1
0 89 90 85 87 88 86 1
0 91 86 85 87 85 86 1
0 90 91 85 88 87 86 1
0 91 83 86 87 85 85 1
0 91 88 83 87 88 85 1
0 50 92 87 74 74 74 2
0 93 54 88 75 75 75 2
0 92 89 87 89 87 88 1
0 92 94 89 89 89 87 1
0 95 90 89 90 88 87 1
0 94 95 89 89 90 87 1
0 95 91 90 90 87 88 1
0 95 96 91 90 89 87 1
0 93 88 91 89 88 87 1
0 96 93 91 89 89 87 1
0 50 97 92 74 74 74 2
0 98 54 93 75 75 75 2
0 99 94 92 91 89 89 1
0 97 99 92 91 91 89 1
0 99 95 94 91 90 89 1
0 99 100 95 91 91 90 1
0 101 96 95 91 89 90 1
0 100 101 95 91 91 90 1
0 101 93 96 91 89 89 1
0 101 98 93 91 91 89 1
0 50 102 97 74 74 74 2
0 103 54 98 75 75 75 2
0 102 99 97 92 91 91 1
0 102 104 99 92 92 91 1
0 105 100 99 93 91 91 1
0 104 105 99 92 93 91 1
0 105 101 100 93 91 91 1
0 105 106 101 93 92 91 1
0 103 98 101 92 91 91 1
0 106 103 101 92 92 91 1
0 50 107 102 74 74 74 2
0 108 54 103 75 75 75 2
0 109 104 102 94 92 92 1
0 107 109 102 95 94 92 1
0 109 105 104 94 93 92 1
0 109 110 105 94 96 93 1
0 111 106 105 94 92 93 1
0 110 111 105 96 94 93 1
0 111 103 106 94 92 92 1
0 111 108 103 94 95 92 1
0 50 52 107 74 74 74 2
0 55 54 108 75 75 75 2
0 52 109 107 77 94 95 1
0 52 57 109 77 77 94 1
0 58 110 109 78 96 94 1
0 57 58 109 77 78 94 1
0 58 111 110 78 94 96 1
0 58 61 111 78 77 94 1
0 55 108 111 77 95 94 1
0 61 55 111 77 77 94 1
0 112 113 114 97 97 97 1
0 112 115 113 97 97 97 1
0 116 115 112 98 98 98 2
0 116 117 115 98 98 98 2
0 118 117 116 99 99 99 1
0 118 119 117 99 99 99 1
0 114 119 118 100 100 101 2
0 114 113 119 100 100 100 2
0 116 114 118 102 102 103 3
0 116 112 114 102 104 102 3
0 115 119 113 105 105 106 3
0 115 117 119 105 107 105 3
0 120 121 122 74 74 74 2
0 123 124 125 75 75 75 2
0 120 126 127 108 108 109 1
0 120 127 121 108 109 109 1
0 126 128 127 108 110 109 1
0 128 129 127 110 109 109 1
0 128 130 131 110 108 109 1
0 128 131 129 110 109 109 1
0 130 123 131 108 108 109 1
0 123 125 131 108 109 109 1
0 121 132 122 74 74 74 2
0 125 124 133 75 75 75 2
0 121 127 132 109 109 111 1
0 127 134 132 109 111 111 1
0 127 129 135 109 109 112 1
0 127 135 134 109 112 111 1
0 129 131 135 109 109 112 1
0 131 136 135 109 111 112 1
0 131 125 133 109 109 111 1
0 131 133 136 109 111 111 1
0 132 137 122 74 74 74 2
0 133 124 138 75 75 75 2
0 132 134 139 111 111 113 1
0 132 139 137 111 113 113 1
0 134 135 139 111 112 113 1
0 135 140 139 112 113 113 1
0 135 136 141 112 111 113 1
0 135 141 140 112 113 113 1
0 136 133 141 111 111 113 1
0 133 138 141 111 113 113 1
0 137 142 122 74 74 74 2
0 138 124 143 75 75 75 2
0 137 139 142 113 113 114 1
0 139 144 142 113 114 114 1
0 139 140 145 113 113 115 1
0 139 145 144 113 115 114 1
0 140 141 145 113 113 115 1
0 141 146 145 113 114 115 1
0 141 138 143 113 113 114 1
0 141 143 146 113 114 114 1
0 142 147 122 74 74 74 2
0 143 124 148 75 75 75 2
0 142 144 149 114 114 116 1
0 142 149 147 114 116 117 1
0 144 145 149 114 115 116 1
0 145 150 149 115 117 116 1
0 145 146 151 115 114 116 1
0 145 151 150 115 116 117 1
0 146 143 151 114 114 116 1
0 143 148 151 114 117 116 1
0 147 152 122 74 74 74 2
0 148 124 153 75 75 75 2
0 147 149 152 117 116 118 1
0 149 154 152 116 118 118 1
0 149 150 155 116 117 118 1
0 149 155 154 116 118 118 1
0 150 151 155 117 116 118 1
0 151 156 155 116 118 118 1
0 151 148 153 116 117 118 1
0 151 153 156 116 118 118 1
0 152 157 122 74 74 74 2
0 153 124 158 75 75 75 2
0 152 154 159 118 118 119 1
0 152 159 157 118 119 120 1
0 154 155 159 118 118 119 1
0 155 160 159 118 120 119 1
0 155 156 161 118 118 119 1
0 155 161 160 118 119 120 1
0 156 153 161 118 118 119 1
0 153 158 161 118 120 119 1
0 157 162 122 74 74 74 2
0 158 124 163 75 75 75 2
0 157 159 162 120 119 121 1
0 159 164 162 119 121 121 1
0 159 160 165 119 120 122 1
0 159 165 164 119 122 121 1
0 160 161 165 120 119 122 1
0 161 166 165 119 121 122 1
0 161 158 163 119 120 121 1
0 161 163 166 119 121 121 1
0 162 167 122 74 74 74 2
0 163 124 168 75 75 75 2
0 162 164 169 121 121 123 1
0 162 169 167 121 123 123 1
0 164 165 169 121 122 123 1
0 165 170 169 122 123 123 1
0 165 166 171 122 121 123 1
0 165 171 170 122 123 123 1
0 166 163 171 121 121 123 1
0 163 168 171 121 123 123 1
0 167 172 122 74 74 74 2
0 168 124 173 75 75 75 2
0 167 169 172 123 123 124 1
0 169 174 172 123 124 124 1
0 169 170 175 123 123 125 1
0 169 175 174 123 125 124 1
0 170 171 175 123 123 125 1
0 171 176 175 123 124 125 1
0 171 168 173 123 123 124 1
0 171 173 176 123 124 124 1
0 172 177 122 74 74 74 2
0 173 124 178 75 75 75 2
0 172 174 179 124 124 126 1
0 172 179 177 124 126 127 1
0 174 175 179 124 125 126 1
0 175 180 179 125 126 126 1
0 175 176 181 125 124 126 1
0 175 181 180 125 126 126 1
0 176 173 181 124 124 126 1
0 173 178 181 124 127 126 1
0 177 120 122 74 74 74 2
0 178 124 123 75 75 75 2
0 177 179 120 127 126 108 1
0 179 126 120 126 108 108 1
0 179 180 128 126 126 110 1
0 179 128 126 126 110 108 1
0 180 181 128 126 126 110 1
0 181 130 128 126 108 110 1
0 181 178 123 126 127 108 1
0 181 123 130 126 108 108 1
0 182 183 184 128 128 128 1
0 183 185 184 128 128 128 1
0 184 185 186 129 129 129 2
0 185 187 186 129 129 129 2
0 186 187 188 130 130 130 1
0 187 189 188 130 130 130 1
0 188 189 182 131 131 131 2
0 189 183 182 131 132 131 2
0 188 182 186 133 134 134 3
0 182 184 186 134 135 134 3
0 183 189 185 136 137 137 3
0 189 187 185 137 138 137 3
0 190 191 192 74 74 74 2
0 193 194 195 75 75 75 2
0 196 197 192 139 140 140 1
0 191 196 192 139 139 140 1
0 196 198 197 139 141 140 1
0 196 199 198 139 142 141 1
0 200 201 198 139 140 141 1
0 199 200 198 142 139 141 1
0 200 195 201 139 140 140 1
0 200 193 195 139 139 140 1
0 190 202 191 74 74 74 2
0 203 194 193 75 75 75 2
0 202 196 191 143 139 139 1
0 202 204 196 143 143 139 1
0 205 199 196 144 142 139 1
0 204 205 196 143 144 139 1
0 205 200 199 144 139 142 1
0 205 206 200 144 143 139 1
0 203 193 200 143 139 139 1
0 206 203 200 143 143 139 1
0 190 207 202 74 74 74 2
0 208 194 203 75 75 75 2
0 209 204 202 145 143 143 1
0 207 209 202 146 145 143 1
0 209 205 204 145 144 143 1
0 209 210 205 145 146 144 1
0 211 206 205 145 143 144 1
0 210 211 205 146 145 144 1
0 211 203 206 145 143 143 1
0 211 208 203 145 146 143 1
0 190 212 207 74 74 74 2
0 213 194 208 75 75 75 2
0 212 209 207 147 145 146 1
0 212 214 209 147 147 145 1
0 215 210 209 148 146 145 1
0 214 215 209 147 148 145 1
0 215 211 210 148 145 146 1
0 215 216 211 148 147 145 1
0 213 208 211 147 146 145 1
0 216 213 211 147 147 145 1
0 190 217 212 74 74 74 2
0 218 194 213 75 75 75 2
0 219 214 212 149 147 147 1
0 217 219 212 150 149 147 1
0 219 215 214 149 148 147 1
0 219 220 215 149 149 148 1
0 221 216 215 149 147 148 1
0 220 221 215 149 149 148 1
0 221 213 216 149 147 147 1
0 221 218 213 149 150 147 1
0 190 222 217 74 74 74 2
0 223 194 218 75 75 75 2
0 222 219 217 151 149 150 1
0 222 224 219 151 151 149 1
0 225 220 219 152 149 149 1
0 224 225 219 151 152 149 1
0 225 221 220 152 149 149 1
0 225 226 221 152 151 149 1
0 223 218 221 151 150 149 1
0 226 223 221 151 151 149 1
0 190 227 222 74 74 74 2
0 228 194 223 75 75 75 2
0 229 224 222 153 151 151 1
0 227 229 222 153 153 151 1
0 229 225 224 153 152 151 1
0 229 230 225 153 154 152 1
0 231 226 225 153 151 152 1
0 230 231 225 154 153 152 1
0 231 223 226 153 151 151 1
0 231 228 223 153 153 151 1
0 190 232 227 74 74 74 2
0 233 194 228 75 75 75 2
0 232 229 227 155 153 153 1
0 232 234 229 155 155 153 1
0 235 230 229 156 154 153 1
0 234 235 229 155 156 153 1
0 235 231 230 156 153 154 1
0 235 236 231 156 155 153 1
0 233 228 231 155 153 153 1
0 236 233 231 155 155 153 1
0 190 237 232 74 74 74 2
0 238 194 233 75 75 75 2
0 239 234 232 157 155 155 1
0 237 239 232 158 157 155 1
0 239 235 234 157 156 155 1
0 239 240 235 157 158 156 1
0 241 236 235 157 155 156 1
0 240 241 235 158 157 156 1
0 241 233 236 157 155 155 1
0 241 238 233 157 158 155 1
0 190 242 237 74 74 74 2
0 243 194 238 75 75 75 2
0 242 239 237 159 157 158 1
0 242 244 239 159 159 157 1
0 245 240 239 160 158 157 1
0 244 245 239 159 160 157 1
0 245 241 240 160 157 158 1
0 245 246 241 160 159 157 1
0 243 238 241 159 158 157 1
0 246 243 241 159 159 157 1
0 190 247 242 74 74 74 2
0 248 194 243 75 75 75 2
0 249 244 242 161 159 159 1
0 247 249 242 162 161 159 1
0 249 245 244 161 160 159 1
0 249 250 245 161 161 160 1
0 251 246 245 161 159 160 1
0 250 251 245 161 161 160 1
0 251 243 246 161 159 159 1
0 251 248 243 161 162 159 1
0 190 192 247 74 74 74 2
0 195 194 248 75 75 75 2
0 192 249 247 140 161 162 1
0 192 197 249 140 140 161 1
0 198 250 249 141 161 161 1
0 197 198 249 140 141 161 1
0 198 251 250 141 161 161 1
0 198 201 251 141 140 161 1
0 195 248 251 140 162 161 1
0 201 195 251 140 140 161 1
0 252 253 254 163 163 163 1
0 252 255 253 163 163 163 1
0 256 255 252 164 164 164 2
0 256 257 255 164 164 164 2
0 258 257 256 165 165 165 1
0 258 259 257 165 165 165 1
0 254 259 258 166 166 166 2
0 254 253 259 166 166 166 2
0 256 254 258 167 167 168 3
0 256 252 254 167 169 167 3
0 255 259 253 170 170 171 3
0 255 257 259 170 172 170 3
0 260 261 262 74 74 74 2
0 263 264 265 75 75 75 2
0 260 266 267 151 151 173 1
0 260 267 261 151 173 174 1
0 266 268 267 151 152 173 1
0 268 269 267 152 174 173 1
0 268 270 271 152 151 173 1
0 268 271 269 152 173 174 1
0 270 263 271 151 151 173 1
0 263 265 271 151 174 173 1
0 261 272 262 74 74 74 2
0 265 264 273 75 75 75 2
0 261 267 272 174 173 175 1
0 267 274 272 173 175 175 1
0 267 269 275 173 174 175 1
0 267 275 274 173 175 175 1
0 269 271 275 174 173 175 1
0 271 276 275 173 175 175 1
0 271 265 273 173 174 175 1
0 271 273 276 173 175 175 1
0 272 277 262 74 74 74 2
0 273 264 278 75 75 75 2
0 272 274 279 175 175 176 1
0 272 279 277 175 176 146 1
0 274 275 279 175 175 176 1
0 275 280 279 175 146 176 1
0 275 276 281 175 175 176 1
0 275 281 280 175 176 146 1
0 276 273 281 175 175 176 1
0 273 278 281 175 146 176 1
0 277 282 262 74 74 74 2
0 278 264 283 75 75 75 2
0 277 279 282 146 176 143 1
0 279 284 282 176 143 143 1
0 279 280 285 176 146 177 1
0 279 285 284 176 177 143 1
0 280 281 285 146 176 177 1
0 281 286 285 176 143 177 1
0 281 278 283 176 146 143 1
0 281 283 286 176 143 143 1
0 282 287 262 74 74 74 2
0 283 264 288 75 75 75 2
0 282 284 289 143 143 178 1
0 282 289 287 143 178 178 1
0 284 285 289 143 177 178 1
0 285 290 289 177 178 178 1
0 285 286 291 177 143 178 1
0 285 291 290 177 178 178 1
0 286 283 291 143 143 178 1
0 283 288 291 143 178 178 1
0 287 292 262 74 74 74 2
0 288 264 293 75 75 75 2
0 287 289 292 178 178 140 1
0 289 294 292 178 140 140 1
0 289 290 295 178 178 179 1
0 289 295 294 178 179 140 1
0 290 291 295 178 178 179 1
0 291 296 295 178 140 179 1
0 291 288 293 178 178 140 1
0 291 293 296 178 140 140 1
0 292 297 262 74 74 74 2
0 293 264 298 75 75 75 2
0 292 294 299 140 140 180 1
0 292 299 297 140 180 181 1
0 294 295 299 140 179 180 1
0 295 300 299 179 181 180 1
0 295 296 301 179 140 180 1
0 295 301 300 179 180 181 1
0 296 293 301 140 140 180 1
0 293 298 301 140 181 180 1
0 297 302 262 74 74 74 2
0 298 264 303 75 75 75 2
0 297 299 302 181 180 160 1
0 299 304 302 180 160 160 1
0 299 300 305 180 181 160 1
0 299 305 304 180 160 160 1
0 300 301 305 181 180 160 1
0 301 306 305 180 160 160 1
0 301 298 303 180 181 160 1
0 301 303 306 180 160 160 1
0 302 307 262 74 74 74 2
0 303 264 308 75 75 75 2
0 302 304 309 160 160 182 1
0 302 309 307 160 182 158 1
0 304 305 309 160 160 182 1
0 305 310 309 160 158 182 1
0 305 306 311 160 160 182 1
0 305 311 310 160 182 158 1
0 306 303 311 160 160 182 1
0 303 308 311 160 158 182 1
0 307 312 262 74 74 74 2
0 308 264 313 75 75 75 2
0 307 309 312 158 182 183 1
0 309 314 312 182 183 183 1
0 309 310 315 182 158 184 1
0 309 315 314 182 184 183 1
0 310 311 315 158 182 184 1
0 311 316 315 182 183 184 1
0 311 308 313 182 158 183 1
0 311 313 316 182 183 183 1
0 312 317 262 74 74 74 2
0 313 264 318 75 75 75 2
0 312 314 319 183 183 185 1
0 312 319 317 183 185 186 1
0 314 315 319 183 184 185 1
0 315 320 319 184 185 185 1
0 315 316 321 184 183 185 1
0 315 321 320 184 185 185 1
0 316 313 321 183 183 185 1
0 313 318 321 183 186 185 1
0 317 260 262 74 74 74 2
0 318 264 263 75 75 75 2
0 317 319 260 186 185 151 1
0 319 266 260 185 151 151 1
0 319 320 268 185 185 152 1
0 319 268 266 185 152 151 1
0 320 321 268 185 185 152 1
0 321 270 268 185 151 152 1
0 321 318 263 185 186 151 1
0 321 263 270 185 151 151 1
0 322 323 324 187 187 187 1
0 323 325 324 187 187 187 1
0 324 325 326 188 188 188 2
0 325 327 326 188 188 188 2
0 326 327 328 189 189 189 1
0 327 329 328 189 189 189 1
0 328 329 322 190 191 191 2
0 329 323 322 191 192 191 2
0 328 322 326 193 194 194 3
0 322 324 326 194 195 194 3
0 323 329 325 196 197 197 3
0 329 327 325 197 198 197 3

Materials: 1
"Material01"
0.200000 0.200000 0.200000 1.000000
0.800000 0.800000 0.800000 1.000000
0.000000 0.000000 0.000000 1.000000
0.000000 0.000000 0.000000 1.000000
0.000000
1.000000
"E7Root.tga"
""

Bones: 0
GroupComments: 0
MaterialComments: 0
BoneComments: 0
ModelComment: 0
