// MilkShape 3D ASCII

Frames: 15
Frame: 1

Meshes: 1
"Create Face" 0 -1
29
32 -12.697460 0.000000 -61.000000 0.000000 0.000000 -1
32 -30.697460 0.000000 -61.000000 0.000000 0.000000 -1
32 -33.697460 0.000000 -47.000000 0.000000 0.000000 -1
32 -3.697460 0.000000 -65.000000 0.000000 0.000000 -1
32 34.302540 0.000000 -39.000000 0.000000 0.000000 -1
32 -54.697460 0.000000 -24.000000 0.000000 0.000000 -1
32 49.302540 0.000000 -28.000000 0.000000 0.000000 -1
32 -47.697460 0.000000 1.000000 0.000000 0.000000 -1
32 60.302540 0.000000 -22.000000 0.000000 0.000000 -1
32 49.302540 0.000000 -3.000000 0.000000 0.000000 -1
32 82.302536 0.000000 -50.000000 0.000000 0.000000 -1
32 90.302536 0.000000 -41.000000 0.000000 0.000000 -1
32 84.302536 0.000000 -58.000000 0.000000 0.000000 -1
32 89.302536 0.000000 -62.000000 0.000000 0.000000 -1
32 104.302536 0.000000 -63.000000 0.000000 0.000000 -1
32 108.302536 0.000000 -46.000000 0.000000 0.000000 -1
32 41.302540 0.000000 28.000000 0.000000 0.000000 -1
32 58.302540 0.000000 21.000000 0.000000 0.000000 -1
32 -54.697460 0.000000 24.000000 0.000000 0.000000 -1
32 35.302540 0.000000 41.000000 0.000000 0.000000 -1
32 -32.697460 0.000000 46.000000 0.000000 0.000000 -1
32 -11.697460 0.000000 57.000000 0.000000 0.000000 -1
32 -32.697460 0.000000 58.000000 0.000000 0.000000 -1
32 -3.697460 0.000000 61.000000 0.000000 0.000000 -1
32 91.302536 0.000000 35.000000 0.000000 0.000000 -1
32 81.302536 0.000000 47.000000 0.000000 0.000000 -1
32 107.302536 0.000000 42.000000 0.000000 0.000000 -1
32 103.302536 0.000000 56.000000 0.000000 0.000000 -1
32 90.302536 0.000000 61.000000 0.000000 0.000000 -1
1
0.000000 1.000000 0.000000
27
0 0 1 2 0 0 0 1
0 3 0 4 0 0 0 1
0 0 2 4 0 0 0 1
0 2 5 4 0 0 0 1
0 5 6 4 0 0 0 1
0 5 7 6 0 0 0 1
0 7 8 6 0 0 0 1
0 7 9 8 0 0 0 1
0 10 6 8 0 0 0 1
0 8 11 10 0 0 0 1
0 12 10 11 0 0 0 1
0 11 13 12 0 0 0 1
0 11 14 13 0 0 0 1
0 11 15 14 0 0 0 1
0 16 17 9 0 0 0 1
0 7 16 9 0 0 0 1
0 7 18 16 0 0 0 1
0 18 19 16 0 0 0 1
0 18 20 19 0 0 0 1
0 20 21 19 0 0 0 1
0 20 22 21 0 0 0 1
0 21 23 19 0 0 0 1
0 17 16 24 0 0 0 1
0 25 24 16 0 0 0 1
0 25 26 24 0 0 0 1
0 25 27 26 0 0 0 1
0 25 28 27 0 0 0 1

Materials: 0

Bones: 0
GroupComments: 0
MaterialComments: 0
BoneComments: 0
ModelComment: 0
