// MilkShape 3D ASCII

Frames: 40
Frame: 1

Meshes: 2
"Header" 0 0
116
0 24.937202 39.852386 0.082774 0.000000 0.000000 -1
0 20.933342 39.852386 15.025379 0.000000 0.000000 -1
0 -4.948006 39.852386 0.082774 0.000000 0.000000 -1
0 4.430287 82.819336 0.082774 0.000000 0.000000 -1
0 -4.948006 82.819336 0.082774 0.000000 0.000000 -1
0 3.173833 82.819336 5.371190 0.000000 0.000000 -1
0 24.937202 39.852386 0.082774 0.000000 1.000000 -1
0 24.937202 47.501579 0.082774 0.000000 0.833333 -1
0 20.933342 47.501579 15.025379 0.083333 0.833333 -1
0 20.933342 39.852386 15.025379 0.083333 1.000000 -1
0 9.345995 57.146080 0.082774 0.000000 0.666667 -1
0 7.430962 57.146080 7.229774 0.083333 0.666667 -1
0 9.345995 73.981560 0.082774 0.000000 0.500000 -1
0 7.430962 73.981560 7.229774 0.083333 0.500000 -1
0 24.937202 63.128658 0.082774 0.000000 0.333333 -1
0 20.933342 63.128658 20.888031 0.083333 0.333333 -1
0 24.937202 75.170128 0.082774 0.000000 0.166667 -1
0 20.933342 75.170128 8.906233 0.083333 0.166667 -1
0 3.173833 82.819336 5.371190 0.083333 0.000000 -1
0 9.994599 39.852386 25.964123 0.000000 0.000000 -1
0 -0.258860 82.819336 9.242579 0.000000 0.000000 -1
0 9.994599 39.852386 25.964123 0.166667 1.000000 -1
0 9.994599 47.501579 25.964123 0.166667 0.833333 -1
0 2.198994 57.146080 12.461740 0.166667 0.666667 -1
0 2.198994 73.981560 12.461740 0.166667 0.500000 -1
0 9.994599 63.128658 36.118538 0.166667 0.333333 -1
0 9.994599 75.170128 15.365452 0.166667 0.166667 -1
0 -0.258860 82.819336 9.242579 0.166667 0.000000 -1
0 -4.948006 39.852386 29.967987 0.000000 0.000000 -1
0 -4.948006 82.819336 10.659605 0.000000 0.000000 -1
0 -4.948006 47.501579 29.967987 0.250000 0.833333 -1
0 -4.948006 39.852386 29.967987 0.250000 1.000000 -1
0 -4.948006 57.146080 14.376776 0.250000 0.666667 -1
0 -4.948006 73.981560 14.376776 0.250000 0.500000 -1
0 -4.948006 63.128658 41.693287 0.250000 0.333333 -1
0 -4.948006 75.170128 17.729689 0.250000 0.166667 -1
0 -4.948006 82.819336 10.659605 0.250000 0.000000 -1
0 -19.890614 39.852386 25.964123 0.000000 0.000000 -1
0 -9.637155 82.819336 9.242579 0.000000 0.000000 -1
0 -19.890614 39.852386 25.964123 0.333333 1.000000 -1
0 -19.890614 47.501579 25.964123 0.333333 0.833333 -1
0 -12.095002 57.146080 12.461740 0.333333 0.666667 -1
0 -12.095002 73.981560 12.461740 0.333333 0.500000 -1
0 -19.890614 63.128658 36.118538 0.333333 0.333333 -1
0 -19.890614 75.170128 15.365452 0.333333 0.166667 -1
0 -9.637155 82.819336 9.242579 0.333333 0.000000 -1
0 -30.829353 39.852386 15.025379 0.000000 0.000000 -1
0 -13.069848 82.819336 5.371190 0.000000 0.000000 -1
0 -30.829353 47.501579 15.025379 0.416667 0.833333 -1
0 -30.829353 39.852386 15.025379 0.416667 1.000000 -1
0 -17.326977 57.146080 7.229774 0.416667 0.666667 -1
0 -17.326977 73.981560 7.229774 0.416667 0.500000 -1
0 -30.829353 63.128658 20.888031 0.416667 0.333333 -1
0 -30.829353 75.170128 8.906233 0.416667 0.166667 -1
0 -13.069848 82.819336 5.371190 0.416667 0.000000 -1
0 -34.833214 39.852386 0.082774 0.000000 0.000000 -1
0 -14.326301 82.819336 0.082774 0.000000 0.000000 -1
0 -34.833214 39.852386 0.082774 0.500000 1.000000 -1
0 -34.833214 47.501579 0.082774 0.500000 0.833333 -1
0 -19.242004 57.146080 0.082774 0.500000 0.666667 -1
0 -19.242004 73.981560 0.082774 0.500000 0.500000 -1
0 -34.833214 63.128658 0.082774 0.500000 0.333333 -1
0 -34.833214 75.170128 0.082774 0.500000 0.166667 -1
0 -14.326301 82.819336 0.082774 0.500000 0.000000 -1
0 -30.829353 39.852386 -14.859833 0.000000 0.000000 -1
0 -13.069848 82.819336 -5.205642 0.000000 0.000000 -1
0 -30.829353 47.501579 -14.859833 0.583333 0.833333 -1
0 -30.829353 39.852386 -14.859833 0.583333 1.000000 -1
0 -17.326977 57.146080 -7.064226 0.583333 0.666667 -1
0 -17.326977 73.981560 -7.064226 0.583333 0.500000 -1
0 -30.829353 63.128658 -20.722483 0.583333 0.333333 -1
0 -30.829353 75.170128 -8.740685 0.583333 0.166667 -1
0 -13.069848 82.819336 -5.205642 0.583333 0.000000 -1
0 -19.890614 39.852386 -25.798574 0.000000 0.000000 -1
0 -9.637155 82.819336 -9.077030 0.000000 0.000000 -1
0 -19.890614 39.852386 -25.798574 0.666667 1.000000 -1
0 -19.890614 47.501579 -25.798574 0.666667 0.833333 -1
0 -12.095002 57.146080 -12.296194 0.666667 0.666667 -1
0 -12.095002 73.981560 -12.296194 0.666667 0.500000 -1
0 -19.890614 63.128658 -35.952988 0.666667 0.333333 -1
0 -19.890614 75.170128 -15.199903 0.666667 0.166667 -1
0 -9.637155 82.819336 -9.077030 0.666667 0.000000 -1
0 -4.948006 39.852386 -29.802439 0.000000 0.000000 -1
0 -4.948006 82.819336 -10.494055 0.000000 0.000000 -1
0 -4.948006 47.501579 -29.802439 0.750000 0.833333 -1
0 -4.948006 39.852386 -29.802439 0.750000 1.000000 -1
0 -4.948006 57.146080 -14.211226 0.750000 0.666667 -1
0 -4.948006 73.981560 -14.211226 0.750000 0.500000 -1
0 -4.948006 63.128658 -41.527740 0.750000 0.333333 -1
0 -4.948006 75.170128 -17.564140 0.750000 0.166667 -1
0 -4.948006 82.819336 -10.494055 0.750000 0.000000 -1
0 9.994599 39.852386 -25.798574 0.000000 0.000000 -1
0 -0.258860 82.819336 -9.077030 0.000000 0.000000 -1
0 9.994599 39.852386 -25.798574 0.833333 1.000000 -1
0 9.994599 47.501579 -25.798574 0.833333 0.833333 -1
0 2.198994 57.146080 -12.296194 0.833333 0.666667 -1
0 2.198994 73.981560 -12.296194 0.833333 0.500000 -1
0 9.994599 63.128658 -35.952988 0.833333 0.333333 -1
0 9.994599 75.170128 -15.199903 0.833333 0.166667 -1
0 -0.258860 82.819336 -9.077030 0.833333 0.000000 -1
0 20.933342 39.852386 -14.859833 0.000000 0.000000 -1
0 3.173833 82.819336 -5.205642 0.000000 0.000000 -1
0 20.933342 47.501579 -14.859833 0.916667 0.833333 -1
0 20.933342 39.852386 -14.859833 0.916667 1.000000 -1
0 7.430962 57.146080 -7.064226 0.916667 0.666667 -1
0 7.430962 73.981560 -7.064226 0.916667 0.500000 -1
0 20.933342 63.128658 -20.722483 0.916667 0.333333 -1
0 20.933342 75.170128 -8.740685 0.916667 0.166667 -1
0 3.173833 82.819336 -5.205642 0.916667 0.000000 -1
0 24.937202 39.852386 0.082774 1.000000 1.000000 -1
0 24.937202 47.501579 0.082774 1.000000 0.833333 -1
0 9.345995 57.146080 0.082774 1.000000 0.666667 -1
0 9.345995 73.981560 0.082774 1.000000 0.500000 -1
0 24.937202 63.128658 0.082774 1.000000 0.333333 -1
0 24.937202 75.170128 0.082774 1.000000 0.166667 -1
0 4.430287 82.819336 0.082774 1.000000 0.000000 -1
92
0.000000 -1.000000 0.000000
0.000000 1.000000 0.000000
0.965926 0.000000 0.258819
0.847403 0.479949 0.227061
0.753555 0.492822 0.435065
0.866025 0.000000 0.500000
0.847403 0.479949 0.227061
0.753555 0.492822 0.435065
0.440186 -0.890126 0.117947
0.390257 -0.878040 0.277029
0.452227 -0.868287 0.203884
0.560259 -0.795185 0.231929
0.756165 0.557204 0.343129
0.593838 0.714153 0.370597
0.362243 0.923879 0.123401
0.355773 0.914671 0.191840
0.500000 0.000000 0.866025
0.435065 0.492822 0.753555
0.435065 0.492822 0.753555
0.258814 -0.850639 0.457635
0.333776 -0.637114 0.694751
0.195420 0.810176 0.552653
0.244493 0.786943 0.566520
0.000000 0.492822 0.870130
0.000000 0.000000 1.000000
-0.000000 0.492822 0.870130
-0.000000 -0.841452 0.540332
0.000000 -0.455178 0.890400
0.000000 0.797108 0.603837
0.000000 0.678761 0.734360
-0.500000 0.000000 0.866025
-0.435065 0.492822 0.753555
-0.435065 0.492822 0.753555
-0.258814 -0.850638 0.457635
-0.333776 -0.637114 0.694751
-0.195420 0.810176 0.552653
-0.244493 0.786943 0.566520
-0.753555 0.492822 0.435065
-0.866025 0.000000 0.500000
-0.753555 0.492822 0.435065
-0.390257 -0.878040 0.277029
-0.560259 -0.795185 0.231928
-0.593838 0.714153 0.370597
-0.355773 0.914671 0.191840
-1.000000 0.000000 0.000000
-0.870130 0.492822 0.000000
-0.870130 0.492822 0.000000
-0.443280 -0.896383 0.000000
-0.461929 -0.886917 -0.000000
-0.805041 0.593220 0.000000
-0.365033 0.930995 0.000000
-0.753555 0.492822 -0.435065
-0.866025 0.000000 -0.500000
-0.390257 -0.878040 -0.277029
-0.560259 -0.795185 -0.231929
-0.593838 0.714153 -0.370597
-0.355773 0.914671 -0.191840
-0.500000 0.000000 -0.866025
-0.435065 0.492822 -0.753555
-0.435065 0.492822 -0.753555
-0.258814 -0.850639 -0.457635
-0.333776 -0.637114 -0.694751
-0.195420 0.810176 -0.552653
-0.244493 0.786943 -0.566520
0.000000 0.492822 -0.870130
0.000000 0.000000 -1.000000
-0.000000 0.492822 -0.870130
-0.000000 -0.841452 -0.540332
0.000000 -0.455178 -0.890400
0.000000 0.797108 -0.603837
0.000000 0.678761 -0.734359
0.500000 0.000000 -0.866025
0.435065 0.492822 -0.753555
0.435065 0.492822 -0.753555
0.258814 -0.850639 -0.457635
0.333776 -0.637114 -0.694751
0.195420 0.810176 -0.552653
0.244493 0.786943 -0.566520
0.753555 0.492822 -0.435065
0.866025 0.000000 -0.500000
0.753555 0.492822 -0.435065
0.390257 -0.878040 -0.277029
0.560259 -0.795185 -0.231929
0.593837 0.714153 -0.370597
0.355773 0.914671 -0.191840
0.965926 0.000000 -0.258819
0.847403 0.479949 -0.227061
0.847403 0.479949 -0.227061
0.440186 -0.890126 -0.117947
0.452227 -0.868287 -0.203884
0.756165 0.557204 -0.343129
0.362243 0.923879 -0.123401
168
0 0 1 2 0 0 0 2
0 3 4 5 1 1 1 2
0 6 7 8 2 3 4 1
0 6 8 9 2 4 5 1
0 7 10 8 3 6 4 1
0 10 11 8 6 7 4 1
0 10 12 13 6 8 9 1
0 10 13 11 6 9 7 1
0 12 14 13 8 10 9 1
0 14 15 13 10 11 9 1
0 14 16 17 10 12 13 1
0 14 17 15 10 13 11 1
0 16 3 17 12 14 13 1
0 3 18 17 14 15 13 1
0 1 19 2 0 0 0 2
0 5 4 20 1 1 1 2
0 9 8 21 5 4 16 1
0 8 22 21 4 17 16 1
0 8 11 23 4 7 18 1
0 8 23 22 4 18 17 1
0 11 13 23 7 9 18 1
0 13 24 23 9 19 18 1
0 13 15 25 9 11 20 1
0 13 25 24 9 20 19 1
0 15 17 25 11 13 20 1
0 17 26 25 13 21 20 1
0 17 18 27 13 15 22 1
0 17 27 26 13 22 21 1
0 19 28 2 0 0 0 2
0 20 4 29 1 1 1 2
0 21 22 30 16 17 23 1
0 21 30 31 16 23 24 1
0 22 23 30 17 18 23 1
0 23 32 30 18 25 23 1
0 23 24 33 18 19 26 1
0 23 33 32 18 26 25 1
0 24 25 33 19 20 26 1
0 25 34 33 20 27 26 1
0 25 26 35 20 21 28 1
0 25 35 34 20 28 27 1
0 26 27 35 21 22 28 1
0 27 36 35 22 29 28 1
0 28 37 2 0 0 0 2
0 29 4 38 1 1 1 2
0 31 30 39 24 23 30 1
0 30 40 39 23 31 30 1
0 30 32 41 23 25 32 1
0 30 41 40 23 32 31 1
0 32 33 41 25 26 32 1
0 33 42 41 26 33 32 1
0 33 34 43 26 27 34 1
0 33 43 42 26 34 33 1
0 34 35 43 27 28 34 1
0 35 44 43 28 35 34 1
0 35 36 45 28 29 36 1
0 35 45 44 28 36 35 1
0 37 46 2 0 0 0 2
0 38 4 47 1 1 1 2
0 39 40 48 30 31 37 1
0 39 48 49 30 37 38 1
0 40 41 48 31 32 37 1
0 41 50 48 32 39 37 1
0 41 42 51 32 33 40 1
0 41 51 50 32 40 39 1
0 42 43 51 33 34 40 1
0 43 52 51 34 41 40 1
0 43 44 53 34 35 42 1
0 43 53 52 34 42 41 1
0 44 45 53 35 36 42 1
0 45 54 53 36 43 42 1
0 46 55 2 0 0 0 2
0 47 4 56 1 1 1 2
0 49 48 57 38 37 44 1
0 48 58 57 37 45 44 1
0 48 50 59 37 39 46 1
0 48 59 58 37 46 45 1
0 50 51 59 39 40 46 1
0 51 60 59 40 47 46 1
0 51 52 61 40 41 48 1
0 51 61 60 40 48 47 1
0 52 53 61 41 42 48 1
0 53 62 61 42 49 48 1
0 53 54 63 42 43 50 1
0 53 63 62 42 50 49 1
0 55 64 2 0 0 0 2
0 56 4 65 1 1 1 2
0 57 58 66 44 45 51 1
0 57 66 67 44 51 52 1
0 58 59 66 45 46 51 1
0 59 68 66 46 51 51 1
0 59 60 69 46 47 53 1
0 59 69 68 46 53 51 1
0 60 61 69 47 48 53 1
0 61 70 69 48 54 53 1
0 61 62 71 48 49 55 1
0 61 71 70 48 55 54 1
0 62 63 71 49 50 55 1
0 63 72 71 50 56 55 1
0 64 73 2 0 0 0 2
0 65 4 74 1 1 1 2
0 67 66 75 52 51 57 1
0 66 76 75 51 58 57 1
0 66 68 77 51 51 59 1
0 66 77 76 51 59 58 1
0 68 69 77 51 53 59 1
0 69 78 77 53 60 59 1
0 69 70 79 53 54 61 1
0 69 79 78 53 61 60 1
0 70 71 79 54 55 61 1
0 71 80 79 55 62 61 1
0 71 72 81 55 56 63 1
0 71 81 80 55 63 62 1
0 73 82 2 0 0 0 2
0 74 4 83 1 1 1 2
0 75 76 84 57 58 64 1
0 75 84 85 57 64 65 1
0 76 77 84 58 59 64 1
0 77 86 84 59 66 64 1
0 77 78 87 59 60 67 1
0 77 87 86 59 67 66 1
0 78 79 87 60 61 67 1
0 79 88 87 61 68 67 1
0 79 80 89 61 62 69 1
0 79 89 88 61 69 68 1
0 80 81 89 62 63 69 1
0 81 90 89 63 70 69 1
0 82 91 2 0 0 0 2
0 83 4 92 1 1 1 2
0 85 84 93 65 64 71 1
0 84 94 93 64 72 71 1
0 84 86 95 64 66 73 1
0 84 95 94 64 73 72 1
0 86 87 95 66 67 73 1
0 87 96 95 67 74 73 1
0 87 88 97 67 68 75 1
0 87 97 96 67 75 74 1
0 88 89 97 68 69 75 1
0 89 98 97 69 76 75 1
0 89 90 99 69 70 77 1
0 89 99 98 69 77 76 1
0 91 100 2 0 0 0 2
0 92 4 101 1 1 1 2
0 93 94 102 71 72 78 1
0 93 102 103 71 78 79 1
0 94 95 102 72 73 78 1
0 95 104 102 73 80 78 1
0 95 96 105 73 74 81 1
0 95 105 104 73 81 80 1
0 96 97 105 74 75 81 1
0 97 106 105 75 82 81 1
0 97 98 107 75 76 83 1
0 97 107 106 75 83 82 1
0 98 99 107 76 77 83 1
0 99 108 107 77 84 83 1
0 100 0 2 0 0 0 2
0 101 4 3 1 1 1 2
0 103 102 109 79 78 85 1
0 102 110 109 78 86 85 1
0 102 104 111 78 80 87 1
0 102 111 110 78 87 86 1
0 104 105 111 80 81 87 1
0 105 112 111 81 88 87 1
0 105 106 113 81 82 89 1
0 105 113 112 81 89 88 1
0 106 107 113 82 83 89 1
0 107 114 113 83 90 89 1
0 107 108 115 83 84 91 1
0 107 115 114 83 91 90 1
"Stick" 0 0
41
0 56.238930 65.972191 0.082774 0.000000 0.000000 -1
0 56.238930 63.410004 4.520592 0.000000 0.000000 -1
1 56.238930 60.847832 0.082774 0.000000 0.000000 -1
0 -0.860977 65.972191 0.082774 0.000000 0.000000 -1
0 -0.860977 60.847832 0.082774 0.000000 0.000000 -1
0 -0.860977 63.410004 4.520592 0.000000 0.000000 -1
0 56.238930 65.972191 0.082774 0.000000 1.000000 -1
0 39.971153 63.298786 0.082774 0.000000 0.666667 -1
0 56.238930 63.410004 4.520592 0.166667 1.000000 -1
0 39.971153 62.073311 2.205369 0.166667 0.666667 -1
0 15.406805 63.298786 0.082774 0.000000 0.333333 -1
0 15.406805 62.073311 2.205369 0.166667 0.333333 -1
0 -0.860977 63.410004 4.520592 0.166667 0.000000 -1
0 56.238930 58.285656 4.520592 0.000000 0.000000 -1
0 -0.860977 58.285656 4.520592 0.000000 0.000000 -1
0 39.971153 59.622353 2.205369 0.333333 0.666667 -1
0 56.238930 58.285656 4.520592 0.333333 1.000000 -1
0 15.406805 59.622353 2.205369 0.333333 0.333333 -1
0 -0.860977 58.285656 4.520592 0.333333 0.000000 -1
0 56.238930 55.723476 0.082774 0.000000 0.000000 -1
0 -0.860977 55.723476 0.082774 0.000000 0.000000 -1
0 56.238930 55.723476 0.082774 0.500000 1.000000 -1
0 39.971153 58.396873 0.082774 0.500000 0.666667 -1
0 15.406805 58.396873 0.082774 0.500000 0.333333 -1
0 -0.860977 55.723476 0.082774 0.500000 0.000000 -1
0 56.238930 58.285656 -4.355044 0.000000 0.000000 -1
0 -0.860977 58.285656 -4.355044 0.000000 0.000000 -1
0 39.971153 59.622353 -2.039820 0.666667 0.666667 -1
0 56.238930 58.285656 -4.355044 0.666667 1.000000 -1
0 15.406805 59.622353 -2.039820 0.666667 0.333333 -1
0 -0.860977 58.285656 -4.355044 0.666667 0.000000 -1
0 56.238930 63.410004 -4.355044 0.000000 0.000000 -1
0 -0.860977 63.410004 -4.355044 0.000000 0.000000 -1
0 56.238930 63.410004 -4.355044 0.833333 1.000000 -1
0 39.971153 62.073311 -2.039820 0.833333 0.666667 -1
0 15.406805 62.073311 -2.039820 0.833333 0.333333 -1
0 -0.860977 63.410004 -4.355044 0.833333 0.000000 -1
0 39.971153 63.298786 0.082774 1.000000 0.666667 -1
0 56.238930 65.972191 0.082774 1.000000 1.000000 -1
0 15.406805 63.298786 0.082774 1.000000 0.333333 -1
0 -0.860977 65.972191 0.082774 1.000000 0.000000 -1
30
1.000000 0.000000 0.000000
-1.000000 0.000000 0.000000
-0.140900 0.857385 0.495014
-0.070626 0.863863 0.498751
-0.162161 0.493382 0.854563
-0.081484 0.498338 0.863145
0.070627 0.863864 0.498750
0.081485 0.498338 0.863145
0.140900 0.857386 0.495012
0.162161 0.493381 0.854563
-0.081485 -0.498337 0.863145
-0.162161 -0.493382 0.854563
0.081484 -0.498338 0.863145
0.162161 -0.493382 0.854563
-0.162162 -0.986764 0.000000
-0.081485 -0.996675 0.000000
0.081485 -0.996675 -0.000000
0.162162 -0.986764 0.000000
-0.081485 -0.498337 -0.863145
-0.162161 -0.493382 -0.854563
0.081484 -0.498338 -0.863145
0.162161 -0.493382 -0.854563
-0.162162 0.493382 -0.854563
-0.081484 0.498338 -0.863145
0.081485 0.498338 -0.863145
0.162161 0.493381 -0.854563
-0.070626 0.863863 -0.498751
-0.140900 0.857385 -0.495014
0.070627 0.863864 -0.498750
0.140900 0.857386 -0.495012
48
0 0 1 2 0 0 0 2
0 3 4 5 1 1 1 2
0 6 7 8 2 3 4 1
0 7 9 8 3 5 4 1
0 7 10 11 3 6 7 1
0 7 11 9 3 7 5 1
0 10 3 11 6 8 7 1
0 3 12 11 8 9 7 1
0 1 13 2 0 0 0 2
0 5 4 14 1 1 1 2
0 8 9 15 4 5 10 1
0 8 15 16 4 10 11 1
0 9 11 15 5 7 10 1
0 11 17 15 7 12 10 1
0 11 12 18 7 9 13 1
0 11 18 17 7 13 12 1
0 13 19 2 0 0 0 2
0 14 4 20 1 1 1 2
0 16 15 21 11 10 14 1
0 15 22 21 10 15 14 1
0 15 17 23 10 12 16 1
0 15 23 22 10 16 15 1
0 17 18 23 12 13 16 1
0 18 24 23 13 17 16 1
0 19 25 2 0 0 0 2
0 20 4 26 1 1 1 2
0 21 22 27 14 15 18 1
0 21 27 28 14 18 19 1
0 22 23 27 15 16 18 1
0 23 29 27 16 20 18 1
0 23 24 30 16 17 21 1
0 23 30 29 16 21 20 1
0 25 31 2 0 0 0 2
0 26 4 32 1 1 1 2
0 28 27 33 19 18 22 1
0 27 34 33 18 23 22 1
0 27 29 35 18 20 24 1
0 27 35 34 18 24 23 1
0 29 30 35 20 21 24 1
0 30 36 35 21 25 24 1
0 31 0 2 0 0 0 2
0 32 4 3 1 1 1 2
0 33 34 37 22 23 26 1
0 33 37 38 22 26 27 1
0 34 35 37 23 24 26 1
0 35 39 37 24 28 26 1
0 35 36 40 24 25 29 1
0 35 40 39 24 29 28 1

Materials: 1
"Material01"
0.200000 0.200000 0.200000 1.000000
0.800000 0.800000 0.800000 1.000000
0.000000 0.000000 0.000000 1.000000
0.000000 0.000000 0.000000 1.000000
0.000000
1.000000
"E4Root.tga"
""

Bones: 0
GroupComments: 0
MaterialComments: 0
BoneComments: 0
ModelComment: 0
