// MilkShape 3D ASCII

Frames: 15
Frame: 1

Meshes: 1
"Body" 0 0
66
0 -5.000000 26.000000 -0.000000 0.500000 0.514824 -1
0 24.010246 21.000000 32.275036 0.715167 0.306305 -1
0 -5.000001 26.000000 37.268002 0.748453 0.514824 -1
0 15.877469 44.000000 23.528498 0.656857 0.364761 -1
0 -5.000000 49.000000 -0.000000 0.500000 0.514824 -1
0 -5.000001 49.000000 27.168369 0.681122 0.514824 -1
0 -5.000001 33.666668 45.094284 0.800629 0.514824 -1
0 30.312399 28.666668 39.052795 0.760352 0.261006 -1
0 30.312399 36.333332 39.052795 0.760352 0.261006 -1
0 -5.000001 41.333332 45.094284 0.800629 0.514824 -1
0 45.979271 21.000000 18.634003 0.624227 0.148396 -1
0 31.892883 44.000000 13.584186 0.590561 0.249646 -1
0 56.894920 28.666668 22.547144 0.650314 0.069936 -1
0 56.894920 36.333332 22.547144 0.650314 0.069936 -1
0 54.020496 21.000000 0.000002 0.500000 0.090597 -1
0 37.754940 44.000000 0.000002 0.500000 0.207511 -1
0 66.624802 28.666668 0.000003 0.500000 0.000000 -1
0 66.624802 36.333332 0.000003 0.500000 0.000000 -1
0 45.979271 21.000000 -18.633999 0.375773 0.148396 -1
0 31.892883 44.000000 -13.584184 0.409439 0.249646 -1
0 56.894920 28.666668 -22.547140 0.349686 0.069936 -1
0 56.894920 36.333332 -22.547140 0.349686 0.069936 -1
0 24.010250 21.000000 -32.275036 0.284833 0.306305 -1
0 15.877471 44.000000 -23.528498 0.343143 0.364761 -1
0 30.312403 28.666668 -39.052795 0.239648 0.261006 -1
0 30.312403 36.333332 -39.052795 0.239648 0.261006 -1
0 -4.999998 26.000000 -37.268002 0.251547 0.514824 -1
0 -4.999999 49.000000 -27.168369 0.318878 0.514824 -1
0 -4.999998 33.666668 -45.094284 0.199371 0.514824 -1
0 -4.999998 41.333332 -45.094284 0.199371 0.514824 -1
0 -35.010246 26.000000 -32.275036 0.284833 0.730532 -1
0 -26.877466 49.000000 -23.528500 0.343143 0.672075 -1
0 -41.312401 33.666668 -39.052795 0.239648 0.775830 -1
0 -41.312401 41.333332 -39.052795 0.239648 0.775830 -1
0 -45.979271 32.000000 -18.634003 0.375773 0.809375 -1
0 -31.892883 55.000000 -13.584186 0.409439 0.708125 -1
0 -56.894920 39.666668 -22.547144 0.349686 0.887834 -1
0 -56.894920 47.333328 -22.547144 0.349686 0.887834 -1
0 -54.020493 32.000000 -0.000002 0.500000 0.867173 -1
0 -37.754940 55.000000 -0.000002 0.500000 0.750260 -1
0 -66.624802 39.666668 -0.000003 0.500000 0.957770 -1
0 -66.624802 47.333328 -0.000003 0.500000 0.957770 -1
0 -45.979271 32.000000 18.633999 0.624227 0.809375 -1
0 -31.892883 55.000000 13.584184 0.590561 0.708125 -1
0 -56.894920 39.666668 22.547140 0.650314 0.887834 -1
0 -56.894920 47.333328 22.547140 0.650314 0.887834 -1
0 -35.010246 26.000000 32.275036 0.715167 0.730532 -1
0 -26.877470 49.000000 23.528496 0.656857 0.672075 -1
0 -41.312401 33.666668 39.052795 0.760352 0.775830 -1
0 -41.312401 41.333332 39.052795 0.760352 0.775830 -1
0 -37.523819 45.501575 -30.096701 0.299355 0.748599 -1
0 -28.016230 40.498425 -38.962685 0.240249 0.680260 -1
0 -28.016230 45.501575 -38.962685 0.240249 0.680260 -1
0 -37.523819 40.498425 -30.096701 0.299355 0.748599 -1
0 -28.016233 45.501575 38.962685 0.759751 0.680260 -1
0 -28.016233 40.498425 38.962685 0.759751 0.680260 -1
0 -37.523819 45.501575 30.096697 0.700645 0.748599 -1
0 -37.523819 40.498425 30.096697 0.700645 0.748599 -1
0 40.523819 33.501575 28.096701 0.687311 0.187608 -1
0 31.016230 28.498425 36.962685 0.746418 0.255947 -1
0 31.016230 33.501575 36.962685 0.746418 0.255947 -1
0 40.523819 28.498425 28.096701 0.687311 0.187608 -1
0 31.016233 33.501575 -36.962685 0.253582 0.255947 -1
0 31.016233 28.498425 -36.962685 0.253582 0.255947 -1
0 40.523819 33.501575 -28.096697 0.312689 0.187608 -1
0 40.523819 28.498425 -28.096697 0.312689 0.187608 -1
78
-0.113720 -0.993513 0.000000
-0.115896 -0.992027 -0.049510
-0.085234 -0.996361 0.000000
0.159261 0.984893 0.067981
0.166178 0.986096 0.000000
0.117262 0.993101 0.000000
0.180264 -0.742965 0.644599
-0.026545 -0.383119 0.923317
-0.059258 -0.713098 0.698555
0.296490 -0.400268 0.867109
0.340118 0.571174 0.747047
0.040285 0.551304 0.833332
0.082754 0.932188 0.352387
0.223154 0.940326 0.256885
-0.072878 -0.995046 -0.067616
0.100104 0.990643 0.092762
0.665790 -0.463937 0.584368
0.431340 -0.813372 0.390349
0.599313 0.604328 0.524987
0.219846 0.954194 0.202935
-0.084414 -0.996431 0.000000
0.116154 0.993231 0.000000
0.519674 -0.854365 0.000000
0.863180 -0.504897 0.000000
0.773736 0.633509 0.000000
0.256664 0.966501 0.000000
-0.072878 -0.995046 0.067616
0.100104 0.990643 -0.092762
0.665790 -0.463937 -0.584368
0.431340 -0.813372 -0.390349
0.599313 0.604328 -0.524987
0.219846 0.954194 -0.202935
-0.115896 -0.992027 0.049510
0.159261 0.984893 -0.067981
0.180264 -0.742965 -0.644599
0.296490 -0.400268 -0.867109
0.340118 0.571174 -0.747047
0.223154 0.940326 -0.256885
-0.085234 -0.996361 -0.000000
0.117262 0.993101 0.000000
-0.026545 -0.383119 -0.923318
-0.059258 -0.713098 -0.698555
0.040285 0.551304 -0.833332
0.082754 0.932188 -0.352387
-0.121534 -0.986134 0.113005
0.188776 0.966206 -0.175529
-0.369312 -0.801057 -0.471081
-0.467431 -0.424869 -0.775238
-0.301804 0.552531 -0.776932
0.000529 0.896427 -0.443192
-0.182621 -0.979392 0.086257
0.280056 0.950500 -0.134605
-0.778232 -0.462853 -0.424408
-0.531677 -0.833557 -0.150008
-0.633177 0.581451 -0.510882
-0.144054 0.944849 -0.294123
-0.121491 -0.992593 0.000000
0.180180 0.983634 0.000000
-0.519674 -0.854365 -0.000000
-0.863180 -0.504897 -0.000000
-0.773736 0.633509 -0.000000
-0.256664 0.966501 -0.000000
-0.182621 -0.979392 -0.086257
0.280056 0.950500 0.134605
-0.778232 -0.462853 0.424408
-0.531677 -0.833557 0.150008
-0.633178 0.581451 0.510882
-0.144054 0.944849 0.294123
-0.121534 -0.986134 -0.113005
0.188776 0.966206 0.175529
-0.369312 -0.801057 0.471080
-0.467431 -0.424869 0.775238
-0.301804 0.552531 0.776932
0.000529 0.896427 0.443192
0.681999 0.000000 0.731353
0.681999 0.000000 -0.731353
-0.681999 0.000000 -0.731353
-0.681999 0.000000 0.731353
104
0 0 1 2 0 1 2 2
0 3 4 5 3 4 5 2
0 1 6 2 6 7 8 1
0 1 7 6 6 9 7 1
0 8 9 6 10 11 7 1
0 7 8 6 9 10 7 1
0 8 5 9 10 12 11 1
0 8 3 5 10 13 12 1
0 0 10 1 0 14 1 2
0 11 4 3 15 4 3 2
0 12 7 1 16 9 6 1
0 10 12 1 17 16 6 1
0 12 8 7 16 10 9 1
0 12 13 8 16 18 10 1
0 11 3 8 19 13 10 1
0 13 11 8 18 19 10 1
0 0 14 10 0 20 14 2
0 15 4 11 21 4 15 2
0 14 12 10 22 16 17 1
0 14 16 12 22 23 16 1
0 17 13 12 24 18 16 1
0 16 17 12 23 24 16 1
0 17 11 13 24 19 18 1
0 17 15 11 24 25 19 1
0 0 18 14 0 26 20 2
0 19 4 15 27 4 21 2
0 20 16 14 28 23 22 1
0 18 20 14 29 28 22 1
0 20 17 16 28 24 23 1
0 20 21 17 28 30 24 1
0 19 15 17 31 25 24 1
0 21 19 17 30 31 24 1
0 0 22 18 0 32 26 2
0 23 4 19 33 4 27 2
0 22 20 18 34 28 29 1
0 22 24 20 34 35 28 1
0 25 21 20 36 30 28 1
0 24 25 20 35 36 28 1
0 25 19 21 36 31 30 1
0 25 23 19 36 37 31 1
0 0 26 22 0 38 32 2
0 27 4 23 39 4 33 2
0 28 24 22 40 35 34 1
0 26 28 22 41 40 34 1
0 28 25 24 40 36 35 1
0 28 29 25 40 42 36 1
0 27 23 25 43 37 36 1
0 29 27 25 42 43 36 1
0 0 30 26 0 44 38 2
0 31 4 27 45 4 39 2
0 30 28 26 46 40 41 1
0 30 32 28 46 47 40 1
0 33 29 28 48 42 40 1
0 32 33 28 47 48 40 1
0 33 27 29 48 43 42 1
0 33 31 27 48 49 43 1
0 0 34 30 0 50 44 2
0 35 4 31 51 4 45 2
0 36 32 30 52 47 46 1
0 34 36 30 53 52 46 1
0 36 33 32 52 48 47 1
0 36 37 33 52 54 48 1
0 35 31 33 55 49 48 1
0 37 35 33 54 55 48 1
0 0 38 34 0 56 50 2
0 39 4 35 57 4 51 2
0 38 36 34 58 52 53 1
0 38 40 36 58 59 52 1
0 41 37 36 60 54 52 1
0 40 41 36 59 60 52 1
0 41 35 37 60 55 54 1
0 41 39 35 60 61 55 1
0 0 42 38 0 62 56 2
0 43 4 39 63 4 57 2
0 44 40 38 64 59 58 1
0 42 44 38 65 64 58 1
0 44 41 40 64 60 59 1
0 44 45 41 64 66 60 1
0 43 39 41 67 61 60 1
0 45 43 41 66 67 60 1
0 0 46 42 0 68 62 2
0 47 4 43 69 4 63 2
0 46 44 42 70 64 65 1
0 46 48 44 70 71 64 1
0 49 45 44 72 66 64 1
0 48 49 44 71 72 64 1
0 49 43 45 72 67 66 1
0 49 47 43 72 73 67 1
0 0 2 46 0 2 68 2
0 5 4 47 5 4 69 2
0 6 48 46 7 71 70 1
0 2 6 46 8 7 70 1
0 6 49 48 7 72 71 1
0 6 9 49 7 11 72 1
0 5 47 49 12 73 72 1
0 9 5 49 11 12 72 1
0 50 51 52 74 74 74 1
0 50 53 51 74 74 74 1
0 54 55 56 75 75 75 1
0 55 57 56 75 75 75 1
0 58 59 60 76 76 76 1
0 58 61 59 76 76 76 1
0 62 63 64 77 77 77 1
0 63 65 64 77 77 77 1

Materials: 1
"Material01"
0.200000 0.200000 0.200000 1.000000
0.800000 0.800000 0.800000 1.000000
0.000000 0.000000 0.000000 1.000000
0.000000 0.000000 0.000000 1.000000
0.000000
1.000000
"E4Root.tga"
""

Bones: 0
GroupComments: 0
MaterialComments: 0
BoneComments: 0
ModelComment: 0
