// MilkShape 3D ASCII

Frames: 15
Frame: 1

Meshes: 1
"Create Face" 0 -1
12
32 -6.000000 0.000000 -45.500000 0.000000 0.000000 -1
32 -40.500000 0.000000 -41.000000 0.000000 0.000000 -1
32 -57.000000 0.000000 -23.000000 0.000000 0.000000 -1
32 33.500000 0.000000 -40.000000 0.000000 0.000000 -1
32 57.000000 0.000000 -23.500000 0.000000 0.000000 -1
32 -67.500000 0.000000 -1.000000 0.000000 0.000000 -1
32 65.500000 0.000000 -1.000000 0.000000 0.000000 -1
32 -57.000000 0.000000 20.500000 0.000000 0.000000 -1
32 55.500000 0.000000 22.000000 0.000000 0.000000 -1
32 -42.000000 0.000000 38.000000 0.000000 0.000000 -1
32 -3.000000 0.000000 45.500000 0.000000 0.000000 -1
32 29.000000 0.000000 39.500000 0.000000 0.000000 -1
1
0.000000 1.000000 0.000000
10
0 0 1 2 0 0 0 1
0 0 2 3 0 0 0 1
0 2 4 3 0 0 0 1
0 2 5 4 0 0 0 1
0 5 6 4 0 0 0 1
0 5 7 6 0 0 0 1
0 7 8 6 0 0 0 1
0 7 9 8 0 0 0 1
0 9 10 8 0 0 0 1
0 10 11 8 0 0 0 1

Materials: 0

Bones: 0
GroupComments: 0
MaterialComments: 0
BoneComments: 0
ModelComment: 0
