// MilkShape 3D ASCII

Frames: 30
Frame: 1

Meshes: 1
"GeoSphere01" 0 0
42
1 -54.200989 2.899032 4.536805 0.237134 0.500000 -1
1 -54.200989 -0.009805 5.333334 0.500000 0.500000 -1
0 -28.295277 1.699966 4.314758 0.345491 0.250001 -1
0 5.548706 -0.009806 2.803900 0.500000 0.074674 -1
0 -28.295277 -1.719577 4.314758 0.654508 0.250001 -1
1 -54.200989 -2.918643 4.536805 0.762866 0.500000 -1
1 -40.756027 3.466436 2.666667 0.095491 0.345492 -1
0 -20.014591 4.696791 0.000000 0.074675 0.237135 -1
0 -7.849579 2.756662 1.648091 0.250000 0.095491 -1
0 -7.849579 2.756662 -1.648091 0.250000 0.095491 -1
0 5.548706 -0.009806 -2.803900 0.500000 0.074674 -1
0 9.610931 -0.009806 0.000000 0.500000 0.000000 -1
0 -7.849579 -2.776275 1.648091 0.750000 0.095491 -1
0 -7.849579 -2.776275 -1.648091 0.750000 0.095491 -1
0 -20.014591 -4.716406 0.000000 0.925326 0.237135 -1
1 -40.756027 -5.486048 2.666667 0.904509 0.345492 -1
1 -54.200989 -5.542743 0.000000 1.000000 0.500000 -1
1 -128.387390 -4.716405 0.000000 0.925326 0.762866 -1
1 -58.646240 -4.486047 2.666667 0.904509 0.654509 -1
1 -40.756027 -5.486048 -2.666667 0.904509 0.345492 -1
1 -54.200989 -2.918643 -4.536805 0.762866 0.500000 -1
1 -58.646240 -4.486047 -2.666667 0.904509 0.654509 -1
0 -28.295277 -1.719577 -4.314758 0.654508 0.250001 -1
0 -28.295277 1.699966 -4.314758 0.345491 0.250001 -1
1 -54.200989 2.899032 -4.536805 0.237134 0.500000 -1
1 -54.200989 -0.009805 -5.333334 0.500000 0.500000 -1
1 -120.106812 1.699967 -4.314758 0.345491 0.750000 -1
1 -115.950317 -0.009805 -2.803900 0.500000 0.925326 -1
1 -120.106812 -1.719576 -4.314758 0.654508 0.750000 -1
1 -125.552124 -2.776274 -1.648091 0.750000 0.904509 -1
1 -131.012512 -0.009805 0.000000 0.500000 1.000000 -1
1 -115.950317 -0.009805 2.803900 0.500000 0.925326 -1
1 -125.552124 -2.776274 1.648091 0.750000 0.904509 -1
1 -125.552124 2.756663 -1.648091 0.250000 0.904509 -1
1 -128.387390 4.696791 0.000000 0.074675 0.762866 -1
1 -125.552124 2.756663 1.648091 0.250000 0.904509 -1
1 -58.646240 4.466437 2.666667 0.095491 0.654509 -1
1 -120.106812 1.699967 4.314758 0.345491 0.750000 -1
1 -120.106812 -1.719576 4.314758 0.654508 0.750000 -1
1 -54.200989 5.523130 0.000000 0.000000 0.500000 -1
1 -40.756027 3.466436 -2.666667 0.095491 0.345492 -1
1 -58.646240 4.466437 -2.666667 0.095491 0.654509 -1
42
0.018011 0.616260 0.787337
0.008315 0.000000 0.999965
0.045348 0.460821 0.886334
0.171143 0.000000 0.985246
0.047630 -0.343936 0.937784
-0.002821 -0.510768 0.859714
0.038628 0.827699 0.559841
0.064265 0.997933 0.000000
0.111065 0.910639 0.397996
0.111065 0.910639 -0.397996
0.171143 0.000000 -0.985246
1.000000 0.000000 0.000000
0.128265 -0.907240 0.400579
0.128265 -0.907240 -0.400579
0.079249 -0.996855 0.000000
0.021999 -0.841498 0.539811
-0.013788 -0.999905 -0.000000
-0.269408 -0.963026 0.000000
-0.030303 -0.835803 0.548192
0.021999 -0.841498 -0.539811
-0.002821 -0.510768 -0.859714
-0.030303 -0.835803 -0.548192
0.047630 -0.343936 -0.937784
0.045348 0.460821 -0.886334
0.018011 0.616260 -0.787337
0.008315 0.000000 -0.999965
-0.267125 0.375797 -0.887368
-0.664348 0.000000 -0.747423
-0.267125 -0.375796 -0.887368
-0.535859 -0.156561 -0.829665
-1.000000 -0.000000 0.000000
-0.664348 0.000000 0.747423
-0.535859 -0.156561 0.829665
-0.535859 0.156561 -0.829665
-0.269408 0.963026 0.000000
-0.535859 0.156561 0.829665
0.002057 0.836010 0.548711
-0.267125 0.375797 0.887368
-0.267125 -0.375796 0.887368
0.022454 0.999748 0.000000
0.038628 0.827699 -0.559841
0.002057 0.836010 -0.548711
80
0 0 1 2 0 1 2 1
0 3 2 4 3 2 4 1
0 5 4 1 5 4 1 1
0 2 1 4 2 1 4 1
0 0 2 6 0 2 6 1
0 7 6 8 7 6 8 1
0 3 8 2 3 8 2 1
0 6 2 8 6 2 8 1
0 7 8 9 7 8 9 1
0 10 9 11 10 9 11 1
0 3 11 8 3 11 8 1
0 9 8 11 9 8 11 1
0 3 12 11 3 12 11 1
0 10 11 13 10 11 13 1
0 14 13 12 14 13 12 1
0 11 12 13 11 12 13 1
0 3 4 12 3 4 12 1
0 14 12 15 14 12 15 1
0 5 15 4 5 15 4 1
0 12 4 15 12 4 15 1
0 14 15 16 14 15 16 1
0 17 16 18 17 16 18 1
0 5 18 15 5 18 15 1
0 16 15 18 16 15 18 1
0 14 16 19 14 16 19 1
0 20 19 21 20 19 21 1
0 17 21 16 17 21 16 1
0 19 16 21 19 16 21 1
0 10 13 22 10 13 22 1
0 20 22 19 20 22 19 1
0 14 19 13 14 19 13 1
0 22 13 19 22 13 19 1
0 10 22 23 10 22 23 1
0 24 23 25 24 23 25 1
0 20 25 22 20 25 22 1
0 23 22 25 23 22 25 1
0 24 25 26 24 25 26 1
0 27 26 28 27 26 28 1
0 20 28 25 20 28 25 1
0 26 25 28 26 25 28 1
0 27 28 29 27 28 29 1
0 17 29 21 17 29 21 1
0 20 21 28 20 21 28 1
0 29 28 21 29 28 21 1
0 27 29 30 27 29 30 1
0 31 30 32 31 30 32 1
0 17 32 29 17 32 29 1
0 30 29 32 30 29 32 1
0 27 30 33 27 30 33 1
0 34 33 35 34 33 35 1
0 31 35 30 31 35 30 1
0 33 30 35 33 30 35 1
0 34 35 36 34 35 36 1
0 0 36 37 0 36 37 1
0 31 37 35 31 37 35 1
0 36 35 37 36 35 37 1
0 0 37 1 0 37 1 1
0 5 1 38 5 1 38 1
0 31 38 37 31 38 37 1
0 1 37 38 1 37 38 1
0 31 32 38 31 32 38 1
0 5 38 18 5 38 18 1
0 17 18 32 17 18 32 1
0 38 32 18 38 32 18 1
0 7 39 6 7 39 6 1
0 0 6 36 0 6 36 1
0 34 36 39 34 36 39 1
0 6 39 36 6 39 36 1
0 7 40 39 7 40 39 1
0 34 39 41 34 39 41 1
0 24 41 40 24 41 40 1
0 39 40 41 39 40 41 1
0 7 9 40 7 9 40 1
0 24 40 23 24 40 23 1
0 10 23 9 10 23 9 1
0 40 9 23 40 9 23 1
0 27 33 26 27 33 26 1
0 24 26 41 24 26 41 1
0 34 41 33 34 41 33 1
0 26 33 41 26 33 41 1

Materials: 1
"Material02"
0.847059 0.984314 0.996078 1.000000
0.443137 1.000000 0.917647 1.000000
0.011765 0.611765 0.596078 1.000000
0.000000 0.000000 0.000000 1.000000
0.000000
1.000000
"NormalBombET1.tga"
""

Bones: 0
GroupComments: 0
MaterialComments: 0
BoneComments: 0
ModelComment: 0
