// MilkShape 3D ASCII

Frames: 30
Frame: 1

Meshes: 2
"2_Tree" 0 0
9
0 -18.195604 9.291669 12.416665 0.000000 0.000000 -1
0 -18.195604 5.000001 12.416665 0.000000 0.500000 -1
0 -7.708333 5.000001 11.416665 0.500000 0.500000 -1
0 -7.708333 9.291669 11.416665 0.500000 0.000000 -1
0 2.000000 -0.291666 12.416665 1.000000 1.000000 -1
0 -7.708333 -0.291666 11.416665 0.500000 1.000000 -1
0 -18.195604 -0.291666 12.416665 0.000000 1.000000 -1
0 2.000000 9.291669 12.416665 1.000000 0.000000 -1
0 2.000000 5.000001 12.416665 1.000000 0.500000 -1
6
0.094923 0.000000 0.995485
-0.003788 0.000000 0.999993
-0.036827 0.000000 0.999322
-0.102462 0.000000 0.994737
0.029255 0.000000 0.999572
-0.102462 0.000000 0.994737
8
0 0 1 2 0 0 1 1
0 0 2 3 0 1 2 1
0 4 2 5 3 1 4 1
0 6 5 1 0 4 0 1
0 1 5 2 0 4 1 1
0 7 3 8 5 2 3 1
0 4 8 2 3 3 1 1
0 2 8 3 1 3 2 1
"Duplicate02" 0 0
9
0 -2.271927 9.291669 12.416665 0.000000 0.000000 -1
0 -2.271927 5.000001 12.416665 0.000000 0.500000 -1
0 9.712722 5.000001 11.416665 0.500000 0.500000 -1
0 9.712722 9.291669 11.416665 0.500000 0.000000 -1
1 17.601330 -0.291666 12.416665 1.000000 1.000000 -1
0 9.712722 -0.291666 11.416665 0.500000 1.000000 -1
0 -2.271927 -0.291666 12.416665 0.000000 1.000000 -1
1 17.601330 9.291669 12.416665 1.000000 0.000000 -1
1 17.601330 5.000001 12.416665 1.000000 0.500000 -1
5
0.083151 0.000000 0.996537
-0.021421 0.000000 0.999771
-0.056396 0.000000 0.998408
-0.125759 0.000000 0.992061
0.013581 0.000000 0.999908
8
0 0 1 2 0 0 1 1
0 0 2 3 0 1 2 1
0 4 2 5 3 1 4 1
0 6 5 1 0 4 0 1
0 1 5 2 0 4 1 1
0 7 3 8 3 2 3 1
0 4 8 2 3 3 1 1
0 2 8 3 1 3 2 1

Materials: 1
"Tree"
0.200000 0.200000 0.200000 1.000000
0.800000 0.800000 0.800000 1.000000
0.000000 0.000000 0.000000 1.000000
0.000000 0.000000 0.000000 1.000000
0.000000
1.000000
"..\Image\fence06.tga"
""

Bones: 0
GroupComments: 0
MaterialComments: 0
BoneComments: 0
ModelComment: 0
