// MilkShape 3D ASCII

Frames: 1
Frame: 1

Meshes: 1
"Regroup01" 1 0
36
1 -1.000000 1.000000 0.000000 0.000000 0.000000 -1
1 -1.000000 -1.000000 0.000000 0.000000 1.000000 -1
1 1.000000 -1.000000 0.000000 1.000000 1.000000 -1
1 1.000000 1.000000 0.000000 1.000000 0.000000 -1
1 -0.800000 0.800000 0.157143 0.000000 0.000000 -1
1 -0.800000 -0.800000 0.157143 0.000000 1.000000 -1
1 0.800000 -0.800000 0.157143 1.000000 1.000000 -1
1 0.800000 0.800000 0.157143 1.000000 0.000000 -1
1 -0.640000 0.640000 0.304762 0.000000 0.000000 -1
1 -0.640000 -0.640000 0.304762 0.000000 1.000000 -1
1 0.640000 -0.640000 0.304762 1.000000 1.000000 -1
1 0.640000 0.640000 0.304762 1.000000 0.000000 -1
1 -0.512046 0.512000 0.542856 0.000000 0.000000 -1
1 -0.512046 -0.512000 0.542856 0.000000 1.000000 -1
1 0.512046 -0.512000 0.542856 1.000000 1.000000 -1
1 0.512046 0.512000 0.542856 1.000000 0.000000 -1
1 -0.409637 0.409600 0.761904 0.000000 0.000000 -1
1 -0.409637 -0.409600 0.761904 0.000000 1.000000 -1
1 0.409637 -0.409600 0.761904 1.000000 1.000000 -1
1 0.409637 0.409600 0.761904 1.000000 0.000000 -1
1 0.800000 -0.800000 -0.157143 1.000000 1.000000 -1
1 -0.800000 -0.800000 -0.157143 0.000000 1.000000 -1
1 -0.800000 0.800000 -0.157143 0.000000 0.000000 -1
1 0.800000 0.800000 -0.157143 1.000000 0.000000 -1
1 0.640000 -0.640000 -0.304762 1.000000 1.000000 -1
1 -0.640000 -0.640000 -0.304762 0.000000 1.000000 -1
1 -0.640000 0.640000 -0.304762 0.000000 0.000000 -1
1 0.640000 0.640000 -0.304762 1.000000 0.000000 -1
1 0.512046 -0.512000 -0.542856 1.000000 1.000000 -1
1 -0.512046 -0.512000 -0.542856 0.000000 1.000000 -1
1 -0.512046 0.512000 -0.542856 0.000000 0.000000 -1
1 0.512046 0.512000 -0.542856 1.000000 0.000000 -1
1 0.409637 -0.409600 -0.761904 1.000000 1.000000 -1
1 -0.409637 -0.409600 -0.761904 0.000000 1.000000 -1
1 -0.409637 0.409600 -0.761904 0.000000 0.000000 -1
1 0.409637 0.409600 -0.761904 1.000000 0.000000 -1
2
0.000000 0.000000 1.000000
0.000000 0.000000 -1.000000
34
1 0 1 2 0 0 0 1
1 0 2 3 0 0 0 1
1 4 5 6 0 0 0 1
1 4 6 7 0 0 0 1
1 8 9 10 0 0 0 1
1 8 10 11 0 0 0 1
1 12 13 14 0 0 0 1
1 12 14 15 0 0 0 1
1 16 17 18 0 0 0 1
1 16 18 19 0 0 0 1
1 4 5 6 0 0 0 1
1 4 6 7 0 0 0 1
1 8 9 10 0 0 0 1
1 8 10 11 0 0 0 1
1 12 13 14 0 0 0 1
1 12 14 15 0 0 0 1
1 16 17 18 0 0 0 1
1 16 18 19 0 0 0 1
1 20 21 22 1 1 1 1
1 23 20 22 1 1 1 1
1 24 25 26 1 1 1 1
1 27 24 26 1 1 1 1
1 28 29 30 1 1 1 1
1 31 28 30 1 1 1 1
1 32 33 34 1 1 1 1
1 35 32 34 1 1 1 1
1 20 21 22 1 1 1 1
1 23 20 22 1 1 1 1
1 24 25 26 1 1 1 1
1 27 24 26 1 1 1 1
1 28 29 30 1 1 1 1
1 31 28 30 1 1 1 1
1 32 33 34 1 1 1 1
1 35 32 34 1 1 1 1

Materials: 1
"Material01"
0.200000 0.200000 0.200000 1.000000
0.800000 0.800000 0.800000 1.000000
0.000000 0.000000 0.000000 1.000000
0.000000 0.000000 0.000000 1.000000
0.000000
1.000000
"Fire.tga"
""

Bones: 0
GroupComments: 0
MaterialComments: 0
BoneComments: 0
ModelComment: 0
