// MilkShape 3D ASCII

Frames: 30
Frame: 1

Meshes: 1
"0_Regroup01" 0 0
28
1 -10.000000 1.000000 16.000000 0.187500 1.000000 -1
1 -10.000000 1.000000 0.000000 0.187500 0.500000 -1
1 -10.000000 0.000000 0.000000 0.187500 0.500000 -1
1 -10.000000 0.000000 16.000000 0.187500 1.000000 -1
1 -16.000000 0.000000 0.000000 0.000000 0.500000 -1
1 -16.000000 0.000000 16.000000 0.000000 1.000000 -1
1 -10.000000 1.000000 -16.000000 0.187500 0.000000 -1
1 -10.000000 0.000000 -16.000000 0.187500 0.000000 -1
1 -16.000000 0.000000 -16.000000 0.000000 0.000000 -1
1 -9.000000 1.000000 16.000000 0.218750 1.000000 -1
1 -9.000000 1.000000 -16.000000 0.218750 0.000000 -1
1 -9.000000 0.000000 16.000000 0.250000 1.000000 -1
1 -9.000000 0.000000 -16.000000 0.250000 0.000000 -1
1 0.000000 0.000000 16.000000 0.500000 1.000000 -1
1 0.000000 0.000000 -16.000000 0.500000 0.000000 -1
1 10.000000 0.000000 0.000000 0.812500 0.500000 -1
1 10.000000 1.000000 0.000000 0.812500 0.500000 -1
1 10.000000 1.000000 16.000000 0.812500 1.000000 -1
1 10.000000 0.000000 16.000000 0.812500 1.000000 -1
1 16.000000 0.000000 16.000000 1.000000 1.000000 -1
1 16.000000 0.000000 0.000000 1.000000 0.500000 -1
1 10.000000 0.000000 -16.000000 0.812500 0.000000 -1
1 10.000000 1.000000 -16.000000 0.812500 0.000000 -1
1 16.000000 0.000000 -16.000000 1.000000 0.000000 -1
1 9.000000 1.000000 16.000000 0.781250 1.000000 -1
1 9.000000 1.000000 -16.000000 0.781250 0.000000 -1
1 9.000000 0.000000 16.000000 0.750000 1.000000 -1
1 9.000000 0.000000 -16.000000 0.750000 0.000000 -1
9
-0.894427 0.447214 0.000000
-1.000000 0.000000 0.000000
-0.707107 0.707107 0.000000
0.000000 1.000000 0.000000
0.447214 0.894427 0.000000
0.894427 0.447214 0.000000
0.707107 0.707107 0.000000
1.000000 0.000000 0.000000
-0.447214 0.894427 0.000000
28
1 0 1 2 0 1 2 1
1 0 2 3 0 2 2 1
1 2 4 5 2 3 3 1
1 2 5 3 2 3 2 1
1 6 7 2 2 2 2 1
1 6 2 1 2 2 1 1
1 2 7 8 2 2 3 1
1 2 8 4 2 3 3 1
1 6 0 9 2 0 4 1
1 10 6 9 5 2 4 1
1 10 9 11 5 4 5 1
1 10 11 12 5 5 4 1
1 12 11 13 4 5 3 1
1 12 13 14 4 3 3 1
1 15 16 17 6 7 5 1
1 18 15 17 6 6 5 1
1 19 20 15 3 3 6 1
1 18 19 15 6 3 6 1
1 15 21 22 6 6 6 1
1 16 15 22 7 6 6 1
1 23 21 15 3 6 6 1
1 20 23 15 3 3 6 1
1 24 17 22 8 5 6 1
1 24 22 25 8 6 0 1
1 26 24 25 0 8 0 1
1 27 26 25 8 0 0 1
1 13 26 27 3 0 8 1
1 14 13 27 3 3 8 1

Materials: 1
"Material01"
0.200000 0.200000 0.200000 1.000000
0.800000 0.800000 0.800000 1.000000
0.000000 0.000000 0.000000 1.000000
0.000000 0.000000 0.000000 1.000000
0.000000
1.000000
"..\Image\080_001.tga"
""

Bones: 0
GroupComments: 0
MaterialComments: 0
BoneComments: 0
ModelComment: 0
