// MilkShape 3D ASCII

Frames: 30
Frame: 1

Meshes: 1
"0_Ground" 0 0
381
1 16.000000 0.000000 16.000000 1.000000 1.000000 -1
1 16.000000 0.000000 12.000000 1.000000 0.875000 -1
1 12.000000 0.000000 12.000000 0.875000 0.875000 -1
1 16.000000 0.000000 16.000000 1.000000 1.000000 -1
1 12.000000 0.000000 12.000000 0.875000 0.875000 -1
1 12.000000 0.000000 16.000000 0.875000 1.000000 -1
1 -16.000000 0.000000 -16.000000 0.000000 0.000000 -1
1 -12.000000 0.000000 -12.000000 0.125000 0.125000 -1
1 -12.000000 0.000000 -16.000000 0.125000 0.000000 -1
1 16.000000 0.000000 -16.000000 1.000000 0.000000 -1
1 12.000000 0.000000 -16.000000 0.875000 0.000000 -1
1 16.000000 0.000000 -12.000000 1.000000 0.125000 -1
1 16.000000 0.000000 0.000000 1.000000 0.500000 -1
1 12.000000 0.000000 -4.000000 0.875000 0.375000 -1
1 12.000000 0.000000 0.000000 0.875000 0.500000 -1
1 -16.000000 0.000000 16.000000 0.000000 1.000000 -1
1 -12.000000 0.000000 16.000000 0.125000 1.000000 -1
1 -16.000000 0.000000 12.000000 0.000000 0.875000 -1
1 -16.000000 0.000000 -16.000000 0.000000 0.000000 -1
1 -16.000000 0.000000 -12.000000 0.000000 0.125000 -1
1 -12.000000 0.000000 -12.000000 0.125000 0.125000 -1
1 0.000000 0.000000 0.000000 0.500000 0.500000 -1
1 -4.000000 0.000000 0.000000 0.375000 0.500000 -1
1 0.000000 0.000000 4.000000 0.500000 0.625000 -1
1 0.000000 0.000000 0.000000 0.500000 0.500000 -1
1 4.000000 0.000000 4.000000 0.625000 0.625000 -1
1 4.000000 0.000000 0.000000 0.625000 0.500000 -1
1 16.000000 0.000000 0.000000 1.000000 0.500000 -1
1 12.000000 0.000000 0.000000 0.875000 0.500000 -1
1 16.000000 0.000000 4.000000 1.000000 0.625000 -1
1 16.000000 0.000000 8.000000 1.000000 0.750000 -1
1 12.000000 0.000000 4.000000 0.875000 0.625000 -1
1 12.000000 0.000000 8.000000 0.875000 0.750000 -1
1 0.000000 0.000000 16.000000 0.500000 1.000000 -1
1 4.000000 0.000000 16.000000 0.625000 1.000000 -1
1 0.000000 0.000000 12.000000 0.500000 0.875000 -1
1 0.000000 0.000000 0.000000 0.500000 0.500000 -1
1 0.000000 0.000000 4.000000 0.500000 0.625000 -1
1 4.000000 0.000000 4.000000 0.625000 0.625000 -1
1 8.000000 0.000000 8.000000 0.750000 0.750000 -1
1 4.000000 0.000000 8.000000 0.625000 0.750000 -1
1 8.000000 0.000000 12.000000 0.750000 0.875000 -1
1 0.000000 0.000000 -16.000000 0.500000 0.000000 -1
1 -4.000000 0.000000 -16.000000 0.375000 0.000000 -1
1 0.000000 0.000000 -12.000000 0.500000 0.125000 -1
1 0.000000 0.000000 0.000000 0.500000 0.500000 -1
1 0.000000 0.000000 -4.000000 0.500000 0.375000 -1
1 -4.000000 0.000000 -4.000000 0.375000 0.375000 -1
1 -8.000000 0.000000 -8.000000 0.250000 0.250000 -1
1 -4.000000 0.000000 -8.000000 0.375000 0.250000 -1
1 -8.000000 0.000000 -12.000000 0.250000 0.125000 -1
1 16.000000 0.000000 0.000000 1.000000 0.500000 -1
1 16.000000 0.000000 -4.000000 1.000000 0.375000 -1
1 12.000000 0.000000 -4.000000 0.875000 0.375000 -1
1 0.000000 0.000000 -16.000000 0.500000 0.000000 -1
1 4.000000 0.000000 -12.000000 0.625000 0.125000 -1
1 4.000000 0.000000 -16.000000 0.625000 0.000000 -1
1 8.000000 0.000000 -16.000000 0.750000 0.000000 -1
1 8.000000 0.000000 -12.000000 0.750000 0.125000 -1
1 12.000000 0.000000 -12.000000 0.875000 0.125000 -1
1 0.000000 0.000000 0.000000 0.500000 0.500000 -1
1 4.000000 0.000000 0.000000 0.625000 0.500000 -1
1 0.000000 0.000000 -4.000000 0.500000 0.375000 -1
1 0.000000 0.000000 -16.000000 0.500000 0.000000 -1
1 0.000000 0.000000 -12.000000 0.500000 0.125000 -1
1 4.000000 0.000000 -12.000000 0.625000 0.125000 -1
1 8.000000 0.000000 -8.000000 0.750000 0.250000 -1
1 4.000000 0.000000 -8.000000 0.625000 0.250000 -1
1 8.000000 0.000000 -4.000000 0.750000 0.375000 -1
1 -16.000000 0.000000 0.000000 0.000000 0.500000 -1
1 -16.000000 0.000000 4.000000 0.000000 0.625000 -1
1 -12.000000 0.000000 4.000000 0.125000 0.625000 -1
1 0.000000 0.000000 16.000000 0.500000 1.000000 -1
1 -4.000000 0.000000 12.000000 0.375000 0.875000 -1
1 -4.000000 0.000000 16.000000 0.375000 1.000000 -1
1 -8.000000 0.000000 16.000000 0.250000 1.000000 -1
1 -8.000000 0.000000 12.000000 0.250000 0.875000 -1
1 -12.000000 0.000000 12.000000 0.125000 0.875000 -1
1 0.000000 0.000000 0.000000 0.500000 0.500000 -1
1 -4.000000 0.000000 -4.000000 0.375000 0.375000 -1
1 -4.000000 0.000000 0.000000 0.375000 0.500000 -1
1 -16.000000 0.000000 0.000000 0.000000 0.500000 -1
1 -12.000000 0.000000 0.000000 0.125000 0.500000 -1
1 -16.000000 0.000000 -4.000000 0.000000 0.375000 -1
1 -16.000000 0.000000 -8.000000 0.000000 0.250000 -1
1 -12.000000 0.000000 -4.000000 0.125000 0.375000 -1
1 -12.000000 0.000000 -8.000000 0.125000 0.250000 -1
1 0.000000 0.000000 16.000000 0.500000 1.000000 -1
1 0.000000 0.000000 12.000000 0.500000 0.875000 -1
1 -4.000000 0.000000 12.000000 0.375000 0.875000 -1
1 -16.000000 0.000000 0.000000 0.000000 0.500000 -1
1 -12.000000 0.000000 4.000000 0.125000 0.625000 -1
1 -12.000000 0.000000 0.000000 0.125000 0.500000 -1
1 -8.000000 0.000000 0.000000 0.250000 0.500000 -1
1 -8.000000 0.000000 4.000000 0.250000 0.625000 -1
1 -4.000000 0.000000 4.000000 0.375000 0.625000 -1
1 8.000000 0.000000 8.000000 0.750000 0.750000 -1
1 12.000000 0.000000 12.000000 0.875000 0.875000 -1
1 12.000000 0.000000 8.000000 0.875000 0.750000 -1
1 16.000000 0.000000 8.000000 1.000000 0.750000 -1
1 12.000000 0.000000 8.000000 0.875000 0.750000 -1
1 16.000000 0.000000 12.000000 1.000000 0.875000 -1
1 16.000000 0.000000 12.000000 1.000000 0.875000 -1
1 12.000000 0.000000 8.000000 0.875000 0.750000 -1
1 12.000000 0.000000 12.000000 0.875000 0.875000 -1
1 8.000000 0.000000 16.000000 0.750000 1.000000 -1
1 12.000000 0.000000 16.000000 0.875000 1.000000 -1
1 8.000000 0.000000 8.000000 0.750000 0.750000 -1
1 8.000000 0.000000 12.000000 0.750000 0.875000 -1
1 12.000000 0.000000 12.000000 0.875000 0.875000 -1
1 12.000000 0.000000 12.000000 0.875000 0.875000 -1
1 8.000000 0.000000 12.000000 0.750000 0.875000 -1
1 12.000000 0.000000 16.000000 0.875000 1.000000 -1
1 -8.000000 0.000000 -16.000000 0.250000 0.000000 -1
1 -12.000000 0.000000 -16.000000 0.125000 0.000000 -1
1 -8.000000 0.000000 -12.000000 0.250000 0.125000 -1
1 -8.000000 0.000000 -8.000000 0.250000 0.250000 -1
1 -8.000000 0.000000 -12.000000 0.250000 0.125000 -1
1 -12.000000 0.000000 -12.000000 0.125000 0.125000 -1
1 -12.000000 0.000000 -12.000000 0.125000 0.125000 -1
1 -8.000000 0.000000 -12.000000 0.250000 0.125000 -1
1 -12.000000 0.000000 -16.000000 0.125000 0.000000 -1
1 16.000000 0.000000 -8.000000 1.000000 0.250000 -1
1 16.000000 0.000000 -12.000000 1.000000 0.125000 -1
1 8.000000 0.000000 -16.000000 0.750000 0.000000 -1
1 12.000000 0.000000 -12.000000 0.875000 0.125000 -1
1 12.000000 0.000000 -16.000000 0.875000 0.000000 -1
1 12.000000 0.000000 -16.000000 0.875000 0.000000 -1
1 12.000000 0.000000 -12.000000 0.875000 0.125000 -1
1 16.000000 0.000000 -12.000000 1.000000 0.125000 -1
1 8.000000 0.000000 0.000000 0.750000 0.500000 -1
1 12.000000 0.000000 0.000000 0.875000 0.500000 -1
1 8.000000 0.000000 -4.000000 0.750000 0.375000 -1
1 8.000000 0.000000 -8.000000 0.750000 0.250000 -1
1 8.000000 0.000000 -4.000000 0.750000 0.375000 -1
1 12.000000 0.000000 -4.000000 0.875000 0.375000 -1
1 12.000000 0.000000 -4.000000 0.875000 0.375000 -1
1 8.000000 0.000000 -4.000000 0.750000 0.375000 -1
1 12.000000 0.000000 0.000000 0.875000 0.500000 -1
1 -16.000000 0.000000 8.000000 0.000000 0.750000 -1
1 -16.000000 0.000000 12.000000 0.000000 0.875000 -1
1 -12.000000 0.000000 12.000000 0.125000 0.875000 -1
1 -8.000000 0.000000 16.000000 0.250000 1.000000 -1
1 -12.000000 0.000000 12.000000 0.125000 0.875000 -1
1 -12.000000 0.000000 16.000000 0.125000 1.000000 -1
1 -12.000000 0.000000 16.000000 0.125000 1.000000 -1
1 -12.000000 0.000000 12.000000 0.125000 0.875000 -1
1 -16.000000 0.000000 12.000000 0.000000 0.875000 -1
1 -8.000000 0.000000 -8.000000 0.250000 0.250000 -1
1 -12.000000 0.000000 -12.000000 0.125000 0.125000 -1
1 -12.000000 0.000000 -8.000000 0.125000 0.250000 -1
1 -16.000000 0.000000 -8.000000 0.000000 0.250000 -1
1 -12.000000 0.000000 -8.000000 0.125000 0.250000 -1
1 -16.000000 0.000000 -12.000000 0.000000 0.125000 -1
1 -16.000000 0.000000 -12.000000 0.000000 0.125000 -1
1 -12.000000 0.000000 -8.000000 0.125000 0.250000 -1
1 -12.000000 0.000000 -12.000000 0.125000 0.125000 -1
1 0.000000 0.000000 8.000000 0.500000 0.750000 -1
1 0.000000 0.000000 4.000000 0.500000 0.625000 -1
1 -4.000000 0.000000 4.000000 0.375000 0.625000 -1
1 -8.000000 0.000000 0.000000 0.250000 0.500000 -1
1 -4.000000 0.000000 4.000000 0.375000 0.625000 -1
1 -4.000000 0.000000 0.000000 0.375000 0.500000 -1
1 -4.000000 0.000000 0.000000 0.375000 0.500000 -1
1 -4.000000 0.000000 4.000000 0.375000 0.625000 -1
1 0.000000 0.000000 4.000000 0.500000 0.625000 -1
1 8.000000 0.000000 0.000000 0.750000 0.500000 -1
1 4.000000 0.000000 0.000000 0.625000 0.500000 -1
1 8.000000 0.000000 4.000000 0.750000 0.625000 -1
1 8.000000 0.000000 8.000000 0.750000 0.750000 -1
1 8.000000 0.000000 4.000000 0.750000 0.625000 -1
1 4.000000 0.000000 4.000000 0.625000 0.625000 -1
1 4.000000 0.000000 4.000000 0.625000 0.625000 -1
1 8.000000 0.000000 4.000000 0.750000 0.625000 -1
1 4.000000 0.000000 0.000000 0.625000 0.500000 -1
1 16.000000 0.000000 8.000000 1.000000 0.750000 -1
1 16.000000 0.000000 4.000000 1.000000 0.625000 -1
1 12.000000 0.000000 4.000000 0.875000 0.625000 -1
1 8.000000 0.000000 0.000000 0.750000 0.500000 -1
1 12.000000 0.000000 4.000000 0.875000 0.625000 -1
1 12.000000 0.000000 0.000000 0.875000 0.500000 -1
1 12.000000 0.000000 0.000000 0.875000 0.500000 -1
1 12.000000 0.000000 4.000000 0.875000 0.625000 -1
1 16.000000 0.000000 4.000000 1.000000 0.625000 -1
1 8.000000 0.000000 8.000000 0.750000 0.750000 -1
1 12.000000 0.000000 8.000000 0.875000 0.750000 -1
1 8.000000 0.000000 4.000000 0.750000 0.625000 -1
1 8.000000 0.000000 0.000000 0.750000 0.500000 -1
1 8.000000 0.000000 4.000000 0.750000 0.625000 -1
1 12.000000 0.000000 4.000000 0.875000 0.625000 -1
1 12.000000 0.000000 4.000000 0.875000 0.625000 -1
1 8.000000 0.000000 4.000000 0.750000 0.625000 -1
1 12.000000 0.000000 8.000000 0.875000 0.750000 -1
1 0.000000 0.000000 8.000000 0.500000 0.750000 -1
1 0.000000 0.000000 12.000000 0.500000 0.875000 -1
1 4.000000 0.000000 12.000000 0.625000 0.875000 -1
1 8.000000 0.000000 16.000000 0.750000 1.000000 -1
1 4.000000 0.000000 12.000000 0.625000 0.875000 -1
1 4.000000 0.000000 16.000000 0.625000 1.000000 -1
1 4.000000 0.000000 16.000000 0.625000 1.000000 -1
1 4.000000 0.000000 12.000000 0.625000 0.875000 -1
1 0.000000 0.000000 12.000000 0.500000 0.875000 -1
1 8.000000 0.000000 8.000000 0.750000 0.750000 -1
1 4.000000 0.000000 4.000000 0.625000 0.625000 -1
1 4.000000 0.000000 8.000000 0.625000 0.750000 -1
1 0.000000 0.000000 8.000000 0.500000 0.750000 -1
1 4.000000 0.000000 8.000000 0.625000 0.750000 -1
1 0.000000 0.000000 4.000000 0.500000 0.625000 -1
1 0.000000 0.000000 4.000000 0.500000 0.625000 -1
1 4.000000 0.000000 8.000000 0.625000 0.750000 -1
1 4.000000 0.000000 4.000000 0.625000 0.625000 -1
1 8.000000 0.000000 16.000000 0.750000 1.000000 -1
1 8.000000 0.000000 12.000000 0.750000 0.875000 -1
1 4.000000 0.000000 12.000000 0.625000 0.875000 -1
1 0.000000 0.000000 8.000000 0.500000 0.750000 -1
1 4.000000 0.000000 12.000000 0.625000 0.875000 -1
1 4.000000 0.000000 8.000000 0.625000 0.750000 -1
1 4.000000 0.000000 8.000000 0.625000 0.750000 -1
1 4.000000 0.000000 12.000000 0.625000 0.875000 -1
1 8.000000 0.000000 12.000000 0.750000 0.875000 -1
1 0.000000 0.000000 -8.000000 0.500000 0.250000 -1
1 0.000000 0.000000 -12.000000 0.500000 0.125000 -1
1 -4.000000 0.000000 -12.000000 0.375000 0.125000 -1
1 -8.000000 0.000000 -16.000000 0.250000 0.000000 -1
1 -4.000000 0.000000 -12.000000 0.375000 0.125000 -1
1 -4.000000 0.000000 -16.000000 0.375000 0.000000 -1
1 -4.000000 0.000000 -16.000000 0.375000 0.000000 -1
1 -4.000000 0.000000 -12.000000 0.375000 0.125000 -1
1 0.000000 0.000000 -12.000000 0.500000 0.125000 -1
1 -8.000000 0.000000 -8.000000 0.250000 0.250000 -1
1 -4.000000 0.000000 -4.000000 0.375000 0.375000 -1
1 -4.000000 0.000000 -8.000000 0.375000 0.250000 -1
1 0.000000 0.000000 -8.000000 0.500000 0.250000 -1
1 -4.000000 0.000000 -8.000000 0.375000 0.250000 -1
1 0.000000 0.000000 -4.000000 0.500000 0.375000 -1
1 0.000000 0.000000 -4.000000 0.500000 0.375000 -1
1 -4.000000 0.000000 -8.000000 0.375000 0.250000 -1
1 -4.000000 0.000000 -4.000000 0.375000 0.375000 -1
1 -8.000000 0.000000 -16.000000 0.250000 0.000000 -1
1 -8.000000 0.000000 -12.000000 0.250000 0.125000 -1
1 -4.000000 0.000000 -12.000000 0.375000 0.125000 -1
1 0.000000 0.000000 -8.000000 0.500000 0.250000 -1
1 -4.000000 0.000000 -12.000000 0.375000 0.125000 -1
1 -4.000000 0.000000 -8.000000 0.375000 0.250000 -1
1 -4.000000 0.000000 -8.000000 0.375000 0.250000 -1
1 -4.000000 0.000000 -12.000000 0.375000 0.125000 -1
1 -8.000000 0.000000 -12.000000 0.250000 0.125000 -1
1 8.000000 0.000000 -8.000000 0.750000 0.250000 -1
1 12.000000 0.000000 -4.000000 0.875000 0.375000 -1
1 12.000000 0.000000 -8.000000 0.875000 0.250000 -1
1 16.000000 0.000000 -8.000000 1.000000 0.250000 -1
1 12.000000 0.000000 -8.000000 0.875000 0.250000 -1
1 16.000000 0.000000 -4.000000 1.000000 0.375000 -1
1 16.000000 0.000000 -4.000000 1.000000 0.375000 -1
1 12.000000 0.000000 -8.000000 0.875000 0.250000 -1
1 12.000000 0.000000 -4.000000 0.875000 0.375000 -1
1 8.000000 0.000000 -16.000000 0.750000 0.000000 -1
1 4.000000 0.000000 -16.000000 0.625000 0.000000 -1
1 8.000000 0.000000 -12.000000 0.750000 0.125000 -1
1 8.000000 0.000000 -8.000000 0.750000 0.250000 -1
1 8.000000 0.000000 -12.000000 0.750000 0.125000 -1
1 4.000000 0.000000 -12.000000 0.625000 0.125000 -1
1 4.000000 0.000000 -12.000000 0.625000 0.125000 -1
1 8.000000 0.000000 -12.000000 0.750000 0.125000 -1
1 4.000000 0.000000 -16.000000 0.625000 0.000000 -1
1 16.000000 0.000000 -8.000000 1.000000 0.250000 -1
1 12.000000 0.000000 -12.000000 0.875000 0.125000 -1
1 12.000000 0.000000 -8.000000 0.875000 0.250000 -1
1 8.000000 0.000000 -8.000000 0.750000 0.250000 -1
1 12.000000 0.000000 -8.000000 0.875000 0.250000 -1
1 8.000000 0.000000 -12.000000 0.750000 0.125000 -1
1 8.000000 0.000000 -12.000000 0.750000 0.125000 -1
1 12.000000 0.000000 -8.000000 0.875000 0.250000 -1
1 12.000000 0.000000 -12.000000 0.875000 0.125000 -1
1 0.000000 0.000000 -8.000000 0.500000 0.250000 -1
1 0.000000 0.000000 -4.000000 0.500000 0.375000 -1
1 4.000000 0.000000 -4.000000 0.625000 0.375000 -1
1 8.000000 0.000000 0.000000 0.750000 0.500000 -1
1 4.000000 0.000000 -4.000000 0.625000 0.375000 -1
1 4.000000 0.000000 0.000000 0.625000 0.500000 -1
1 4.000000 0.000000 0.000000 0.625000 0.500000 -1
1 4.000000 0.000000 -4.000000 0.625000 0.375000 -1
1 0.000000 0.000000 -4.000000 0.500000 0.375000 -1
1 8.000000 0.000000 -8.000000 0.750000 0.250000 -1
1 4.000000 0.000000 -12.000000 0.625000 0.125000 -1
1 4.000000 0.000000 -8.000000 0.625000 0.250000 -1
1 0.000000 0.000000 -8.000000 0.500000 0.250000 -1
1 4.000000 0.000000 -8.000000 0.625000 0.250000 -1
1 0.000000 0.000000 -12.000000 0.500000 0.125000 -1
1 0.000000 0.000000 -12.000000 0.500000 0.125000 -1
1 4.000000 0.000000 -8.000000 0.625000 0.250000 -1
1 4.000000 0.000000 -12.000000 0.625000 0.125000 -1
1 8.000000 0.000000 0.000000 0.750000 0.500000 -1
1 8.000000 0.000000 -4.000000 0.750000 0.375000 -1
1 4.000000 0.000000 -4.000000 0.625000 0.375000 -1
1 0.000000 0.000000 -8.000000 0.500000 0.250000 -1
1 4.000000 0.000000 -4.000000 0.625000 0.375000 -1
1 4.000000 0.000000 -8.000000 0.625000 0.250000 -1
1 4.000000 0.000000 -8.000000 0.625000 0.250000 -1
1 4.000000 0.000000 -4.000000 0.625000 0.375000 -1
1 8.000000 0.000000 -4.000000 0.750000 0.375000 -1
1 -8.000000 0.000000 8.000000 0.250000 0.750000 -1
1 -12.000000 0.000000 4.000000 0.125000 0.625000 -1
1 -12.000000 0.000000 8.000000 0.125000 0.750000 -1
1 -16.000000 0.000000 8.000000 0.000000 0.750000 -1
1 -12.000000 0.000000 8.000000 0.125000 0.750000 -1
1 -16.000000 0.000000 4.000000 0.000000 0.625000 -1
1 -16.000000 0.000000 4.000000 0.000000 0.625000 -1
1 -12.000000 0.000000 8.000000 0.125000 0.750000 -1
1 -12.000000 0.000000 4.000000 0.125000 0.625000 -1
1 -8.000000 0.000000 16.000000 0.250000 1.000000 -1
1 -4.000000 0.000000 16.000000 0.375000 1.000000 -1
1 -8.000000 0.000000 12.000000 0.250000 0.875000 -1
1 -8.000000 0.000000 8.000000 0.250000 0.750000 -1
1 -8.000000 0.000000 12.000000 0.250000 0.875000 -1
1 -4.000000 0.000000 12.000000 0.375000 0.875000 -1
1 -4.000000 0.000000 12.000000 0.375000 0.875000 -1
1 -8.000000 0.000000 12.000000 0.250000 0.875000 -1
1 -4.000000 0.000000 16.000000 0.375000 1.000000 -1
1 -16.000000 0.000000 8.000000 0.000000 0.750000 -1
1 -12.000000 0.000000 12.000000 0.125000 0.875000 -1
1 -12.000000 0.000000 8.000000 0.125000 0.750000 -1
1 -8.000000 0.000000 8.000000 0.250000 0.750000 -1
1 -12.000000 0.000000 8.000000 0.125000 0.750000 -1
1 -8.000000 0.000000 12.000000 0.250000 0.875000 -1
1 -8.000000 0.000000 12.000000 0.250000 0.875000 -1
1 -12.000000 0.000000 8.000000 0.125000 0.750000 -1
1 -12.000000 0.000000 12.000000 0.125000 0.875000 -1
1 -8.000000 0.000000 0.000000 0.250000 0.500000 -1
1 -4.000000 0.000000 0.000000 0.375000 0.500000 -1
1 -8.000000 0.000000 -4.000000 0.250000 0.375000 -1
1 -8.000000 0.000000 -8.000000 0.250000 0.250000 -1
1 -8.000000 0.000000 -4.000000 0.250000 0.375000 -1
1 -4.000000 0.000000 -4.000000 0.375000 0.375000 -1
1 -4.000000 0.000000 -4.000000 0.375000 0.375000 -1
1 -8.000000 0.000000 -4.000000 0.250000 0.375000 -1
1 -4.000000 0.000000 0.000000 0.375000 0.500000 -1
1 -16.000000 0.000000 -8.000000 0.000000 0.250000 -1
1 -16.000000 0.000000 -4.000000 0.000000 0.375000 -1
1 -12.000000 0.000000 -4.000000 0.125000 0.375000 -1
1 -8.000000 0.000000 0.000000 0.250000 0.500000 -1
1 -12.000000 0.000000 -4.000000 0.125000 0.375000 -1
1 -12.000000 0.000000 0.000000 0.125000 0.500000 -1
1 -12.000000 0.000000 0.000000 0.125000 0.500000 -1
1 -12.000000 0.000000 -4.000000 0.125000 0.375000 -1
1 -16.000000 0.000000 -4.000000 0.000000 0.375000 -1
1 -8.000000 0.000000 -8.000000 0.250000 0.250000 -1
1 -12.000000 0.000000 -8.000000 0.125000 0.250000 -1
1 -8.000000 0.000000 -4.000000 0.250000 0.375000 -1
1 -8.000000 0.000000 0.000000 0.250000 0.500000 -1
1 -8.000000 0.000000 -4.000000 0.250000 0.375000 -1
1 -12.000000 0.000000 -4.000000 0.125000 0.375000 -1
1 -12.000000 0.000000 -4.000000 0.125000 0.375000 -1
1 -8.000000 0.000000 -4.000000 0.250000 0.375000 -1
1 -12.000000 0.000000 -8.000000 0.125000 0.250000 -1
1 -8.000000 0.000000 8.000000 0.250000 0.750000 -1
1 -4.000000 0.000000 12.000000 0.375000 0.875000 -1
1 -4.000000 0.000000 8.000000 0.375000 0.750000 -1
1 0.000000 0.000000 8.000000 0.500000 0.750000 -1
1 -4.000000 0.000000 8.000000 0.375000 0.750000 -1
1 0.000000 0.000000 12.000000 0.500000 0.875000 -1
1 0.000000 0.000000 12.000000 0.500000 0.875000 -1
1 -4.000000 0.000000 12.000000 0.375000 0.875000 -1
1 -8.000000 0.000000 0.000000 0.250000 0.500000 -1
1 -12.000000 0.000000 0.000000 0.125000 0.500000 -1
1 -8.000000 0.000000 4.000000 0.250000 0.625000 -1
1 -8.000000 0.000000 8.000000 0.250000 0.750000 -1
1 -8.000000 0.000000 4.000000 0.250000 0.625000 -1
1 -12.000000 0.000000 4.000000 0.125000 0.625000 -1
1 -12.000000 0.000000 4.000000 0.125000 0.625000 -1
1 -8.000000 0.000000 4.000000 0.250000 0.625000 -1
1 -12.000000 0.000000 0.000000 0.125000 0.500000 -1
1 0.000000 0.000000 8.000000 0.500000 0.750000 -1
1 -4.000000 0.000000 4.000000 0.375000 0.625000 -1
1 -4.000000 0.000000 8.000000 0.375000 0.750000 -1
1 -8.000000 0.000000 8.000000 0.250000 0.750000 -1
1 -4.000000 0.000000 8.000000 0.375000 0.750000 -1
1 -8.000000 0.000000 4.000000 0.250000 0.625000 -1
1 -8.000000 0.000000 4.000000 0.250000 0.625000 -1
1 -4.000000 0.000000 8.000000 0.375000 0.750000 -1
1 -4.000000 0.000000 4.000000 0.375000 0.625000 -1
1
0.000000 1.000000 0.000000
128
1 0 1 2 0 0 0 1
1 3 4 5 0 0 0 1
1 6 7 8 0 0 0 1
1 9 10 11 0 0 0 1
1 12 13 14 0 0 0 1
1 15 16 17 0 0 0 1
1 18 19 20 0 0 0 1
1 21 22 23 0 0 0 1
1 24 25 26 0 0 0 1
1 27 28 29 0 0 0 1
1 30 31 32 0 0 0 1
1 33 34 35 0 0 0 1
1 36 37 38 0 0 0 1
1 39 40 41 0 0 0 1
1 42 43 44 0 0 0 1
1 45 46 47 0 0 0 1
1 48 49 50 0 0 0 1
1 51 52 53 0 0 0 1
1 54 55 56 0 0 0 1
1 57 58 59 0 0 0 1
1 60 61 62 0 0 0 1
1 63 64 65 0 0 0 1
1 66 67 68 0 0 0 1
1 69 70 71 0 0 0 1
1 72 73 74 0 0 0 1
1 75 76 77 0 0 0 1
1 78 79 80 0 0 0 1
1 81 82 83 0 0 0 1
1 84 85 86 0 0 0 1
1 87 88 89 0 0 0 1
1 90 91 92 0 0 0 1
1 93 94 95 0 0 0 1
1 96 97 98 0 0 0 1
1 99 100 101 0 0 0 1
1 102 103 104 0 0 0 1
1 105 106 41 0 0 0 1
1 107 108 109 0 0 0 1
1 110 111 112 0 0 0 1
1 113 114 115 0 0 0 1
1 116 117 118 0 0 0 1
1 119 120 121 0 0 0 1
1 122 123 59 0 0 0 1
1 124 125 126 0 0 0 1
1 127 128 129 0 0 0 1
1 130 131 132 0 0 0 1
1 133 134 135 0 0 0 1
1 136 137 138 0 0 0 1
1 139 140 141 0 0 0 1
1 142 143 144 0 0 0 1
1 145 146 147 0 0 0 1
1 148 149 150 0 0 0 1
1 151 152 153 0 0 0 1
1 154 155 156 0 0 0 1
1 157 158 159 0 0 0 1
1 160 161 162 0 0 0 1
1 163 164 165 0 0 0 1
1 166 167 168 0 0 0 1
1 169 170 171 0 0 0 1
1 172 173 174 0 0 0 1
1 175 176 177 0 0 0 1
1 178 179 180 0 0 0 1
1 181 182 183 0 0 0 1
1 184 185 186 0 0 0 1
1 187 188 189 0 0 0 1
1 190 191 192 0 0 0 1
1 193 194 195 0 0 0 1
1 196 197 198 0 0 0 1
1 199 200 201 0 0 0 1
1 202 203 204 0 0 0 1
1 205 206 207 0 0 0 1
1 208 209 210 0 0 0 1
1 211 212 213 0 0 0 1
1 214 215 216 0 0 0 1
1 217 218 219 0 0 0 1
1 220 221 222 0 0 0 1
1 223 224 225 0 0 0 1
1 226 227 228 0 0 0 1
1 229 230 231 0 0 0 1
1 232 233 234 0 0 0 1
1 235 236 237 0 0 0 1
1 238 239 240 0 0 0 1
1 241 242 243 0 0 0 1
1 244 245 246 0 0 0 1
1 247 248 249 0 0 0 1
1 250 251 252 0 0 0 1
1 253 254 255 0 0 0 1
1 256 257 258 0 0 0 1
1 259 260 261 0 0 0 1
1 262 263 264 0 0 0 1
1 265 266 267 0 0 0 1
1 268 269 270 0 0 0 1
1 271 272 273 0 0 0 1
1 274 275 276 0 0 0 1
1 277 278 279 0 0 0 1
1 280 281 282 0 0 0 1
1 283 284 285 0 0 0 1
1 286 287 288 0 0 0 1
1 289 290 291 0 0 0 1
1 292 293 294 0 0 0 1
1 295 296 297 0 0 0 1
1 298 299 300 0 0 0 1
1 301 302 303 0 0 0 1
1 304 305 306 0 0 0 1
1 307 308 309 0 0 0 1
1 310 311 312 0 0 0 1
1 313 314 315 0 0 0 1
1 316 317 318 0 0 0 1
1 319 320 321 0 0 0 1
1 322 323 324 0 0 0 1
1 325 326 327 0 0 0 1
1 328 329 330 0 0 0 1
1 331 332 333 0 0 0 1
1 334 335 336 0 0 0 1
1 337 338 339 0 0 0 1
1 340 341 342 0 0 0 1
1 343 344 345 0 0 0 1
1 346 347 348 0 0 0 1
1 349 350 351 0 0 0 1
1 352 353 354 0 0 0 1
1 355 356 357 0 0 0 1
1 358 359 360 0 0 0 1
1 361 359 362 0 0 0 1
1 363 364 365 0 0 0 1
1 366 367 368 0 0 0 1
1 369 370 371 0 0 0 1
1 372 373 374 0 0 0 1
1 375 376 377 0 0 0 1
1 378 379 380 0 0 0 1

Materials: 1
"Material01"
0.200000 0.200000 0.200000 1.000000
0.800000 0.800000 0.800000 1.000000
0.000000 0.000000 0.000000 1.000000
0.000000 0.000000 0.000000 1.000000
0.000000
1.000000
"..\Image\Sea1_01.tga"
""

Bones: 0
GroupComments: 0
MaterialComments: 0
BoneComments: 0
ModelComment: 0
