// MilkShape 3D ASCII

Frames: 30
Frame: 1

Meshes: 1
"0_Ground" 0 -1
4
0 16.000000 0.000000 16.000000 4.000000 4.000000 -1
0 16.000000 0.000000 -16.000000 4.000000 0.000000 -1
0 -16.000000 0.000000 -16.000000 0.000000 0.000000 -1
0 -16.000000 0.000000 16.000000 0.000000 4.000000 -1
1
0.000000 1.000000 0.000000
2
0 0 1 2 0 0 0 1
0 0 2 3 0 0 0 1

Materials: 1
"Material01"
0.200000 0.200000 0.200000 1.000000
0.800000 0.800000 0.800000 1.000000
0.000000 0.000000 0.000000 1.000000
0.000000 0.000000 0.000000 1.000000
0.000000
1.000000
"..\Reed2.tga"
""

Bones: 0
GroupComments: 0
MaterialComments: 0
BoneComments: 0
ModelComment: 0
