// MilkShape 3D ASCII

Frames: 30
Frame: 1

Meshes: 1
"0_Ground" 0 0
317
1 16.000000 0.000000 16.000000 2.000000 2.000000 -1
1 16.000000 0.000000 12.000000 2.000000 1.750000 -1
1 12.000000 0.000000 12.000000 1.750000 1.750000 -1
1 16.000000 0.000000 16.000000 2.000000 2.000000 -1
1 12.000000 0.000000 12.000000 1.750000 1.750000 -1
1 12.000000 0.000000 16.000000 1.750000 2.000000 -1
1 -16.000000 0.000000 -16.000000 0.000000 0.000000 -1
1 -12.000000 0.000000 -12.000000 0.250000 0.250000 -1
1 -12.000000 0.000000 -16.000000 0.250000 0.000000 -1
1 16.000000 0.000000 -16.000000 2.000000 0.000000 -1
1 12.000000 0.000000 -16.000000 1.750000 0.000000 -1
1 16.000000 0.000000 -12.000000 2.000000 0.250000 -1
1 16.000000 0.000000 0.000000 2.000000 1.000000 -1
1 12.000000 0.000000 -4.000000 1.750000 0.750000 -1
1 12.000000 0.000000 0.000000 1.750000 1.000000 -1
1 -16.000000 0.000000 16.000000 0.000000 2.000000 -1
1 -12.000000 0.000000 16.000000 0.250000 2.000000 -1
1 -16.000000 0.000000 12.000000 0.000000 1.750000 -1
1 -16.000000 0.000000 -16.000000 0.000000 0.000000 -1
1 -16.000000 0.000000 -12.000000 0.000000 0.250000 -1
1 -12.000000 0.000000 -12.000000 0.250000 0.250000 -1
1 0.000000 0.000000 0.000000 1.000000 1.000000 -1
1 -4.000000 0.000000 0.000000 0.750000 1.000000 -1
1 0.000000 0.000000 4.000000 1.000000 1.250000 -1
1 0.000000 0.000000 0.000000 1.000000 1.000000 -1
1 4.000000 0.000000 4.000000 1.250000 1.250000 -1
1 4.000000 0.000000 0.000000 1.250000 1.000000 -1
1 16.000000 0.000000 0.000000 2.000000 1.000000 -1
1 12.000000 0.000000 0.000000 1.750000 1.000000 -1
1 16.000000 0.000000 4.000000 2.000000 1.250000 -1
1 16.000000 0.000000 8.000000 2.000000 1.500000 -1
1 12.000000 0.000000 4.000000 1.750000 1.250000 -1
1 12.000000 0.000000 8.000000 1.750000 1.500000 -1
1 0.000000 0.000000 16.000000 1.000000 2.000000 -1
1 4.000000 0.000000 16.000000 1.250000 2.000000 -1
1 0.000000 0.000000 12.000000 1.000000 1.750000 -1
1 0.000000 0.000000 0.000000 1.000000 1.000000 -1
1 0.000000 0.000000 4.000000 1.000000 1.250000 -1
1 4.000000 0.000000 4.000000 1.250000 1.250000 -1
1 8.000000 0.000000 8.000000 1.500000 1.500000 -1
1 4.000000 0.000000 8.000000 1.250000 1.500000 -1
1 8.000000 0.000000 12.000000 1.500000 1.750000 -1
1 0.000000 0.000000 -16.000000 1.000000 0.000000 -1
1 -4.000000 0.000000 -16.000000 0.750000 0.000000 -1
1 0.000000 0.000000 -12.000000 1.000000 0.250000 -1
1 0.000000 0.000000 0.000000 1.000000 1.000000 -1
1 0.000000 0.000000 -4.000000 1.000000 0.750000 -1
1 -4.000000 0.000000 -4.000000 0.750000 0.750000 -1
1 -8.000000 0.000000 -8.000000 0.500000 0.500000 -1
1 -4.000000 0.000000 -8.000000 0.750000 0.500000 -1
1 -8.000000 0.000000 -12.000000 0.500000 0.250000 -1
1 16.000000 0.000000 0.000000 2.000000 1.000000 -1
1 16.000000 0.000000 -4.000000 2.000000 0.750000 -1
1 12.000000 0.000000 -4.000000 1.750000 0.750000 -1
1 0.000000 0.000000 -16.000000 1.000000 0.000000 -1
1 4.000000 0.000000 -12.000000 1.250000 0.250000 -1
1 4.000000 0.000000 -16.000000 1.250000 0.000000 -1
1 8.000000 0.000000 -16.000000 1.500000 0.000000 -1
1 8.000000 0.000000 -12.000000 1.500000 0.250000 -1
1 12.000000 0.000000 -12.000000 1.750000 0.250000 -1
1 0.000000 0.000000 0.000000 1.000000 1.000000 -1
1 4.000000 0.000000 0.000000 1.250000 1.000000 -1
1 0.000000 0.000000 -4.000000 1.000000 0.750000 -1
1 0.000000 0.000000 -16.000000 1.000000 0.000000 -1
1 0.000000 0.000000 -12.000000 1.000000 0.250000 -1
1 4.000000 0.000000 -12.000000 1.250000 0.250000 -1
1 8.000000 0.000000 -8.000000 1.500000 0.500000 -1
1 4.000000 0.000000 -8.000000 1.250000 0.500000 -1
1 8.000000 0.000000 -4.000000 1.500000 0.750000 -1
1 -16.000000 0.000000 0.000000 0.000000 1.000000 -1
1 -16.000000 0.000000 4.000000 0.000000 1.250000 -1
1 -12.000000 0.000000 4.000000 0.250000 1.250000 -1
1 0.000000 0.000000 16.000000 1.000000 2.000000 -1
1 -4.000000 0.000000 12.000000 0.750000 1.750000 -1
1 -4.000000 0.000000 16.000000 0.750000 2.000000 -1
1 -8.000000 0.000000 16.000000 0.500000 2.000000 -1
1 -8.000000 0.000000 12.000000 0.500000 1.750000 -1
1 -12.000000 0.000000 12.000000 0.250000 1.750000 -1
1 -4.000000 0.000000 -4.000000 0.750000 0.750000 -1
1 -4.000000 0.000000 0.000000 0.750000 1.000000 -1
1 -12.000000 0.000000 0.000000 0.250000 1.000000 -1
1 -16.000000 0.000000 -4.000000 0.000000 0.750000 -1
1 -16.000000 0.000000 -8.000000 0.000000 0.500000 -1
1 -12.000000 0.000000 -4.000000 0.250000 0.750000 -1
1 -12.000000 0.000000 -8.000000 0.250000 0.500000 -1
1 0.000000 0.000000 12.000000 1.000000 1.750000 -1
1 -8.000000 0.000000 0.000000 0.500000 1.000000 -1
1 -8.000000 0.000000 4.000000 0.500000 1.250000 -1
1 -4.000000 0.000000 4.000000 0.750000 1.250000 -1
1 8.000000 0.000000 8.000000 1.500000 1.500000 -1
1 12.000000 0.000000 12.000000 1.750000 1.750000 -1
1 12.000000 0.000000 8.000000 1.750000 1.500000 -1
1 16.000000 0.000000 8.000000 2.000000 1.500000 -1
1 16.000000 0.000000 12.000000 2.000000 1.750000 -1
1 8.000000 0.000000 16.000000 1.500000 2.000000 -1
1 12.000000 0.000000 16.000000 1.750000 2.000000 -1
1 8.000000 0.000000 12.000000 1.500000 1.750000 -1
1 -8.000000 0.000000 -16.000000 0.500000 0.000000 -1
1 -12.000000 0.000000 -16.000000 0.250000 0.000000 -1
1 -8.000000 0.000000 -12.000000 0.500000 0.250000 -1
1 -8.000000 0.000000 -8.000000 0.500000 0.500000 -1
1 -12.000000 0.000000 -12.000000 0.250000 0.250000 -1
1 16.000000 0.000000 -8.000000 2.000000 0.500000 -1
1 16.000000 0.000000 -12.000000 2.000000 0.250000 -1
1 12.000000 0.000000 -12.000000 1.750000 0.250000 -1
1 8.000000 0.000000 -16.000000 1.500000 0.000000 -1
1 12.000000 0.000000 -16.000000 1.750000 0.000000 -1
1 8.000000 0.000000 0.000000 1.500000 1.000000 -1
1 12.000000 0.000000 0.000000 1.750000 1.000000 -1
1 8.000000 0.000000 -4.000000 1.500000 0.750000 -1
1 8.000000 0.000000 -8.000000 1.500000 0.500000 -1
1 12.000000 0.000000 -4.000000 1.750000 0.750000 -1
1 -16.000000 0.000000 8.000000 0.000000 1.500000 -1
1 -16.000000 0.000000 12.000000 0.000000 1.750000 -1
1 -12.000000 0.000000 16.000000 0.250000 2.000000 -1
1 -16.000000 0.000000 -12.000000 0.000000 0.250000 -1
1 0.000000 0.000000 8.000000 1.000000 1.500000 -1
1 0.000000 0.000000 4.000000 1.000000 1.250000 -1
1 4.000000 0.000000 0.000000 1.250000 1.000000 -1
1 8.000000 0.000000 4.000000 1.500000 1.250000 -1
1 4.000000 0.000000 4.000000 1.250000 1.250000 -1
1 16.000000 0.000000 4.000000 2.000000 1.250000 -1
1 12.000000 0.000000 4.000000 1.750000 1.250000 -1
1 8.000000 0.000000 0.000000 1.500000 1.000000 -1
1 12.000000 0.000000 4.000000 1.750000 1.250000 -1
1 12.000000 0.000000 0.000000 1.750000 1.000000 -1
1 12.000000 0.000000 0.000000 1.750000 1.000000 -1
1 12.000000 0.000000 4.000000 1.750000 1.250000 -1
1 16.000000 0.000000 4.000000 2.000000 1.250000 -1
1 8.000000 0.000000 8.000000 1.500000 1.500000 -1
1 12.000000 0.000000 8.000000 1.750000 1.500000 -1
1 8.000000 0.000000 4.000000 1.500000 1.250000 -1
1 8.000000 0.000000 0.000000 1.500000 1.000000 -1
1 8.000000 0.000000 4.000000 1.500000 1.250000 -1
1 12.000000 0.000000 4.000000 1.750000 1.250000 -1
1 12.000000 0.000000 4.000000 1.750000 1.250000 -1
1 8.000000 0.000000 4.000000 1.500000 1.250000 -1
1 12.000000 0.000000 8.000000 1.750000 1.500000 -1
1 0.000000 0.000000 8.000000 1.000000 1.500000 -1
1 0.000000 0.000000 12.000000 1.000000 1.750000 -1
1 4.000000 0.000000 12.000000 1.250000 1.750000 -1
1 8.000000 0.000000 16.000000 1.500000 2.000000 -1
1 4.000000 0.000000 12.000000 1.250000 1.750000 -1
1 4.000000 0.000000 16.000000 1.250000 2.000000 -1
1 4.000000 0.000000 16.000000 1.250000 2.000000 -1
1 4.000000 0.000000 12.000000 1.250000 1.750000 -1
1 0.000000 0.000000 12.000000 1.000000 1.750000 -1
1 8.000000 0.000000 8.000000 1.500000 1.500000 -1
1 4.000000 0.000000 4.000000 1.250000 1.250000 -1
1 4.000000 0.000000 8.000000 1.250000 1.500000 -1
1 0.000000 0.000000 8.000000 1.000000 1.500000 -1
1 4.000000 0.000000 8.000000 1.250000 1.500000 -1
1 0.000000 0.000000 4.000000 1.000000 1.250000 -1
1 0.000000 0.000000 4.000000 1.000000 1.250000 -1
1 4.000000 0.000000 8.000000 1.250000 1.500000 -1
1 4.000000 0.000000 4.000000 1.250000 1.250000 -1
1 8.000000 0.000000 12.000000 1.500000 1.750000 -1
1 4.000000 0.000000 12.000000 1.250000 1.750000 -1
1 0.000000 0.000000 8.000000 1.000000 1.500000 -1
1 4.000000 0.000000 12.000000 1.250000 1.750000 -1
1 4.000000 0.000000 8.000000 1.250000 1.500000 -1
1 4.000000 0.000000 8.000000 1.250000 1.500000 -1
1 4.000000 0.000000 12.000000 1.250000 1.750000 -1
1 8.000000 0.000000 12.000000 1.500000 1.750000 -1
1 0.000000 0.000000 -8.000000 1.000000 0.500000 -1
1 0.000000 0.000000 -12.000000 1.000000 0.250000 -1
1 -4.000000 0.000000 -12.000000 0.750000 0.250000 -1
1 -8.000000 0.000000 -16.000000 0.500000 0.000000 -1
1 -4.000000 0.000000 -12.000000 0.750000 0.250000 -1
1 -4.000000 0.000000 -16.000000 0.750000 0.000000 -1
1 -4.000000 0.000000 -16.000000 0.750000 0.000000 -1
1 -4.000000 0.000000 -12.000000 0.750000 0.250000 -1
1 0.000000 0.000000 -12.000000 1.000000 0.250000 -1
1 -8.000000 0.000000 -8.000000 0.500000 0.500000 -1
1 -4.000000 0.000000 -4.000000 0.750000 0.750000 -1
1 -4.000000 0.000000 -8.000000 0.750000 0.500000 -1
1 0.000000 0.000000 -8.000000 1.000000 0.500000 -1
1 -4.000000 0.000000 -8.000000 0.750000 0.500000 -1
1 0.000000 0.000000 -4.000000 1.000000 0.750000 -1
1 0.000000 0.000000 -4.000000 1.000000 0.750000 -1
1 -4.000000 0.000000 -8.000000 0.750000 0.500000 -1
1 -4.000000 0.000000 -4.000000 0.750000 0.750000 -1
1 -8.000000 0.000000 -16.000000 0.500000 0.000000 -1
1 -8.000000 0.000000 -12.000000 0.500000 0.250000 -1
1 -4.000000 0.000000 -12.000000 0.750000 0.250000 -1
1 0.000000 0.000000 -8.000000 1.000000 0.500000 -1
1 -4.000000 0.000000 -12.000000 0.750000 0.250000 -1
1 -4.000000 0.000000 -8.000000 0.750000 0.500000 -1
1 -4.000000 0.000000 -8.000000 0.750000 0.500000 -1
1 -4.000000 0.000000 -12.000000 0.750000 0.250000 -1
1 -8.000000 0.000000 -12.000000 0.500000 0.250000 -1
1 8.000000 0.000000 -8.000000 1.500000 0.500000 -1
1 12.000000 0.000000 -4.000000 1.750000 0.750000 -1
1 12.000000 0.000000 -8.000000 1.750000 0.500000 -1
1 16.000000 0.000000 -8.000000 2.000000 0.500000 -1
1 12.000000 0.000000 -8.000000 1.750000 0.500000 -1
1 16.000000 0.000000 -4.000000 2.000000 0.750000 -1
1 16.000000 0.000000 -4.000000 2.000000 0.750000 -1
1 12.000000 0.000000 -8.000000 1.750000 0.500000 -1
1 12.000000 0.000000 -4.000000 1.750000 0.750000 -1
1 8.000000 0.000000 -16.000000 1.500000 0.000000 -1
1 4.000000 0.000000 -16.000000 1.250000 0.000000 -1
1 8.000000 0.000000 -12.000000 1.500000 0.250000 -1
1 8.000000 0.000000 -8.000000 1.500000 0.500000 -1
1 8.000000 0.000000 -12.000000 1.500000 0.250000 -1
1 4.000000 0.000000 -12.000000 1.250000 0.250000 -1
1 4.000000 0.000000 -12.000000 1.250000 0.250000 -1
1 4.000000 0.000000 -16.000000 1.250000 0.000000 -1
1 16.000000 0.000000 -8.000000 2.000000 0.500000 -1
1 12.000000 0.000000 -12.000000 1.750000 0.250000 -1
1 12.000000 0.000000 -8.000000 1.750000 0.500000 -1
1 12.000000 0.000000 -8.000000 1.750000 0.500000 -1
1 8.000000 0.000000 -12.000000 1.500000 0.250000 -1
1 8.000000 0.000000 -12.000000 1.500000 0.250000 -1
1 12.000000 0.000000 -8.000000 1.750000 0.500000 -1
1 12.000000 0.000000 -12.000000 1.750000 0.250000 -1
1 0.000000 0.000000 -4.000000 1.000000 0.750000 -1
1 4.000000 0.000000 -4.000000 1.250000 0.750000 -1
1 4.000000 0.000000 -4.000000 1.250000 0.750000 -1
1 4.000000 0.000000 0.000000 1.250000 1.000000 -1
1 4.000000 0.000000 0.000000 1.250000 1.000000 -1
1 4.000000 0.000000 -4.000000 1.250000 0.750000 -1
1 0.000000 0.000000 -4.000000 1.000000 0.750000 -1
1 8.000000 0.000000 -8.000000 1.500000 0.500000 -1
1 4.000000 0.000000 -8.000000 1.250000 0.500000 -1
1 0.000000 0.000000 -8.000000 1.000000 0.500000 -1
1 4.000000 0.000000 -8.000000 1.250000 0.500000 -1
1 0.000000 0.000000 -12.000000 1.000000 0.250000 -1
1 0.000000 0.000000 -12.000000 1.000000 0.250000 -1
1 4.000000 0.000000 -8.000000 1.250000 0.500000 -1
1 4.000000 0.000000 -12.000000 1.250000 0.250000 -1
1 8.000000 0.000000 0.000000 1.500000 1.000000 -1
1 8.000000 0.000000 -4.000000 1.500000 0.750000 -1
1 4.000000 0.000000 -4.000000 1.250000 0.750000 -1
1 0.000000 0.000000 -8.000000 1.000000 0.500000 -1
1 4.000000 0.000000 -4.000000 1.250000 0.750000 -1
1 4.000000 0.000000 -8.000000 1.250000 0.500000 -1
1 4.000000 0.000000 -8.000000 1.250000 0.500000 -1
1 4.000000 0.000000 -4.000000 1.250000 0.750000 -1
1 8.000000 0.000000 -4.000000 1.500000 0.750000 -1
1 -8.000000 0.000000 8.000000 0.500000 1.500000 -1
1 -12.000000 0.000000 4.000000 0.250000 1.250000 -1
1 -12.000000 0.000000 8.000000 0.250000 1.500000 -1
1 -16.000000 0.000000 8.000000 0.000000 1.500000 -1
1 -12.000000 0.000000 8.000000 0.250000 1.500000 -1
1 -16.000000 0.000000 4.000000 0.000000 1.250000 -1
1 -16.000000 0.000000 4.000000 0.000000 1.250000 -1
1 -12.000000 0.000000 8.000000 0.250000 1.500000 -1
1 -12.000000 0.000000 4.000000 0.250000 1.250000 -1
1 -4.000000 0.000000 16.000000 0.750000 2.000000 -1
1 -8.000000 0.000000 12.000000 0.500000 1.750000 -1
1 -8.000000 0.000000 8.000000 0.500000 1.500000 -1
1 -8.000000 0.000000 12.000000 0.500000 1.750000 -1
1 -4.000000 0.000000 12.000000 0.750000 1.750000 -1
1 -4.000000 0.000000 12.000000 0.750000 1.750000 -1
1 -8.000000 0.000000 12.000000 0.500000 1.750000 -1
1 -4.000000 0.000000 16.000000 0.750000 2.000000 -1
1 -16.000000 0.000000 8.000000 0.000000 1.500000 -1
1 -12.000000 0.000000 12.000000 0.250000 1.750000 -1
1 -12.000000 0.000000 8.000000 0.250000 1.500000 -1
1 -8.000000 0.000000 8.000000 0.500000 1.500000 -1
1 -12.000000 0.000000 8.000000 0.250000 1.500000 -1
1 -8.000000 0.000000 12.000000 0.500000 1.750000 -1
1 -8.000000 0.000000 12.000000 0.500000 1.750000 -1
1 -12.000000 0.000000 8.000000 0.250000 1.500000 -1
1 -12.000000 0.000000 12.000000 0.250000 1.750000 -1
1 -8.000000 0.000000 0.000000 0.500000 1.000000 -1
1 -4.000000 0.000000 0.000000 0.750000 1.000000 -1
1 -8.000000 0.000000 -4.000000 0.500000 0.750000 -1
1 -8.000000 0.000000 -8.000000 0.500000 0.500000 -1
1 -8.000000 0.000000 -4.000000 0.500000 0.750000 -1
1 -4.000000 0.000000 -4.000000 0.750000 0.750000 -1
1 -8.000000 0.000000 -4.000000 0.500000 0.750000 -1
1 -4.000000 0.000000 0.000000 0.750000 1.000000 -1
1 -16.000000 0.000000 -8.000000 0.000000 0.500000 -1
1 -16.000000 0.000000 -4.000000 0.000000 0.750000 -1
1 -12.000000 0.000000 -4.000000 0.250000 0.750000 -1
1 -8.000000 0.000000 0.000000 0.500000 1.000000 -1
1 -12.000000 0.000000 -4.000000 0.250000 0.750000 -1
1 -12.000000 0.000000 0.000000 0.250000 1.000000 -1
1 -12.000000 0.000000 0.000000 0.250000 1.000000 -1
1 -12.000000 0.000000 -4.000000 0.250000 0.750000 -1
1 -16.000000 0.000000 -4.000000 0.000000 0.750000 -1
1 -8.000000 0.000000 -8.000000 0.500000 0.500000 -1
1 -12.000000 0.000000 -8.000000 0.250000 0.500000 -1
1 -8.000000 0.000000 -4.000000 0.500000 0.750000 -1
1 -8.000000 0.000000 0.000000 0.500000 1.000000 -1
1 -8.000000 0.000000 -4.000000 0.500000 0.750000 -1
1 -12.000000 0.000000 -4.000000 0.250000 0.750000 -1
1 -12.000000 0.000000 -4.000000 0.250000 0.750000 -1
1 -12.000000 0.000000 -8.000000 0.250000 0.500000 -1
1 -8.000000 0.000000 8.000000 0.500000 1.500000 -1
1 -4.000000 0.000000 12.000000 0.750000 1.750000 -1
1 -4.000000 0.000000 8.000000 0.750000 1.500000 -1
1 0.000000 0.000000 8.000000 1.000000 1.500000 -1
1 -4.000000 0.000000 8.000000 0.750000 1.500000 -1
1 0.000000 0.000000 12.000000 1.000000 1.750000 -1
1 0.000000 0.000000 12.000000 1.000000 1.750000 -1
1 -4.000000 0.000000 8.000000 0.750000 1.500000 -1
1 -4.000000 0.000000 12.000000 0.750000 1.750000 -1
1 -8.000000 0.000000 0.000000 0.500000 1.000000 -1
1 -12.000000 0.000000 0.000000 0.250000 1.000000 -1
1 -8.000000 0.000000 4.000000 0.500000 1.250000 -1
1 -8.000000 0.000000 8.000000 0.500000 1.500000 -1
1 -8.000000 0.000000 4.000000 0.500000 1.250000 -1
1 -12.000000 0.000000 4.000000 0.250000 1.250000 -1
1 -8.000000 0.000000 4.000000 0.500000 1.250000 -1
1 -12.000000 0.000000 0.000000 0.250000 1.000000 -1
1 0.000000 0.000000 8.000000 1.000000 1.500000 -1
1 -4.000000 0.000000 4.000000 0.750000 1.250000 -1
1 -4.000000 0.000000 8.000000 0.750000 1.500000 -1
1 -8.000000 0.000000 8.000000 0.500000 1.500000 -1
1 -4.000000 0.000000 8.000000 0.750000 1.500000 -1
1 -8.000000 0.000000 4.000000 0.500000 1.250000 -1
1 -8.000000 0.000000 4.000000 0.500000 1.250000 -1
1 -4.000000 0.000000 8.000000 0.750000 1.500000 -1
1 -4.000000 0.000000 4.000000 0.750000 1.250000 -1
1
0.000000 1.000000 0.000000
128
1 0 1 2 0 0 0 1
1 3 4 5 0 0 0 1
1 6 7 8 0 0 0 1
1 9 10 11 0 0 0 1
1 12 13 14 0 0 0 1
1 15 16 17 0 0 0 1
1 18 19 20 0 0 0 1
1 21 22 23 0 0 0 1
1 24 25 26 0 0 0 1
1 27 28 29 0 0 0 1
1 30 31 32 0 0 0 1
1 33 34 35 0 0 0 1
1 36 37 38 0 0 0 1
1 39 40 41 0 0 0 1
1 42 43 44 0 0 0 1
1 45 46 47 0 0 0 1
1 48 49 50 0 0 0 1
1 51 52 53 0 0 0 1
1 54 55 56 0 0 0 1
1 57 58 59 0 0 0 1
1 60 61 62 0 0 0 1
1 63 64 65 0 0 0 1
1 66 67 68 0 0 0 1
1 69 70 71 0 0 0 1
1 72 73 74 0 0 0 1
1 75 76 77 0 0 0 1
1 24 78 79 0 0 0 1
1 69 80 81 0 0 0 1
1 82 83 84 0 0 0 1
1 72 85 73 0 0 0 1
1 69 71 80 0 0 0 1
1 86 87 88 0 0 0 1
1 89 90 91 0 0 0 1
1 92 91 93 0 0 0 1
1 93 91 90 0 0 0 1
1 94 95 96 0 0 0 1
1 89 96 90 0 0 0 1
1 90 96 95 0 0 0 1
1 97 98 99 0 0 0 1
1 100 99 101 0 0 0 1
1 101 99 98 0 0 0 1
1 102 103 104 0 0 0 1
1 105 104 106 0 0 0 1
1 106 104 103 0 0 0 1
1 107 108 109 0 0 0 1
1 110 109 111 0 0 0 1
1 111 109 108 0 0 0 1
1 112 113 77 0 0 0 1
1 75 77 114 0 0 0 1
1 114 77 113 0 0 0 1
1 100 101 84 0 0 0 1
1 82 84 115 0 0 0 1
1 115 84 101 0 0 0 1
1 116 117 88 0 0 0 1
1 86 88 79 0 0 0 1
1 79 88 117 0 0 0 1
1 107 118 119 0 0 0 1
1 89 119 120 0 0 0 1
1 120 119 118 0 0 0 1
1 92 121 122 0 0 0 1
1 123 124 125 0 0 0 1
1 126 127 128 0 0 0 1
1 129 130 131 0 0 0 1
1 132 133 134 0 0 0 1
1 135 136 137 0 0 0 1
1 138 139 140 0 0 0 1
1 141 142 143 0 0 0 1
1 144 145 146 0 0 0 1
1 147 148 149 0 0 0 1
1 150 151 152 0 0 0 1
1 153 154 155 0 0 0 1
1 94 156 157 0 0 0 1
1 158 159 160 0 0 0 1
1 161 162 163 0 0 0 1
1 164 165 166 0 0 0 1
1 167 168 169 0 0 0 1
1 170 171 172 0 0 0 1
1 173 174 175 0 0 0 1
1 176 177 178 0 0 0 1
1 179 180 181 0 0 0 1
1 182 183 184 0 0 0 1
1 185 186 187 0 0 0 1
1 188 189 190 0 0 0 1
1 191 192 193 0 0 0 1
1 194 195 196 0 0 0 1
1 197 198 199 0 0 0 1
1 200 201 202 0 0 0 1
1 203 204 205 0 0 0 1
1 206 204 207 0 0 0 1
1 208 209 210 0 0 0 1
1 110 211 212 0 0 0 1
1 213 214 215 0 0 0 1
1 185 216 217 0 0 0 1
1 107 218 219 0 0 0 1
1 220 221 222 0 0 0 1
1 223 206 224 0 0 0 1
1 225 226 227 0 0 0 1
1 228 229 230 0 0 0 1
1 231 232 233 0 0 0 1
1 234 235 236 0 0 0 1
1 237 238 239 0 0 0 1
1 240 241 242 0 0 0 1
1 243 244 245 0 0 0 1
1 246 247 248 0 0 0 1
1 75 249 250 0 0 0 1
1 251 252 253 0 0 0 1
1 254 255 256 0 0 0 1
1 257 258 259 0 0 0 1
1 260 261 262 0 0 0 1
1 263 264 265 0 0 0 1
1 266 267 268 0 0 0 1
1 269 270 271 0 0 0 1
1 78 272 273 0 0 0 1
1 274 275 276 0 0 0 1
1 277 278 279 0 0 0 1
1 280 281 282 0 0 0 1
1 283 284 285 0 0 0 1
1 286 287 288 0 0 0 1
1 289 285 290 0 0 0 1
1 291 292 293 0 0 0 1
1 294 295 296 0 0 0 1
1 297 298 299 0 0 0 1
1 300 301 302 0 0 0 1
1 303 304 305 0 0 0 1
1 71 306 307 0 0 0 1
1 308 309 310 0 0 0 1
1 311 312 313 0 0 0 1
1 314 315 316 0 0 0 1

Materials: 1
"Material01"
0.200000 0.200000 0.200000 1.000000
0.800000 0.800000 0.800000 1.000000
0.000000 0.000000 0.000000 1.000000
0.000000 0.000000 0.000000 1.000000
0.000000
1.000000
"..\Image\grass01.tga"
""

Bones: 0
GroupComments: 0
MaterialComments: 0
BoneComments: 0
ModelComment: 0
