// MilkShape 3D ASCII

Frames: 30
Frame: 1

Meshes: 1
"0_Round" 0 0
25
0 16.200001 0.000000 16.200001 4.000000 4.000000 -1
0 16.200001 0.000000 11.331819 4.000000 3.000000 -1
0 8.100000 0.000000 11.331819 3.000000 3.000000 -1
0 8.100000 0.000000 16.200001 3.000000 4.000000 -1
0 -16.200001 0.000000 -3.272727 0.000000 0.000000 -1
0 -8.100000 0.000000 1.595454 1.000000 1.000000 -1
0 -8.100000 0.000000 -3.272727 1.000000 0.000000 -1
0 16.200001 0.000000 -3.272727 4.000000 0.000000 -1
0 8.100000 0.000000 -3.272727 3.000000 0.000000 -1
0 16.200001 0.000000 1.595454 4.000000 1.000000 -1
0 16.200001 0.000000 6.463636 4.000000 2.000000 -1
0 8.100000 0.000000 1.595454 3.000000 1.000000 -1
0 8.100000 0.000000 6.463636 3.000000 2.000000 -1
0 -16.200001 0.000000 16.200001 0.000000 4.000000 -1
0 -8.100000 0.000000 16.200001 1.000000 4.000000 -1
0 -16.200001 0.000000 11.331819 0.000000 3.000000 -1
0 -16.200001 0.000000 1.595454 0.000000 1.000000 -1
0 0.000000 0.000000 6.463636 2.000000 2.000000 -1
0 -8.100000 0.000000 6.463636 1.000000 2.000000 -1
0 0.000000 0.000000 11.331819 2.000000 3.000000 -1
0 0.000000 0.000000 16.200001 2.000000 4.000000 -1
0 0.000000 0.000000 -3.272727 2.000000 0.000000 -1
0 0.000000 0.000000 1.595454 2.000000 1.000000 -1
0 -16.200001 0.000000 6.463636 0.000000 2.000000 -1
0 -8.100000 0.000000 11.331819 1.000000 3.000000 -1
1
0.000000 1.000000 0.000000
32
0 0 1 2 0 0 0 1
0 0 2 3 0 0 0 1
0 4 5 6 0 0 0 1
0 7 8 9 0 0 0 1
0 10 11 12 0 0 0 1
0 13 14 15 0 0 0 1
0 4 16 5 0 0 0 1
0 17 18 19 0 0 0 1
0 17 2 12 0 0 0 1
0 10 12 1 0 0 0 1
0 1 12 2 0 0 0 1
0 20 3 19 0 0 0 1
0 17 19 2 0 0 0 1
0 2 19 3 0 0 0 1
0 21 6 22 0 0 0 1
0 17 22 5 0 0 0 1
0 5 22 6 0 0 0 1
0 10 9 11 0 0 0 1
0 21 11 8 0 0 0 1
0 8 11 9 0 0 0 1
0 17 12 22 0 0 0 1
0 21 22 11 0 0 0 1
0 11 22 12 0 0 0 1
0 23 15 24 0 0 0 1
0 20 24 14 0 0 0 1
0 14 24 15 0 0 0 1
0 17 5 18 0 0 0 1
0 23 18 16 0 0 0 1
0 16 18 5 0 0 0 1
0 20 19 24 0 0 0 1
0 23 24 18 0 0 0 1
0 18 24 19 0 0 0 1

Materials: 1
"Grass"
0.200000 0.200000 0.200000 1.000000
0.800000 0.800000 0.800000 1.000000
0.000000 0.000000 0.000000 1.000000
0.000000 0.000000 0.000000 1.000000
0.000000
1.000000
"..\Image\grass.tga"
""

Bones: 0
GroupComments: 0
MaterialComments: 0
BoneComments: 0
ModelComment: 0
