// MilkShape 3D ASCII

Frames: 30
Frame: 1

Meshes: 1
"Regroup00" 0 0
42
0 0.249998 -8.000000 0.000000 0.958088 0.350442 -1
0 0.249998 -6.928204 4.000000 0.958088 0.369429 -1
0 8.249998 -0.000000 0.000000 0.940262 0.537456 -1
0 40.250000 -8.000002 0.000000 0.065329 0.244171 -1
0 42.750000 -0.000002 0.000000 0.030491 0.385888 -1
0 40.250000 -6.928205 4.000000 0.065329 0.263157 -1
0 0.249998 -4.000000 6.928192 0.958088 0.421301 -1
0 40.250000 -4.000002 6.928192 0.065329 0.315030 -1
0 0.249998 -0.000000 8.000000 0.958088 0.492160 -1
0 40.250000 -0.000002 8.000000 0.065329 0.385888 -1
0 0.249998 4.000000 6.928192 0.958088 0.563019 -1
0 40.250000 3.999998 6.928192 0.065329 0.456748 -1
0 0.249998 6.928204 4.000000 0.958088 0.614892 -1
0 40.250000 6.928202 4.000000 0.065329 0.508620 -1
0 0.249998 8.000000 0.000000 0.958088 0.633878 -1
0 40.250000 7.999998 0.000000 0.065329 0.527607 -1
0 0.249998 6.928204 -4.000000 0.958088 0.614892 -1
0 40.250000 6.928202 -4.000000 0.065329 0.508620 -1
0 0.249998 4.000000 -6.928223 0.958088 0.563019 -1
0 40.250000 3.999998 -6.928223 0.065329 0.456748 -1
0 0.249998 -0.000000 -8.000000 0.958088 0.492160 -1
0 40.250000 -0.000002 -8.000000 0.065329 0.385888 -1
0 0.249998 -4.000000 -6.928223 0.958088 0.421301 -1
0 40.250000 -4.000002 -6.928223 0.065329 0.315030 -1
0 0.249998 -6.928204 -4.000000 0.958088 0.369429 -1
0 40.250000 -6.928205 -4.000000 0.065329 0.263157 -1
0 0.250000 -7.750000 1.375000 0.958088 0.354871 -1
0 0.250000 -7.750000 -1.375000 0.958088 0.354871 -1
0 0.749999 -16.250000 1.375000 0.951121 0.204295 -1
0 0.749999 -16.250000 -1.375000 0.951121 0.204295 -1
0 5.250000 -16.000000 1.375000 0.888412 0.208724 -1
0 5.250000 -16.000000 -1.375000 0.888412 0.208724 -1
0 17.000000 -7.750001 1.375000 0.901913 0.410620 -1
0 17.000000 -7.750001 -1.375000 0.901913 0.410620 -1
0 0.750001 16.250000 1.375000 0.951121 0.780025 -1
0 0.250000 7.750000 -1.375000 0.958088 0.629450 -1
0 0.250000 7.750000 1.375000 0.958088 0.629450 -1
0 0.750001 16.250000 -1.375000 0.951121 0.780025 -1
0 5.250000 16.000000 1.375000 0.888412 0.775596 -1
0 5.250000 16.000000 -1.375000 0.888412 0.775596 -1
0 17.000000 7.749999 1.375000 0.901913 0.685199 -1
0 17.000000 7.749999 -1.375000 0.901913 0.685199 -1
68
-0.707107 0.707107 0.000000
-0.707107 0.612372 -0.353554
-1.000000 0.000000 -0.000001
0.954480 -0.298275 0.000000
1.000000 -0.000000 0.000000
0.954480 -0.258314 0.149138
-0.000000 -1.000000 0.000000
-0.000000 -0.866025 0.500001
-0.000000 -0.866025 0.500001
-0.707106 0.353554 -0.612373
0.954480 -0.149138 0.258314
-0.000000 -0.500000 0.866025
-0.000000 -0.500000 0.866025
-0.707107 0.000000 -0.707107
0.954480 0.000000 0.298275
-0.000000 0.000000 1.000000
0.000000 0.000000 1.000000
-0.707106 -0.353554 -0.612373
0.954480 0.149138 0.258314
0.000000 0.500000 0.866025
0.000000 0.500000 0.866025
-0.707107 -0.612372 -0.353554
0.954480 0.258314 0.149138
0.000000 0.866025 0.500001
0.000000 0.866025 0.500001
-0.707107 -0.707107 0.000000
0.954480 0.298275 0.000000
0.000000 1.000000 0.000000
-0.707107 -0.612373 0.353552
0.954480 0.258314 -0.149137
0.000000 0.866026 -0.499999
0.000000 0.866026 -0.499999
-0.707108 -0.353553 0.612372
0.954480 0.149137 -0.258313
0.000000 0.499999 -0.866026
0.000000 0.499999 -0.866026
-0.707107 0.000000 0.707107
0.954480 0.000000 -0.298275
-0.000000 0.000000 -1.000000
0.000000 0.000000 -1.000000
-0.707108 0.353553 0.612372
0.954480 -0.149137 -0.258313
-0.000000 -0.499999 -0.866026
-0.000000 -0.499999 -0.866026
-0.707107 0.612373 0.353552
0.954480 -0.258314 -0.149137
-0.000000 -0.866026 -0.499999
-0.000000 -0.866026 -0.499999
-0.998274 -0.058722 0.000000
0.055470 -0.998460 0.000000
0.574630 -0.818413 0.000000
0.000000 1.000000 0.000000
-0.000000 0.000000 1.000000
-0.000000 0.000000 1.000000
-0.000000 -0.000000 1.000000
0.000000 0.000000 -1.000000
0.000000 -0.000000 -1.000000
0.000000 -0.000000 -1.000000
-0.998274 0.058722 0.000000
0.055470 0.998460 0.000000
0.574630 0.818413 0.000000
-0.000000 -1.000000 0.000000
-0.000000 -0.000000 1.000000
-0.000000 -0.000000 1.000000
-0.000000 0.000000 1.000000
0.000000 0.000000 -1.000000
0.000000 -0.000000 -1.000000
0.000000 0.000000 -1.000000
72
1 0 1 2 0 1 2 2
1 3 4 5 3 4 5 2
1 0 3 1 6 6 7 1
1 3 5 1 6 8 7 1
1 1 6 2 1 9 2 2
1 5 4 7 5 4 10 2
1 1 5 7 7 8 11 1
1 1 7 6 7 11 12 1
1 6 8 2 9 13 2 2
1 7 4 9 10 4 14 2
1 6 7 8 12 11 15 1
1 7 9 8 11 16 15 1
1 8 10 2 13 17 2 2
1 9 4 11 14 4 18 2
1 8 9 11 15 16 19 1
1 8 11 10 15 19 20 1
1 10 12 2 17 21 2 2
1 11 4 13 18 4 22 2
1 10 11 12 20 19 23 1
1 11 13 12 19 24 23 1
1 12 14 2 21 25 2 2
1 13 4 15 22 4 26 2
1 12 13 15 23 24 27 1
1 12 15 14 23 27 27 1
1 14 16 2 25 28 2 2
1 15 4 17 26 4 29 2
1 14 15 16 27 27 30 1
1 15 17 16 27 31 30 1
1 16 18 2 28 32 2 2
1 17 4 19 29 4 33 2
1 16 17 19 30 31 34 1
1 16 19 18 30 34 35 1
1 18 20 2 32 36 2 2
1 19 4 21 33 4 37 2
1 18 19 20 35 34 38 1
1 19 21 20 34 39 38 1
1 20 22 2 36 40 2 2
1 21 4 23 37 4 41 2
1 20 21 23 38 39 42 1
1 20 23 22 38 42 43 1
1 22 24 2 40 44 2 2
1 23 4 25 41 4 45 2
1 22 23 24 43 42 46 1
1 23 25 24 42 47 46 1
1 24 0 2 44 0 2 2
1 25 4 3 45 4 3 2
1 24 25 3 46 47 6 1
1 24 3 0 46 6 6 1
1 26 27 28 48 48 48 1
1 27 29 28 48 48 48 1
1 28 29 30 49 49 49 2
1 29 31 30 49 49 49 2
1 30 31 32 50 50 50 1
1 31 33 32 50 50 50 1
1 32 33 26 51 51 51 2
1 33 27 26 51 51 51 2
1 32 26 30 52 53 53 3
1 26 28 30 53 54 53 3
1 27 33 29 55 56 56 3
1 33 31 29 56 57 56 3
1 34 35 36 58 58 58 1
1 34 37 35 58 58 58 1
1 38 37 34 59 59 59 2
1 38 39 37 59 59 59 2
1 40 39 38 60 60 60 1
1 40 41 39 60 60 60 1
1 36 41 40 61 61 61 2
1 36 35 41 61 61 61 2
1 38 36 40 62 62 63 3
1 38 34 36 62 64 62 3
1 37 41 35 65 65 66 3
1 37 39 41 65 67 65 3

Materials: 1
"Material02"
0.200000 0.200000 0.200000 1.000000
0.800000 0.800000 0.800000 1.000000
0.000000 0.000000 0.000000 1.000000
0.000000 0.000000 0.000000 1.000000
0.000000
1.000000
"HE610A.tga"
""

Bones: 0
GroupComments: 0
MaterialComments: 0
BoneComments: 0
ModelComment: 0
