// MilkShape 3D ASCII

Frames: 30
Frame: 1

Meshes: 4
"1_Blz" 0 0
34
0 -6.000000 30.000000 2.000000 0.937500 3.000000 -1
32 -6.000000 0.000000 2.000000 0.937500 0.000000 -1
0 -6.000000 0.000000 4.000000 0.937500 0.000000 -1
0 -6.000000 30.000000 4.000000 0.937500 3.000000 -1
0 6.000000 0.000000 4.000000 2.062500 0.000000 -1
0 6.000000 30.000000 4.000000 2.062500 3.000000 -1
32 6.000000 0.000000 2.000000 2.062500 0.000000 -1
0 6.000000 30.000000 2.000000 2.062500 3.000000 -1
0 -13.000000 30.000000 0.000000 0.281250 3.000000 -1
32 -13.000000 0.000000 0.000000 0.281250 0.000000 -1
0 -13.000000 0.000000 2.000000 0.281250 0.000000 -1
0 -13.000000 30.000000 2.000000 0.281250 3.000000 -1
0 13.000000 0.000000 2.000000 2.718750 0.000000 -1
0 13.000000 30.000000 2.000000 2.718750 3.000000 -1
32 13.000000 0.000000 0.000000 2.718750 0.000000 -1
0 13.000000 30.000000 0.000000 2.718750 3.000000 -1
0 16.000000 0.000000 0.000000 3.000000 0.000000 -1
0 16.000000 30.000000 0.000000 3.000000 3.000000 -1
0 16.000000 0.000000 -13.000000 3.000000 0.000000 -1
0 16.000000 30.000000 -13.000000 3.000000 3.000000 -1
32 13.000000 0.000000 -13.000000 2.718750 0.000000 -1
0 13.000000 30.000000 -13.000000 2.718750 3.000000 -1
0 -16.000000 30.000000 -13.000000 0.000000 3.000000 -1
0 -16.000000 0.000000 -13.000000 0.000000 0.000000 -1
0 -16.000000 0.000000 0.000000 0.000000 0.000000 -1
0 -16.000000 30.000000 0.000000 0.000000 3.000000 -1
0 -13.000000 30.000000 -13.000000 0.281250 3.000000 -1
32 -13.000000 0.000000 -13.000000 0.281250 0.000000 -1
0 -13.000000 30.000000 -16.000000 0.281250 3.000000 -1
0 -13.000000 0.000000 -16.000000 0.281250 0.000000 -1
0 13.000000 0.000000 -16.000000 2.718750 0.000000 -1
0 13.000000 30.000000 -16.000000 2.718750 3.000000 -1
32 -6.000000 30.000000 0.000000 0.937500 3.000000 -1
32 6.000000 30.000000 0.000000 2.062500 3.000000 -1
9
-0.894427 0.000000 0.447214
-0.447214 0.000000 0.894427
0.447214 0.000000 0.894427
0.894427 0.000000 0.447214
0.894427 0.000000 -0.447214
0.447214 0.000000 -0.894427
-0.894427 0.000000 -0.447214
-0.447214 0.000000 -0.894427
0.000000 1.000000 0.000000
38
0 0 1 2 0 1 0 2
0 0 2 3 0 0 1 2
0 3 2 4 1 0 2 2
0 3 4 5 1 2 3 2
0 5 4 6 3 2 3 2
0 5 6 7 3 3 2 2
0 8 9 10 0 1 0 2
0 8 10 11 0 0 1 2
0 11 10 1 1 0 1 2
0 11 1 0 1 1 0 2
0 7 6 12 2 3 2 2
0 7 12 13 2 2 3 2
0 13 12 14 3 2 3 2
0 13 14 15 3 3 2 2
0 15 14 16 2 3 2 2
0 15 16 17 2 2 3 2
0 17 16 18 3 2 4 2
0 17 18 19 3 4 5 2
0 19 18 20 5 4 5 2
0 19 20 21 5 5 4 2
0 22 23 24 6 7 0 2
0 22 24 25 6 0 1 2
0 25 24 9 1 0 1 2
0 25 9 8 1 1 0 2
0 26 27 23 7 6 7 2
0 26 23 22 7 7 6 2
0 28 29 27 6 7 6 2
0 28 27 26 6 6 7 2
0 21 20 30 4 5 4 2
0 21 30 31 4 4 5 2
0 31 30 29 5 4 7 2
0 31 29 28 5 7 6 2
0 32 8 0 8 8 8 1
0 0 8 11 8 8 8 1
0 13 15 33 8 8 8 1
0 7 13 33 8 8 8 1
0 31 28 26 8 8 8 1
0 31 26 21 8 8 8 1
"1_Blz_Windows" 0 2
24
0 -2.165087 2.342041 4.168371 0.000000 0.000000 -1
0 2.165088 2.342041 4.168371 0.000000 0.000000 -1
0 -2.165087 10.508739 4.168371 0.000000 0.000000 -1
0 2.165088 10.508739 4.168371 0.000000 0.000000 -1
0 -1.611665 22.390507 4.211382 0.000000 0.000000 -1
0 1.278330 22.390507 4.211382 0.000000 0.000000 -1
0 -1.611665 27.569813 4.211382 0.000000 0.000000 -1
0 1.278330 27.569813 4.211382 0.000000 0.000000 -1
0 7.971668 22.334951 2.211382 0.000000 0.000000 -1
0 10.861663 22.334951 2.211382 0.000000 0.000000 -1
0 7.971668 27.514257 2.211382 0.000000 0.000000 -1
0 10.861663 27.514257 2.211382 0.000000 0.000000 -1
0 -11.028332 22.612730 2.211382 0.000000 0.000000 -1
0 -8.138337 22.612730 2.211382 0.000000 0.000000 -1
0 -11.028332 27.792036 2.211382 0.000000 0.000000 -1
0 -8.138337 27.792036 2.211382 0.000000 0.000000 -1
0 7.971668 10.279396 2.211382 0.000000 0.000000 -1
0 10.861663 10.279396 2.211382 0.000000 0.000000 -1
0 7.971668 15.458702 2.211382 0.000000 0.000000 -1
0 10.861663 15.458702 2.211382 0.000000 0.000000 -1
0 -11.028332 10.279396 2.211382 0.000000 0.000000 -1
0 -8.138337 10.279396 2.211382 0.000000 0.000000 -1
0 -11.028332 15.458702 2.211382 0.000000 0.000000 -1
0 -8.138337 15.458702 2.211382 0.000000 0.000000 -1
1
0.000000 0.000000 1.000000
12
0 0 1 2 0 0 0 1
0 2 1 3 0 0 0 1
0 4 5 6 0 0 0 1
0 6 5 7 0 0 0 1
0 8 9 10 0 0 0 1
0 10 9 11 0 0 0 1
0 12 13 14 0 0 0 1
0 14 13 15 0 0 0 1
0 16 17 18 0 0 0 1
0 18 17 19 0 0 0 1
0 20 21 22 0 0 0 1
0 22 21 23 0 0 0 1
"1_Blz_Frame" 0 1
320
0 -0.000000 15.059511 5.977674 0.000000 0.000000 -1
0 -1.082544 15.059511 5.977674 0.000000 0.000000 -1
0 -0.000000 13.941783 5.977674 0.000000 0.000000 -1
0 -1.082544 13.941783 5.977674 0.000000 0.000000 -1
0 -2.165087 13.255952 5.977674 0.000000 0.000000 -1
0 -2.165087 14.373683 5.977674 0.000000 0.000000 -1
0 -3.247631 12.824042 5.977674 0.000000 0.000000 -1
0 -3.247631 11.706308 5.977674 0.000000 0.000000 -1
0 -4.330175 10.588572 5.977674 0.000000 0.000000 -1
0 -4.330175 9.470835 5.977674 0.000000 0.000000 -1
0 1.082543 15.059511 5.977674 0.000000 0.000000 -1
0 1.082543 13.941783 5.977674 0.000000 0.000000 -1
0 2.165088 14.373683 5.977674 0.000000 0.000000 -1
0 2.165088 13.255952 5.977674 0.000000 0.000000 -1
0 3.247631 12.824042 5.977674 0.000000 0.000000 -1
0 3.247631 11.706308 5.977674 0.000000 0.000000 -1
0 4.330175 10.588572 5.977674 0.000000 0.000000 -1
0 4.330175 9.470835 5.977674 0.000000 0.000000 -1
0 -0.000000 15.059511 3.764007 0.000000 0.000000 -1
0 -1.082544 15.059511 3.764007 0.000000 0.000000 -1
0 -0.000000 13.941783 3.764007 0.000000 0.000000 -1
0 -1.082544 13.941783 3.764007 0.000000 0.000000 -1
0 -2.165087 13.255963 3.764007 0.000000 0.000000 -1
0 -2.165087 14.373706 3.764007 0.000000 0.000000 -1
0 -3.247631 12.824042 3.764007 0.000000 0.000000 -1
0 -3.247631 11.706308 3.764007 0.000000 0.000000 -1
0 -4.330175 10.588572 3.764007 0.000000 0.000000 -1
0 -4.330175 9.470835 3.764007 0.000000 0.000000 -1
0 1.082543 15.059511 3.764007 0.000000 0.000000 -1
0 1.082543 13.941783 3.764007 0.000000 0.000000 -1
0 2.165088 13.255963 3.764007 0.000000 0.000000 -1
0 2.165088 14.373706 3.764007 0.000000 0.000000 -1
0 3.247631 12.824042 3.764007 0.000000 0.000000 -1
0 3.247631 11.706308 3.764007 0.000000 0.000000 -1
0 4.330175 10.588572 3.764007 0.000000 0.000000 -1
0 4.330175 9.470835 3.764007 0.000000 0.000000 -1
0 4.330175 4.417836 5.996682 0.000000 0.000000 -1
0 3.788903 4.417836 5.996682 0.000000 0.000000 -1
0 3.788903 1.064627 5.996682 0.000000 0.000000 -1
0 4.330175 -0.053109 7.996682 0.000000 0.000000 -1
0 -3.788903 1.064627 5.996682 0.000000 0.000000 -1
0 -4.330175 -0.053109 7.996682 0.000000 0.000000 -1
0 -3.788903 4.417836 5.996682 0.000000 0.000000 -1
0 -4.330175 4.417836 5.996682 0.000000 0.000000 -1
0 4.330175 4.417836 5.996657 0.000000 0.000000 -1
0 4.330175 4.417836 3.764007 0.000000 0.000000 -1
0 3.788903 4.417836 3.764007 0.000000 0.000000 -1
0 3.788903 4.417836 5.996657 0.000000 0.000000 -1
0 3.788903 1.064627 3.764007 0.000000 0.000000 -1
0 3.788903 1.064627 5.996657 0.000000 0.000000 -1
0 4.330175 -0.053109 7.996657 0.000000 0.000000 -1
0 4.330175 -0.053109 3.764007 0.000000 0.000000 -1
0 -3.788903 1.064627 3.764007 0.000000 0.000000 -1
0 -3.788903 1.064627 5.996657 0.000000 0.000000 -1
0 -4.330175 -0.053109 7.996657 0.000000 0.000000 -1
0 -4.330175 -0.053109 3.764007 0.000000 0.000000 -1
0 -3.788903 4.417836 3.764007 0.000000 0.000000 -1
0 -3.788903 4.417836 5.996657 0.000000 0.000000 -1
0 -4.330175 4.417836 3.764007 0.000000 0.000000 -1
0 -4.330175 4.417836 5.996657 0.000000 0.000000 -1
0 -3.788903 4.417836 5.059549 0.000000 1.000000 -1
0 -3.788903 9.470835 5.059549 0.000000 0.000000 -1
0 -3.868171 4.417836 5.413102 0.125000 1.000000 -1
0 -3.868171 9.470835 5.413102 0.125000 0.000000 -1
0 -4.059539 9.470835 5.559548 0.250000 0.000000 -1
0 -4.059539 4.417836 5.559548 0.250000 1.000000 -1
0 -4.250907 4.417836 5.413102 0.375000 1.000000 -1
0 -4.250907 9.470835 5.413102 0.375000 0.000000 -1
0 -4.330175 9.470835 5.059549 0.500000 0.000000 -1
0 -4.330175 4.417836 5.059549 0.500000 1.000000 -1
0 -4.250907 4.417836 4.705997 0.625000 1.000000 -1
0 -4.250907 9.470835 4.705997 0.625000 0.000000 -1
0 -4.059539 9.470835 4.559551 0.750000 0.000000 -1
0 -4.059539 4.417836 4.559551 0.750000 1.000000 -1
0 -3.868171 4.417836 4.705997 0.875000 1.000000 -1
0 -3.868171 9.470835 4.705997 0.875000 0.000000 -1
0 -3.788903 9.470835 5.059549 1.000000 0.000000 -1
0 -3.788903 4.417836 5.059549 1.000000 1.000000 -1
0 4.330175 4.417836 5.059549 0.000000 1.000000 -1
0 4.330175 9.470835 5.059549 0.000000 0.000000 -1
0 4.250907 4.417836 5.413102 0.125000 1.000000 -1
0 4.250907 9.470835 5.413102 0.125000 0.000000 -1
0 4.059539 9.470835 5.559548 0.250000 0.000000 -1
0 4.059539 4.417836 5.559548 0.250000 1.000000 -1
0 3.868171 4.417836 5.413102 0.375000 1.000000 -1
0 3.868171 9.470835 5.413102 0.375000 0.000000 -1
0 3.788903 9.470835 5.059549 0.500000 0.000000 -1
0 3.788903 4.417836 5.059549 0.500000 1.000000 -1
0 3.868171 4.417836 4.705997 0.625000 1.000000 -1
0 3.868171 9.470835 4.705997 0.625000 0.000000 -1
0 4.059539 9.470835 4.559551 0.750000 0.000000 -1
0 4.059539 4.417836 4.559551 0.750000 1.000000 -1
0 4.250907 4.417836 4.705997 0.875000 1.000000 -1
0 4.250907 9.470835 4.705997 0.875000 0.000000 -1
0 4.330175 9.470835 5.059549 1.000000 0.000000 -1
0 4.330175 4.417836 5.059549 1.000000 1.000000 -1
0 -4.330175 9.470835 5.290322 0.000000 0.000000 -1
0 -4.330175 4.417836 5.290322 0.000000 1.000000 -1
0 -3.788903 9.470835 5.290322 1.000000 0.000000 -1
0 -3.788903 4.417836 5.290322 1.000000 1.000000 -1
0 -3.788903 9.470835 5.290322 0.000000 0.000000 -1
0 -3.788903 4.417836 5.290322 0.000000 1.000000 -1
0 -3.788903 9.470835 4.290322 1.000000 0.000000 -1
0 -3.788903 4.417836 4.290322 1.000000 1.000000 -1
0 -4.330175 9.470835 4.290322 0.000000 0.000000 -1
0 -4.330175 4.417836 4.290322 0.000000 1.000000 -1
0 -4.330175 9.470835 5.290322 1.000000 0.000000 -1
0 -4.330175 4.417836 5.290322 1.000000 1.000000 -1
0 -4.330175 9.470835 5.290322 0.000000 1.000000 -1
0 -3.788903 9.470835 5.290322 1.000000 1.000000 -1
0 -4.330175 4.417836 5.290322 0.000000 0.000000 -1
0 -3.788903 4.417836 5.290322 1.000000 0.000000 -1
0 3.788903 9.470835 5.290322 0.000000 0.000000 -1
0 3.788903 4.417836 5.290322 0.000000 1.000000 -1
0 4.330175 9.470835 5.290322 1.000000 0.000000 -1
0 4.330175 4.417836 5.290322 1.000000 1.000000 -1
0 4.330175 9.470835 5.290322 0.000000 0.000000 -1
0 4.330175 4.417836 5.290322 0.000000 1.000000 -1
0 4.330175 9.470835 4.290322 1.000000 0.000000 -1
0 4.330175 4.417836 4.290322 1.000000 1.000000 -1
0 3.788903 9.470835 4.290322 0.000000 0.000000 -1
0 3.788903 4.417836 4.290322 0.000000 1.000000 -1
0 3.788903 9.470835 5.290322 1.000000 0.000000 -1
0 3.788903 4.417836 5.290322 1.000000 1.000000 -1
0 3.788903 9.470835 5.290322 0.000000 1.000000 -1
0 4.330175 9.470835 5.290322 1.000000 1.000000 -1
0 3.788903 4.417836 5.290322 0.000000 0.000000 -1
0 4.330175 4.417836 5.290322 1.000000 0.000000 -1
0 -2.165087 10.508739 4.704957 0.000000 0.000000 -1
0 2.165088 10.508739 4.704957 0.000000 0.000000 -1
0 2.706360 11.626469 4.704957 0.000000 0.000000 -1
0 -2.706360 11.626469 4.704957 0.000000 0.000000 -1
0 2.165088 2.342041 4.704957 0.000000 0.000000 -1
0 2.706360 1.224303 4.704957 0.000000 0.000000 -1
0 -2.706360 1.224303 4.704957 0.000000 0.000000 -1
0 -2.165087 2.342041 4.704957 0.000000 0.000000 -1
0 -2.165087 10.508739 4.168371 0.000000 0.000000 -1
0 2.165088 10.508739 4.168371 0.000000 0.000000 -1
0 2.706360 11.626469 3.704957 0.000000 0.000000 -1
0 -2.706360 11.626469 3.704957 0.000000 0.000000 -1
0 2.165088 2.342041 4.168371 0.000000 0.000000 -1
0 2.706360 1.224303 3.704957 0.000000 0.000000 -1
0 -2.706360 1.224303 3.704957 0.000000 0.000000 -1
0 -2.165087 2.342041 4.168371 0.000000 0.000000 -1
0 -1.611665 27.569813 4.747968 0.000000 0.000000 -1
0 1.278330 27.569813 4.747968 0.000000 0.000000 -1
0 1.639579 28.050014 4.747968 0.000000 0.000000 -1
0 -1.972913 28.050014 4.747968 0.000000 0.000000 -1
0 1.278330 22.390507 4.747968 0.000000 0.000000 -1
0 1.639579 21.910313 4.747968 0.000000 0.000000 -1
0 -1.972913 21.910313 4.747968 0.000000 0.000000 -1
0 -1.611665 22.390507 4.747968 0.000000 0.000000 -1
0 -1.611665 27.569813 4.211382 0.000000 0.000000 -1
0 1.278330 27.569813 4.211382 0.000000 0.000000 -1
0 1.639579 28.050014 3.747968 0.000000 0.000000 -1
0 -1.972913 28.050014 3.747968 0.000000 0.000000 -1
0 1.278330 22.390507 4.211382 0.000000 0.000000 -1
0 1.639579 21.910313 3.747968 0.000000 0.000000 -1
0 -1.972913 21.910313 3.747968 0.000000 0.000000 -1
0 -1.611665 22.390507 4.211382 0.000000 0.000000 -1
0 7.971668 27.514257 2.747967 0.000000 0.000000 -1
0 10.861663 27.514257 2.747967 0.000000 0.000000 -1
0 11.222912 27.994459 2.747967 0.000000 0.000000 -1
0 7.610420 27.994459 2.747967 0.000000 0.000000 -1
0 10.861663 22.334951 2.747967 0.000000 0.000000 -1
0 11.222912 21.854757 2.747967 0.000000 0.000000 -1
0 7.610420 21.854757 2.747967 0.000000 0.000000 -1
0 7.971668 22.334951 2.747967 0.000000 0.000000 -1
0 7.971668 27.514257 2.211382 0.000000 0.000000 -1
0 10.861663 27.514257 2.211382 0.000000 0.000000 -1
0 11.222912 27.994459 1.747968 0.000000 0.000000 -1
0 7.610420 27.994459 1.747968 0.000000 0.000000 -1
0 10.861663 22.334951 2.211382 0.000000 0.000000 -1
0 11.222912 21.854757 1.747968 0.000000 0.000000 -1
0 7.610420 21.854757 1.747968 0.000000 0.000000 -1
0 7.971668 22.334951 2.211382 0.000000 0.000000 -1
0 -11.028332 27.792036 2.747967 0.000000 0.000000 -1
0 -8.138337 27.792036 2.747967 0.000000 0.000000 -1
0 -7.777088 28.272238 2.747967 0.000000 0.000000 -1
0 -11.389580 28.272238 2.747967 0.000000 0.000000 -1
0 -8.138337 22.612730 2.747967 0.000000 0.000000 -1
0 -7.777088 22.132536 2.747967 0.000000 0.000000 -1
0 -11.389580 22.132536 2.747967 0.000000 0.000000 -1
0 -11.028332 22.612730 2.747967 0.000000 0.000000 -1
0 -11.028332 27.792036 2.211382 0.000000 0.000000 -1
0 -8.138337 27.792036 2.211382 0.000000 0.000000 -1
0 -7.777088 28.272238 1.747968 0.000000 0.000000 -1
0 -11.389580 28.272238 1.747968 0.000000 0.000000 -1
0 -8.138337 22.612730 2.211382 0.000000 0.000000 -1
0 -7.777088 22.132536 1.747968 0.000000 0.000000 -1
0 -11.389580 22.132536 1.747968 0.000000 0.000000 -1
0 -11.028332 22.612730 2.211382 0.000000 0.000000 -1
0 7.971668 15.458702 2.747967 0.000000 0.000000 -1
0 10.861663 15.458702 2.747967 0.000000 0.000000 -1
0 11.222912 15.938904 2.747967 0.000000 0.000000 -1
0 7.610420 15.938904 2.747967 0.000000 0.000000 -1
0 10.861663 10.279396 2.747967 0.000000 0.000000 -1
0 11.222912 9.799202 2.747967 0.000000 0.000000 -1
0 7.610420 9.799202 2.747967 0.000000 0.000000 -1
0 7.971668 10.279396 2.747967 0.000000 0.000000 -1
0 7.971668 15.458702 2.211382 0.000000 0.000000 -1
0 10.861663 15.458702 2.211382 0.000000 0.000000 -1
0 11.222912 15.938904 1.747968 0.000000 0.000000 -1
0 7.610420 15.938904 1.747968 0.000000 0.000000 -1
0 10.861663 10.279396 2.211382 0.000000 0.000000 -1
0 11.222912 9.799202 1.747968 0.000000 0.000000 -1
0 7.610420 9.799202 1.747968 0.000000 0.000000 -1
0 7.971668 10.279396 2.211382 0.000000 0.000000 -1
0 -11.028332 15.458702 2.747967 0.000000 0.000000 -1
0 -8.138337 15.458702 2.747967 0.000000 0.000000 -1
0 -7.777088 15.938904 2.747967 0.000000 0.000000 -1
0 -11.389580 15.938904 2.747967 0.000000 0.000000 -1
0 -8.138337 10.279396 2.747967 0.000000 0.000000 -1
0 -7.777088 9.799202 2.747967 0.000000 0.000000 -1
0 -11.389580 9.799202 2.747967 0.000000 0.000000 -1
0 -11.028332 10.279396 2.747967 0.000000 0.000000 -1
0 -11.028332 15.458702 2.211382 0.000000 0.000000 -1
0 -8.138337 15.458702 2.211382 0.000000 0.000000 -1
0 -7.777088 15.938904 1.747968 0.000000 0.000000 -1
0 -11.389580 15.938904 1.747968 0.000000 0.000000 -1
0 -8.138337 10.279396 2.211382 0.000000 0.000000 -1
0 -7.777088 9.799202 1.747968 0.000000 0.000000 -1
0 -11.389580 9.799202 1.747968 0.000000 0.000000 -1
0 -11.028332 10.279396 2.211382 0.000000 0.000000 -1
0 -6.000000 19.388887 5.000000 0.000000 0.000000 -1
0 -5.000000 19.388887 4.000000 0.000000 0.000000 -1
0 -6.000000 19.388887 4.000000 0.000000 0.000000 -1
0 -5.000000 19.388887 5.000000 0.000000 0.000000 -1
0 5.000000 19.388887 5.000000 0.000000 0.000000 -1
0 6.000000 19.388887 5.000000 0.000000 0.000000 -1
0 5.000000 19.388887 4.000000 0.000000 0.000000 -1
0 6.000000 19.388887 4.000000 0.000000 0.000000 -1
0 -5.000000 0.000000 4.000000 0.000000 0.000000 -1
0 -6.000000 0.000000 4.000000 0.000000 0.000000 -1
0 -6.000000 0.000000 5.000000 0.000000 0.000000 -1
0 -5.000000 0.000000 5.000000 0.000000 0.000000 -1
0 5.000000 0.000000 5.000000 0.000000 0.000000 -1
0 6.000000 0.000000 5.000000 0.000000 0.000000 -1
0 5.000000 0.000000 4.000000 0.000000 0.000000 -1
0 6.000000 0.000000 4.000000 0.000000 0.000000 -1
0 -16.000000 29.000000 0.000000 0.000000 0.000000 -1
0 -14.000000 29.000000 1.000000 0.000000 0.000000 -1
0 -16.000000 29.000000 1.000000 0.000000 0.000000 -1
0 -13.000000 29.000000 0.000000 0.000000 0.000000 -1
0 -13.000000 29.000000 2.000000 0.000000 0.000000 -1
0 -14.000000 29.000000 3.000000 0.000000 0.000000 -1
0 -7.000000 29.000000 3.000000 0.000000 0.000000 -1
0 -6.000000 29.000000 2.000000 0.000000 0.000000 -1
0 -6.000000 29.000000 4.000000 0.000000 0.000000 -1
0 -7.000000 29.000000 5.000000 0.000000 0.000000 -1
0 6.000000 29.000000 4.000000 0.000000 0.000000 -1
0 7.000000 29.000000 5.000000 0.000000 0.000000 -1
0 7.000000 29.000000 3.000000 0.000000 0.000000 -1
0 6.000000 29.000000 2.000000 0.000000 0.000000 -1
0 13.000000 29.000000 2.000000 0.000000 0.000000 -1
0 14.000000 29.000000 3.000000 0.000000 0.000000 -1
0 14.000000 29.000000 1.000000 0.000000 0.000000 -1
0 13.000000 29.000000 0.000000 0.000000 0.000000 -1
0 16.000000 29.000000 0.000000 0.000000 0.000000 -1
0 16.000000 29.000000 1.000000 0.000000 0.000000 -1
0 -14.000000 30.000000 1.000000 0.000000 0.000000 -1
0 -16.000000 30.000000 1.000000 0.000000 0.000000 -1
0 -16.000000 30.000000 0.000000 0.000000 0.000000 -1
0 -13.000000 30.000000 0.000000 0.000000 0.000000 -1
0 -13.000000 30.000000 2.000000 0.000000 0.000000 -1
0 -14.000000 30.000000 3.000000 0.000000 0.000000 -1
0 -7.000000 30.000000 3.000000 0.000000 0.000000 -1
0 -6.000000 30.000000 2.000000 0.000000 0.000000 -1
0 -6.000000 30.000000 4.000000 0.000000 0.000000 -1
0 -7.000000 30.000000 5.000000 0.000000 0.000000 -1
0 6.000000 30.000000 4.000000 0.000000 0.000000 -1
0 7.000000 30.000000 5.000000 0.000000 0.000000 -1
0 7.000000 30.000000 3.000000 0.000000 0.000000 -1
0 6.000000 30.000000 2.000000 0.000000 0.000000 -1
0 13.000000 30.000000 2.000000 0.000000 0.000000 -1
0 14.000000 30.000000 3.000000 0.000000 0.000000 -1
0 14.000000 30.000000 1.000000 0.000000 0.000000 -1
0 13.000000 30.000000 0.000000 0.000000 0.000000 -1
0 16.000000 30.000000 0.000000 0.000000 0.000000 -1
0 16.000000 30.000000 1.000000 0.000000 0.000000 -1
0 -16.000000 19.428570 0.000000 0.000000 0.000000 -1
0 -14.000000 19.428570 1.000000 0.000000 0.000000 -1
0 -16.000000 19.428570 1.000000 0.000000 0.000000 -1
0 -13.000000 19.428570 0.000000 0.000000 0.000000 -1
0 -13.000000 19.428570 2.000000 0.000000 0.000000 -1
0 -14.000000 19.428570 3.000000 0.000000 0.000000 -1
0 -7.000000 19.428570 3.000000 0.000000 0.000000 -1
0 -6.000000 19.428570 2.000000 0.000000 0.000000 -1
0 -6.000000 19.428570 4.000000 0.000000 0.000000 -1
0 -7.000000 19.428570 5.000000 0.000000 0.000000 -1
0 6.000000 19.428570 4.000000 0.000000 0.000000 -1
0 7.000000 19.428570 5.000000 0.000000 0.000000 -1
0 7.000000 19.428570 3.000000 0.000000 0.000000 -1
0 6.000000 19.428570 2.000000 0.000000 0.000000 -1
0 13.000000 19.428570 2.000000 0.000000 0.000000 -1
0 14.000000 19.428570 3.000000 0.000000 0.000000 -1
0 14.000000 19.428570 1.000000 0.000000 0.000000 -1
0 13.000000 19.428570 0.000000 0.000000 0.000000 -1
0 16.000000 19.428570 0.000000 0.000000 0.000000 -1
0 16.000000 19.428570 1.000000 0.000000 0.000000 -1
0 -14.000000 20.428570 1.000000 0.000000 0.000000 -1
0 -16.000000 20.428570 1.000000 0.000000 0.000000 -1
0 -16.000000 20.428570 0.000000 0.000000 0.000000 -1
0 -13.000000 20.428570 0.000000 0.000000 0.000000 -1
0 -13.000000 20.428570 2.000000 0.000000 0.000000 -1
0 -14.000000 20.428570 3.000000 0.000000 0.000000 -1
0 -7.000000 20.428570 3.000000 0.000000 0.000000 -1
0 -6.000000 20.428570 2.000000 0.000000 0.000000 -1
0 -6.000000 20.428570 4.000000 0.000000 0.000000 -1
0 -7.000000 20.428570 5.000000 0.000000 0.000000 -1
0 6.000000 20.428570 4.000000 0.000000 0.000000 -1
0 7.000000 20.428570 5.000000 0.000000 0.000000 -1
0 7.000000 20.428570 3.000000 0.000000 0.000000 -1
0 6.000000 20.428570 2.000000 0.000000 0.000000 -1
0 13.000000 20.428570 2.000000 0.000000 0.000000 -1
0 14.000000 20.428570 3.000000 0.000000 0.000000 -1
0 14.000000 20.428570 1.000000 0.000000 0.000000 -1
0 13.000000 20.428570 0.000000 0.000000 0.000000 -1
0 16.000000 20.428570 0.000000 0.000000 0.000000 -1
0 16.000000 20.428570 1.000000 0.000000 0.000000 -1
85
0.000000 0.000000 1.000000
-0.316228 0.948683 0.000000
0.316228 0.948683 0.000000
-0.184879 0.982761 0.000000
-0.369763 0.929126 0.000003
0.316228 -0.948683 0.000000
-0.316228 -0.948683 0.000000
0.184885 -0.982760 0.000000
0.369767 -0.929125 -0.000002
0.641182 -0.767389 -0.000002
0.737729 -0.675097 -0.000002
-0.641181 0.767390 0.000005
-0.737731 0.675095 0.000005
-0.848905 0.528545 0.000002
-0.875727 0.482807 0.000000
0.848905 -0.528545 -0.000001
0.875728 -0.482805 0.000000
-0.954803 0.297241 0.000000
-0.988894 0.148620 0.000000
0.676184 -0.736732 0.000000
-0.929681 -0.368366 0.000000
0.184884 0.982760 0.000000
0.369763 0.929126 0.000003
-0.184882 -0.982761 0.000000
-0.369766 -0.929125 -0.000002
-0.641183 -0.767388 -0.000002
-0.737731 -0.675095 -0.000002
0.641179 0.767392 0.000005
0.737727 0.675099 0.000005
0.848905 0.528545 0.000002
0.875728 0.482805 0.000000
-0.848905 -0.528545 -0.000001
-0.875727 -0.482806 0.000000
0.954803 0.297241 0.000000
0.988894 0.148620 0.000000
-0.676184 -0.736732 0.000000
0.929681 -0.368366 0.000000
-0.569012 0.091849 0.817184
-0.406402 0.447073 0.796846
-0.374120 0.762732 0.527517
0.297045 0.605597 0.738252
0.577913 0.635748 0.511703
0.569012 0.091849 0.817184
0.707107 0.707107 0.000000
0.894427 0.447214 0.000000
-0.447214 0.894427 0.000000
-0.707107 0.707107 0.000000
-0.894427 0.447214 0.000000
0.707107 -0.707107 0.000000
0.447214 -0.894427 0.000000
0.447214 0.894427 0.000000
-0.707107 -0.707107 0.000000
-0.894427 -0.447214 0.000000
0.894427 -0.447214 0.000000
-0.447214 -0.894427 0.000000
0.975776 0.000000 0.218773
0.842398 0.000000 0.538856
0.000000 0.000000 1.000000
0.000000 0.000000 1.000000
-0.842397 0.000000 0.538857
-1.000000 0.000000 -0.000000
-1.000000 0.000000 -0.000000
-0.842398 0.000000 -0.538856
0.000000 0.000000 -1.000000
0.842398 0.000000 -0.538856
0.975776 0.000000 -0.218773
0.842397 0.000000 0.538857
-0.000000 0.000000 1.000000
-0.842398 0.000000 0.538856
-0.842398 0.000000 -0.538856
-0.000000 0.000000 -1.000000
-0.000000 0.000000 -1.000000
0.842398 0.000000 -0.538856
1.000000 0.000000 0.000000
-1.000000 0.000000 0.000000
0.000000 1.000000 0.000000
0.000000 -1.000000 0.000000
0.447214 0.000000 -0.894427
0.894427 0.000000 -0.447214
-0.447214 0.000000 -0.894427
-0.894427 0.000000 -0.447214
-0.894427 0.000000 0.447214
-0.447214 0.000000 0.894427
0.447214 0.000000 0.894427
0.894427 0.000000 0.447214
442
0 0 1 2 0 0 0 1
0 3 2 1 0 0 0 1
0 4 3 5 0 0 0 1
0 1 5 3 0 0 0 1
0 4 5 6 0 0 0 1
0 6 7 4 0 0 0 1
0 7 6 8 0 0 0 1
0 9 7 8 0 0 0 1
0 2 10 0 0 0 0 1
0 10 2 11 0 0 0 1
0 12 11 13 0 0 0 1
0 11 12 10 0 0 0 1
0 14 12 13 0 0 0 1
0 13 15 14 0 0 0 1
0 16 14 15 0 0 0 1
0 16 15 17 0 0 0 1
0 0 18 19 1 2 3 2
0 0 19 1 1 3 4 2
0 2 20 18 5 6 2 2
0 2 18 0 5 2 1 2
0 3 21 20 7 8 6 2
0 3 20 2 7 6 5 2
0 4 22 21 9 10 8 2
0 4 21 3 9 8 7 2
0 1 19 23 4 3 11 2
0 1 23 5 4 11 12 2
0 5 23 24 12 11 13 2
0 5 24 6 12 13 14 2
0 7 25 22 15 16 10 2
0 7 22 4 15 10 9 2
0 6 24 26 14 13 17 2
0 6 26 8 14 17 18 2
0 9 27 25 19 20 16 2
0 9 25 7 19 16 15 2
0 8 26 27 18 17 20 2
0 8 27 9 18 20 19 2
0 10 28 18 21 22 2 2
0 10 18 0 21 2 1 2
0 0 18 20 1 2 6 2
0 0 20 2 1 6 5 2
0 2 20 29 5 6 23 2
0 2 29 11 5 23 24 2
0 11 29 30 24 23 25 2
0 11 30 13 24 25 26 2
0 12 31 28 27 28 22 2
0 12 28 10 27 22 21 2
0 14 32 31 29 30 28 2
0 14 31 12 29 28 27 2
0 13 30 33 26 25 31 2
0 13 33 15 26 31 32 2
0 16 34 32 33 34 30 2
0 16 32 14 33 30 29 2
0 15 33 35 32 31 35 2
0 15 35 17 32 35 36 2
0 17 35 34 36 35 34 2
0 17 34 16 36 34 33 2
0 36 37 38 37 0 38 1
0 36 38 39 37 38 39 1
0 39 38 40 39 38 40 1
0 39 40 41 39 40 41 1
0 40 42 43 40 0 42 1
0 43 41 40 42 41 40 1
0 44 45 46 43 44 45 2
0 44 46 47 43 45 46 2
0 47 46 48 46 45 47 2
0 47 48 49 46 47 46 2
0 50 51 45 48 49 44 2
0 50 45 44 48 44 43 2
0 49 48 52 46 47 50 2
0 49 52 53 46 50 43 2
0 54 55 51 51 52 49 2
0 54 51 50 51 49 48 2
0 53 52 56 43 50 44 2
0 53 56 57 43 44 43 2
0 57 56 58 43 44 45 2
0 57 58 59 43 45 46 2
0 59 58 55 46 45 52 2
0 59 55 54 46 52 51 2
0 36 44 47 50 43 46 2
0 36 47 37 50 46 47 2
0 37 47 49 47 46 46 2
0 37 49 38 47 46 45 2
0 39 50 44 53 48 43 2
0 39 44 36 53 43 50 2
0 38 49 53 45 46 43 2
0 38 53 40 45 43 44 2
0 41 54 50 54 51 48 2
0 41 50 39 54 48 53 2
0 40 53 57 44 43 43 2
0 40 57 42 44 43 50 2
0 42 57 59 50 43 46 2
0 42 59 43 50 46 47 2
0 43 59 54 47 46 51 2
0 43 54 41 47 51 54 2
0 60 61 62 55 55 56 1
0 61 63 62 55 56 56 1
0 62 63 64 56 56 57 1
0 62 64 65 56 57 58 1
0 65 64 66 58 57 59 1
0 64 67 66 57 59 59 1
0 66 67 68 59 59 60 1
0 66 68 69 59 60 61 1
0 69 68 70 61 60 62 1
0 68 71 70 60 62 62 1
0 70 71 72 62 62 63 1
0 70 72 73 62 63 63 1
0 73 72 74 63 63 64 1
0 72 75 74 63 64 64 1
0 74 75 76 64 64 65 1
0 74 76 77 64 65 65 1
0 78 79 80 55 55 66 1
0 79 81 80 55 66 66 1
0 80 81 82 66 66 67 1
0 80 82 83 66 67 67 1
0 83 82 84 67 67 68 1
0 82 85 84 67 68 68 1
0 84 85 86 68 68 60 1
0 84 86 87 68 60 61 1
0 87 86 88 61 60 69 1
0 86 89 88 60 69 69 1
0 88 89 90 69 69 70 1
0 88 90 91 69 70 71 1
0 91 90 92 71 70 72 1
0 90 93 92 70 72 72 1
0 92 93 94 72 72 65 1
0 92 94 95 72 65 65 1
0 96 97 98 0 0 0 1
0 97 99 98 0 0 0 1
0 100 101 102 73 73 73 2
0 101 103 102 73 73 73 2
0 104 105 106 74 74 74 2
0 105 107 106 74 74 74 2
0 104 108 102 75 75 75 3
0 108 109 102 75 75 75 3
0 110 105 111 76 76 76 3
0 105 103 111 76 76 76 3
0 112 113 114 0 0 0 1
0 113 115 114 0 0 0 1
0 116 117 118 73 73 73 2
0 117 119 118 73 73 73 2
0 120 121 122 74 74 74 2
0 121 123 122 74 74 74 2
0 120 124 118 75 75 75 3
0 124 125 118 75 75 75 3
0 126 121 127 76 76 76 3
0 121 119 127 76 76 76 3
0 128 129 130 0 0 0 1
0 130 131 128 0 0 0 1
0 130 129 132 0 0 0 1
0 132 133 130 0 0 0 1
0 134 133 132 0 0 0 1
0 132 135 134 0 0 0 1
0 134 135 128 0 0 0 1
0 131 134 128 0 0 0 1
0 128 136 137 49 53 54 2
0 128 137 129 49 54 52 2
0 130 138 139 50 44 45 2
0 130 139 131 50 45 47 2
0 129 137 140 52 54 47 2
0 129 140 132 52 47 45 2
0 133 141 138 53 49 44 2
0 133 138 130 53 44 50 2
0 134 142 141 54 52 49 2
0 134 141 133 54 49 53 2
0 132 140 143 45 47 50 2
0 132 143 135 45 50 44 2
0 135 143 136 44 50 53 2
0 135 136 128 44 53 49 2
0 131 139 142 47 45 52 2
0 131 142 134 47 52 54 2
0 144 145 146 0 0 0 1
0 146 147 144 0 0 0 1
0 146 145 148 0 0 0 1
0 148 149 146 0 0 0 1
0 150 149 148 0 0 0 1
0 148 151 150 0 0 0 1
0 150 151 144 0 0 0 1
0 147 150 144 0 0 0 1
0 144 152 153 49 53 54 2
0 144 153 145 49 54 52 2
0 146 154 155 50 44 45 2
0 146 155 147 50 45 47 2
0 145 153 156 52 54 47 2
0 145 156 148 52 47 45 2
0 149 157 154 53 49 44 2
0 149 154 146 53 44 50 2
0 150 158 157 54 52 49 2
0 150 157 149 54 49 53 2
0 148 156 159 45 47 50 2
0 148 159 151 45 50 44 2
0 151 159 152 44 50 53 2
0 151 152 144 44 53 49 2
0 147 155 158 47 45 52 2
0 147 158 150 47 52 54 2
0 160 161 162 0 0 0 1
0 162 163 160 0 0 0 1
0 162 161 164 0 0 0 1
0 164 165 162 0 0 0 1
0 166 165 164 0 0 0 1
0 164 167 166 0 0 0 1
0 166 167 160 0 0 0 1
0 163 166 160 0 0 0 1
0 160 168 169 49 53 54 2
0 160 169 161 49 54 52 2
0 162 170 171 50 44 45 2
0 162 171 163 50 45 47 2
0 161 169 172 52 54 47 2
0 161 172 164 52 47 45 2
0 165 173 170 53 49 44 2
0 165 170 162 53 44 50 2
0 166 174 173 54 52 49 2
0 166 173 165 54 49 53 2
0 164 172 175 45 47 50 2
0 164 175 167 45 50 44 2
0 167 175 168 44 50 53 2
0 167 168 160 44 53 49 2
0 163 171 174 47 45 52 2
0 163 174 166 47 52 54 2
0 176 177 178 0 0 0 1
0 178 179 176 0 0 0 1
0 178 177 180 0 0 0 1
0 180 181 178 0 0 0 1
0 182 181 180 0 0 0 1
0 180 183 182 0 0 0 1
0 182 183 176 0 0 0 1
0 179 182 176 0 0 0 1
0 176 184 185 49 53 54 2
0 176 185 177 49 54 52 2
0 178 186 187 50 44 45 2
0 178 187 179 50 45 47 2
0 177 185 188 52 54 47 2
0 177 188 180 52 47 45 2
0 181 189 186 53 49 44 2
0 181 186 178 53 44 50 2
0 182 190 189 54 52 49 2
0 182 189 181 54 49 53 2
0 180 188 191 45 47 50 2
0 180 191 183 45 50 44 2
0 183 191 184 44 50 53 2
0 183 184 176 44 53 49 2
0 179 187 190 47 45 52 2
0 179 190 182 47 52 54 2
0 192 193 194 0 0 0 1
0 194 195 192 0 0 0 1
0 194 193 196 0 0 0 1
0 196 197 194 0 0 0 1
0 198 197 196 0 0 0 1
0 196 199 198 0 0 0 1
0 198 199 192 0 0 0 1
0 195 198 192 0 0 0 1
0 192 200 201 49 53 54 2
0 192 201 193 49 54 52 2
0 194 202 203 50 44 45 2
0 194 203 195 50 45 47 2
0 193 201 204 52 54 47 2
0 193 204 196 52 47 45 2
0 197 205 202 53 49 44 2
0 197 202 194 53 44 50 2
0 198 206 205 54 52 49 2
0 198 205 197 54 49 53 2
0 196 204 207 45 47 50 2
0 196 207 199 45 50 44 2
0 199 207 200 44 50 53 2
0 199 200 192 44 53 49 2
0 195 203 206 47 45 52 2
0 195 206 198 47 52 54 2
0 208 209 210 0 0 0 1
0 210 211 208 0 0 0 1
0 210 209 212 0 0 0 1
0 212 213 210 0 0 0 1
0 214 213 212 0 0 0 1
0 212 215 214 0 0 0 1
0 214 215 208 0 0 0 1
0 211 214 208 0 0 0 1
0 208 216 217 49 53 54 2
0 208 217 209 49 54 52 2
0 210 218 219 50 44 45 2
0 210 219 211 50 45 47 2
0 209 217 220 52 54 47 2
0 209 220 212 52 47 45 2
0 213 221 218 53 49 44 2
0 213 218 210 53 44 50 2
0 214 222 221 54 52 49 2
0 214 221 213 54 49 53 2
0 212 220 223 45 47 50 2
0 212 223 215 45 50 44 2
0 215 223 216 44 50 53 2
0 215 216 208 44 53 49 2
0 211 219 222 47 45 52 2
0 211 222 214 47 52 54 2
0 224 225 226 75 75 75 1
0 224 227 225 75 75 75 1
0 228 229 230 75 75 75 1
0 231 230 229 75 75 75 1
0 225 232 233 77 78 79 2
0 225 233 226 77 79 80 2
0 226 233 234 80 79 81 2
0 226 234 224 80 81 82 2
0 224 234 235 82 81 83 2
0 224 235 227 82 83 84 2
0 227 235 232 84 83 78 2
0 227 232 225 84 78 77 2
0 228 236 237 82 81 83 2
0 228 237 229 82 83 84 2
0 230 238 236 80 79 81 2
0 230 236 228 80 81 82 2
0 231 239 238 77 78 79 2
0 231 238 230 77 79 80 2
0 229 237 239 84 83 78 2
0 229 239 231 84 78 77 2
0 225 225 226 77 77 80 2
0 225 226 226 77 80 80 2
0 226 226 224 80 80 82 2
0 226 224 224 80 82 82 2
0 224 224 227 82 82 84 2
0 224 227 227 82 84 84 2
0 227 227 225 84 84 77 2
0 227 225 225 84 77 77 2
0 228 228 229 82 82 84 2
0 228 229 229 82 84 84 2
0 230 230 228 80 80 82 2
0 230 228 228 80 82 82 2
0 231 231 230 77 77 80 2
0 231 230 230 77 80 80 2
0 229 229 231 84 84 77 2
0 229 231 231 84 77 77 2
0 240 241 242 76 76 76 1
0 241 240 243 76 76 76 1
0 241 243 244 76 76 76 1
0 244 245 241 76 76 76 1
0 244 246 245 76 76 76 1
0 246 244 247 76 76 76 1
0 246 247 248 76 76 76 1
0 248 249 246 76 76 76 1
0 249 248 250 76 76 76 1
0 250 251 249 76 76 76 1
0 250 252 251 76 76 76 1
0 252 250 253 76 76 76 1
0 252 253 254 76 76 76 1
0 254 255 252 76 76 76 1
0 254 256 255 76 76 76 1
0 256 254 257 76 76 76 1
0 256 257 258 76 76 76 1
0 258 259 256 76 76 76 1
0 241 260 261 82 81 82 2
0 241 261 242 82 82 81 2
0 242 261 262 81 82 80 2
0 242 262 240 81 80 79 2
0 240 262 263 79 80 77 2
0 240 263 243 79 77 78 2
0 243 263 264 78 77 78 2
0 243 264 244 78 78 77 2
0 245 265 260 81 82 81 2
0 245 260 241 81 81 82 2
0 246 266 265 82 81 82 2
0 246 265 245 82 82 81 2
0 244 264 267 77 78 77 2
0 244 267 247 77 77 78 2
0 247 267 268 78 77 78 2
0 247 268 248 78 78 77 2
0 249 269 266 81 82 81 2
0 249 266 246 81 81 82 2
0 248 268 270 77 78 79 2
0 248 270 250 77 79 80 2
0 251 271 269 83 84 82 2
0 251 269 249 83 82 81 2
0 252 272 271 84 83 84 2
0 252 271 251 84 84 83 2
0 250 270 273 80 79 80 2
0 250 273 253 80 80 79 2
0 253 273 274 79 80 79 2
0 253 274 254 79 79 80 2
0 255 275 272 83 84 83 2
0 255 272 252 83 83 84 2
0 256 276 275 84 83 84 2
0 256 275 255 84 84 83 2
0 254 274 277 80 79 80 2
0 254 277 257 80 80 79 2
0 257 277 278 79 80 77 2
0 257 278 258 79 77 78 2
0 258 278 279 78 77 84 2
0 258 279 259 78 84 83 2
0 259 279 276 83 84 83 2
0 259 276 256 83 83 84 2
0 280 281 282 76 76 76 1
0 281 280 283 76 76 76 1
0 281 283 284 76 76 76 1
0 284 285 281 76 76 76 1
0 284 286 285 76 76 76 1
0 286 284 287 76 76 76 1
0 286 287 288 76 76 76 1
0 288 289 286 76 76 76 1
0 289 288 290 76 76 76 1
0 290 291 289 76 76 76 1
0 290 292 291 76 76 76 1
0 292 290 293 76 76 76 1
0 292 293 294 76 76 76 1
0 294 295 292 76 76 76 1
0 294 296 295 76 76 76 1
0 296 294 297 76 76 76 1
0 296 297 298 76 76 76 1
0 298 299 296 76 76 76 1
0 281 300 301 82 81 82 2
0 281 301 282 82 82 81 2
0 282 301 302 81 82 80 2
0 282 302 280 81 80 79 2
0 280 302 303 79 80 77 2
0 280 303 283 79 77 78 2
0 283 303 304 78 77 78 2
0 283 304 284 78 78 77 2
0 285 305 300 81 82 81 2
0 285 300 281 81 81 82 2
0 286 306 305 82 81 82 2
0 286 305 285 82 82 81 2
0 284 304 307 77 78 77 2
0 284 307 287 77 77 78 2
0 287 307 308 78 77 78 2
0 287 308 288 78 78 77 2
0 289 309 306 81 82 81 2
0 289 306 286 81 81 82 2
0 288 308 310 77 78 79 2
0 288 310 290 77 79 80 2
0 291 311 309 83 84 82 2
0 291 309 289 83 82 81 2
0 292 312 311 84 83 84 2
0 292 311 291 84 84 83 2
0 290 310 313 80 79 80 2
0 290 313 293 80 80 79 2
0 293 313 314 79 80 79 2
0 293 314 294 79 79 80 2
0 295 315 312 83 84 83 2
0 295 312 292 83 83 84 2
0 296 316 315 84 83 84 2
0 296 315 295 84 84 83 2
0 294 314 317 80 79 80 2
0 294 317 297 80 80 79 2
0 297 317 318 79 80 77 2
0 297 318 298 79 77 78 2
0 298 318 319 78 77 84 2
0 298 319 299 78 84 83 2
0 299 319 316 83 84 83 2
0 299 316 296 83 83 84 2
"1_Blz_Top" 0 0
16
0 -6.000000 30.000000 4.000000 0.937500 0.000000 -1
0 6.000000 30.000000 4.000000 2.062500 0.000000 -1
0 0.000000 40.000000 4.000000 1.500000 3.000000 -1
32 -6.000000 30.000000 0.000000 0.937500 0.000000 -1
32 6.000000 30.000000 0.000000 2.062500 0.000000 -1
32 0.000000 40.000000 0.000000 1.500000 3.000000 -1
0 -16.000000 30.000000 0.000000 0.000000 0.000000 -1
0 -16.000000 40.000000 -6.571428 0.000000 3.000000 -1
0 -16.000000 30.000000 -13.000000 0.000000 0.000000 -1
32 -6.000000 40.000000 -6.571428 0.937500 3.000000 -1
0 -6.000000 30.000000 -13.000000 0.937500 0.000000 -1
0 16.000000 30.000000 -13.000000 3.000000 0.000000 -1
0 16.000000 40.000000 -6.571428 3.000000 3.000000 -1
0 16.000000 30.000000 0.000000 3.000000 0.000000 -1
32 6.000000 30.000000 -13.000000 2.062500 0.000000 -1
32 6.000000 40.000000 -6.571428 2.062500 3.000000 -1
22
0.000000 0.000000 1.000000
-0.499929 -0.866067 0.000000
-0.720787 -0.597578 0.351237
0.367206 -0.594021 0.715751
0.999857 0.016902 0.000000
0.485643 0.874157 0.000000
-0.485643 0.874157 0.000000
-1.000000 0.000000 0.000000
0.000000 0.058744 0.998273
0.000000 0.892091 0.451856
0.000000 0.887508 -0.460792
0.000000 0.048396 -0.998828
0.000000 -0.866363 -0.499414
1.000000 0.000000 0.000000
0.000000 0.892091 0.451856
0.000000 -0.866523 0.499137
-0.325874 0.939172 -0.108458
-0.675175 0.405105 0.616464
0.000000 0.826505 0.562930
0.675175 0.405105 0.616464
0.242136 0.891768 -0.382257
0.000000 0.540758 -0.841178
26
0 0 1 2 0 0 0 1
0 0 3 4 1 2 3 2
0 0 4 1 1 3 4 2
0 1 4 5 4 3 5 2
0 1 5 2 4 5 6 2
0 2 5 3 6 5 2 2
0 2 3 0 6 2 1 2
0 6 7 8 7 7 7 1
0 6 3 9 8 2 9 2
0 6 9 7 8 9 10 2
0 7 9 10 10 9 11 2
0 7 10 8 10 11 12 2
0 8 10 3 12 11 2 2
0 8 3 6 12 2 8 2
0 11 12 13 13 13 13 1
0 11 14 15 11 12 10 2
0 11 15 12 11 10 14 2
0 12 15 4 14 10 3 2
0 12 4 13 14 3 15 2
0 13 4 14 15 3 12 2
0 13 14 11 15 12 11 2
0 9 3 5 16 17 18 1
0 5 4 15 18 19 20 1
0 15 9 5 20 16 18 1
0 10 15 14 21 20 21 1
0 15 10 9 20 21 16 1

Materials: 3
"Blz"
0.200000 0.200000 0.200000 1.000000
0.800000 0.800000 0.800000 1.000000
0.000000 0.000000 0.000000 1.000000
0.000000 0.000000 0.000000 1.000000
0.000000
1.000000
"brick01.tga"
""
"Blz_Other"
0.200000 0.200000 0.200000 1.000000
0.800000 0.800000 0.800000 1.000000
0.000000 0.000000 0.000000 1.000000
0.000000 0.000000 0.000000 1.000000
0.000000
1.000000
"Reed.tga"
""
"Widnwos"
0.200000 0.200000 0.200000 1.000000
0.800000 0.800000 0.800000 1.000000
0.000000 0.000000 0.000000 1.000000
0.000000 0.000000 0.000000 1.000000
0.000000
1.000000
"window.tga"
""

Bones: 0
GroupComments: 0
MaterialComments: 0
BoneComments: 0
ModelComment: 0
