// MilkShape 3D ASCII

Frames: 52
Frame: 1

Meshes: 2
"Head" 0 0
130
0 51.345127 84.291672 0.229031 0.675307 0.614736 -1
0 45.698467 81.790810 10.009346 0.702690 0.633786 -1
0 51.345127 81.790810 11.522366 0.706927 0.614736 -1
0 41.564819 81.790810 5.875698 0.691117 0.647732 -1
0 40.051804 81.790810 0.229030 0.675307 0.652836 -1
0 41.564819 81.790810 -5.417638 0.659497 0.647732 -1
0 45.698467 81.790810 -9.551286 0.647923 0.633786 -1
0 51.345127 81.790810 -11.064307 0.643687 0.614736 -1
0 56.991791 81.790810 -9.551285 0.647923 0.595686 -1
0 61.125450 81.790810 -5.417637 0.659497 0.581741 -1
0 62.638447 81.790810 0.229031 0.675307 0.576637 -1
0 61.125450 81.790810 5.875699 0.691117 0.581741 -1
0 56.991791 81.790810 10.009347 0.702690 0.595686 -1
0 41.564819 74.958336 -16.710972 0.554518 0.550095 -1
0 51.345127 74.958336 -19.331600 0.527938 0.550095 -1
0 51.345127 65.625000 -22.357637 0.527938 0.598013 -1
0 61.125450 74.958336 -16.710972 0.501357 0.550095 -1
0 62.638447 65.625000 -19.331600 0.497245 0.598013 -1
0 62.638447 65.625000 -19.331600 0.983152 0.984091 -1
0 61.125450 74.958336 -16.710972 0.975655 0.936174 -1
0 70.905693 65.625000 -11.064303 0.959501 0.984091 -1
0 68.285080 74.958336 -9.551285 0.955172 0.936174 -1
0 70.905693 74.958336 0.229031 0.927192 0.936174 -1
0 73.931747 65.625000 0.229032 0.927192 0.984091 -1
0 70.905693 65.625000 11.522366 0.894883 0.984091 -1
0 68.285080 74.958336 10.009347 0.899212 0.936174 -1
0 61.125450 74.958336 17.169031 0.878729 0.936174 -1
0 62.638447 65.625000 19.789656 0.871232 0.984091 -1
0 51.345127 74.958336 19.789656 0.730074 0.614736 -1
0 41.564819 74.958336 17.169031 0.722737 0.647732 -1
0 41.564819 74.958336 -16.710972 0.627877 0.647732 -1
0 51.345127 74.958336 -19.331600 0.620539 0.614736 -1
0 61.125450 74.958336 -16.710972 0.627877 0.581741 -1
0 68.285080 74.958336 -9.551285 0.647923 0.557587 -1
0 70.905693 74.958336 0.229031 0.675307 0.548746 -1
0 68.285080 74.958336 10.009347 0.702690 0.557587 -1
0 61.125450 74.958336 17.169031 0.722737 0.581741 -1
0 -16.211355 86.899994 23.115067 0.739385 0.842649 -1
0 -16.211353 86.899994 0.032969 0.674758 0.842649 -1
0 -32.532928 86.899994 16.354490 0.720456 0.897712 -1
0 -16.211355 76.899994 26.652971 0.749291 0.838403 -1
0 -16.211355 81.899994 32.192829 0.764802 0.838403 -1
0 -35.034538 76.899994 18.856150 0.727461 0.901905 -1
0 -38.951817 81.899994 22.773420 0.738429 0.915121 -1
0 -39.293461 86.899994 0.032968 0.674758 0.920519 -1
0 -48.371227 81.899994 0.032967 0.674758 0.946899 -1
0 -42.831360 76.899994 0.032968 0.674758 0.928209 -1
0 -32.532928 86.899994 -16.288557 0.629059 0.897712 -1
0 -35.034538 76.899994 -18.790216 0.622055 0.901905 -1
0 -38.951817 81.899994 -22.707485 0.611087 0.915121 -1
0 -16.211351 86.899994 -23.049128 0.610130 0.842649 -1
0 -16.211351 81.899994 -32.126892 0.584714 0.838403 -1
0 -16.211351 76.899994 -26.587032 0.600225 0.838403 -1
0 0.110166 86.899994 -16.288555 0.629059 0.787585 -1
0 2.611829 76.899994 -18.790215 0.622055 0.774900 -1
0 6.529101 81.899994 -22.707483 0.611087 0.761684 -1
0 6.870743 86.899994 0.032970 0.674758 0.764777 -1
0 15.948505 81.899994 0.032970 0.674758 0.729906 -1
0 10.408646 76.899994 0.032970 0.674758 0.748596 -1
0 0.110165 86.899994 16.354492 0.720456 0.787585 -1
0 2.611827 76.899994 18.856152 0.727461 0.774900 -1
0 6.529099 81.899994 22.773422 0.738429 0.761684 -1
0 -38.951817 81.899994 22.773420 0.738429 0.919367 -1
0 -16.211355 81.899994 32.192829 0.764802 0.842649 -1
0 -48.371227 81.899994 0.032967 0.674758 0.951145 -1
0 -38.951817 81.899994 -22.707485 0.611087 0.919367 -1
0 -16.211351 81.899994 -32.126892 0.584714 0.842649 -1
0 6.529101 81.899994 -22.707483 0.611087 0.765930 -1
0 15.948505 81.899994 0.032970 0.674758 0.734152 -1
0 6.529099 81.899994 22.773422 0.738429 0.765930 -1
0 -39.374214 74.543106 33.178238 0.767561 0.920792 -1
0 -16.211355 74.543106 38.305828 0.781918 0.842649 -1
0 -16.211353 81.724792 0.032968 0.674758 0.842649 -1
0 -56.330597 74.543106 19.169399 0.728338 0.977997 -1
0 -62.537064 74.543106 0.032966 0.674758 0.998935 -1
0 -56.330597 74.543106 -19.103464 0.621178 0.977997 -1
0 -39.374214 74.543106 -33.112301 0.581955 0.920792 -1
0 -16.211351 74.543106 -38.239891 0.567598 0.842649 -1
0 6.951505 74.543106 -33.112301 0.581955 0.764505 -1
0 36.907894 84.543106 -19.103460 0.621178 0.663443 -1
0 43.114361 84.543106 0.032971 0.674758 0.642504 -1
0 36.907894 84.543106 19.169403 0.728338 0.663443 -1
0 6.951502 74.543106 33.178238 0.767561 0.764505 -1
0 -43.330601 57.823715 57.442257 0.835497 0.934139 -1
0 -3.211357 57.823715 66.323517 0.860364 0.798791 -1
0 -56.330597 74.543106 19.169399 0.728338 0.973751 -1
0 -36.699928 57.823715 33.178238 0.767561 0.907524 -1
0 -43.330601 57.823715 57.442257 0.835497 0.929893 -1
0 -47.449844 57.823715 0.032967 0.894507 0.588932 -1
0 -36.699928 57.823715 33.178238 0.989331 0.588932 -1
0 -56.330597 74.543106 19.169399 0.949254 0.503094 -1
0 -62.537064 74.543106 0.032966 0.894507 0.503094 -1
0 -56.330597 74.543106 -19.103464 0.839760 0.503094 -1
0 -36.699928 57.823715 -33.112301 0.799683 0.588932 -1
0 -43.330593 57.823715 -57.376320 0.514018 0.929893 -1
0 -36.699928 57.823715 -33.112301 0.581955 0.907524 -1
0 -56.330597 74.543106 -19.103464 0.621178 0.973751 -1
0 -43.330593 57.823715 -57.376320 0.514018 0.934139 -1
0 -3.211351 57.823715 -66.257584 0.489152 0.798791 -1
0 36.907898 57.823715 -57.376320 0.514018 0.663443 -1
0 66.277222 57.823715 -33.112297 0.581955 0.564361 -1
0 77.027138 57.823715 0.032972 0.674758 0.528094 -1
0 66.277222 57.823715 33.178242 0.767561 0.564361 -1
0 36.907890 57.823715 57.442257 0.835497 0.663443 -1
0 -3.211342 49.283901 30.307400 0.759523 0.794545 -1
0 -3.211357 57.823715 66.323517 0.860364 0.794545 -1
0 -29.749056 49.283901 26.251400 0.748167 0.884074 -1
0 -49.176014 49.283901 15.170182 0.717140 0.949614 -1
0 -36.699928 57.823715 33.178238 0.767561 0.911770 -1
0 -49.176014 49.283901 15.170182 0.717140 0.953860 -1
0 -49.176014 49.283901 15.170182 0.937812 0.632775 -1
0 -47.449844 57.823715 0.032967 0.674758 0.948036 -1
0 -56.286785 49.283901 0.032967 0.674758 0.977849 -1
0 -49.176014 49.283901 -15.104247 0.632375 0.953860 -1
0 -49.176014 49.283901 -15.104247 0.851201 0.632775 -1
0 -36.699928 57.823715 -33.112301 0.581955 0.911770 -1
0 -29.749052 49.283901 -26.185465 0.601349 0.884074 -1
0 -49.176014 49.283901 -15.104247 0.632375 0.949614 -1
0 -3.211339 49.283901 -30.241461 0.589993 0.794545 -1
0 -3.211351 57.823715 -66.257584 0.489152 0.794545 -1
0 36.907898 57.823715 -57.376320 0.514018 0.659197 -1
0 23.326382 49.283901 -26.185461 0.601349 0.705016 -1
0 42.753323 49.283901 -15.104243 0.632375 0.639476 -1
0 66.277222 57.823715 -33.112297 0.581955 0.560115 -1
0 77.027138 57.823715 0.032972 0.674758 0.523848 -1
0 49.864098 49.283901 0.032971 0.674758 0.615487 -1
0 42.753323 49.283901 15.170186 0.717140 0.639476 -1
0 66.277222 57.823715 33.178242 0.767561 0.560115 -1
0 36.907890 57.823715 57.442257 0.835497 0.659197 -1
0 23.326378 49.283901 26.251404 0.748167 0.705016 -1
130
-0.000000 1.000000 0.000000
-0.218728 0.899240 0.378847
-0.000000 0.861256 0.508171
-0.286055 0.929746 0.231830
-0.216208 0.976347 0.000000
-0.286055 0.929746 -0.231830
-0.218728 0.899240 -0.378847
-0.000000 0.861256 -0.508171
0.218727 0.899240 -0.378847
0.440090 0.861256 -0.254085
0.437457 0.899240 0.000000
0.440090 0.861256 0.254085
0.218727 0.899240 0.378847
-0.246991 0.298858 -0.921781
-0.000000 0.308413 -0.951252
0.084657 0.307306 -0.947838
0.246990 0.298858 -0.921781
0.246991 0.298858 -0.921781
0.674793 0.298857 -0.674789
0.674793 0.298857 -0.674788
0.823810 0.308413 -0.475625
0.823810 0.308412 -0.475624
0.951252 0.308413 0.000000
0.951252 0.308415 0.000000
0.823810 0.308413 0.475625
0.823810 0.308412 0.475624
0.674793 0.298857 0.674788
0.674792 0.298856 0.674789
-0.000000 0.770826 0.637046
-0.268813 0.769581 0.579211
-0.268813 0.769581 -0.579210
-0.000000 0.770826 -0.637046
0.318524 0.770826 -0.551698
0.551701 0.770824 -0.318523
0.637049 0.770824 0.000000
0.551701 0.770824 0.318523
0.318523 0.770826 0.551698
0.000000 1.000000 0.000000
-0.000000 -0.742352 0.670010
0.000000 -0.742352 0.670010
-0.473768 -0.742352 0.473769
-0.473768 -0.742352 0.473768
-0.670009 -0.742353 -0.000000
-0.670009 -0.742353 0.000000
-0.473768 -0.742352 -0.473769
-0.473768 -0.742352 -0.473769
0.000000 -0.742352 -0.670010
0.000000 -0.742352 -0.670010
0.473769 -0.742352 -0.473769
0.473769 -0.742352 -0.473769
0.670010 -0.742352 0.000000
0.670010 -0.742352 0.000000
0.473769 -0.742352 0.473769
0.473769 -0.742352 0.473769
-0.293395 0.873984 0.387391
-0.387392 0.873983 0.293394
-0.066466 0.873984 0.481388
0.066466 0.873984 0.481388
-0.481389 0.873984 0.066466
-0.481388 0.873984 -0.066465
-0.387392 0.873984 -0.293395
-0.293395 0.873983 -0.387392
-0.066466 0.873984 -0.481388
0.066466 0.873984 -0.481388
0.293394 0.873984 -0.387391
0.387391 0.873984 -0.293394
0.481388 0.873984 -0.066466
0.481388 0.873984 0.066466
0.387391 0.873984 0.293394
0.293394 0.873984 0.387391
0.184141 -0.981661 0.049341
0.134801 -0.981661 0.134801
0.049341 -0.981661 0.184141
-0.049341 -0.981661 0.184141
-0.134801 -0.981661 0.134801
-0.184141 -0.981661 0.049341
-0.184141 -0.981661 -0.049341
-0.134801 -0.981661 -0.134801
-0.049341 -0.981661 -0.184141
0.049341 -0.981661 -0.184141
0.134801 -0.981661 -0.134801
0.184141 -0.981661 -0.049341
0.485028 -0.864787 0.129963
0.485028 -0.864787 0.129963
0.355065 -0.864787 0.355065
0.355065 -0.864787 0.355065
0.129963 -0.864787 0.485028
0.129963 -0.864787 0.485028
-0.129963 -0.864787 0.485028
-0.129963 -0.864787 0.485028
-0.355065 -0.864787 0.355065
-0.355065 -0.864787 0.355065
-0.485028 -0.864787 0.129963
-0.485028 -0.864787 0.129963
-0.485028 -0.864787 -0.129963
-0.485028 -0.864787 -0.129963
-0.355065 -0.864787 -0.355065
-0.355065 -0.864787 -0.355065
-0.129963 -0.864787 -0.485028
-0.129963 -0.864787 -0.485028
0.129963 -0.864787 -0.485028
0.129963 -0.864787 -0.485028
0.355065 -0.864787 -0.355065
0.355065 -0.864787 -0.355065
0.485028 -0.864787 -0.129963
0.485028 -0.864787 -0.129963
0.861481 -0.452290 0.230833
0.861481 -0.452290 0.230833
0.630648 -0.452290 0.630648
0.630648 -0.452290 0.630648
0.230833 -0.452290 0.861481
0.230833 -0.452290 0.861481
-0.230833 -0.452290 0.861481
-0.230833 -0.452290 0.861481
-0.630648 -0.452290 0.630648
-0.630648 -0.452290 0.630648
-0.861481 -0.452290 0.230833
-0.861481 -0.452290 0.230833
-0.861481 -0.452290 -0.230833
-0.861481 -0.452290 -0.230833
-0.630648 -0.452290 -0.630648
-0.630648 -0.452290 -0.630648
-0.230833 -0.452290 -0.861481
-0.230833 -0.452290 -0.861481
0.230833 -0.452290 -0.861481
0.230833 -0.452290 -0.861481
0.630648 -0.452290 -0.630648
0.630648 -0.452290 -0.630648
0.861481 -0.452290 -0.230833
0.861481 -0.452290 -0.230833
141
0 0 1 2 0 1 2 1
0 0 3 1 0 3 1 1
0 0 4 3 0 4 3 1
0 0 5 4 0 5 4 1
0 0 6 5 0 6 5 1
0 0 7 6 0 7 6 1
0 0 8 7 0 8 7 1
0 0 9 8 0 9 8 1
0 0 10 9 0 10 9 1
0 0 11 10 0 11 10 1
0 0 12 11 0 12 11 1
0 0 2 12 0 2 12 1
0 13 14 15 13 14 15 1
0 15 14 16 15 14 16 1
0 15 16 17 15 16 17 1
0 18 19 20 18 19 20 1
0 19 21 20 19 21 20 1
0 20 21 22 20 21 22 1
0 20 22 23 20 22 23 1
0 23 22 24 23 22 24 1
0 22 25 24 22 25 24 1
0 24 25 26 24 25 26 1
0 24 26 27 24 26 27 1
0 28 2 29 28 2 29 1
0 2 1 29 2 1 29 1
0 29 1 3 29 1 3 1
0 5 6 30 5 6 30 1
0 30 6 7 30 6 7 1
0 30 7 31 30 7 31 1
0 31 7 32 31 7 32 1
0 7 8 32 7 8 32 1
0 32 8 9 32 8 9 1
0 32 9 33 32 9 33 1
0 33 9 34 33 9 34 1
0 9 10 34 9 10 34 1
0 34 10 11 34 10 11 1
0 34 11 35 34 11 35 1
0 35 11 36 35 11 36 1
0 11 12 36 11 12 36 1
0 36 12 2 36 12 2 1
0 36 2 28 36 2 28 1
0 37 38 39 37 37 37 2
0 40 41 42 38 39 40 1
0 41 43 42 39 41 40 1
0 39 38 44 37 37 37 2
0 42 43 45 40 41 42 1
0 42 45 46 40 42 43 1
0 44 38 47 37 37 37 2
0 46 45 48 43 42 44 1
0 45 49 48 42 45 44 1
0 47 38 50 37 37 37 2
0 48 49 51 44 45 46 1
0 48 51 52 44 46 47 1
0 50 38 53 37 37 37 2
0 52 51 54 47 46 48 1
0 51 55 54 46 49 48 1
0 53 38 56 37 37 37 2
0 54 55 57 48 49 50 1
0 54 57 58 48 50 51 1
0 56 38 59 37 37 37 2
0 58 57 60 51 50 52 1
0 57 61 60 50 53 52 1
0 59 38 37 37 37 37 2
0 60 61 41 52 53 39 1
0 60 41 40 52 39 38 1
0 39 62 63 54 55 56 3
0 39 63 37 54 56 57 3
0 44 64 62 58 59 55 3
0 44 62 39 58 55 54 3
0 47 65 64 60 61 59 3
0 47 64 44 60 59 58 3
0 50 66 65 62 63 61 3
0 50 65 47 62 61 60 3
0 53 67 66 64 65 63 3
0 53 66 50 64 63 62 3
0 56 68 67 66 67 65 3
0 56 67 53 66 65 64 3
0 59 69 68 68 69 67 3
0 59 68 56 68 67 66 3
0 37 63 69 57 56 69 3
0 37 69 59 57 69 68 3
0 70 71 72 70 70 70 255
0 73 70 72 71 71 71 255
0 74 73 72 72 72 72 255
0 75 74 72 73 73 73 255
0 76 75 72 74 74 74 255
0 77 76 72 75 75 75 255
0 78 77 72 76 76 76 255
0 79 78 72 77 77 77 255
0 80 79 72 78 78 78 255
0 81 80 72 79 79 79 255
0 82 81 72 80 80 80 255
0 71 82 72 81 81 81 255
0 83 84 71 82 82 82 255
0 70 83 71 83 83 83 255
0 73 83 70 84 84 84 255
0 85 86 87 85 85 85 255
0 88 89 90 86 86 86 255
0 91 88 90 87 87 87 255
0 92 88 91 88 88 88 255
0 92 93 88 89 89 89 255
0 94 95 96 90 90 90 255
0 76 97 75 91 91 91 255
0 77 97 76 92 92 92 255
0 77 98 97 93 93 93 255
0 99 98 77 94 94 94 255
0 78 99 77 95 95 95 255
0 79 99 78 96 96 96 255
0 79 100 99 97 97 97 255
0 101 100 79 98 98 98 255
0 80 101 79 99 99 99 255
0 81 101 80 100 100 100 255
0 81 102 101 101 101 101 255
0 103 102 81 102 102 102 255
0 82 103 81 103 103 103 255
0 71 103 82 104 104 104 255
0 71 84 103 105 105 105 255
0 87 104 105 106 106 106 255
0 87 106 104 107 107 107 255
0 107 106 87 108 108 108 255
0 108 109 83 109 109 109 255
0 88 110 89 110 110 110 255
0 111 112 109 111 111 111 255
0 113 112 111 112 112 112 255
0 93 114 88 113 113 113 255
0 97 113 115 114 114 114 255
0 94 116 117 115 115 115 255
0 118 116 94 116 116 116 255
0 119 118 94 117 117 117 255
0 120 118 119 118 118 118 255
0 120 121 118 119 119 119 255
0 122 121 120 120 120 120 255
0 123 122 120 121 121 121 255
0 124 122 123 122 122 122 255
0 124 125 122 123 123 123 255
0 126 125 124 124 124 124 255
0 127 126 124 125 125 125 255
0 128 126 127 126 126 126 255
0 128 129 126 127 127 127 255
0 104 129 128 128 128 128 255
0 105 104 128 129 129 129 255
"FireStic" 0 0
174
0 217.897949 72.369789 7.369522 0.940456 0.706277 -1
0 217.897949 72.369789 -0.000031 0.907627 0.706277 -1
0 217.897949 77.580971 5.211082 0.930841 0.739461 -1
0 48.897583 72.370018 7.666661 0.489769 0.420008 -1
0 81.564255 72.370094 7.666661 0.575182 0.423999 -1
0 48.897575 77.791176 5.421147 0.492676 0.391524 -1
0 81.564285 77.791298 5.421147 0.578089 0.395515 -1
0 217.897949 79.739441 -0.000031 0.907627 0.753207 -1
0 48.897575 77.791176 5.421147 0.500464 0.481075 -1
0 81.564285 77.791298 5.421147 0.580164 0.481075 -1
0 81.564270 80.036766 -0.000007 0.582956 0.431950 -1
0 48.897575 80.036690 -0.000007 0.503256 0.431950 -1
0 217.897949 77.580971 -5.211098 0.884414 0.739461 -1
0 48.897575 77.791176 -5.421161 0.500464 0.382824 -1
0 81.564285 77.791298 -5.421161 0.580164 0.382824 -1
0 217.897949 72.369789 -7.369530 0.874799 0.706277 -1
0 48.897575 77.791176 -5.421161 0.496436 0.477921 -1
0 81.564285 77.791298 -5.421161 0.581849 0.473930 -1
0 81.564255 72.370094 -7.666675 0.578942 0.445446 -1
0 48.897583 72.370018 -7.666675 0.493529 0.449437 -1
0 217.897827 67.158691 -5.211098 0.884414 0.673093 -1
0 48.897591 66.948853 -5.421161 0.490622 0.420953 -1
0 81.564270 66.948959 -5.421160 0.576035 0.416961 -1
0 217.897949 65.000214 -0.000030 0.907627 0.659348 -1
0 48.897591 66.948853 -5.421161 0.500059 0.477898 -1
0 81.564270 66.948959 -5.421160 0.579759 0.477898 -1
0 81.564278 64.703476 -0.000006 0.576968 0.428773 -1
0 48.897583 64.703415 -0.000007 0.497268 0.428773 -1
0 217.897827 67.158691 5.211082 0.930841 0.673093 -1
0 48.897591 66.948853 5.421147 0.500059 0.379648 -1
0 81.564270 66.948959 5.421148 0.579759 0.379648 -1
0 48.897591 66.948853 5.421147 0.486863 0.448492 -1
0 81.564270 66.948959 5.421148 0.572275 0.452483 -1
0 83.231049 79.803253 7.433143 0.911113 0.787257 -1
0 81.564285 77.791298 5.421147 0.907670 0.789383 -1
0 81.564255 72.370094 7.666661 0.911513 0.799296 -1
0 83.231018 72.370110 10.512002 0.916382 0.800849 -1
0 83.231079 82.882126 -0.000034 0.590560 0.431949 -1
0 83.231049 79.803253 7.433143 0.586732 0.499307 -1
0 83.231049 79.803253 -7.433158 0.586732 0.364592 -1
0 83.231018 72.370110 -10.511996 0.880403 0.800849 -1
0 81.564255 72.370094 -7.666675 0.885272 0.799296 -1
0 81.564285 77.791298 -5.421161 0.889115 0.789383 -1
0 83.231049 79.803253 -7.433158 0.885672 0.787257 -1
0 83.231018 64.937012 -7.433157 0.885672 0.814441 -1
0 81.564270 66.948959 -5.421160 0.889115 0.809209 -1
0 83.230988 61.858040 -0.000033 0.898392 0.820072 -1
0 81.564278 64.703476 -0.000006 0.898393 0.813316 -1
0 83.231018 64.937012 7.433143 0.911113 0.814441 -1
0 81.564270 66.948959 5.421148 0.907670 0.809209 -1
0 107.564224 79.803185 7.433134 0.647149 0.388120 -1
0 83.231049 79.803253 7.433143 0.583525 0.385147 -1
0 83.231018 72.370110 10.512002 0.579540 0.424202 -1
0 107.564247 72.370079 10.511992 0.643163 0.427176 -1
0 107.564133 82.882111 -0.000033 0.649927 0.431949 -1
0 107.564224 79.803185 7.433134 0.646100 0.499307 -1
0 107.564224 79.803185 -7.433138 0.646100 0.364592 -1
0 107.564247 72.370079 -10.511995 0.646923 0.442268 -1
0 83.231018 72.370110 -10.511996 0.583300 0.445242 -1
0 83.231049 79.803253 -7.433158 0.587285 0.484298 -1
0 107.564224 79.803185 -7.433138 0.650909 0.481324 -1
0 107.564301 64.937019 -7.433138 0.642938 0.403213 -1
0 83.231018 64.937012 -7.433157 0.579315 0.406186 -1
0 107.564316 61.858055 -0.000032 0.636865 0.428773 -1
0 83.230988 61.858040 -0.000033 0.577497 0.428773 -1
0 83.231018 64.937012 -7.433157 0.581325 0.496130 -1
0 107.564301 64.937019 -7.433138 0.640693 0.496130 -1
0 107.564301 64.937019 7.433134 0.640693 0.361416 -1
0 83.231018 64.937012 7.433143 0.581325 0.361416 -1
0 83.231018 64.937012 7.433143 0.575554 0.463258 -1
0 107.564301 64.937019 7.433134 0.639178 0.466232 -1
0 110.230820 77.651665 5.281633 0.909587 0.842626 -1
0 107.564224 79.803185 7.433134 0.913269 0.849045 -1
0 107.564247 72.370079 10.511992 0.918538 0.835453 -1
0 110.230896 72.370079 7.469336 0.913331 0.832968 -1
0 110.230835 79.839409 -0.000033 0.900548 0.846627 -1
0 107.564133 82.882111 -0.000033 0.900548 0.854675 -1
0 110.230820 77.651665 -5.281645 0.891510 0.842626 -1
0 107.564224 79.803185 -7.433138 0.887828 0.849045 -1
0 110.230896 72.370079 -7.469339 0.887766 0.832968 -1
0 107.564247 72.370079 -10.511995 0.882559 0.835453 -1
0 110.230972 67.088455 -5.281645 0.651064 0.414191 -1
0 110.230896 72.370079 -7.469339 0.653896 0.441942 -1
0 110.231003 64.900787 -0.000032 0.647154 0.428773 -1
0 110.230972 67.088455 -5.281645 0.649874 0.476634 -1
0 110.230972 67.088455 5.281633 0.649874 0.380912 -1
0 110.230896 72.370079 7.469336 0.650136 0.427502 -1
0 110.230972 67.088455 5.281633 0.647304 0.455253 -1
0 205.564453 77.651535 5.281646 0.902233 0.411402 -1
0 110.230820 77.651665 5.281633 0.652967 0.399751 -1
0 205.564453 72.369888 7.469330 0.899401 0.439153 -1
0 205.564514 79.839310 -0.000031 0.885245 0.431949 -1
0 110.230835 79.839409 -0.000033 0.652651 0.431949 -1
0 110.230820 77.651665 5.281633 0.649931 0.479811 -1
0 205.564453 77.651535 5.281646 0.882526 0.479811 -1
0 205.564453 77.651535 -5.281647 0.882526 0.384089 -1
0 110.230820 77.651665 -5.281645 0.649931 0.384089 -1
0 205.564453 72.369888 -7.469330 0.903161 0.430292 -1
0 110.230820 77.651665 -5.281645 0.656727 0.469693 -1
0 205.564453 77.651535 -5.281647 0.905993 0.458043 -1
0 205.564575 67.088203 -5.281647 0.900329 0.402541 -1
0 205.564392 64.900490 -0.000030 0.879748 0.428773 -1
0 205.564575 67.088203 -5.281647 0.882467 0.476634 -1
0 205.564575 67.088203 5.281647 0.882467 0.380912 -1
0 205.564575 67.088203 5.281647 0.896569 0.466904 -1
0 207.231201 79.777756 7.407924 0.964937 0.784645 -1
0 205.564453 77.651535 5.281646 0.961299 0.786980 -1
0 205.564453 72.369888 7.469330 0.965042 0.796638 -1
0 207.231293 72.369865 10.476318 0.970188 0.798191 -1
0 207.231171 82.846321 -0.000031 0.893050 0.431949 -1
0 207.231201 79.777756 7.407924 0.889235 0.499078 -1
0 207.231201 79.777756 -7.407921 0.889235 0.364821 -1
0 207.231293 72.369865 -10.476299 0.934332 0.798191 -1
0 205.564453 72.369888 -7.469330 0.939477 0.796638 -1
0 205.564453 77.651535 -5.281647 0.943221 0.786980 -1
0 207.231201 79.777756 -7.407921 0.939583 0.784645 -1
0 207.231171 64.961945 -7.407921 0.939583 0.811738 -1
0 205.564575 67.088203 -5.281647 0.943221 0.806297 -1
0 207.231262 61.893433 -0.000030 0.952260 0.817349 -1
0 205.564392 64.900490 -0.000030 0.952260 0.810297 -1
0 207.231171 64.961945 7.407925 0.964937 0.811738 -1
0 205.564575 67.088203 5.281647 0.961299 0.806297 -1
0 240.564789 79.777657 7.407928 0.994887 0.404507 -1
0 207.231201 79.777756 7.407924 0.907731 0.400433 -1
0 207.231293 72.369865 10.476318 0.903759 0.439356 -1
0 240.564728 72.369766 10.476288 0.990915 0.443430 -1
0 240.564697 82.846123 -0.000030 0.974377 0.431949 -1
0 240.564789 79.777657 7.407928 0.970562 0.499078 -1
0 240.564789 79.777657 -7.407928 0.970562 0.364821 -1
0 240.564728 72.369766 -10.476288 0.994675 0.426015 -1
0 207.231293 72.369865 -10.476299 0.907519 0.430088 -1
0 207.231201 79.777756 -7.407921 0.911491 0.469012 -1
0 240.564789 79.777657 -7.407928 0.998647 0.464938 -1
0 240.564728 64.961960 -7.407928 0.990703 0.387092 -1
0 207.231171 64.961945 -7.407921 0.903547 0.391166 -1
0 240.564636 61.893463 -0.000030 0.961403 0.428773 -1
0 207.231262 61.893433 -0.000030 0.880076 0.428773 -1
0 207.231171 64.961945 -7.407921 0.883891 0.495902 -1
0 240.564728 64.961960 -7.407928 0.965217 0.495902 -1
0 240.564728 64.961960 7.407929 0.965217 0.361644 -1
0 207.231171 64.961945 7.407925 0.883891 0.361644 -1
0 207.231171 64.961945 7.407925 0.899787 0.478280 -1
0 240.564728 64.961960 7.407929 0.986943 0.482353 -1
0 217.897949 77.580971 5.211082 0.938203 0.456165 -1
0 240.564789 79.777657 7.407928 0.998647 0.464938 -1
0 240.564728 72.369766 10.476288 0.994675 0.426015 -1
0 217.897949 72.369789 7.369522 0.935409 0.428785 -1
0 217.897949 79.739441 -0.000031 0.928285 0.428773 -1
0 240.564697 82.846123 -0.000030 0.987450 0.428773 -1
0 240.564789 79.777657 7.407928 0.983635 0.361644 -1
0 217.897949 77.580971 5.211082 0.925602 0.381552 -1
0 217.897949 77.580971 -5.211098 0.925602 0.475995 -1
0 240.564789 79.777657 -7.407928 0.983635 0.495902 -1
0 217.897949 72.369789 -7.369530 0.931649 0.440660 -1
0 240.564728 72.369766 -10.476288 0.990915 0.443430 -1
0 240.564789 79.777657 -7.407928 0.994887 0.404507 -1
0 217.897949 77.580971 -5.211098 0.934443 0.413280 -1
0 217.897827 67.158691 -5.211098 0.928855 0.468041 -1
0 240.564728 64.961960 -7.407928 0.986943 0.482353 -1
0 217.897949 65.000214 -0.000030 0.896889 0.431949 -1
0 240.564636 61.893463 -0.000030 0.948330 0.431949 -1
0 240.564728 64.961960 -7.407928 0.952144 0.364821 -1
0 217.897827 67.158691 -5.211098 0.899573 0.384728 -1
0 217.897827 67.158691 5.211082 0.899573 0.479171 -1
0 240.564728 64.961960 7.407929 0.952144 0.499078 -1
0 240.564728 64.961960 7.407929 0.990703 0.387092 -1
0 217.897827 67.158691 5.211082 0.932615 0.401405 -1
0 48.897591 66.948853 -5.421161 0.889115 0.778773 -1
0 48.897583 64.703415 -0.000007 0.898393 0.782879 -1
0 49.350315 72.895081 0.000002 0.898393 0.768322 -1
0 49.350315 72.895081 0.000002 0.921592 0.886017 -1
0 48.897583 64.703415 -0.000007 0.921592 0.871459 -1
0 48.897591 66.948853 -5.421161 0.912315 0.875565 -1
0 48.897591 66.948853 5.421147 0.930870 0.875565 -1
171
1.000000 -0.000012 0.000000
1.000000 -0.000006 -0.000000
1.000000 0.000000 0.000000
-0.000000 0.000000 1.000000
-0.000000 -0.000001 1.000000
-0.000001 0.382682 0.923880
-0.000001 0.382680 0.923881
-0.000003 0.923881 0.382680
-0.000003 0.923882 0.382677
-0.000003 1.000000 0.000000
-0.000002 1.000000 -0.000000
-0.000003 0.923881 -0.382680
-0.000003 0.923882 -0.382677
-0.000001 0.382682 -0.923880
-0.000001 0.382680 -0.923881
-0.000000 -0.000001 -1.000000
0.000000 0.000000 -1.000000
1.000000 -0.000012 -0.000012
0.000001 -0.382683 -0.923880
0.000001 -0.382684 -0.923879
1.000000 -0.000000 -0.000000
0.000002 -0.923883 -0.382675
0.000003 -0.923881 -0.382679
0.000003 -1.000000 0.000000
0.000002 -1.000000 0.000000
1.000000 -0.000012 0.000012
0.000002 -0.923883 0.382675
0.000003 -0.923881 0.382679
0.000001 -0.382683 0.923880
0.000001 -0.382684 0.923879
-0.844547 0.204921 0.494720
-0.844548 0.204921 0.494718
-0.860764 0.069618 0.504221
-0.860764 -0.069618 0.504221
-0.511213 0.858705 -0.035869
-0.860760 0.504229 -0.069617
-0.844542 0.494729 0.204919
-0.316019 0.876535 0.363068
-0.632038 0.715950 -0.296552
-0.844546 0.494723 -0.204919
-0.860762 0.069620 -0.504224
-0.860763 -0.069617 -0.504222
-0.844546 0.204921 -0.494722
-0.844548 0.204918 -0.494720
-0.860764 -0.307308 -0.405767
-0.860770 -0.405756 -0.307305
-0.860774 -0.504204 -0.069616
-0.860772 -0.504206 0.069621
-0.860769 -0.405758 0.307307
-0.860764 -0.307311 0.405764
0.000001 0.382679 0.923881
0.000001 0.382678 0.923882
0.000001 0.136771 0.990603
0.204754 -0.182332 0.961681
0.000001 0.990603 0.136771
0.000003 0.923879 0.382684
0.000002 0.923879 -0.382684
0.337579 -0.033515 -0.940700
0.000000 -0.136773 -0.990602
0.000001 0.382678 -0.923882
0.000002 0.382680 -0.923881
0.260554 -0.369461 -0.891970
0.000001 -0.382678 -0.923882
0.421640 -0.906468 -0.023116
0.000001 -0.990602 0.136775
0.000001 -0.923876 -0.382691
0.521111 -0.788519 -0.326621
0.260554 -0.891966 0.369471
0.000000 -0.923877 0.382689
0.000000 -0.382681 0.923881
0.521111 -0.326609 0.788523
0.748958 0.400055 0.528222
0.748959 0.528222 0.400051
0.725499 0.263376 0.635834
0.725493 0.263383 0.635838
0.748955 0.656394 0.090624
0.748954 0.656395 -0.090631
0.748957 0.528225 -0.400051
0.748959 0.400056 -0.528219
0.725501 0.263375 -0.635832
0.725495 0.263372 -0.635839
0.521112 -0.326608 -0.788524
0.204754 -0.182327 -0.961682
0.421637 -0.906470 0.023109
0.260551 -0.891970 -0.369462
0.521112 -0.788522 0.326613
0.337579 -0.033515 0.940700
0.260554 -0.369457 0.891972
0.000001 0.382680 0.923881
0.000000 0.382683 0.923880
-0.000000 -0.136771 0.990603
-0.522171 0.852007 0.037710
0.000001 0.990602 -0.136778
0.000001 0.923878 0.382686
-0.645559 0.705576 0.292262
-0.322773 0.874429 -0.362204
0.000001 0.923878 -0.382688
0.000000 0.136774 -0.990602
0.000001 0.382679 -0.923881
0.000001 0.382676 -0.923882
-0.000001 -0.382677 -0.923882
-0.000003 -0.990603 -0.136772
-0.000002 -0.923880 -0.382683
-0.000003 -0.923883 0.382676
-0.000001 -0.382674 0.923883
-0.857502 0.196875 0.475321
-0.857507 0.196876 0.475312
-0.872666 0.066777 0.483730
-0.872671 -0.066787 0.483720
-0.522171 0.852006 -0.037717
-0.322772 0.874428 0.362207
-0.645555 0.705576 -0.292267
-0.872663 0.066789 -0.483733
-0.872673 -0.066781 -0.483716
-0.857499 0.196877 -0.475326
-0.857505 0.196868 -0.475319
-0.872684 -0.294798 -0.389251
-0.872680 -0.389257 -0.294803
-0.872672 -0.483717 -0.066793
-0.872676 -0.483712 0.066777
-0.872684 -0.389244 0.294807
-0.872681 -0.294793 0.389263
0.000002 0.382676 0.923883
0.000001 0.382678 0.923882
0.000001 0.136770 0.990603
0.000001 -0.136772 0.990603
0.000005 0.990602 0.136776
0.000003 0.923880 0.382682
0.000004 0.923877 -0.382690
0.000001 0.136769 -0.990603
0.000000 -0.136771 -0.990603
0.000001 0.382675 -0.923883
0.000001 0.382674 -0.923883
-0.000000 -0.382676 -0.923883
-0.000000 -0.382675 -0.923883
0.000001 -0.990602 -0.136777
0.000001 -0.990602 0.136774
0.000001 -0.923877 -0.382689
0.000000 -0.923878 -0.382688
0.000001 -0.923878 0.382686
0.000000 -0.923878 0.382687
-0.000000 -0.382677 0.923882
0.000000 -0.382678 0.923882
0.125625 -0.379640 -0.916565
0.125624 -0.379643 -0.916564
0.134539 -0.135523 -0.981597
0.134539 0.135528 -0.981596
0.134536 -0.981597 -0.135529
0.134536 -0.981597 0.135530
0.125622 -0.916562 -0.379649
0.125621 -0.916564 -0.379645
0.125622 -0.916561 0.379651
0.125621 -0.916560 0.379655
0.134539 -0.135525 0.981597
0.134539 0.135526 0.981597
0.125625 -0.379639 0.916566
0.125623 -0.379635 0.916567
0.125626 0.379642 0.916564
0.125624 0.379646 0.916563
0.134538 0.981596 0.135533
0.134539 0.981597 -0.135526
0.125624 0.916560 0.379652
0.125622 0.916563 0.379647
0.125625 0.916561 -0.379650
0.125623 0.916559 -0.379655
0.125626 0.379642 -0.916564
0.125625 0.379639 -0.916566
-0.998216 0.055169 0.022849
0.998476 -0.055183 0.000000
0.998216 -0.055169 -0.022849
0.998216 -0.055169 0.022849
139
0 0 1 2 0 1 2 2
0 3 4 5 3 4 5 1
0 4 6 5 4 6 5 1
0 2 1 7 2 1 2 2
0 8 9 10 7 8 9 1
0 8 10 11 7 9 10 1
0 7 1 12 2 1 2 2
0 11 10 13 10 9 11 1
0 10 14 13 9 12 11 1
0 12 1 15 2 1 0 2
0 16 17 18 13 14 15 1
0 16 18 19 13 15 16 1
0 15 1 20 0 1 17 2
0 19 18 21 16 15 18 1
0 18 22 21 15 19 18 1
0 20 1 23 17 1 20 2
0 24 25 26 21 22 23 1
0 24 26 27 21 23 24 1
0 23 1 28 20 1 25 2
0 27 26 29 24 23 26 1
0 26 30 29 23 27 26 1
0 28 1 0 25 1 0 2
0 31 32 4 28 29 4 1
0 31 4 3 28 4 3 1
0 33 34 35 30 31 32 2
0 33 35 36 30 32 33 2
0 37 10 9 34 35 36 2
0 37 9 38 34 36 37 2
0 39 14 10 38 39 35 2
0 39 10 37 38 35 34 2
0 40 41 42 40 41 42 2
0 40 42 43 40 42 43 2
0 44 45 41 44 45 41 2
0 44 41 40 44 41 40 2
0 46 47 45 46 47 45 2
0 46 45 44 46 45 44 2
0 48 49 47 48 49 47 2
0 48 47 46 48 47 46 2
0 36 35 49 33 32 49 2
0 36 49 48 33 49 48 2
0 50 51 52 50 51 52 2
0 50 52 53 50 52 53 2
0 54 37 38 54 34 37 2
0 54 38 55 54 37 55 2
0 56 39 37 56 38 34 2
0 56 37 54 56 34 54 2
0 57 58 59 57 58 59 2
0 57 59 60 57 59 60 2
0 61 62 58 61 62 58 2
0 61 58 57 61 58 57 2
0 63 64 65 63 64 65 2
0 63 65 66 63 65 66 2
0 67 68 64 67 68 64 2
0 67 64 63 67 64 63 2
0 53 52 69 53 52 69 2
0 53 69 70 53 69 70 2
0 71 72 73 71 72 73 2
0 71 73 74 71 73 74 2
0 75 76 72 75 76 72 2
0 75 72 71 75 72 71 2
0 77 78 76 77 78 76 2
0 77 76 75 77 76 75 2
0 79 80 78 79 80 78 2
0 79 78 77 79 78 77 2
0 81 61 57 81 61 57 2
0 81 57 82 81 57 82 2
0 83 63 66 83 63 66 2
0 83 66 84 83 66 84 2
0 85 67 63 85 67 63 2
0 85 63 83 85 63 83 2
0 86 53 70 86 53 70 2
0 86 70 87 86 70 87 2
0 88 89 86 88 89 86 2
0 88 86 90 88 86 90 2
0 91 92 93 91 92 93 2
0 91 93 94 91 93 94 2
0 95 96 92 95 96 92 2
0 95 92 91 95 92 91 2
0 97 82 98 97 82 98 2
0 97 98 99 97 98 99 2
0 100 81 82 100 81 82 2
0 100 82 97 100 82 97 2
0 101 83 84 101 83 84 2
0 101 84 102 101 84 102 2
0 103 85 83 103 85 83 2
0 103 83 101 103 83 101 2
0 90 86 87 90 86 87 2
0 90 87 104 90 87 104 2
0 105 106 107 105 106 107 2
0 105 107 108 105 107 108 2
0 109 91 94 109 91 94 2
0 109 94 110 109 94 110 2
0 111 95 91 111 95 91 2
0 111 91 109 111 91 109 2
0 112 113 114 112 113 114 2
0 112 114 115 112 114 115 2
0 116 117 113 116 117 113 2
0 116 113 112 116 113 112 2
0 118 119 117 118 119 117 2
0 118 117 116 118 117 116 2
0 120 121 119 120 121 119 2
0 120 119 118 120 119 118 2
0 108 107 121 108 107 121 2
0 108 121 120 108 121 120 2
0 122 123 124 122 123 124 2
0 122 124 125 122 124 125 2
0 126 109 110 126 109 110 2
0 126 110 127 126 110 127 2
0 128 111 109 128 111 109 2
0 128 109 126 128 109 126 2
0 129 130 131 129 130 131 2
0 129 131 132 129 131 132 2
0 133 134 130 133 134 130 2
0 133 130 129 133 130 129 2
0 135 136 137 135 136 137 2
0 135 137 138 135 137 138 2
0 139 140 136 139 140 136 2
0 139 136 135 139 136 135 2
0 125 124 141 125 124 141 2
0 125 141 142 125 141 142 2
0 143 144 145 143 144 145 2
0 143 145 146 143 145 146 2
0 147 148 149 147 148 149 2
0 147 149 150 147 149 150 2
0 151 152 148 151 152 148 2
0 151 148 147 151 148 147 2
0 153 154 155 153 154 155 2
0 153 155 156 153 155 156 2
0 157 158 154 157 158 154 2
0 157 154 153 157 154 153 2
0 159 160 161 159 160 161 2
0 159 161 162 159 161 162 2
0 163 164 160 163 164 160 2
0 163 160 159 163 160 159 2
0 146 145 165 146 145 165 2
0 146 165 166 146 165 166 2
0 167 168 169 167 167 167 1
0 170 171 172 168 168 169 1
0 170 173 171 168 170 168 1

Materials: 1
"Material01"
0.325490 0.325490 0.325490 1.000000
0.341176 0.341176 0.341176 1.000000
0.490196 0.490196 0.490196 1.000000
0.082353 0.082353 0.082353 1.000000
28.000000
1.000000
"K92.tga"
""

Bones: 0
GroupComments: 0
MaterialComments: 0
BoneComments: 0
ModelComment: 0
