// MilkShape 3D ASCII

Frames: 52
Frame: 1

Meshes: 1
"Regroup00" 1 -1
14
1 -109.597900 0.000000 -62.000000 0.000000 0.000000 -1
1 111.402100 0.000000 -62.000000 0.000000 0.000000 -1
1 -112.597900 0.000000 -37.000000 0.000000 0.000000 -1
1 114.402100 0.000000 -35.000000 0.000000 0.000000 -1
1 -110.597900 0.000000 36.000000 0.000000 0.000000 -1
1 114.402100 0.000000 37.000000 0.000000 0.000000 -1
1 -111.597900 0.000000 64.000000 0.000000 0.000000 -1
1 110.402100 0.000000 61.000000 0.000000 0.000000 -1
1 5.000000 0.000000 62.000000 0.000000 0.000000 -1
1 5.000000 0.000000 70.000000 0.000000 0.000000 -1
1 -72.000000 0.000000 64.000000 0.000000 0.000000 -1
1 -3.000000 0.000000 71.000000 0.000000 0.000000 -1
1 -21.000000 0.000000 88.000000 0.000000 0.000000 -1
1 -55.000000 0.000000 85.000000 0.000000 0.000000 -1
1
0.000000 -1.000000 0.000000
10
1 0 1 2 0 0 0 1
1 1 3 2 0 0 0 1
1 3 4 2 0 0 0 1
1 3 5 4 0 0 0 1
1 5 6 4 0 0 0 1
1 5 7 6 0 0 0 1
1 8 9 10 0 0 0 1
1 9 11 10 0 0 0 1
1 12 13 10 0 0 0 1
1 11 12 10 0 0 0 1

Materials: 0

Bones: 0
GroupComments: 0
MaterialComments: 0
BoneComments: 0
ModelComment: 0
