// MilkShape 3D ASCII

Frames: 52
Frame: 1

Meshes: 2
"Header" 0 0
79
0 -10.250000 52.072498 25.768595 0.220053 0.257171 -1
0 -21.033379 52.072498 18.514042 0.178544 0.261509 -1
0 -10.250000 52.072498 1.000000 0.220653 0.323532 -1
0 -10.250000 71.572495 25.768595 0.529463 0.251232 -1
0 -10.250000 71.572495 1.000000 0.543260 0.072804 -1
0 -34.283379 61.822495 18.514042 0.600075 0.132086 -1
0 -10.250000 52.072498 25.768595 0.544175 0.248291 -1
0 -10.250000 71.572495 25.768595 0.544175 0.072865 -1
0 -21.033379 52.072498 18.514042 0.502067 0.248291 -1
0 -34.283379 61.822495 18.514042 0.450327 0.160578 -1
0 -25.500000 52.072498 0.999999 0.161103 0.323532 -1
0 -38.750000 61.822495 0.999999 0.684617 0.077549 -1
0 -34.283379 61.822495 18.514042 0.134003 0.314890 -1
0 -38.750000 61.822495 0.999999 0.087767 0.369795 -1
0 -21.033379 52.072498 -16.514042 0.207939 0.355899 -1
0 -38.750000 61.822495 0.999999 0.685379 0.079430 -1
0 -10.250000 71.572495 1.000000 0.544022 0.074685 -1
0 -34.283379 61.822495 -16.514042 0.600837 0.133967 -1
0 -34.283379 61.822495 -16.514042 0.134003 0.438935 -1
0 -10.250000 52.072498 -23.768595 0.224852 0.351933 -1
0 -10.250000 71.572495 -23.768595 0.530225 0.253113 -1
0 -21.033379 52.072498 -16.514042 0.565737 0.245172 -1
0 -34.283379 61.822495 -16.514042 0.617476 0.157459 -1
0 -10.250000 71.572495 -23.768595 0.523629 0.069745 -1
0 -10.250000 52.072498 -23.768595 0.523629 0.245172 -1
0 13.533379 52.072498 -16.514042 0.273558 0.338105 -1
0 13.533379 71.572495 -16.514042 0.513933 0.129222 -1
0 13.533379 52.072498 -16.514042 0.481521 0.245172 -1
0 13.533379 71.572495 -16.514042 0.481521 0.069745 -1
0 18.000000 52.072498 1.000001 0.295799 0.305738 -1
0 18.000000 71.572495 1.000001 0.467184 0.096037 -1
0 13.533379 52.072498 -16.514042 0.471331 0.421921 -1
0 13.533379 71.572495 -16.514042 0.471331 0.246495 -1
0 18.000000 71.572495 1.000001 0.410931 0.246495 -1
0 18.000000 52.072498 1.000001 0.410931 0.421921 -1
0 13.533379 52.072498 18.514042 0.262760 0.261509 -1
0 18.000000 71.572495 1.000001 0.466422 0.094157 -1
0 13.533379 71.572495 18.514042 0.513171 0.127341 -1
0 13.533379 52.072498 18.514042 0.350530 0.421921 -1
0 13.533379 71.572495 18.514042 0.350530 0.246495 -1
0 13.533379 52.072498 18.514042 0.619876 0.120178 -1
0 13.533379 71.572495 18.514042 0.586283 0.072865 -1
0 18.473392 69.822495 -0.000001 0.615162 0.112131 -1
0 11.212570 69.822495 11.856115 0.595652 0.075654 -1
0 -9.048255 69.822495 -0.000001 0.541211 0.112131 -1
0 18.473392 77.322495 -0.000001 0.065210 0.869474 -1
0 13.951744 72.245575 -0.000001 0.065210 0.918859 -1
0 11.212570 77.322495 11.856115 0.121695 0.869474 -1
0 18.473392 69.822495 -0.000001 0.065658 0.940972 -1
0 18.473392 77.322495 -0.000001 0.065658 0.868016 -1
0 11.212570 69.822495 11.856115 0.009173 0.940972 -1
0 11.212570 77.322495 11.856115 0.009173 0.868016 -1
0 -16.309078 69.822495 11.856115 0.521701 0.075654 -1
0 11.212570 77.322495 11.856115 0.598804 0.147680 -1
0 13.951744 72.245575 -0.000001 0.606164 0.111202 -1
0 -16.309078 77.322495 11.856115 0.524853 0.147680 -1
0 11.212570 69.822495 11.856115 0.076359 0.880377 -1
0 11.212570 77.322495 11.856115 0.076359 0.807422 -1
0 -16.309078 77.322495 11.856115 0.002409 0.807422 -1
0 -16.309078 69.822495 11.856115 0.002409 0.880377 -1
0 -23.569904 69.822495 -0.000001 0.502191 0.112131 -1
0 -23.569904 77.322495 -0.000001 0.505343 0.111202 -1
0 -16.309078 69.822495 11.856115 0.121695 0.942429 -1
0 -16.309078 77.322495 11.856115 0.121695 0.869474 -1
0 -23.569904 69.822495 -0.000001 0.065210 0.942429 -1
0 -23.569904 77.322495 -0.000001 0.065210 0.869474 -1
0 -16.309078 69.822495 -11.856115 0.521701 0.148609 -1
0 -16.309078 77.322495 -11.856115 0.524853 0.074725 -1
0 -16.309078 77.322495 -11.856115 0.008725 0.869474 -1
0 -16.309078 69.822495 -11.856115 0.008725 0.942429 -1
0 11.212570 69.822495 -11.856115 0.595652 0.148609 -1
0 11.212570 77.322495 -11.856115 0.598804 0.074725 -1
0 -16.309078 69.822495 -11.856115 0.076359 0.962451 -1
0 -16.309078 77.322495 -11.856115 0.076359 0.889496 -1
0 11.212570 69.822495 -11.856115 0.002409 0.962451 -1
0 11.212570 77.322495 -11.856115 0.002409 0.889496 -1
0 11.212570 77.322495 -11.856115 0.008725 0.869474 -1
0 11.212570 69.822495 -11.856115 0.122143 0.940972 -1
0 11.212570 77.322495 -11.856115 0.122143 0.868016 -1
42
0.000000 -1.000000 0.000000
-0.191509 0.981491 0.000000
-0.177604 0.983880 0.020918
-0.349691 0.935959 0.041186
-0.147531 0.000000 0.989057
-0.043066 -0.067814 0.996768
-0.382037 -0.129170 0.915075
-0.184871 -0.251235 0.950107
-0.322590 0.942957 0.082271
-0.586024 -0.796392 0.149454
-0.592680 -0.805438 0.000000
-0.322590 0.942957 -0.082271
-0.177604 0.983880 -0.020918
-0.349691 0.935959 -0.041186
-0.586024 -0.796392 -0.149454
-0.382037 -0.129170 -0.915075
-0.184871 -0.251235 -0.950107
-0.043066 -0.067814 -0.996768
-0.147531 0.000000 -0.989057
0.000000 1.000000 0.000000
0.291755 0.000000 -0.956493
0.968985 0.000000 -0.247121
1.000000 0.000000 0.000000
0.968985 0.000000 0.247121
0.291755 0.000000 0.956493
-0.746764 0.665089 0.000000
-0.679116 0.604840 -0.415898
1.000000 0.000000 -0.000000
0.852788 0.000000 0.522257
0.000000 0.919265 -0.393639
0.069908 0.997553 0.000000
0.067841 0.968056 -0.241380
0.000000 0.000000 1.000000
0.134085 0.990970 0.000000
-0.852788 0.000000 0.522257
-1.000000 0.000000 -0.000000
0.067841 0.968056 0.241380
-0.852788 0.000000 -0.522257
0.000000 0.919265 0.393639
0.000000 0.000000 -1.000000
-0.679115 0.604840 0.415898
0.852788 0.000000 -0.522257
56
0 0 1 2 0 0 0 2
0 3 4 5 1 2 3 2
0 6 7 8 4 5 6 1
0 7 9 8 5 7 6 1
0 1 10 2 0 0 0 2
0 5 4 11 3 2 8 2
0 1 12 13 9 9 10 1
0 1 13 10 9 10 10 1
0 10 14 2 0 0 0 2
0 15 16 17 11 12 13 2
0 10 13 14 10 10 14 1
0 13 18 14 10 14 14 1
0 14 19 2 0 0 0 2
0 17 16 20 13 12 1 2
0 21 22 23 15 16 17 1
0 21 23 24 15 17 18 1
0 19 25 2 0 0 0 2
0 20 16 26 1 12 19 2
0 24 23 27 18 17 20 1
0 23 28 27 17 20 20 1
0 25 29 2 0 0 0 2
0 26 16 30 19 12 19 2
0 31 32 33 21 21 22 1
0 31 33 34 21 22 22 1
0 29 35 2 0 0 0 2
0 36 4 37 19 2 19 2
0 34 33 38 22 22 23 1
0 33 39 38 22 23 23 1
0 35 0 2 0 0 0 2
0 37 4 3 19 2 1 2
0 40 41 7 24 24 5 1
0 40 7 6 24 5 4 1
0 42 43 44 0 0 0 2
0 45 46 47 25 25 26 2
0 48 49 50 27 27 28 1
0 49 51 50 27 28 28 1
0 43 52 44 0 0 0 2
0 53 54 55 29 30 31 2
0 56 57 58 32 32 32 1
0 56 58 59 32 32 32 1
0 52 60 44 0 0 0 2
0 55 54 61 31 30 33 2
0 62 63 64 34 34 35 1
0 63 65 64 34 35 35 1
0 60 66 44 0 0 0 2
0 61 54 67 33 30 36 2
0 64 65 68 35 35 37 1
0 64 68 69 35 37 37 1
0 66 70 44 0 0 0 2
0 67 54 71 36 30 38 2
0 72 73 74 39 39 39 1
0 73 75 74 39 39 39 1
0 70 42 44 0 0 0 2
0 76 46 45 40 25 25 2
0 77 78 49 41 41 27 1
0 77 49 48 41 27 27 1
"Stick" 0 0
74
0 11.179199 65.390182 -16.491415 0.327143 0.161880 -1
0 11.179199 55.750412 -16.491415 0.327143 0.225937 -1
0 11.179199 65.390182 16.769829 0.474114 0.161880 -1
0 11.179199 55.750412 16.769829 0.474114 0.225937 -1
0 11.179199 65.390182 16.769829 0.327143 0.161880 -1
0 11.179199 55.750412 16.769829 0.327143 0.225937 -1
0 106.331802 62.476601 16.769838 0.474114 0.161880 -1
0 106.331802 58.663998 16.769838 0.474114 0.225937 -1
0 106.331802 62.476601 16.769838 0.327143 0.161880 -1
0 106.331802 58.663998 16.769838 0.327143 0.225937 -1
0 106.331802 62.476601 -16.491402 0.474114 0.161880 -1
0 106.331802 58.663998 -16.491402 0.474114 0.225937 -1
0 106.331802 62.476601 -16.491402 0.327143 0.161880 -1
0 106.331802 58.663998 -16.491402 0.327143 0.225937 -1
0 11.179199 65.390182 -16.491415 0.474114 0.161880 -1
0 11.179199 55.750412 -16.491415 0.474114 0.225937 -1
0 11.179199 65.390182 -16.491415 0.327143 0.225937 -1
0 11.179199 65.390182 16.769829 0.474114 0.225937 -1
0 11.179199 55.750412 -16.491415 0.327143 0.161880 -1
0 11.179199 55.750412 16.769829 0.474114 0.161880 -1
0 110.452621 66.325432 -9.464627 0.474079 0.162195 -1
0 110.452621 63.415699 -2.816293 0.474079 0.162195 -1
0 110.452621 60.505970 -15.503409 0.474079 0.162195 -1
0 3.308170 66.325432 -9.464627 0.474079 0.162195 -1
0 3.308170 60.505970 -15.503409 0.474079 0.162195 -1
0 3.308170 63.415699 -2.816293 0.474079 0.162195 -1
0 110.452621 66.325432 -9.464627 0.330108 0.162195 -1
0 110.452621 63.415699 -2.816293 0.330108 0.171940 -1
0 3.308170 63.415699 -2.816293 0.474079 0.171940 -1
0 110.452621 57.596165 -2.816293 0.474079 0.162195 -1
0 3.308170 57.596165 -2.816293 0.474079 0.162195 -1
0 3.308170 57.596165 -2.816293 0.474079 0.181686 -1
0 110.452621 57.596165 -2.816293 0.330108 0.181686 -1
0 110.452621 54.686428 -9.464627 0.474079 0.162195 -1
0 3.308170 54.686428 -9.464627 0.474079 0.162195 -1
0 110.452621 54.686428 -9.464627 0.330108 0.191431 -1
0 3.308170 54.686428 -9.464627 0.474079 0.191431 -1
0 110.452621 57.596165 -16.112965 0.474079 0.162195 -1
0 3.308170 57.596165 -16.112965 0.474079 0.162195 -1
0 3.308170 57.596165 -16.112965 0.474079 0.201177 -1
0 110.452621 57.596165 -16.112965 0.330108 0.201177 -1
0 110.452621 63.415699 -16.112965 0.474079 0.162195 -1
0 3.308170 63.415699 -16.112965 0.474079 0.162195 -1
0 110.452621 63.415699 -16.112965 0.330108 0.210922 -1
0 3.308170 63.415699 -16.112965 0.474079 0.210922 -1
0 3.308170 66.325432 -9.464627 0.474079 0.220668 -1
0 110.452621 66.325432 -9.464627 0.330108 0.220668 -1
0 110.452621 66.325432 8.853026 0.474079 0.162195 -1
0 110.452621 63.415699 15.501356 0.474079 0.162195 -1
0 110.452621 60.505970 15.160203 0.474079 0.162195 -1
0 3.308170 66.325432 8.853026 0.474079 0.162195 -1
0 3.308170 60.505970 15.160203 0.474079 0.162195 -1
0 3.308170 63.415699 15.501356 0.474079 0.162195 -1
0 110.452621 66.325432 8.853026 0.330108 0.162195 -1
0 110.452621 63.415699 15.501356 0.330108 0.171940 -1
0 3.308170 63.415699 15.501356 0.474079 0.171940 -1
0 110.452621 57.596165 15.501356 0.474079 0.162195 -1
0 3.308170 57.596165 15.501356 0.474079 0.162195 -1
0 3.308170 57.596165 15.501356 0.474079 0.181686 -1
0 110.452621 57.596165 15.501356 0.330108 0.181686 -1
0 110.452621 54.686428 8.853026 0.474079 0.162195 -1
0 3.308170 54.686428 8.853026 0.474079 0.162195 -1
0 110.452621 54.686428 8.853026 0.330108 0.191431 -1
0 3.308170 54.686428 8.853026 0.474079 0.191431 -1
0 110.452621 57.596165 2.204687 0.474079 0.162195 -1
0 3.308170 57.596165 2.204687 0.474079 0.162195 -1
0 3.308170 57.596165 2.204687 0.474079 0.201177 -1
0 110.452621 57.596165 2.204687 0.330108 0.201177 -1
0 110.452621 63.415699 2.204687 0.474079 0.162195 -1
0 3.308170 63.415699 2.204687 0.474079 0.162195 -1
0 110.452621 63.415699 2.204687 0.330108 0.210922 -1
0 3.308170 63.415699 2.204687 0.474079 0.210922 -1
0 3.308170 66.325432 8.853026 0.474079 0.220668 -1
0 110.452621 66.325432 8.853026 0.330108 0.220668 -1
22
-1.000000 0.000000 0.000000
-0.000000 0.000000 1.000000
1.000000 0.000000 0.000000
0.000000 0.000000 -1.000000
0.030606 0.999532 0.000000
0.030606 -0.999532 0.000000
0.030606 -0.999532 0.000000
0.000000 0.916102 0.400945
0.000000 0.547291 0.836942
0.000000 -0.547291 0.836942
0.000000 -1.000000 0.000000
0.000000 -0.547291 -0.836942
0.000000 0.547291 -0.836942
0.000000 0.547291 -0.836942
0.000000 0.916102 -0.400944
0.000000 0.916102 0.400945
0.000000 0.547291 0.836942
0.000000 -0.547291 0.836942
0.000000 -1.000000 0.000000
0.000000 -0.547291 -0.836942
0.000000 0.547291 -0.836942
0.000000 0.916102 -0.400944
60
0 0 1 2 0 0 0 1
0 1 3 2 0 0 0 1
0 4 5 6 1 1 1 2
0 5 7 6 1 1 1 2
0 8 9 10 2 2 2 1
0 9 11 10 2 2 2 1
0 12 13 14 3 3 3 2
0 13 15 14 3 3 3 2
0 12 16 6 4 4 4 3
0 16 17 6 4 4 4 3
0 18 13 19 5 6 6 3
0 13 7 19 6 6 6 3
0 20 21 22 2 2 2 2
0 23 24 25 0 0 0 2
0 26 23 27 7 7 8 1
0 23 28 27 7 8 8 1
0 21 29 22 2 2 2 2
0 25 24 30 0 0 0 2
0 27 28 31 8 8 9 1
0 27 31 32 8 9 9 1
0 29 33 22 2 2 2 2
0 30 24 34 0 0 0 2
0 32 31 35 9 9 10 1
0 31 36 35 9 10 10 1
0 33 37 22 2 2 2 2
0 34 24 38 0 0 0 2
0 35 36 39 10 10 11 1
0 35 39 40 10 11 11 1
0 37 41 22 2 2 2 2
0 38 24 42 0 0 0 2
0 40 39 43 11 11 12 1
0 39 44 43 11 13 12 1
0 41 20 22 2 2 2 2
0 42 24 23 0 0 0 2
0 43 44 45 12 13 14 1
0 43 45 46 12 14 14 1
0 47 48 49 2 2 2 2
0 50 51 52 0 0 0 2
0 53 50 54 15 15 16 1
0 50 55 54 15 16 16 1
0 48 56 49 2 2 2 2
0 52 51 57 0 0 0 2
0 54 55 58 16 16 17 1
0 54 58 59 16 17 17 1
0 56 60 49 2 2 2 2
0 57 51 61 0 0 0 2
0 59 58 62 17 17 18 1
0 58 63 62 17 18 18 1
0 60 64 49 2 2 2 2
0 61 51 65 0 0 0 2
0 62 63 66 18 18 19 1
0 62 66 67 18 19 19 1
0 64 68 49 2 2 2 2
0 65 51 69 0 0 0 2
0 67 66 70 19 19 20 1
0 66 71 70 19 20 20 1
0 68 47 49 2 2 2 2
0 69 51 50 0 0 0 2
0 70 71 72 20 20 21 1
0 70 72 73 20 21 21 1

Materials: 1
"Material01"
0.325490 0.325490 0.325490 1.000000
0.341176 0.341176 0.341176 1.000000
0.490196 0.490196 0.490196 1.000000
0.082353 0.082353 0.082353 1.000000
16.000000
1.000000
"k99.tga"
""

Bones: 0
GroupComments: 0
MaterialComments: 0
BoneComments: 0
ModelComment: 0
