// MilkShape 3D ASCII

Frames: 52
Frame: 1

Meshes: 1
"Regroup00" 0 -1
17
0 -104.000000 0.000000 -65.000000 0.000000 0.000000 -1
0 -103.000000 0.000000 -32.000000 0.000000 0.000000 -1
0 -79.000000 0.000000 -30.000000 0.000000 0.000000 -1
0 106.000000 0.000000 -69.000000 0.000000 0.000000 -1
0 71.000000 0.000000 -30.000000 0.000000 0.000000 -1
0 107.000000 0.000000 -30.000000 0.000000 0.000000 -1
0 -79.000000 0.000000 32.000000 0.000000 0.000000 -1
0 73.000000 0.000000 32.000000 0.000000 0.000000 -1
0 -107.000000 0.000000 38.000000 0.000000 0.000000 -1
0 -104.000000 0.000000 67.000000 0.000000 0.000000 -1
0 105.000000 0.000000 65.000000 0.000000 0.000000 -1
0 105.000000 0.000000 34.000000 0.000000 0.000000 -1
1 -57.000000 0.000000 67.000000 0.000000 0.000000 -1
1 15.000000 0.000000 76.000000 0.000000 0.000000 -1
1 15.000000 0.000000 67.000000 0.000000 0.000000 -1
1 0.000000 0.000000 86.000000 0.000000 0.000000 -1
1 -37.000000 0.000000 93.000000 0.000000 0.000000 -1
1
0.000000 1.000000 0.000000
13
0 0 1 2 0 0 0 1
0 2 3 0 0 0 0 1
0 2 4 3 0 0 0 1
0 4 5 3 0 0 0 1
0 4 2 6 0 0 0 1
0 7 4 6 0 0 0 1
0 8 9 6 0 0 0 1
0 9 7 6 0 0 0 1
0 10 11 7 0 0 0 1
0 9 10 7 0 0 0 1
0 12 13 14 0 0 0 1
0 12 15 13 0 0 0 1
0 12 16 15 0 0 0 1

Materials: 0

Bones: 0
GroupComments: 0
MaterialComments: 0
BoneComments: 0
ModelComment: 0
