// MilkShape 3D ASCII

Frames: 52
Frame: 1

Meshes: 2
"Regroup00" 0 0
439
0 21.000000 83.500000 -19.170191 0.745584 0.167883 -1
0 21.000002 83.500000 -33.000000 0.745584 0.116741 -1
0 11.220803 83.500000 -23.220837 0.708911 0.152904 -1
0 21.000000 73.500000 -17.050423 0.684078 0.363095 -1
0 21.000000 78.500000 -13.731172 0.684078 0.348452 -1
0 9.721948 73.500000 -21.721951 0.661006 0.363095 -1
0 7.374894 78.500000 -19.374886 0.656204 0.348452 -1
0 7.170187 83.500000 -33.000000 0.693720 0.116741 -1
0 9.721948 73.500000 -21.721951 0.593459 0.364326 -1
0 7.374894 78.500000 -19.374886 0.598403 0.349684 -1
0 1.731157 78.500000 -33.000000 0.569705 0.349684 -1
0 5.050428 73.500000 -33.000000 0.569705 0.364326 -1
0 11.220804 83.500000 -42.779163 0.708911 0.080578 -1
0 9.721949 73.500000 -44.278049 0.545950 0.364326 -1
0 7.374895 78.500000 -46.625114 0.541006 0.349684 -1
0 21.000002 83.500000 -46.829811 0.745584 0.065599 -1
0 9.721949 73.500000 -44.278049 0.621500 0.364326 -1
0 7.374895 78.500000 -46.625114 0.626302 0.349684 -1
0 21.000002 78.500000 -52.268829 0.598428 0.349684 -1
0 21.000002 73.500000 -48.949577 0.598428 0.364326 -1
0 30.779161 83.500000 -42.779163 0.782257 0.080578 -1
0 32.278053 73.500000 -44.278049 0.575356 0.364326 -1
0 34.625118 78.500000 -46.625114 0.570555 0.349684 -1
0 34.829807 83.500000 -33.000000 0.797448 0.116741 -1
0 32.278053 73.500000 -44.278049 0.717045 0.359686 -1
0 34.625118 78.500000 -46.625114 0.721988 0.345043 -1
0 40.268826 78.500000 -33.000000 0.693290 0.345043 -1
0 36.949574 73.500000 -33.000000 0.693290 0.359686 -1
0 30.779161 83.500000 -23.220835 0.782257 0.152904 -1
0 32.278049 73.500000 -21.721949 0.669536 0.359686 -1
0 34.625114 78.500000 -19.374884 0.664592 0.345043 -1
0 32.278049 73.500000 -21.721949 0.707150 0.363095 -1
0 34.625114 78.500000 -19.374884 0.711952 0.348452 -1
0 7.374894 78.500000 -19.374886 0.694488 0.167126 -1
0 21.000000 78.500000 -13.731172 0.745584 0.187996 -1
0 1.731157 78.500000 -33.000000 0.673323 0.116741 -1
0 7.374895 78.500000 -46.625114 0.694488 0.066356 -1
0 21.000002 78.500000 -52.268829 0.745584 0.045486 -1
0 34.625118 78.500000 -46.625114 0.796680 0.066356 -1
0 40.268826 78.500000 -33.000000 0.817845 0.116741 -1
0 34.625114 78.500000 -19.374884 0.796680 0.167126 -1
0 60.764099 67.278900 -24.678831 0.894705 0.147512 -1
0 55.988831 68.971275 -39.169125 0.876797 0.093928 -1
0 60.823975 67.278900 0.065188 0.894929 0.239015 -1
0 49.896427 70.740387 -46.414181 0.853950 0.067136 -1
0 0.198547 78.125000 -0.114441 0.667576 0.238350 -1
0 41.004704 72.663460 -51.354004 0.820605 0.048869 -1
0 31.619020 76.586533 -55.470581 0.785407 0.033646 -1
0 0.468020 78.125000 -55.440613 0.668586 0.033757 -1
0 -59.079464 78.125000 -58.314762 0.445275 0.023129 -1
0 -59.079468 78.125000 -1.012515 0.445275 0.235029 -1
0 55.988831 68.971275 39.167606 0.876797 0.383613 -1
0 60.764099 67.278900 24.677370 0.894705 0.330029 -1
0 49.896420 70.740387 46.412724 0.853950 0.410405 -1
0 41.004696 72.663460 51.352539 0.820605 0.428672 -1
0 31.619017 76.586533 55.468994 0.785407 0.443894 -1
0 0.468015 78.125000 55.439087 0.668586 0.443784 -1
0 -59.079472 78.125000 58.313229 0.445275 0.454412 -1
0 61.563969 54.250000 -25.178671 0.676817 0.416061 -1
0 61.243809 49.250000 -24.978655 0.676395 0.430704 -1
0 56.410473 49.250000 -39.645321 0.707287 0.430704 -1
0 56.691784 54.250000 -39.963104 0.707956 0.416061 -1
0 61.625065 54.250000 0.067818 0.623641 0.416061 -1
0 61.304413 49.250000 0.066800 0.623643 0.430704 -1
0 50.243813 49.250000 -46.978653 0.722733 0.430704 -1
0 50.475670 54.250000 -47.355293 0.723526 0.416061 -1
0 50.475670 54.250000 -47.355293 0.538128 0.420702 -1
0 50.243813 49.250000 -46.978653 0.538603 0.435345 -1
0 41.243813 49.250000 -51.978657 0.557014 0.435345 -1
0 41.403404 54.250000 -52.395443 0.556688 0.420702 -1
0 31.743811 49.250000 -56.145325 0.576449 0.435345 -1
0 31.827135 54.250000 -56.595577 0.576279 0.420702 -1
0 0.213509 49.250000 -56.115021 0.640952 0.435345 -1
0 0.043662 54.250000 -56.564999 0.641300 0.420702 -1
0 -60.059216 49.250000 -59.024113 0.764255 0.435345 -1
0 -60.712936 54.250000 -59.497475 0.765593 0.420702 -1
0 -60.712936 54.250000 -59.497475 0.946260 0.091454 -1
0 -60.059216 49.250000 -59.024113 0.947258 0.106097 -1
0 -60.059219 49.250000 -1.024114 1.069421 0.106097 -1
0 -60.712936 54.250000 -59.497475 0.513894 0.420702 -1
0 -60.059219 49.250000 -1.024114 0.637054 0.435345 -1
0 -60.712940 54.250000 -1.031827 0.637038 0.420702 -1
0 56.691784 54.250000 39.964062 0.539609 0.416061 -1
0 56.410473 49.250000 39.645329 0.540280 0.430704 -1
0 61.243809 49.250000 24.978659 0.571172 0.430704 -1
0 61.563969 54.250000 25.179686 0.570749 0.416061 -1
0 50.475662 54.250000 47.356312 0.524039 0.416061 -1
0 50.243805 49.250000 46.978661 0.524834 0.430704 -1
0 41.403397 54.250000 52.396450 0.725818 0.419471 -1
0 41.243805 49.250000 51.978657 0.725492 0.434114 -1
0 50.243805 49.250000 46.978661 0.743904 0.434114 -1
0 50.475662 54.250000 47.356312 0.744378 0.419471 -1
0 31.827131 54.250000 56.596527 0.706228 0.419471 -1
0 31.743807 49.250000 56.145325 0.706057 0.434114 -1
0 0.043657 54.250000 56.566010 0.641207 0.419471 -1
0 0.213504 49.250000 56.115021 0.641554 0.434114 -1
0 -60.712944 54.250000 59.498547 0.516913 0.419471 -1
0 -60.059223 49.250000 59.024105 0.518251 0.434114 -1
0 -60.059223 49.250000 59.024105 0.763532 0.435345 -1
0 -60.712944 54.250000 59.498547 0.764531 0.420702 -1
0 61.563965 55.000000 -25.178648 0.676817 0.413865 -1
0 56.691772 55.000000 -39.963131 0.707956 0.413865 -1
0 61.625061 55.000000 0.067813 0.623641 0.413865 -1
0 50.475651 55.000000 -47.355282 0.723526 0.413865 -1
0 50.475651 55.000000 -47.355282 0.538128 0.418505 -1
0 41.403385 55.000000 -52.395447 0.556688 0.418505 -1
0 31.827150 55.000000 -56.595581 0.576279 0.418505 -1
0 0.043643 55.000000 -56.565002 0.641300 0.418505 -1
0 -60.712887 55.000000 -59.497501 0.765593 0.418505 -1
0 -60.712887 55.000000 -59.497501 0.513894 0.418505 -1
0 -60.712891 55.000000 -1.031802 0.637038 0.418505 -1
0 56.691772 55.000000 39.964115 0.539609 0.413865 -1
0 61.563965 55.000000 25.179689 0.570749 0.413865 -1
0 50.475643 55.000000 47.356327 0.524039 0.413865 -1
0 41.403378 55.000000 52.396484 0.725818 0.417274 -1
0 50.475643 55.000000 47.356327 0.744378 0.417274 -1
0 31.827147 55.000000 56.596558 0.706228 0.417274 -1
0 0.043638 55.000000 56.566040 0.641206 0.417274 -1
0 -60.712894 55.000000 59.498531 0.516913 0.417274 -1
0 -60.712894 55.000000 59.498531 0.764531 0.418505 -1
0 61.563965 56.375000 -25.178648 0.676817 0.409838 -1
0 56.691772 56.375000 -39.963131 0.707956 0.409838 -1
0 61.625061 56.375000 0.067813 0.623641 0.409838 -1
0 50.475651 56.375000 -47.355282 0.723526 0.409838 -1
0 50.475651 56.375000 -47.355282 0.538128 0.414479 -1
0 41.403385 56.375000 -52.395447 0.556688 0.414479 -1
0 31.827150 56.375000 -56.595581 0.576279 0.414479 -1
0 0.043643 56.375000 -56.565002 0.641300 0.414479 -1
0 -60.712887 56.375000 -59.497501 0.765593 0.414479 -1
0 -60.712887 56.375000 -59.497501 0.513894 0.414479 -1
0 -60.712891 56.375000 -1.031802 0.637038 0.414479 -1
0 56.691772 56.375000 39.964115 0.539609 0.409838 -1
0 61.563965 56.375000 25.179689 0.570749 0.409838 -1
0 50.475643 56.375000 47.356327 0.524039 0.409838 -1
0 41.403378 56.375000 52.396484 0.725818 0.413248 -1
0 50.475643 56.375000 47.356327 0.744378 0.413248 -1
0 31.827147 56.375000 56.596558 0.706228 0.413248 -1
0 0.043638 56.375000 56.566040 0.641206 0.413248 -1
0 -60.712894 56.375000 59.498531 0.516913 0.413248 -1
0 -60.712894 56.375000 59.498531 0.764531 0.414479 -1
0 69.178062 63.375000 -28.087442 0.576905 0.444126 -1
0 61.563965 56.375000 -25.178648 0.583032 0.421623 -1
0 56.691772 56.375000 -39.963131 0.551892 0.407223 -1
0 69.178062 63.375000 -28.087442 0.682943 0.389338 -1
0 60.977661 63.375000 -44.578667 0.717678 0.389338 -1
0 69.280914 63.375000 0.073489 0.636219 0.444430 -1
0 61.625061 56.375000 0.067813 0.636207 0.421803 -1
0 60.977661 63.375000 -44.578667 0.542170 0.419890 -1
0 50.475651 56.375000 -47.355282 0.536322 0.388851 -1
0 60.977661 63.375000 -44.578667 0.516644 0.393978 -1
0 50.515266 63.375000 -52.824165 0.538047 0.393978 -1
0 35.245693 63.375000 -58.446186 0.569285 0.393978 -1
0 19.127884 63.375000 -63.131184 0.602258 0.393978 -1
0 0.468009 63.375000 -55.440617 0.640432 0.393978 -1
0 -59.079468 63.375000 -58.314754 0.762251 0.393978 -1
0 -59.079468 63.375000 -58.314754 0.516385 0.393978 -1
0 -59.079472 63.375000 -1.012524 0.637079 0.393978 -1
0 60.977654 63.375000 44.575455 0.529896 0.389338 -1
0 60.977654 63.375000 44.575455 0.729952 0.419890 -1
0 61.563965 56.375000 25.179689 0.689100 0.421623 -1
0 69.178062 63.375000 28.084311 0.695217 0.444126 -1
0 50.515259 63.375000 52.821030 0.512528 0.389338 -1
0 50.515259 63.375000 52.821030 0.747320 0.388968 -1
0 56.691772 56.375000 39.964115 0.720239 0.407223 -1
0 35.245686 63.375000 58.443031 0.713221 0.392747 -1
0 50.515259 63.375000 52.821030 0.744459 0.392747 -1
0 19.127880 63.375000 63.127964 0.680248 0.392747 -1
0 0.468004 63.375000 55.439121 0.642075 0.392747 -1
0 0.468004 63.375000 55.439121 0.752834 0.241054 -1
0 31.827147 56.375000 56.596558 0.755272 0.333736 -1
0 19.127880 63.375000 63.127964 0.769029 0.296203 -1
0 -59.079475 63.375000 58.313255 0.520255 0.392747 -1
0 -59.079475 63.375000 58.313255 0.762034 0.393978 -1
0 69.178101 63.375000 -28.087421 0.576905 0.444126 -1
0 69.178101 63.375000 -28.087421 0.926258 0.134908 -1
0 60.977661 63.375000 -44.578667 0.895506 0.073924 -1
0 60.977654 63.375000 -44.578674 0.895506 0.073924 -1
0 69.280945 63.375000 0.073466 0.779220 1.022827 -1
0 69.280914 63.375000 0.073489 0.779220 1.022827 -1
0 69.178062 63.375000 -28.087442 0.719906 1.022523 -1
0 69.178101 63.375000 -28.087421 0.719906 1.022523 -1
0 60.977654 63.375000 -44.578674 0.542170 0.419890 -1
0 50.515266 63.375000 -52.824165 0.524803 0.388968 -1
0 50.515282 63.375000 -52.824184 0.524803 0.388968 -1
0 35.245693 63.375000 -58.446186 0.512961 0.343839 -1
0 50.515282 63.375000 -52.824184 0.856271 0.043432 -1
0 35.245693 63.375000 -58.446186 0.799007 0.022643 -1
0 35.245708 63.375000 -58.446152 0.799008 0.022643 -1
0 19.127884 63.375000 -63.131184 0.738563 0.005318 -1
0 19.127878 63.375000 -63.131176 0.738563 0.005318 -1
0 0.468009 63.375000 -55.440617 0.668586 0.033757 -1
0 0.468020 63.375000 -55.440613 0.668586 0.033757 -1
0 -59.079468 63.375000 -58.314754 0.445275 0.023129 -1
0 0.468020 63.375000 -55.440613 0.519292 0.241054 -1
0 -59.079468 63.375000 -58.314754 0.513238 0.065061 -1
0 -59.079464 63.375000 -58.314762 0.513238 0.065061 -1
0 -59.079464 63.375000 -58.314762 0.445275 0.023129 -1
0 -59.079472 63.375000 -1.012524 0.445275 0.235029 -1
0 -59.079468 63.375000 -1.012515 0.445275 0.235029 -1
0 60.977646 63.375000 44.575489 0.729952 0.419890 -1
0 69.178101 63.375000 28.084324 0.695218 0.444126 -1
0 69.178101 63.375000 28.084324 0.838219 1.022523 -1
0 69.178062 63.375000 28.084311 0.838218 1.022523 -1
0 50.515274 63.375000 52.821087 0.747320 0.388968 -1
0 35.245701 63.375000 58.443024 0.799008 0.454892 -1
0 35.245686 63.375000 58.443031 0.799007 0.454892 -1
0 50.515259 63.375000 52.821030 0.856271 0.434102 -1
0 35.245701 63.375000 58.443024 0.759161 0.343839 -1
0 19.127874 63.375000 63.127922 0.738563 0.472217 -1
0 19.127880 63.375000 63.127964 0.738563 0.472217 -1
0 0.468015 63.375000 55.439087 0.668586 0.443784 -1
0 0.468004 63.375000 55.439121 0.668586 0.443784 -1
0 -59.079472 63.375000 58.313229 0.445275 0.454412 -1
0 -59.079475 63.375000 58.313255 0.445275 0.454412 -1
0 69.280945 63.375000 0.073466 0.926644 0.239045 -1
0 55.988831 68.971275 -39.169125 0.706284 0.372948 -1
0 50.515282 63.375000 -52.824184 0.735045 0.389338 -1
0 49.896427 70.740387 -46.414181 0.721544 0.367767 -1
0 49.896427 70.740387 -46.414181 0.539313 0.372408 -1
0 50.515282 63.375000 -52.824184 0.538047 0.393978 -1
0 35.245708 63.375000 -58.446152 0.569285 0.393978 -1
0 41.004704 72.663460 -51.354004 0.557504 0.366776 -1
0 19.127878 63.375000 -63.131176 0.602258 0.393978 -1
0 31.619020 76.586533 -55.470581 0.576704 0.355287 -1
0 0.468020 63.375000 -55.440613 0.640432 0.393978 -1
0 0.468020 78.125000 -55.440613 0.640432 0.350782 -1
0 -59.079464 63.375000 -58.314762 0.762251 0.393978 -1
0 -59.079464 78.125000 -58.314762 0.762251 0.350782 -1
0 -59.079464 78.125000 -58.314762 0.516385 0.350782 -1
0 -59.079464 63.375000 -58.314762 0.516385 0.393978 -1
0 -59.079468 63.375000 -1.012515 0.637079 0.393978 -1
0 -59.079468 78.125000 -1.012515 0.637079 0.350782 -1
0 60.977646 63.375000 44.575489 0.895506 0.403611 -1
0 69.178101 63.375000 28.084324 0.926258 0.342627 -1
0 49.896420 70.740387 46.412724 0.743193 0.371177 -1
0 50.515274 63.375000 52.821087 0.744459 0.392747 -1
0 60.977646 63.375000 44.575489 0.765862 0.392747 -1
0 41.004696 72.663460 51.352539 0.725003 0.365545 -1
0 35.245701 63.375000 58.443024 0.713221 0.392747 -1
0 31.619017 76.586533 55.468994 0.705802 0.354056 -1
0 19.127874 63.375000 63.127922 0.680248 0.392747 -1
0 0.468015 78.125000 55.439087 0.642075 0.349551 -1
0 0.468015 63.375000 55.439087 0.642075 0.392747 -1
0 -59.079472 78.125000 58.313229 0.520255 0.349551 -1
0 -59.079472 63.375000 58.313229 0.520255 0.392747 -1
0 -59.079472 63.375000 58.313229 0.762034 0.393978 -1
0 -59.079472 78.125000 58.313229 0.762034 0.350782 -1
0 45.088001 84.291672 0.162034 0.835918 0.239373 -1
0 40.421337 81.790810 8.244939 0.818417 0.269263 -1
0 45.088001 81.790810 9.495369 0.835918 0.273887 -1
0 37.005100 81.790810 4.828701 0.805606 0.256630 -1
0 35.754673 81.790810 0.162034 0.800916 0.239373 -1
0 37.005100 81.790810 -4.504634 0.805606 0.222116 -1
0 40.421337 81.790810 -7.920871 0.818417 0.209482 -1
0 45.088001 81.790810 -9.171302 0.835918 0.204858 -1
0 49.754665 81.790810 -7.920870 0.853418 0.209482 -1
0 53.170910 81.790810 -4.504633 0.866230 0.222116 -1
0 54.421322 81.790810 0.162035 0.870919 0.239373 -1
0 53.170910 81.790810 4.828702 0.866230 0.256630 -1
0 49.754665 81.790810 8.244939 0.853418 0.269263 -1
0 45.088001 65.625000 18.828703 0.733356 0.386158 -1
0 45.088001 74.958336 16.327841 0.733356 0.358825 -1
0 37.005100 74.958336 14.162034 0.716820 0.358825 -1
0 35.754673 65.625000 16.327841 0.714262 0.386158 -1
0 28.922192 65.625000 9.495367 0.700285 0.386158 -1
0 31.088001 74.958336 8.244938 0.704716 0.358825 -1
0 28.922192 65.625000 9.495367 0.659211 0.387389 -1
0 31.088001 74.958336 8.244938 0.656577 0.360056 -1
0 28.922192 74.958336 0.162033 0.639553 0.360056 -1
0 26.421318 65.625000 0.162033 0.639553 0.387389 -1
0 28.922192 65.625000 -9.171301 0.619894 0.387389 -1
0 31.088001 74.958336 -7.920871 0.622528 0.360056 -1
0 28.922192 65.625000 -9.171301 0.582221 0.387389 -1
0 31.088001 74.958336 -7.920871 0.577791 0.360056 -1
0 37.005100 74.958336 -13.837968 0.565686 0.360056 -1
0 35.754673 65.625000 -16.003775 0.568244 0.387389 -1
0 45.088001 65.625000 -18.504633 0.549150 0.387389 -1
0 45.088001 74.958336 -16.003775 0.549150 0.360056 -1
0 53.170910 74.958336 -13.837968 0.532615 0.360056 -1
0 54.421322 65.625000 -16.003775 0.530057 0.387389 -1
0 54.421322 65.625000 -16.003775 0.657492 0.382748 -1
0 53.170910 74.958336 -13.837968 0.652930 0.355415 -1
0 61.253750 65.625000 -9.171299 0.643101 0.382748 -1
0 59.087955 74.958336 -7.920870 0.640467 0.355415 -1
0 61.253750 74.958336 0.162035 0.623442 0.355415 -1
0 63.754631 65.625000 0.162035 0.623442 0.382748 -1
0 61.253750 65.625000 9.495369 0.603784 0.382748 -1
0 59.087955 74.958336 8.244940 0.606418 0.355415 -1
0 53.170910 74.958336 14.162034 0.593955 0.355415 -1
0 54.421322 65.625000 16.327841 0.589393 0.382748 -1
0 54.421322 65.625000 16.327841 0.752450 0.386158 -1
0 53.170910 74.958336 14.162034 0.749892 0.358825 -1
0 45.088001 81.790810 9.495369 0.733356 0.338815 -1
0 45.088001 81.790810 9.495369 0.656064 0.372928 -1
0 40.421337 81.790810 8.244939 0.653431 0.359136 -1
0 37.005100 74.958336 14.162034 0.665893 0.349039 -1
0 37.005100 74.958336 14.162034 0.805606 0.291144 -1
0 31.088001 74.958336 8.244938 0.783415 0.269263 -1
0 28.922192 74.958336 0.162033 0.775293 0.239373 -1
0 31.088001 74.958336 -7.920871 0.783415 0.209482 -1
0 37.005100 74.958336 -13.837968 0.805606 0.187601 -1
0 45.088001 81.790810 -9.171302 0.549150 0.340046 -1
0 53.170910 74.958336 -13.837968 0.866230 0.187601 -1
0 59.087955 74.958336 -7.920870 0.888419 0.209482 -1
0 53.170910 81.790810 -4.504633 0.633272 0.335405 -1
0 54.421322 81.790810 0.162035 0.623442 0.335405 -1
0 53.170910 81.790810 4.828702 0.613613 0.335405 -1
0 59.087955 74.958336 8.244940 0.888419 0.269263 -1
0 53.170910 74.958336 14.162034 0.866230 0.291144 -1
0 -27.000000 87.500000 19.076111 0.565577 0.309316 -1
0 -27.000000 87.500000 -0.000001 0.565577 0.238774 -1
0 -40.488907 87.500000 13.488860 0.514992 0.288654 -1
0 -27.000002 77.500000 21.999998 0.585882 0.351381 -1
0 -27.000002 82.500000 26.578394 0.585882 0.336738 -1
0 -42.556351 77.500000 15.556347 0.554057 0.351381 -1
0 -45.793766 82.500000 18.793760 0.547435 0.336738 -1
0 -46.076118 87.500000 -0.000002 0.494039 0.238774 -1
0 -42.556351 77.500000 15.556347 0.671977 0.352612 -1
0 -45.793766 82.500000 18.793760 0.678796 0.337969 -1
0 -53.578403 82.500000 -0.000002 0.639211 0.337969 -1
0 -49.000000 77.500000 -0.000002 0.639211 0.352612 -1
0 -40.488907 87.500000 -13.488864 0.514992 0.188892 -1
0 -42.556351 77.500000 -15.556351 0.606445 0.352612 -1
0 -45.793766 82.500000 -18.793764 0.599627 0.337969 -1
0 -27.000000 87.500000 -19.076115 0.565577 0.168231 -1
0 -42.556351 77.500000 -15.556351 0.728449 0.352612 -1
0 -45.793766 82.500000 -18.793764 0.735072 0.337969 -1
0 -26.999998 82.500000 -26.578398 0.696624 0.337969 -1
0 -26.999998 77.500000 -22.000002 0.696624 0.352612 -1
0 -13.511140 87.500000 -13.488863 0.616162 0.188892 -1
0 -11.443650 77.500000 -15.556350 0.664800 0.352612 -1
0 -8.206235 82.500000 -18.793762 0.658177 0.337969 -1
0 -7.923887 87.500000 -0.000000 0.637115 0.238774 -1
0 -11.443650 77.500000 -15.556350 0.656549 0.347971 -1
0 -8.206235 82.500000 -18.793762 0.663368 0.333328 -1
0 -0.421604 82.500000 -0.000000 0.623784 0.333328 -1
0 -5.000000 77.500000 -0.000000 0.623784 0.347971 -1
0 -13.511142 87.500000 13.488861 0.616162 0.288654 -1
0 -11.443652 77.500000 15.556348 0.591018 0.347971 -1
0 -8.206237 82.500000 18.793762 0.584199 0.333328 -1
0 -11.443652 77.500000 15.556348 0.617706 0.351381 -1
0 -8.206237 82.500000 18.793762 0.624329 0.336738 -1
0 -45.793766 82.500000 18.793760 0.495098 0.308271 -1
0 -27.000002 82.500000 26.578394 0.565577 0.337059 -1
0 -53.578403 82.500000 -0.000002 0.465905 0.238774 -1
0 -45.793766 82.500000 -18.793764 0.495098 0.169275 -1
0 -26.999998 82.500000 -26.578398 0.565577 0.140488 -1
0 -8.206235 82.500000 -18.793762 0.636056 0.169275 -1
0 -0.421604 82.500000 -0.000000 0.665250 0.238774 -1
0 -8.206237 82.500000 18.793762 0.636056 0.308271 -1
0 -32.000004 180.405762 44.804298 0.546827 0.404457 -1
0 -32.000004 180.421829 44.345131 0.546827 0.402759 -1
0 -32.324883 180.410461 44.669800 0.545608 0.403959 -1
0 -32.000004 76.445313 44.462486 0.575653 0.354470 -1
0 -32.000000 98.420670 42.946548 0.575653 0.290113 -1
0 -33.035278 76.445313 44.033665 0.573535 0.354470 -1
0 -33.035275 98.435593 42.517986 0.573535 0.290069 -1
0 -32.459454 180.421829 44.345131 0.545104 0.402759 -1
0 -33.035278 76.445313 44.033665 0.731958 0.355701 -1
0 -33.035275 98.435593 42.517986 0.728765 0.291300 -1
0 -33.464096 98.471748 41.483341 0.726586 0.291194 -1
0 -33.464096 76.445313 42.998390 0.729777 0.355701 -1
0 -32.324883 180.433136 44.020443 0.545608 0.401558 -1
0 -33.035275 76.445313 41.963112 0.727597 0.355701 -1
0 -33.035275 98.507874 40.448696 0.724407 0.291089 -1
0 -32.000004 180.437866 43.885948 0.546827 0.401061 -1
0 -33.035275 76.445313 41.963112 0.708971 0.355701 -1
0 -33.035275 98.507874 40.448696 0.708971 0.291089 -1
0 -32.000000 98.522835 40.020126 0.706853 0.291045 -1
0 -32.000000 76.445313 41.534283 0.706853 0.355701 -1
0 -31.675119 180.433136 44.020443 0.548045 0.401558 -1
0 -30.964725 76.445313 41.963112 0.704735 0.355701 -1
0 -30.964725 98.507874 40.448696 0.704735 0.291089 -1
0 -31.540546 180.421829 44.345131 0.548550 0.402759 -1
0 -30.964725 76.445313 41.963112 0.736958 0.355695 -1
0 -30.964725 98.507874 40.448696 0.740148 0.291083 -1
0 -30.535902 98.471748 41.483341 0.737969 0.291188 -1
0 -30.535902 76.445313 42.998390 0.734777 0.355695 -1
0 -31.675119 180.410461 44.669800 0.548045 0.403959 -1
0 -30.964725 76.445313 44.033665 0.732597 0.355695 -1
0 -30.964725 98.435593 42.517986 0.735789 0.291294 -1
0 -30.964725 76.445313 44.033665 0.577771 0.354470 -1
0 -30.964725 98.435593 42.517986 0.577771 0.290069 -1
0 -32.324883 180.410461 44.669800 0.574988 0.049998 -1
0 -32.000004 180.405762 44.804298 0.575653 0.050011 -1
0 -32.459454 180.421829 44.345131 0.732614 0.051195 -1
0 -32.324883 180.410461 44.669800 0.733298 0.051229 -1
0 -32.324883 180.433136 44.020443 0.731930 0.051162 -1
0 -32.000004 180.437866 43.885948 0.706853 0.051148 -1
0 -32.324883 180.433136 44.020443 0.707518 0.051162 -1
0 -31.675119 180.433136 44.020443 0.706188 0.051162 -1
0 -31.540546 180.421829 44.345131 0.731941 0.051189 -1
0 -31.675119 180.433136 44.020443 0.732625 0.051156 -1
0 -31.675119 180.410461 44.669800 0.731257 0.051223 -1
0 -31.675119 180.410461 44.669800 0.576318 0.049998 -1
0 -44.000000 74.000000 -41.000011 0.551104 0.361631 -1
0 -34.000000 74.000000 -41.000008 0.571562 0.361631 -1
0 -44.000000 85.000000 -41.000011 0.551104 0.329417 -1
0 -34.000000 85.000000 -41.000008 0.571562 0.329417 -1
0 -44.000000 106.250000 -41.000011 0.501825 0.087158 -1
0 -34.000000 106.250000 -41.000008 0.539326 0.087158 -1
0 -43.999996 106.250000 -51.000011 0.501825 0.050178 -1
0 -33.999996 106.250000 -51.000008 0.539326 0.050178 -1
0 -43.999996 85.000000 -51.000011 0.731402 0.330648 -1
0 -33.999996 85.000000 -51.000008 0.710945 0.330648 -1
0 -43.999996 74.000000 -51.000011 0.731402 0.362862 -1
0 -33.999996 74.000000 -51.000008 0.710945 0.362862 -1
0 -43.999996 85.000000 -51.000011 0.531792 0.330648 -1
0 -43.999996 74.000000 -51.000011 0.531792 0.362862 -1
0 -44.000000 85.000000 -41.000011 0.552854 0.330648 -1
0 -44.000000 74.000000 -41.000011 0.552854 0.362862 -1
0 -33.999996 74.000000 -51.000008 0.731203 0.358221 -1
0 -33.999996 85.000000 -51.000008 0.731203 0.326007 -1
0 -34.000000 74.000000 -41.000008 0.710141 0.358221 -1
0 -34.000000 85.000000 -41.000008 0.710141 0.326007 -1
0 -36.000000 106.250000 -31.000010 0.567470 0.267184 -1
0 -36.000000 85.000000 -31.000010 0.567470 0.329417 -1
0 -25.999998 85.000000 -31.000010 0.587928 0.329417 -1
0 -25.999998 106.250000 -31.000010 0.587928 0.267184 -1
0 -43.999996 106.250000 -51.000011 0.531792 0.268415 -1
0 -44.000000 106.250000 -41.000011 0.552854 0.268415 -1
0 -34.000000 106.250000 -41.000008 0.710141 0.263774 -1
0 -33.999996 106.250000 -51.000008 0.731203 0.263774 -1
0 -25.999998 106.250000 -61.000008 0.694579 0.268415 -1
0 -25.999998 85.000000 -61.000008 0.694579 0.330648 -1
0 -35.999996 85.000000 -61.000008 0.715036 0.330648 -1
0 -35.999996 106.250000 -61.000008 0.715036 0.268415 -1
0 -36.000000 106.250000 -31.000010 0.573917 0.268415 -1
0 -36.000000 85.000000 -31.000010 0.573917 0.330648 -1
0 -25.999998 85.000000 -31.000010 0.689078 0.326007 -1
0 -25.999998 106.250000 -31.000010 0.689078 0.263774 -1
0 -25.999998 106.250000 -31.000010 0.569327 0.124137 -1
0 -36.000000 106.250000 -31.000010 0.531826 0.124137 -1
0 -25.999998 106.250000 -61.000008 0.752266 0.263774 -1
0 -25.999998 85.000000 -61.000008 0.752266 0.326007 -1
0 -35.999996 85.000000 -61.000008 0.510729 0.330648 -1
0 -35.999996 106.250000 -61.000008 0.510729 0.268415 -1
0 -35.999996 106.250000 -61.000008 0.531826 0.013199 -1
0 -25.999998 106.250000 -61.000008 0.569327 0.013199 -1
355
0.000000 1.000000 0.000000
-0.000000 -0.553075 0.833132
-0.000000 -0.553075 0.833132
-0.326217 -0.522819 0.787555
-0.326217 -0.522818 0.787555
-0.787555 -0.522819 0.326217
-0.787555 -0.522818 0.326218
-0.833131 -0.553075 -0.000000
-0.833130 -0.553077 -0.000000
-0.787555 -0.522820 -0.326217
-0.787555 -0.522818 -0.326218
-0.326217 -0.522819 -0.787555
-0.326217 -0.522818 -0.787555
-0.000000 -0.553075 -0.833132
0.000000 -0.553075 -0.833132
0.326216 -0.522819 -0.787555
0.787555 -0.522819 -0.326216
0.787555 -0.522819 -0.326216
0.833132 -0.553075 0.000000
0.833132 -0.553075 0.000000
0.787555 -0.522819 0.326216
0.787555 -0.522819 0.326216
0.326216 -0.522819 0.787555
0.326216 -0.522819 0.787555
-0.410688 0.732999 0.542262
-0.542263 0.732998 0.410687
-0.093037 0.733000 0.673836
0.093038 0.733000 0.673836
-0.673837 0.732999 0.093038
-0.673836 0.733000 -0.093037
-0.542262 0.732999 -0.410688
-0.410687 0.732998 -0.542263
-0.093037 0.733000 -0.673837
0.093037 0.733000 -0.673836
0.410687 0.733000 -0.542261
0.542262 0.733000 -0.410687
0.673836 0.733000 -0.093037
0.673836 0.733000 0.093037
0.542261 0.733000 0.410687
0.410687 0.733000 0.542262
0.452648 0.888115 -0.079761
0.367984 0.923313 -0.109915
0.328066 0.944655 -0.000227
0.196675 0.978926 0.054975
0.135560 0.990769 0.000053
0.255574 0.961494 0.101050
0.187912 0.978967 0.079452
0.024671 0.999696 0.000120
0.386389 0.918215 0.087088
0.396999 0.917783 0.008109
0.329659 0.942189 0.060043
0.255725 0.961488 -0.100724
0.188027 0.978966 -0.079193
0.024671 0.999696 -0.000120
0.986558 -0.035504 -0.159506
0.991963 -0.067792 -0.106837
0.900071 -0.077891 -0.428726
0.872686 -0.040849 -0.486571
0.999487 -0.032013 0.000007
0.997950 -0.063999 0.000814
0.762679 -0.083675 -0.641341
0.765066 -0.027908 -0.643347
0.484805 -0.058726 -0.872649
0.483758 -0.088026 -0.870764
0.456306 -0.088371 -0.885424
0.443732 -0.044359 -0.895061
0.271509 -0.090805 -0.958143
0.204654 -0.045713 -0.977766
0.015373 -0.089107 -0.995903
0.023592 -0.044308 -0.998739
0.048023 -0.087914 -0.994970
0.048189 -0.029345 -0.998407
-0.991561 -0.129641 -0.000000
-0.997890 -0.064925 -0.000000
-0.991561 -0.129641 -0.000000
-0.997890 -0.064925 -0.000000
0.872651 -0.039104 0.486777
0.837555 -0.081565 0.540229
0.974859 -0.070911 0.211236
0.986590 -0.033975 0.159645
0.764168 -0.055908 0.642590
0.762669 -0.083806 0.641336
0.443675 -0.044341 0.895090
0.428376 -0.088809 0.899226
0.483750 -0.088200 0.870751
0.485432 -0.029437 0.873779
0.204379 -0.045678 0.977825
0.135265 -0.091287 0.986595
0.023626 -0.044708 0.998721
0.031704 -0.088726 0.995551
0.048127 -0.058792 0.997109
0.048022 -0.088131 0.994951
-0.991561 -0.129641 -0.000000
-0.999064 -0.043251 -0.000000
0.987167 0.000004 -0.159693
0.873347 0.000004 -0.487099
1.000000 0.000003 0.000006
0.765362 0.000010 -0.643600
0.485644 0.000011 -0.874157
0.444142 0.000000 -0.895956
0.204728 -0.000004 -0.978819
0.023631 -0.000008 -0.999721
0.048210 -0.000013 -0.998837
-1.000000 0.000044 -0.000000
-1.000000 0.000033 -0.000000
0.873347 -0.000007 0.487099
0.987166 0.000002 0.159700
0.765365 -0.000009 0.643596
0.444139 -0.000011 0.895958
0.485644 -0.000002 0.874157
0.204726 -0.000020 0.978819
0.023632 -0.000020 0.999721
0.048210 -0.000007 0.998837
-1.000000 0.000022 -0.000000
0.977311 0.000000 -0.211809
0.839980 -0.170890 -0.515006
1.000000 0.000000 -0.000802
0.765362 0.000000 -0.643600
0.496217 -0.285065 -0.820065
0.407823 -0.244690 -0.879663
0.181287 -0.255619 -0.949628
-0.041329 -0.063521 -0.997124
0.047949 0.104015 -0.993419
-0.997093 0.076191 -0.000000
-0.993438 0.114371 -0.000000
0.867448 -0.226906 0.442773
0.975298 -0.163291 0.148763
0.756183 -0.154431 0.635876
0.421897 -0.160411 0.892340
0.423481 -0.312215 0.850403
0.246013 0.007008 0.969241
0.023510 0.078750 0.996617
0.048145 0.052124 0.997479
-0.988322 0.152382 -0.000000
0.459581 -0.885109 -0.073265
0.660013 -0.748011 -0.069728
0.601606 -0.720048 -0.345835
0.685006 -0.644004 -0.340625
0.675287 -0.737555 -0.000542
0.675344 -0.737502 0.000830
0.206210 -0.963021 -0.173404
0.570880 -0.666064 -0.480057
0.526755 -0.525165 -0.668379
0.414968 -0.518297 -0.747776
0.312641 -0.406563 -0.858465
-0.043272 -0.326669 -0.944148
-0.095420 0.163507 -0.981917
0.047623 0.155599 -0.986672
-0.973839 0.227241 -0.000000
-0.973839 0.227241 -0.000000
0.746093 -0.618782 0.245874
0.225902 -0.955611 0.189143
0.638155 -0.755550 0.147997
0.415253 -0.907503 0.063273
0.682704 -0.452038 0.574088
0.166429 -0.963176 0.211173
0.460918 -0.667474 0.584836
0.331017 -0.475058 0.815321
0.278458 -0.592001 0.756304
0.327012 -0.321656 0.888595
0.023343 0.157519 0.987240
-0.206176 -0.840909 0.500364
0.047620 0.155947 0.986617
-0.973839 0.227241 -0.000000
0.000000 -1.000000 0.000000
0.399647 0.914712 -0.059860
0.479035 0.835345 -0.269674
0.419535 0.907739 0.000344
0.375404 0.795096 -0.476334
0.723473 0.486798 -0.489505
0.397503 0.483410 -0.779940
0.263812 0.645750 -0.716527
0.346389 0.486679 -0.801971
0.405114 0.303308 -0.862489
0.143575 0.457605 -0.877487
0.056103 0.286428 -0.956458
-0.085100 0.240181 -0.966991
0.031828 0.000000 -0.999493
0.048210 0.000000 -0.998837
-1.000000 0.000000 -0.000000
-1.000000 0.000000 -0.000000
-1.000000 0.000000 -0.000000
0.564125 0.775865 0.282483
0.471428 0.875608 0.105199
0.491543 0.594762 0.636116
0.435271 0.551991 0.711228
0.498674 0.592423 0.632739
0.433464 0.460796 0.774452
0.358181 0.351888 0.864801
0.266188 0.369649 0.890227
-0.031828 0.270881 0.962086
-0.108415 0.169790 0.979499
-0.096917 0.000000 0.995292
0.048210 0.000000 0.998837
-1.000000 0.000000 -0.000000
-0.000000 1.000000 0.000000
-0.264942 0.905947 0.330251
0.064321 0.905947 0.418477
-0.496738 0.819147 0.286792
-0.498231 0.867044 0.000000
-0.496738 0.819147 -0.286792
-0.249116 0.867044 -0.431481
0.000000 0.867044 -0.498231
0.249115 0.867044 -0.431481
0.381017 0.862966 -0.331837
0.258820 0.965926 0.000000
0.381017 0.862966 0.331837
0.249115 0.867044 0.431481
-0.000000 0.258819 0.965926
-0.000000 0.501714 0.865033
-0.432703 0.357081 0.827805
-0.482963 0.258819 0.836516
-0.684550 0.250563 0.684551
-0.684550 0.250563 0.684550
-0.935113 0.250563 0.250564
-0.935113 0.250563 0.250563
-0.965926 0.258820 0.000000
-0.965925 0.258820 0.000000
-0.935113 0.250563 -0.250564
-0.935113 0.250563 -0.250563
-0.684550 0.250563 -0.684551
-0.684550 0.250563 -0.684550
-0.432703 0.357081 -0.827805
-0.482963 0.258819 -0.836516
0.000000 0.258819 -0.965926
-0.000000 0.501714 -0.865033
0.235992 0.410626 -0.880735
0.250563 0.250562 -0.935113
0.684553 0.250561 -0.684548
0.684553 0.250562 -0.684548
0.836517 0.258818 -0.482962
0.816036 0.421649 -0.395345
0.865034 0.501713 0.000000
0.965925 0.258821 0.000000
0.836517 0.258818 0.482962
0.816036 0.421649 0.395345
0.684553 0.250562 0.684548
0.684553 0.250561 0.684548
0.250563 0.250562 0.935113
0.235992 0.410626 0.880735
-0.000000 0.707107 0.707107
-0.186157 0.694747 0.694747
-0.508590 0.694747 0.508590
-0.612372 0.707107 0.353553
-0.707107 0.707107 0.000000
-0.612372 0.707107 -0.353553
-0.407437 0.705701 -0.579639
-0.000000 0.707107 -0.707107
0.407437 0.705701 -0.579639
0.508593 0.694745 -0.508589
0.694749 0.694744 -0.186156
0.707109 0.707104 0.000000
0.694749 0.694744 0.186156
0.508593 0.694745 0.508589
0.407437 0.705700 0.579639
-0.000000 -0.675329 0.737517
-0.000000 -0.675329 0.737517
-0.292161 -0.645864 0.705338
-0.292161 -0.645864 0.705338
-0.705338 -0.645864 0.292161
-0.705338 -0.645864 0.292161
-0.737516 -0.675329 0.000000
-0.737516 -0.675329 0.000000
-0.705338 -0.645864 -0.292161
-0.705338 -0.645864 -0.292161
-0.292161 -0.645864 -0.705338
-0.292161 -0.645864 -0.705338
0.000000 -0.675329 -0.737517
0.000000 -0.675329 -0.737517
0.292161 -0.645864 -0.705338
0.292161 -0.645864 -0.705338
0.705338 -0.645864 -0.292161
0.705338 -0.645864 -0.292161
0.737517 -0.675329 0.000000
0.737517 -0.675329 0.000000
0.705338 -0.645864 0.292161
0.705338 -0.645864 0.292161
0.292161 -0.645864 0.705338
0.292161 -0.645864 0.705338
-0.337020 0.829698 0.444992
-0.444993 0.829698 0.337019
-0.076348 0.829699 0.552965
0.076349 0.829699 0.552965
-0.552966 0.829698 0.076349
-0.552966 0.829699 -0.076348
-0.444993 0.829699 -0.337019
-0.337019 0.829698 -0.444993
-0.076349 0.829699 -0.552966
0.076348 0.829699 -0.552965
0.337019 0.829699 -0.444992
0.444992 0.829699 -0.337019
0.552965 0.829699 -0.076349
0.552965 0.829699 0.076348
0.444992 0.829699 0.337019
0.337019 0.829699 0.444992
-0.000000 0.999388 0.034971
-0.000000 0.999390 0.034917
-0.000010 0.999388 0.034982
-0.000001 0.068820 0.997629
-0.000000 0.068791 0.997631
-0.381417 0.063591 0.922213
-0.380927 0.063578 0.922417
0.000000 0.999391 0.034897
-0.923355 0.026374 0.383040
-0.923148 0.026435 0.383534
-1.000000 0.000029 0.000000
-1.000000 -0.000000 -0.000001
-0.000051 0.999392 0.034853
-0.923357 -0.026320 -0.383039
-0.923153 -0.026326 -0.383531
-0.000000 0.999391 0.034904
-0.381431 -0.063277 -0.922229
-0.380940 -0.063317 -0.922429
-0.000000 -0.068452 -0.997654
0.000000 -0.068423 -0.997656
0.000051 0.999392 0.034853
0.381431 -0.063277 -0.922229
0.380940 -0.063317 -0.922429
0.000000 0.999391 0.034897
0.923356 -0.026320 -0.383041
0.923152 -0.026326 -0.383533
1.000000 0.000029 0.000001
1.000000 0.000000 0.000001
0.000010 0.999388 0.034982
0.923354 0.026374 0.383043
0.923148 0.026435 0.383536
0.381416 0.063590 0.922214
0.380927 0.063577 0.922417
-0.382672 -0.020929 0.923647
-0.382657 -0.020930 0.923653
-0.136774 -0.022441 0.990348
0.136762 -0.022441 0.990350
-0.990529 0.007355 0.137109
-0.990529 0.016901 -0.136256
-0.923818 -0.002043 0.382828
-0.923814 -0.002044 0.382837
-0.923821 0.024666 -0.382029
-0.923821 0.024666 -0.382028
-0.136768 0.046698 -0.989502
0.136770 0.046698 -0.989502
-0.382672 0.043553 -0.922857
-0.382681 0.043553 -0.922853
0.382670 0.043553 -0.922858
0.382664 0.043553 -0.922861
0.990530 0.016901 -0.136251
0.990528 0.007355 0.137112
0.923820 0.024666 -0.382032
0.923819 0.024666 -0.382035
0.923816 -0.002044 0.382831
0.923821 -0.002043 0.382819
0.382669 -0.020929 0.923648
0.382681 -0.020929 0.923643
1.000000 -0.000000 0.000000
0.000000 0.000000 -1.000000
-1.000000 0.000000 0.000000
418
0 0 1 2 0 0 0 2
0 3 4 5 1 2 3 1
0 4 6 5 2 4 3 1
0 2 1 7 0 0 0 2
0 8 9 10 5 6 7 1
0 8 10 11 5 7 8 1
0 7 1 12 0 0 0 2
0 11 10 13 8 7 9 1
0 10 14 13 7 10 9 1
0 12 1 15 0 0 0 2
0 16 17 18 11 12 13 1
0 16 18 19 11 13 14 1
0 15 1 20 0 0 0 2
0 19 18 21 14 13 15 1
0 18 22 21 13 15 15 1
0 20 1 23 0 0 0 2
0 24 25 26 16 17 18 1
0 24 26 27 16 18 19 1
0 23 1 28 0 0 0 2
0 27 26 29 19 18 20 1
0 26 30 29 18 21 20 1
0 28 1 0 0 0 0 2
0 31 32 4 22 23 2 1
0 31 4 3 22 2 1 1
0 2 33 34 24 25 26 3
0 2 34 0 24 26 27 3
0 7 35 33 28 29 25 3
0 7 33 2 28 25 24 3
0 12 36 35 30 31 29 3
0 12 35 7 30 29 28 3
0 15 37 36 32 33 31 3
0 15 36 12 32 31 30 3
0 20 38 37 34 35 33 3
0 20 37 15 34 33 32 3
0 23 39 38 36 37 35 3
0 23 38 20 36 35 34 3
0 28 40 39 38 39 37 3
0 28 39 23 38 37 36 3
0 0 34 40 27 26 39 3
0 0 40 28 27 39 38 3
0 41 42 43 40 41 42 1
0 42 44 45 41 43 44 1
0 42 45 43 41 44 42 1
0 44 46 45 43 45 44 1
0 46 47 45 45 46 44 1
0 47 48 45 46 47 44 1
0 48 49 45 47 0 44 1
0 49 50 45 0 0 44 1
0 43 51 52 42 48 49 1
0 45 53 51 44 50 48 1
0 43 45 51 42 44 48 1
0 45 54 53 44 51 50 1
0 45 55 54 44 52 51 1
0 45 56 55 44 53 52 1
0 45 57 56 44 0 53 1
0 45 50 57 44 0 0 1
0 58 59 60 54 55 56 2
0 58 60 61 54 56 57 2
0 62 63 59 58 59 55 2
0 62 59 58 58 55 54 2
0 61 60 64 57 56 60 2
0 61 64 65 57 60 61 2
0 66 67 68 62 63 64 2
0 66 68 69 62 64 65 2
0 69 68 70 65 64 66 2
0 69 70 71 65 66 67 2
0 71 70 72 67 66 68 2
0 71 72 73 67 68 69 2
0 73 72 74 69 68 70 2
0 73 74 75 69 70 71 2
0 76 77 78 72 72 72 2
0 79 80 81 73 74 75 2
0 82 83 84 76 77 78 2
0 82 84 85 76 78 79 2
0 85 84 63 79 78 59 2
0 85 63 62 79 59 58 2
0 86 87 83 80 81 77 2
0 86 83 82 80 77 76 2
0 88 89 90 82 83 84 2
0 88 90 91 82 84 85 2
0 92 93 89 86 87 83 2
0 92 89 88 86 83 82 2
0 94 95 93 88 89 87 2
0 94 93 92 88 87 86 2
0 96 97 95 90 91 89 2
0 96 95 94 90 89 88 2
0 81 80 98 75 74 92 2
0 81 98 99 75 92 93 2
0 100 58 61 94 54 57 2
0 100 61 101 94 57 95 2
0 102 62 58 96 58 54 2
0 102 58 100 96 54 94 2
0 101 61 65 95 57 61 2
0 101 65 103 95 61 97 2
0 104 66 69 98 62 65 2
0 104 69 105 98 65 99 2
0 105 69 71 99 65 67 2
0 105 71 106 99 67 100 2
0 106 71 73 100 67 69 2
0 106 73 107 100 69 101 2
0 107 73 75 101 69 71 2
0 107 75 108 101 71 102 2
0 109 79 81 103 73 75 2
0 109 81 110 103 75 104 2
0 111 82 85 105 76 79 2
0 111 85 112 105 79 106 2
0 112 85 62 106 79 58 2
0 112 62 102 106 58 96 2
0 113 86 82 107 80 76 2
0 113 82 111 107 76 105 2
0 114 88 91 108 82 85 2
0 114 91 115 108 85 109 2
0 116 92 88 110 86 82 2
0 116 88 114 110 82 108 2
0 117 94 92 111 88 86 2
0 117 92 116 111 86 110 2
0 118 96 94 112 90 88 2
0 118 94 117 112 88 111 2
0 110 81 99 104 75 93 2
0 110 99 119 104 93 113 2
0 120 100 101 114 94 95 2
0 120 101 121 114 95 115 2
0 122 102 100 116 96 94 2
0 122 100 120 116 94 114 2
0 121 101 103 115 95 97 2
0 121 103 123 115 97 117 2
0 124 104 105 118 98 99 2
0 124 105 125 118 99 119 2
0 125 105 106 119 99 100 2
0 125 106 126 119 100 120 2
0 126 106 107 120 100 101 2
0 126 107 127 120 101 121 2
0 127 107 108 121 101 102 2
0 127 108 128 121 102 122 2
0 129 109 110 123 103 104 2
0 129 110 130 123 104 124 2
0 131 111 112 125 105 106 2
0 131 112 132 125 106 126 2
0 132 112 102 126 106 96 2
0 132 102 122 126 96 116 2
0 133 113 111 127 107 105 2
0 133 111 131 127 105 125 2
0 134 114 115 128 108 109 2
0 134 115 135 128 109 129 2
0 136 116 114 130 110 108 2
0 136 114 134 130 108 128 2
0 137 117 116 131 111 110 2
0 137 116 136 131 110 130 2
0 138 118 117 132 112 111 2
0 138 117 137 132 111 131 2
0 130 110 119 124 104 113 2
0 130 119 139 124 113 133 2
0 140 141 142 134 135 136 2
0 143 121 144 137 115 137 2
0 145 146 141 138 139 135 2
0 145 141 140 138 135 134 2
0 147 142 148 140 136 141 2
0 149 124 150 142 118 143 2
0 150 124 125 143 118 119 2
0 150 125 151 143 119 144 2
0 151 125 126 144 119 120 2
0 151 126 152 144 120 145 2
0 152 126 127 145 120 121 2
0 152 127 153 145 121 146 2
0 153 127 128 146 121 122 2
0 153 128 154 146 122 147 2
0 155 129 130 148 123 124 2
0 155 130 156 148 124 149 2
0 157 131 132 150 125 126 2
0 158 159 160 151 152 153 2
0 160 159 146 153 152 139 2
0 160 146 145 153 139 138 2
0 161 133 131 154 127 125 2
0 162 163 158 155 156 151 2
0 164 134 135 157 128 129 2
0 164 135 165 157 129 158 2
0 166 136 134 159 130 128 2
0 166 134 164 159 128 157 2
0 167 137 136 160 131 130 2
0 168 169 170 161 161 161 2
0 171 138 137 162 132 131 2
0 171 137 167 162 131 160 2
0 156 130 139 149 124 133 2
0 156 139 172 149 133 163 2
0 173 140 147 164 134 140 2
0 174 175 176 0 0 0 2
0 177 178 179 164 164 164 2
0 177 179 180 164 164 164 2
0 181 147 182 164 140 164 2
0 181 182 183 164 164 164 2
0 183 182 184 164 164 164 2
0 185 186 187 0 0 0 2
0 187 186 188 0 0 0 2
0 187 188 189 0 0 0 2
0 189 188 190 0 0 0 2
0 189 190 191 0 0 0 2
0 191 190 192 0 0 0 2
0 193 194 195 164 164 164 2
0 196 192 197 0 0 0 2
0 196 197 198 0 0 0 2
0 199 158 160 164 151 153 2
0 199 160 200 164 153 164 2
0 201 202 178 164 164 164 2
0 201 178 177 164 164 164 2
0 203 162 158 164 155 151 2
0 203 158 199 164 151 164 2
0 204 205 206 0 0 0 2
0 207 162 203 164 155 164 2
0 208 209 205 0 0 0 2
0 208 205 204 0 0 0 2
0 210 211 209 0 0 0 2
0 210 209 208 0 0 0 2
0 212 213 211 0 0 0 2
0 212 211 210 0 0 0 2
0 198 197 213 0 0 0 2
0 198 213 212 0 0 0 2
0 41 174 176 40 165 166 1
0 41 176 42 40 166 41 1
0 43 214 174 42 167 165 1
0 43 174 41 42 165 40 1
0 42 176 185 41 166 168 1
0 215 216 217 169 169 169 1
0 218 219 220 170 171 172 1
0 218 220 221 170 172 173 1
0 221 220 222 173 172 174 1
0 221 222 223 173 174 175 1
0 223 222 224 175 174 176 1
0 223 224 225 175 176 177 1
0 225 224 226 177 176 178 1
0 225 226 227 177 178 178 1
0 228 229 230 179 179 180 1
0 228 230 231 179 180 181 1
0 51 232 233 48 182 183 1
0 51 233 52 48 183 49 1
0 52 233 214 49 183 167 1
0 52 214 43 49 167 42 1
0 234 235 236 184 185 186 1
0 53 232 51 50 182 48 1
0 237 238 235 187 188 185 1
0 237 235 234 187 185 184 1
0 239 240 238 189 190 188 1
0 239 238 237 189 188 187 1
0 241 242 240 191 192 190 1
0 241 240 239 191 190 189 1
0 243 244 242 193 193 192 1
0 243 242 241 193 192 191 1
0 231 230 245 181 180 194 1
0 231 245 246 181 194 194 1
0 247 248 249 195 196 197 1
0 247 250 248 195 198 196 1
0 247 251 250 195 199 198 1
0 247 252 251 195 200 199 1
0 247 253 252 195 201 200 1
0 247 254 253 195 202 201 1
0 247 255 254 195 203 202 1
0 247 256 255 195 204 203 1
0 247 257 256 195 205 204 1
0 247 258 257 195 206 205 1
0 247 259 258 195 207 206 1
0 247 249 259 195 197 207 1
0 260 261 262 208 209 210 1
0 260 262 263 208 210 211 1
0 263 262 264 211 210 212 1
0 262 265 264 210 213 212 1
0 266 267 268 214 215 216 1
0 266 268 269 214 216 217 1
0 269 268 270 217 216 218 1
0 268 271 270 216 219 218 1
0 272 273 274 220 221 222 1
0 272 274 275 220 222 223 1
0 275 274 276 223 222 224 1
0 274 277 276 222 225 224 1
0 276 277 278 224 225 226 1
0 276 278 279 224 226 227 1
0 280 281 282 228 229 230 1
0 281 283 282 229 231 230 1
0 282 283 284 230 231 232 1
0 282 284 285 230 232 233 1
0 285 284 286 233 232 234 1
0 284 287 286 232 235 234 1
0 286 287 288 234 235 236 1
0 286 288 289 234 236 237 1
0 290 291 260 238 239 208 1
0 291 261 260 239 209 208 1
0 261 292 262 209 240 210 1
0 293 294 295 241 241 241 1
0 296 248 250 242 196 198 1
0 296 250 297 242 198 243 1
0 297 250 298 243 198 244 1
0 250 251 298 198 199 244 1
0 298 251 252 244 199 200 1
0 298 252 299 244 200 245 1
0 299 252 300 245 200 246 1
0 252 253 300 200 201 246 1
0 300 253 254 246 201 202 1
0 274 301 277 222 247 225 1
0 277 301 278 225 247 226 1
0 254 255 302 202 203 248 1
0 302 255 256 248 203 204 1
0 302 256 303 248 204 249 1
0 283 304 284 231 250 232 1
0 304 305 284 250 251 232 1
0 284 305 306 232 251 252 1
0 284 306 287 232 252 235 1
0 307 258 308 253 206 254 1
0 258 259 308 206 207 254 1
0 308 259 249 254 207 197 1
0 291 292 261 239 240 209 1
0 309 310 311 0 0 0 2
0 312 313 314 255 256 257 1
0 313 315 314 256 258 257 1
0 311 310 316 0 0 0 2
0 317 318 319 259 260 261 1
0 317 319 320 259 261 262 1
0 316 310 321 0 0 0 2
0 320 319 322 262 261 263 1
0 319 323 322 261 264 263 1
0 321 310 324 0 0 0 2
0 325 326 327 265 266 267 1
0 325 327 328 265 267 268 1
0 324 310 329 0 0 0 2
0 328 327 330 268 267 269 1
0 327 331 330 267 270 269 1
0 329 310 332 0 0 0 2
0 333 334 335 271 272 273 1
0 333 335 336 271 273 274 1
0 332 310 337 0 0 0 2
0 336 335 338 274 273 275 1
0 335 339 338 273 276 275 1
0 337 310 309 0 0 0 2
0 340 341 313 277 278 256 1
0 340 313 312 277 256 255 1
0 311 342 343 279 280 281 3
0 311 343 309 279 281 282 3
0 316 344 342 283 284 280 3
0 316 342 311 283 280 279 3
0 321 345 344 285 286 284 3
0 321 344 316 285 284 283 3
0 324 346 345 287 288 286 3
0 324 345 321 287 286 285 3
0 329 347 346 289 290 288 3
0 329 346 324 289 288 287 3
0 332 348 347 291 292 290 3
0 332 347 329 291 290 289 3
0 337 349 348 293 294 292 3
0 337 348 332 293 292 291 3
0 309 343 349 282 281 294 3
0 309 349 337 282 294 293 3
0 350 351 352 295 296 297 2
0 353 354 355 298 299 300 1
0 354 356 355 299 301 300 1
0 352 351 357 297 296 302 2
0 358 359 360 303 304 305 1
0 358 360 361 303 305 306 1
0 357 351 362 302 296 307 2
0 361 360 363 306 305 308 1
0 360 364 363 305 309 308 1
0 362 351 365 307 296 310 2
0 366 367 368 311 312 313 1
0 366 368 369 311 313 314 1
0 365 351 370 310 296 315 2
0 369 368 371 314 313 316 1
0 368 372 371 313 317 316 1
0 370 351 373 315 296 318 2
0 374 375 376 319 320 321 1
0 374 376 377 319 321 322 1
0 373 351 378 318 296 323 2
0 377 376 379 322 321 324 1
0 376 380 379 321 325 324 1
0 378 351 350 323 296 295 2
0 381 382 354 326 327 299 1
0 381 354 353 326 299 298 1
0 383 356 354 328 329 330 3
0 383 354 384 328 330 331 3
0 385 360 359 332 333 334 3
0 385 359 386 332 334 335 3
0 387 364 360 336 337 333 3
0 387 360 385 336 333 332 3
0 388 368 367 338 339 340 3
0 388 367 389 338 340 341 3
0 390 372 368 342 343 339 3
0 390 368 388 342 339 338 3
0 391 376 375 344 345 346 3
0 391 375 392 344 346 347 3
0 393 380 376 348 349 345 3
0 393 376 391 348 345 344 3
0 384 354 382 331 330 350 3
0 384 382 394 331 350 351 3
0 395 396 397 352 352 352 255
0 396 398 397 352 352 352 255
0 399 400 401 353 353 353 255
0 400 402 401 353 353 353 255
0 403 404 405 354 354 354 255
0 404 406 405 354 354 354 255
0 407 408 409 0 0 0 255
0 408 410 409 0 0 0 255
0 411 412 413 164 164 164 255
0 412 414 413 164 164 164 255
0 415 416 417 352 352 352 255
0 415 417 418 352 352 352 255
0 419 407 409 0 0 0 255
0 419 409 420 0 0 0 255
0 421 414 412 164 164 164 255
0 421 412 422 164 164 164 255
0 423 424 425 354 354 354 255
0 423 425 426 354 354 354 255
0 427 420 409 0 0 0 255
0 427 409 428 0 0 0 255
0 429 414 421 164 164 164 255
0 429 421 430 164 164 164 255
0 431 400 399 353 353 353 255
0 431 399 432 353 353 353 255
0 433 422 412 164 164 164 255
0 433 412 434 164 164 164 255
0 435 407 419 0 0 0 255
0 435 419 436 0 0 0 255
0 437 401 402 353 353 353 255
0 437 402 438 353 353 353 255
"Po" 1 0
171
1 215.172607 71.369034 7.728913 0.965991 0.958288 -1
1 215.188721 71.362808 0.359381 0.938997 0.958288 -1
1 215.160339 76.578247 5.566008 0.958085 0.982271 -1
1 46.173210 70.810890 7.657892 0.459124 0.787435 -1
1 78.839661 70.918968 7.729055 0.544101 0.786465 -1
1 46.160202 76.230095 5.407732 0.448600 0.800049 -1
1 78.826645 76.338165 5.478895 0.533578 0.799079 -1
1 215.164337 78.732300 0.353056 0.938997 0.992205 -1
1 46.160202 76.230095 5.407732 0.466815 0.550670 -1
1 78.826645 76.338165 5.478895 0.554472 0.550670 -1
1 78.831055 78.579025 0.055829 0.557543 0.517321 -1
1 46.164627 78.471008 -0.015334 0.469885 0.517321 -1
1 215.182953 76.569397 -4.856144 0.919909 0.982271 -1
1 46.183846 76.220879 -5.434546 0.466815 0.483972 -1
1 78.850296 76.328949 -5.363383 0.554472 0.483972 -1
1 215.204803 71.356491 -7.010098 0.912002 0.958288 -1
1 46.183846 76.220879 -5.434546 0.988378 0.728975 -1
1 78.850296 76.328949 -5.363383 0.903400 0.729946 -1
1 78.873077 70.905899 -7.604239 0.892877 0.742560 -1
1 46.206657 70.797836 -7.675402 0.977855 0.741589 -1
1 215.217346 66.147285 -4.847200 0.919909 0.934305 -1
1 46.219696 65.378647 -5.425242 0.967331 0.754203 -1
1 78.886086 65.486717 -5.354078 0.882353 0.755174 -1
1 215.213013 63.993263 0.365705 0.938997 0.924372 -1
1 46.219696 65.378647 -5.425242 0.468452 0.551016 -1
1 78.886086 65.486717 -5.354078 0.556109 0.551016 -1
1 78.881691 63.245872 0.068988 0.553039 0.517667 -1
1 46.215286 63.137821 -0.002176 0.465382 0.517667 -1
1 215.194611 66.156143 5.574951 0.958085 0.934305 -1
1 46.196014 65.387871 5.417036 0.468452 0.484317 -1
1 78.862488 65.495918 5.488200 0.556109 0.484317 -1
1 46.196014 65.387871 5.417036 0.469647 0.774821 -1
1 78.862488 65.495918 5.488200 0.554625 0.773851 -1
1 80.482376 78.357346 7.492790 0.643336 0.661631 -1
1 78.826645 76.338165 5.478895 0.621861 0.665096 -1
1 78.839661 70.918968 7.729055 0.645829 0.681251 -1
1 80.500153 70.926888 10.578019 0.676198 0.683782 -1
1 80.488434 81.429848 0.056992 0.565905 0.517321 -1
1 80.482376 78.357346 7.492790 0.561696 0.563047 -1
1 80.514786 78.344711 -7.373470 0.561696 0.471595 -1
1 80.546036 70.909027 -10.445921 0.451801 0.683782 -1
1 78.873077 70.905899 -7.604239 0.482170 0.681251 -1
1 78.850296 76.328949 -5.363383 0.506137 0.665096 -1
1 80.514786 78.344711 -7.373470 0.484663 0.661631 -1
1 80.563858 63.478561 -7.360713 0.484663 0.705933 -1
1 78.886086 65.486717 -5.354078 0.506137 0.697406 -1
1 80.557877 60.405899 0.075034 0.563999 0.715108 -1
1 78.881691 63.245872 0.068988 0.563999 0.704098 -1
1 80.531418 63.491184 7.505547 0.643336 0.705933 -1
1 78.862488 65.495918 5.488200 0.621861 0.697406 -1
1 104.815384 78.437714 7.545789 0.597308 0.802988 -1
1 80.482376 78.357346 7.492790 0.534008 0.803711 -1
1 80.500153 70.926888 10.578019 0.548437 0.786416 -1
1 104.833267 71.007309 10.631018 0.611737 0.785693 -1
1 104.821381 81.510284 0.110001 0.631200 0.517321 -1
1 104.815384 78.437714 7.545789 0.626991 0.563047 -1
1 104.847778 78.425064 -7.320442 0.626991 0.471595 -1
1 104.879120 70.989380 -10.392911 0.825241 0.743332 -1
1 80.546036 70.909027 -10.445921 0.888541 0.742609 -1
1 80.514786 78.344711 -7.373470 0.902970 0.725314 -1
1 104.847778 78.425064 -7.320442 0.839670 0.726037 -1
1 104.897034 63.558952 -7.307684 0.810811 0.760628 -1
1 80.563858 63.478561 -7.360713 0.874111 0.759905 -1
1 104.890900 60.486351 0.128043 0.618916 0.517667 -1
1 80.557877 60.405899 0.075034 0.553621 0.517667 -1
1 80.563858 63.478561 -7.360713 0.557831 0.563393 -1
1 104.897034 63.558952 -7.307684 0.623126 0.563393 -1
1 104.864532 63.571617 7.558547 0.623126 0.471940 -1
1 80.531418 63.491184 7.505547 0.557831 0.471940 -1
1 80.531418 63.491184 7.505547 0.562867 0.769120 -1
1 104.864532 63.571617 7.558547 0.626166 0.768397 -1
1 107.493774 76.293198 5.401950 0.620373 0.694045 -1
1 104.815384 78.437714 7.545789 0.643336 0.704506 -1
1 104.833267 71.007309 10.631018 0.676198 0.682355 -1
1 107.506546 71.013504 7.594179 0.643723 0.678306 -1
1 107.498062 78.476418 0.118421 0.563999 0.700565 -1
1 104.821381 81.510284 0.110001 0.563999 0.713681 -1
1 107.516785 76.284218 -5.161299 0.507627 0.694045 -1
1 104.847778 78.425064 -7.320442 0.484663 0.704506 -1
1 107.539116 71.000809 -7.344455 0.484277 0.678306 -1
1 104.879120 70.989380 -10.392911 0.451801 0.682355 -1
1 107.551773 65.721062 -5.152234 0.808051 0.755701 -1
1 107.539116 71.000809 -7.344455 0.818304 0.743411 -1
1 107.547508 63.537868 0.131241 0.630232 0.517667 -1
1 107.551773 65.721062 -5.152234 0.633223 0.550157 -1
1 107.528748 65.730057 5.411015 0.633223 0.485176 -1
1 107.506546 71.013504 7.594179 0.618674 0.785613 -1
1 107.528748 65.730057 5.411015 0.628927 0.773324 -1
1 202.826447 76.608070 5.609643 0.856419 0.795070 -1
1 107.493774 76.293198 5.401950 0.608421 0.797903 -1
1 202.839203 71.328354 7.801853 0.866672 0.782780 -1
1 202.830902 78.791367 0.326103 0.890011 0.517321 -1
1 107.498062 78.476418 0.118421 0.634195 0.517321 -1
1 107.493774 76.293198 5.401950 0.631204 0.549812 -1
1 202.826447 76.608070 5.609643 0.887020 0.549812 -1
1 202.849533 76.599152 -4.953621 0.887020 0.484830 -1
1 107.516785 76.284218 -5.161299 0.631204 0.484830 -1
1 202.871780 71.315636 -7.136766 0.570306 0.746244 -1
1 107.516785 76.284218 -5.161299 0.828557 0.731122 -1
1 202.849533 76.599152 -4.953621 0.580558 0.733955 -1
1 202.884583 66.035919 -4.944556 0.560052 0.758534 -1
1 202.880096 63.852695 0.338923 0.887756 0.517667 -1
1 202.884583 66.035919 -4.944556 0.890748 0.550157 -1
1 202.861481 66.044907 5.618708 0.890748 0.485175 -1
1 202.861481 66.044907 5.618708 0.876925 0.770491 -1
1 204.481598 78.741676 7.737721 0.643667 0.660708 -1
1 202.826447 76.608070 5.609643 0.620972 0.664514 -1
1 202.839203 71.328354 7.801853 0.644322 0.680253 -1
1 204.499420 71.336449 10.812465 0.676417 0.682784 -1
1 204.487488 81.803871 0.327153 0.898595 0.517321 -1
1 204.481598 78.741676 7.737721 0.894399 0.562892 -1
1 204.513977 78.729073 -7.078084 0.894399 0.471750 -1
1 204.545074 71.318626 -10.140096 0.452782 0.682784 -1
1 202.871780 71.315636 -7.136766 0.484877 0.680253 -1
1 202.849533 76.599152 -4.953621 0.508227 0.664514 -1
1 204.513977 78.729073 -7.078084 0.485532 0.660708 -1
1 204.562836 63.913353 -7.065369 0.485532 0.704860 -1
1 202.884583 66.035919 -4.944556 0.508227 0.695993 -1
1 204.556900 60.851219 0.345134 0.564599 0.714004 -1
1 202.880096 63.852695 0.338923 0.564599 0.702512 -1
1 204.530670 63.925953 7.750436 0.643667 0.704860 -1
1 202.861481 66.044907 5.618708 0.620972 0.695993 -1
1 237.814789 78.851830 7.810341 0.943340 0.798977 -1
1 204.481598 78.741676 7.737721 0.856627 0.799968 -1
1 204.499420 71.336449 10.812465 0.871008 0.782731 -1
1 237.832642 71.446526 10.885050 0.957721 0.781740 -1
1 237.820740 81.913910 0.399769 0.988041 0.517321 -1
1 237.814789 78.851830 7.810341 0.983845 0.562892 -1
1 237.847046 78.839249 -7.005475 0.983845 0.471750 -1
1 237.878265 71.428680 -10.067469 0.479257 0.747284 -1
1 204.545074 71.318626 -10.140096 0.565970 0.746294 -1
1 204.513977 78.729073 -7.078084 0.580350 0.729057 -1
1 237.847046 78.839249 -7.005475 0.493638 0.730048 -1
1 237.895996 64.023514 -6.992761 0.464877 0.764521 -1
1 204.562836 63.913353 -7.065369 0.551589 0.763531 -1
1 237.889893 60.961411 0.417750 0.958762 0.518358 -1
1 204.556900 60.851219 0.345134 0.888117 0.517667 -1
1 204.562836 63.913353 -7.065369 0.892313 0.563237 -1
1 237.895996 64.023514 -6.992761 0.962957 0.563929 -1
1 237.863800 64.036102 7.823056 0.962957 0.472787 -1
1 204.530670 63.925953 7.750436 0.892313 0.472095 -1
1 204.530670 63.925953 7.750436 0.885388 0.765494 -1
1 237.863800 64.036102 7.823056 0.972101 0.764503 -1
1 215.160339 76.578247 5.566008 0.548337 0.734486 -1
1 237.814789 78.851830 7.810341 0.493638 0.730048 -1
1 237.832642 71.446526 10.885050 0.479257 0.747284 -1
1 215.172607 71.369034 7.728913 0.538222 0.746611 -1
1 215.164337 78.732300 0.353056 0.906955 0.517321 -1
1 237.820740 81.913910 0.399769 0.985700 0.517321 -1
1 237.814789 78.851830 7.810341 0.981505 0.471750 -1
1 215.160339 76.578247 5.566008 0.904004 0.485264 -1
1 215.182953 76.569397 -4.856144 0.904004 0.549378 -1
1 237.847046 78.839249 -7.005475 0.981505 0.562892 -1
1 215.204803 71.356491 -7.010098 0.898756 0.782414 -1
1 237.878265 71.428680 -10.067469 0.957721 0.781740 -1
1 237.847046 78.839249 -7.005475 0.943340 0.798977 -1
1 215.182953 76.569397 -4.856144 0.888640 0.794539 -1
1 215.217346 66.147285 -4.847200 0.908872 0.770289 -1
1 237.895996 64.023514 -6.992761 0.972101 0.764503 -1
1 215.213013 63.993263 0.365705 0.902818 0.517321 -1
1 237.889893 60.961411 0.417750 0.959393 0.517321 -1
1 237.895996 64.023514 -6.992761 0.963589 0.471750 -1
1 215.217346 66.147285 -4.847200 0.905769 0.485264 -1
1 215.194611 66.156143 5.574951 0.905769 0.549378 -1
1 237.863800 64.036102 7.823056 0.963589 0.562892 -1
1 237.863800 64.036102 7.823056 0.464877 0.764521 -1
1 215.194611 66.156143 5.574951 0.528106 0.758736 -1
1 46.219696 65.378647 -5.425242 0.085640 -0.195625 -1
1 46.215286 63.137821 -0.002176 0.085640 -0.195625 -1
1 46.640938 71.330963 -0.008210 0.085640 -0.195625 -1
1 46.196014 65.387871 5.417036 0.085640 -0.195625 -1
172
0.999992 0.003290 0.002184
0.999992 0.003300 0.002177
0.999992 0.003286 0.002159
-0.002181 0.000851 0.999997
-0.002181 0.000851 0.999997
-0.003281 0.383468 0.923548
-0.003281 0.383468 0.923548
0.999992 0.003311 0.002167
-0.003889 0.924200 0.381889
-0.003889 0.924202 0.381885
-0.003306 0.999994 -0.000857
-0.003305 0.999994 -0.000857
0.999992 0.003301 0.002189
-0.002219 0.923549 -0.383473
-0.002220 0.923551 -0.383470
0.999992 0.003302 0.002179
0.000750 0.381894 -0.924206
0.000750 0.381894 -0.924206
0.002181 -0.000852 -0.999997
0.002181 -0.000852 -0.999997
0.999992 0.003305 0.002187
0.003281 -0.383469 -0.923548
0.003281 -0.383469 -0.923548
0.999992 0.003298 0.002179
0.003889 -0.924203 -0.381882
0.003889 -0.924202 -0.381883
0.003306 -0.999994 0.000857
0.003306 -0.999994 0.000858
0.999992 0.003308 0.002173
0.002219 -0.923553 0.383465
0.002219 -0.923553 0.383465
-0.000750 -0.381895 0.924206
-0.000750 -0.381894 0.924206
-0.846298 0.202549 0.492700
-0.846295 0.202548 0.492705
-0.862090 0.067203 0.502279
-0.861634 -0.072030 0.502392
-0.513967 0.856980 -0.037718
-0.862267 0.501320 -0.071923
-0.846616 0.492110 0.202654
-0.319704 0.875795 0.361625
-0.633753 0.713605 -0.298539
-0.845728 0.491752 -0.207180
-0.859886 0.066345 -0.506157
-0.859427 -0.072889 -0.506037
-0.844138 0.201707 -0.496735
-0.844140 0.201704 -0.496732
-0.858858 -0.310496 -0.407376
-0.858751 -0.408865 -0.308831
-0.858944 -0.507114 -0.071059
-0.859251 -0.506991 0.068174
-0.860097 -0.408335 0.305771
-0.860636 -0.309798 0.404141
-0.003278 0.383464 0.923550
-0.003278 0.383463 0.923550
-0.002612 0.137615 0.990482
0.203256 -0.180836 0.962281
-0.003570 0.990713 0.135919
-0.003884 0.924200 0.381889
-0.002216 0.923550 -0.383472
0.339743 -0.033200 -0.939932
0.002613 -0.137614 -0.990483
0.000753 0.381890 -0.924207
0.000753 0.381891 -0.924207
0.263725 -0.369354 -0.891082
0.003280 -0.383461 -0.923551
0.424683 -0.905089 -0.021418
0.002975 -0.990480 0.137623
0.003887 -0.924196 -0.381898
0.524433 -0.787066 -0.324802
0.262695 -0.890785 0.370801
0.002218 -0.923546 0.383481
-0.000751 -0.381891 0.924207
0.520468 -0.324218 0.789934
0.746476 0.402982 0.529508
0.746336 0.531036 0.401228
0.723235 0.266316 0.637186
0.723229 0.266323 0.637190
0.746586 0.658940 0.091693
0.746980 0.658786 -0.089563
0.748079 0.530357 -0.398873
0.748780 0.402083 -0.526932
0.726010 0.265235 -0.634477
0.726003 0.265233 -0.634484
0.523912 -0.325556 -0.787102
0.207452 -0.182472 -0.961076
0.424583 -0.905049 0.024810
0.264310 -0.891414 -0.368131
0.523002 -0.786515 0.328425
0.335636 -0.031601 0.941461
0.259829 -0.367840 0.892851
-0.003278 0.383465 0.923550
-0.003279 0.383467 0.923549
-0.001709 -0.135929 0.990717
-0.525069 0.850305 0.035838
-0.002972 0.990480 -0.137625
-0.003885 0.924198 0.381893
-0.648530 0.703680 0.290247
-0.324861 0.873054 -0.363650
-0.002216 0.923548 -0.383476
0.001709 0.135928 -0.990717
0.000752 0.381890 -0.924208
0.000752 0.381886 -0.924209
0.003278 -0.383463 -0.923551
0.003568 -0.990713 -0.135924
0.003884 -0.924199 -0.381891
0.002215 -0.923550 0.383472
-0.000752 -0.381890 0.924208
-0.859181 0.194443 0.473286
-0.859177 0.194442 0.473294
-0.873935 0.064307 0.481770
-0.873496 -0.069268 0.481879
-0.524908 0.850238 -0.039587
-0.326448 0.873665 0.360751
-0.647244 0.703190 -0.294277
-0.871828 0.063493 -0.485680
-0.871398 -0.070084 -0.485545
-0.857109 0.193640 -0.477354
-0.857102 0.193650 -0.477363
-0.870857 -0.298015 -0.390891
-0.870742 -0.392395 -0.296371
-0.870918 -0.486663 -0.068275
-0.871204 -0.486559 0.065299
-0.872014 -0.391907 0.293260
-0.872535 -0.297370 0.387627
-0.003278 0.383458 0.923552
-0.003279 0.383462 0.923551
-0.002612 0.137612 0.990483
-0.001709 -0.135928 0.990717
-0.003568 0.990713 0.135925
-0.003886 0.924203 0.381882
-0.002215 0.923549 -0.383475
0.001709 0.135924 -0.990718
0.002613 -0.137612 -0.990483
0.000752 0.381884 -0.924210
0.000751 0.381881 -0.924211
0.003279 -0.383460 -0.923552
0.003279 -0.383458 -0.923552
0.003571 -0.990713 -0.135925
0.002974 -0.990481 0.137619
0.003887 -0.924200 -0.381888
0.003886 -0.924201 -0.381887
0.002217 -0.923551 0.383470
0.002216 -0.923550 0.383472
-0.000751 -0.381887 0.924209
-0.000752 -0.381887 0.924209
0.128878 -0.380005 -0.915962
0.128879 -0.380001 -0.915964
0.137127 -0.135916 -0.981184
0.136232 0.135134 -0.981417
0.138076 -0.981261 -0.134393
0.137484 -0.981031 0.136665
0.129480 -0.916464 -0.378588
0.129482 -0.916461 -0.378593
0.127823 -0.915818 0.380707
0.127825 -0.915820 0.380703
0.132845 -0.134243 0.982004
0.131950 0.136808 0.981770
0.124879 -0.378442 0.917162
0.124880 -0.378444 0.917161
0.122373 0.380837 0.916509
0.122372 0.380838 0.916508
0.131002 0.982150 0.134981
0.131593 0.981920 -0.136075
0.121770 0.917294 0.379136
0.121770 0.917294 0.379136
0.123426 0.916649 -0.380158
0.123426 0.916649 -0.380159
0.126371 0.379277 -0.916613
0.126371 0.379277 -0.916613
0.000000 0.000000 0.000000
0.998340 -0.051847 0.025077
139
1 0 1 2 0 1 2 2
1 3 4 5 3 4 5 1
1 4 6 5 4 6 5 1
1 2 1 7 2 1 7 2
1 8 9 10 8 9 10 1
1 8 10 11 8 10 11 1
1 7 1 12 7 1 12 2
1 11 10 13 11 10 13 1
1 10 14 13 10 14 13 1
1 12 1 15 12 1 15 2
1 16 17 18 16 17 18 1
1 16 18 19 16 18 19 1
1 15 1 20 15 1 20 2
1 19 18 21 19 18 21 1
1 18 22 21 18 22 21 1
1 20 1 23 20 1 23 2
1 24 25 26 24 25 26 1
1 24 26 27 24 26 27 1
1 23 1 28 23 1 28 2
1 27 26 29 27 26 29 1
1 26 30 29 26 30 29 1
1 28 1 0 28 1 0 2
1 31 32 4 31 32 4 1
1 31 4 3 31 4 3 1
1 33 34 35 33 34 35 2
1 33 35 36 33 35 36 2
1 37 10 9 37 38 39 2
1 37 9 38 37 39 40 2
1 39 14 10 41 42 38 2
1 39 10 37 41 38 37 2
1 40 41 42 43 44 45 2
1 40 42 43 43 45 46 2
1 44 45 41 47 48 44 2
1 44 41 40 47 44 43 2
1 46 47 45 49 50 48 2
1 46 45 44 49 48 47 2
1 48 49 47 51 52 50 2
1 48 47 46 51 50 49 2
1 36 35 49 36 35 52 2
1 36 49 48 36 52 51 2
1 50 51 52 53 54 55 2
1 50 52 53 53 55 56 2
1 54 37 38 57 37 40 2
1 54 38 55 57 40 58 2
1 56 39 37 59 41 37 2
1 56 37 54 59 37 57 2
1 57 58 59 60 61 62 2
1 57 59 60 60 62 63 2
1 61 62 58 64 65 61 2
1 61 58 57 64 61 60 2
1 63 64 65 66 67 68 2
1 63 65 66 66 68 69 2
1 67 68 64 70 71 67 2
1 67 64 63 70 67 66 2
1 53 52 69 56 55 72 2
1 53 69 70 56 72 73 2
1 71 72 73 74 75 76 2
1 71 73 74 74 76 77 2
1 75 76 72 78 79 75 2
1 75 72 71 78 75 74 2
1 77 78 76 80 81 79 2
1 77 76 75 80 79 78 2
1 79 80 78 82 83 81 2
1 79 78 77 82 81 80 2
1 81 61 57 84 64 60 2
1 81 57 82 84 60 85 2
1 83 63 66 86 66 69 2
1 83 66 84 86 69 87 2
1 85 67 63 88 70 66 2
1 85 63 83 88 66 86 2
1 86 53 70 89 56 73 2
1 86 70 87 89 73 90 2
1 88 89 86 91 92 89 2
1 88 86 90 91 89 93 2
1 91 92 93 94 95 96 2
1 91 93 94 94 96 97 2
1 95 96 92 98 99 95 2
1 95 92 91 98 95 94 2
1 97 82 98 100 85 101 2
1 97 98 99 100 101 102 2
1 100 81 82 103 84 85 2
1 100 82 97 103 85 100 2
1 101 83 84 104 86 87 2
1 101 84 102 104 87 105 2
1 103 85 83 106 88 86 2
1 103 83 101 106 86 104 2
1 90 86 87 93 89 90 2
1 90 87 104 93 90 107 2
1 105 106 107 108 109 110 2
1 105 107 108 108 110 111 2
1 109 91 94 112 94 97 2
1 109 94 110 112 97 113 2
1 111 95 91 114 98 94 2
1 111 91 109 114 94 112 2
1 112 113 114 115 116 117 2
1 112 114 115 115 117 118 2
1 116 117 113 119 120 116 2
1 116 113 112 119 116 115 2
1 118 119 117 121 122 120 2
1 118 117 116 121 120 119 2
1 120 121 119 123 124 122 2
1 120 119 118 123 122 121 2
1 108 107 121 111 110 124 2
1 108 121 120 111 124 123 2
1 122 123 124 125 126 127 2
1 122 124 125 125 127 128 2
1 126 109 110 129 112 113 2
1 126 110 127 129 113 130 2
1 128 111 109 131 114 112 2
1 128 109 126 131 112 129 2
1 129 130 131 132 133 134 2
1 129 131 132 132 134 135 2
1 133 134 130 136 137 133 2
1 133 130 129 136 133 132 2
1 135 136 137 138 139 140 2
1 135 137 138 138 140 141 2
1 139 140 136 142 143 139 2
1 139 136 135 142 139 138 2
1 125 124 141 128 127 144 2
1 125 141 142 128 144 145 2
1 143 144 145 146 147 148 2
1 143 145 146 146 148 149 2
1 147 148 149 150 151 152 2
1 147 149 150 150 152 153 2
1 151 152 148 154 155 151 2
1 151 148 147 154 151 150 2
1 153 154 155 156 157 158 2
1 153 155 156 156 158 159 2
1 157 158 154 160 161 157 2
1 157 154 153 160 157 156 2
1 159 160 161 162 163 164 2
1 159 161 162 162 164 165 2
1 163 164 160 166 167 163 2
1 163 160 159 166 163 162 2
1 146 145 165 149 148 168 2
1 146 165 166 149 168 169 2
1 167 168 169 170 171 171 1
1 169 168 167 171 171 170 1
1 169 170 168 171 171 171 1

Materials: 1
"Material01"
0.325490 0.325490 0.325490 1.000000
0.341176 0.341176 0.341176 1.000000
0.490196 0.490196 0.490196 1.000000
0.082353 0.082353 0.082353 1.000000
28.000000
1.000000
"K9.tga"
""

Bones: 0
GroupComments: 0
MaterialComments: 0
BoneComments: 0
ModelComment: 0
