// MilkShape 3D ASCII

Frames: 52
Frame: 1

Meshes: 2
"Header" 0 0
34
0 37.268005 26.524500 0.000000 0.894478 0.242469 -1
0 26.352459 26.524500 26.352457 0.872534 0.288030 -1
0 -0.000002 26.524500 0.000000 0.819554 0.242469 -1
0 10.525584 48.142166 0.000000 0.840715 0.242469 -1
1 -0.000002 48.142166 0.000000 0.819554 0.242469 -1
0 7.442709 48.142166 7.442709 0.834517 0.255337 -1
0 30.187078 35.841499 0.000000 0.880243 0.242469 -1
0 21.345495 35.841499 21.345486 0.862467 0.279373 -1
0 22.006376 45.158497 0.000000 0.863796 0.242469 -1
0 15.560864 45.158497 15.560859 0.850838 0.269372 -1
0 -0.000002 26.524500 37.268002 0.819554 0.306902 -1
0 -0.000002 48.142166 10.525581 0.819554 0.260667 -1
0 -0.000002 35.841499 30.187078 0.819554 0.294660 -1
0 -0.000002 45.158497 22.006380 0.819554 0.280516 -1
0 -26.352465 26.524500 26.352457 0.766574 0.288030 -1
0 -7.442709 48.142166 7.442709 0.804591 0.255337 -1
0 -21.345495 43.174831 21.345486 0.776640 0.279373 -1
0 -15.560858 52.491829 15.560859 0.788269 0.269372 -1
0 -37.268005 26.524500 0.000000 0.744628 0.242469 -1
0 -10.525581 48.142166 0.000000 0.798393 0.242469 -1
0 -30.187078 43.174831 0.000000 0.758864 0.242469 -1
0 -22.006384 52.491829 0.000000 0.775311 0.242469 -1
0 -26.352465 26.524500 -26.352457 0.766574 0.196908 -1
0 -7.442709 48.142166 -7.442709 0.804591 0.229601 -1
0 -21.345495 43.174831 -21.345486 0.776640 0.205564 -1
0 -15.560858 52.491829 -15.560858 0.788269 0.215565 -1
0 -0.000002 26.524500 -37.268002 0.819554 0.178036 -1
0 -0.000002 48.142166 -10.525581 0.819554 0.224271 -1
0 -0.000002 35.841499 -30.187078 0.819554 0.190278 -1
0 -0.000002 45.158497 -22.006380 0.819554 0.204422 -1
0 26.352459 26.524500 -26.352457 0.872534 0.196908 -1
0 7.442709 48.142166 -7.442709 0.834517 0.229601 -1
0 21.345495 35.841499 -21.345486 0.862467 0.205564 -1
0 15.560864 45.158497 -15.560858 0.850838 0.215565 -1
34
0.000000 -1.000000 0.000000
0.000000 1.000000 0.000000
0.796162 0.605084 0.000000
0.774226 0.632909 -0.000000
0.562972 0.605083 0.562972
0.547460 0.632909 0.547460
0.519258 0.854618 -0.000000
0.367171 0.854618 0.367171
0.251528 0.967850 -0.000000
0.177857 0.967850 0.177857
0.067628 0.594668 0.801122
0.000000 0.605083 0.796162
0.193134 0.834628 0.515844
0.178015 0.978864 0.100677
-0.620498 0.448664 0.643181
-0.542243 0.531186 0.651010
-0.060537 0.960711 0.270868
0.250520 0.935136 -0.250520
-0.845626 0.533776 -0.000000
-0.920241 0.391353 0.000000
-0.229646 0.973274 -0.000000
0.354289 0.935136 0.000000
-0.620498 0.448664 -0.643181
-0.542243 0.531186 -0.651010
-0.060537 0.960711 -0.270868
0.250521 0.935136 0.250520
0.067628 0.594668 -0.801122
0.000000 0.605083 -0.796162
0.193134 0.834628 -0.515844
0.178015 0.978864 -0.100677
0.562972 0.605083 -0.562972
0.547460 0.632909 -0.547460
0.367171 0.854618 -0.367171
0.177857 0.967850 -0.177857
64
0 0 1 2 0 0 0 2
0 3 4 5 1 1 1 2
0 0 6 1 2 3 4 1
0 6 7 1 3 5 4 1
0 6 8 9 3 6 7 1
0 6 9 7 3 7 5 1
0 8 3 9 6 8 7 1
0 3 5 9 8 9 7 1
0 1 10 2 0 0 0 2
0 5 4 11 1 1 1 2
0 1 7 12 4 5 10 1
0 1 12 10 4 10 11 1
0 7 9 12 5 7 10 1
0 9 13 12 7 12 10 1
0 9 5 11 7 9 13 1
0 9 11 13 7 13 12 1
0 10 14 2 0 0 0 2
0 11 4 15 1 1 1 2
0 10 12 14 11 10 14 1
0 12 16 14 10 15 14 1
0 12 13 17 10 12 16 1
0 12 17 16 10 16 15 1
0 13 11 17 12 13 16 1
0 11 15 17 13 17 16 1
0 14 18 2 0 0 0 2
0 15 4 19 1 1 1 2
0 14 16 20 14 15 18 1
0 14 20 18 14 18 19 1
0 16 17 20 15 16 18 1
0 17 21 20 16 20 18 1
0 17 15 19 16 17 21 1
0 17 19 21 16 21 20 1
0 18 22 2 0 0 0 2
0 19 4 23 1 1 1 2
0 18 20 22 19 18 22 1
0 20 24 22 18 23 22 1
0 20 21 25 18 20 24 1
0 20 25 24 18 24 23 1
0 21 19 25 20 21 24 1
0 19 23 25 21 25 24 1
0 22 26 2 0 0 0 2
0 23 4 27 1 1 1 2
0 22 24 28 22 23 26 1
0 22 28 26 22 26 27 1
0 24 25 28 23 24 26 1
0 25 29 28 24 28 26 1
0 25 23 27 24 25 29 1
0 25 27 29 24 29 28 1
0 26 30 2 0 0 0 2
0 27 4 31 1 1 1 2
0 26 28 30 27 26 30 1
0 28 32 30 26 31 30 1
0 28 29 33 26 28 32 1
0 28 33 32 26 32 31 1
0 29 27 33 28 29 32 1
0 27 31 33 29 33 32 1
0 30 0 2 0 0 0 2
0 31 4 3 1 1 1 2
0 30 32 6 30 31 3 1
0 30 6 0 30 3 2 1
0 32 33 6 31 32 3 1
0 33 8 6 32 6 3 1
0 33 31 3 32 33 8 1
0 33 3 8 32 8 6 1
"Po1" 0 0
42
0 71.874992 39.756355 0.000000 0.350253 0.168747 -1
0 71.874992 38.786121 2.342371 0.350253 0.199596 -1
0 71.874992 36.443748 0.000000 0.350253 0.168747 -1
0 4.208332 42.053677 0.000000 0.003400 0.168747 -1
0 4.208332 36.443748 0.000000 0.003400 0.168747 -1
0 4.208332 40.410568 3.966826 0.003400 0.220990 -1
0 88.791672 42.053677 0.000000 0.436966 0.168747 -1
0 88.791672 40.410568 3.966826 0.436966 0.220990 -1
0 67.708321 42.053677 0.000000 0.328895 0.168747 -1
0 67.708321 40.410568 3.966826 0.328895 0.220990 -1
0 25.291660 42.053677 0.000000 0.111471 0.168747 -1
0 25.291660 40.410568 3.966826 0.111471 0.220990 -1
0 71.874992 36.443748 3.312613 0.350253 0.212374 -1
0 4.208332 36.443748 5.609940 0.003400 0.242630 -1
0 88.791672 36.443748 5.609940 0.436966 0.242630 -1
0 67.708321 36.443748 5.609940 0.328895 0.242630 -1
0 25.291660 36.443748 5.609940 0.111471 0.242630 -1
0 71.874992 34.101379 2.342371 0.350253 0.199596 -1
0 4.208332 32.476936 3.966826 0.003400 0.220990 -1
0 88.791672 32.476936 3.966826 0.436966 0.220990 -1
0 67.708321 32.476936 3.966826 0.328895 0.220990 -1
0 25.291660 32.476936 3.966826 0.111471 0.220990 -1
0 71.874992 33.131149 0.000000 0.350253 0.168747 -1
0 4.208332 30.833828 0.000000 0.003400 0.168747 -1
0 88.791672 30.833828 0.000000 0.436966 0.168747 -1
0 67.708321 30.833828 0.000000 0.328895 0.168747 -1
0 25.291660 30.833828 0.000000 0.111471 0.168747 -1
0 71.874992 34.101379 -2.342371 0.350253 0.137898 -1
0 4.208332 32.476936 -3.966826 0.003400 0.116503 -1
0 88.791672 32.476936 -3.966826 0.436966 0.116503 -1
0 67.708321 32.476936 -3.966826 0.328895 0.116503 -1
0 25.291660 32.476936 -3.966826 0.111471 0.116503 -1
0 71.874992 36.443748 -3.312613 0.350253 0.125120 -1
0 4.208332 36.443748 -5.609940 0.003400 0.094864 -1
0 88.791672 36.443748 -5.609940 0.436966 0.094864 -1
0 67.708321 36.443748 -5.609940 0.328895 0.094864 -1
0 25.291660 36.443748 -5.609940 0.111471 0.094864 -1
0 71.874992 38.786121 -2.342371 0.350253 0.137898 -1
0 4.208332 40.410568 -3.966826 0.003400 0.116503 -1
0 88.791672 40.410568 -3.966826 0.436966 0.116503 -1
0 67.708321 40.410568 -3.966826 0.328895 0.116503 -1
0 25.291660 40.410568 -3.966826 0.111471 0.116503 -1
36
1.000000 0.000000 0.000000
-1.000000 0.000000 0.000000
0.134567 -0.990905 0.000000
0.998338 0.057635 0.000000
0.998338 0.040754 0.040757
0.134567 -0.700676 -0.700674
0.000000 1.000000 0.000000
0.000000 0.707107 0.707106
0.000000 1.000000 -0.000000
0.000000 1.000000 0.000000
0.000000 0.707107 0.707106
0.134567 0.000000 -0.990904
0.998338 -0.000000 0.057635
0.000000 -0.000000 1.000000
0.000000 -0.000000 1.000000
0.998338 -0.040754 0.040759
0.134567 0.700677 -0.700674
0.000000 -0.707108 0.707106
0.000000 -0.707108 0.707106
0.134567 0.990905 0.000000
0.998338 -0.057635 0.000000
0.000000 -1.000000 0.000000
0.000000 -1.000000 -0.000000
0.000000 -1.000000 0.000000
0.998338 -0.040753 -0.040759
0.134567 0.700677 0.700674
0.000000 -0.707108 -0.707106
0.000000 -0.707108 -0.707106
0.134567 0.000000 0.990904
0.998338 -0.000000 -0.057635
0.000000 -0.000000 -1.000000
0.000000 -0.000000 -1.000000
0.998338 0.040754 -0.040757
0.134567 -0.700676 0.700674
0.000000 0.707107 -0.707106
0.000000 0.707107 -0.707106
80
0 0 1 2 0 0 0 2
0 3 4 5 1 1 1 2
0 0 6 7 2 3 4 1
0 0 7 1 2 4 5 1
0 6 8 7 3 6 4 1
0 8 9 7 6 7 4 1
0 8 10 11 6 8 7 1
0 8 11 9 6 7 7 1
0 10 3 11 8 9 7 1
0 3 5 11 9 10 7 1
0 1 12 2 0 0 0 2
0 5 4 13 1 1 1 2
0 1 7 12 5 4 11 1
0 7 14 12 4 12 11 1
0 7 9 15 4 7 13 1
0 7 15 14 4 13 12 1
0 9 11 15 7 7 13 1
0 11 16 15 7 14 13 1
0 11 5 13 7 10 14 1
0 11 13 16 7 14 14 1
0 12 17 2 0 0 0 2
0 13 4 18 1 1 1 2
0 12 14 19 11 12 15 1
0 12 19 17 11 15 16 1
0 14 15 19 12 13 15 1
0 15 20 19 13 17 15 1
0 15 16 21 13 14 18 1
0 15 21 20 13 18 17 1
0 16 13 21 14 14 18 1
0 13 18 21 14 17 18 1
0 17 22 2 0 0 0 2
0 18 4 23 1 1 1 2
0 17 19 22 16 15 19 1
0 19 24 22 15 20 19 1
0 19 20 25 15 17 21 1
0 19 25 24 15 21 20 1
0 20 21 25 17 18 21 1
0 21 26 25 18 22 21 1
0 21 18 23 18 17 23 1
0 21 23 26 18 23 22 1
0 22 27 2 0 0 0 2
0 23 4 28 1 1 1 2
0 22 24 29 19 20 24 1
0 22 29 27 19 24 25 1
0 24 25 29 20 21 24 1
0 25 30 29 21 26 24 1
0 25 26 31 21 22 27 1
0 25 31 30 21 27 26 1
0 26 23 31 22 23 27 1
0 23 28 31 23 26 27 1
0 27 32 2 0 0 0 2
0 28 4 33 1 1 1 2
0 27 29 32 25 24 28 1
0 29 34 32 24 29 28 1
0 29 30 35 24 26 30 1
0 29 35 34 24 30 29 1
0 30 31 35 26 27 30 1
0 31 36 35 27 31 30 1
0 31 28 33 27 26 31 1
0 31 33 36 27 31 31 1
0 32 37 2 0 0 0 2
0 33 4 38 1 1 1 2
0 32 34 39 28 29 32 1
0 32 39 37 28 32 33 1
0 34 35 39 29 30 32 1
0 35 40 39 30 34 32 1
0 35 36 41 30 31 34 1
0 35 41 40 30 34 34 1
0 36 33 41 31 31 34 1
0 33 38 41 31 35 34 1
0 37 0 2 0 0 0 2
0 38 4 3 1 1 1 2
0 37 39 0 33 32 2 1
0 39 6 0 32 3 2 1
0 39 40 8 32 34 6 1
0 39 8 6 32 6 3 1
0 40 41 8 34 34 6 1
0 41 10 8 34 8 6 1
0 41 38 3 34 35 9 1
0 41 3 10 34 9 8 1

Materials: 1
"Material01"
0.325490 0.325490 0.325490 1.000000
0.341176 0.341176 0.341176 1.000000
0.490196 0.490196 0.490196 1.000000
0.082353 0.082353 0.082353 1.000000
16.000000
1.000000
"K9.tga"
""

Bones: 0
GroupComments: 0
MaterialComments: 0
BoneComments: 0
ModelComment: 0
