// MilkShape 3D ASCII

Frames: 52
Frame: 1

Meshes: 4
"Header" 0 0
55
0 12.000000 26.000000 0.000000 0.444623 0.590226 -1
0 8.338835 26.000000 8.838835 0.444623 0.590226 -1
0 -0.500000 26.000000 0.000000 0.444623 0.590226 -1
0 12.000000 48.000000 0.000000 0.444623 0.590226 -1
0 -0.500000 48.000000 0.000000 0.444623 0.590226 -1
0 8.338835 48.000000 8.838835 0.444623 0.590226 -1
0 12.000000 26.000000 0.000000 0.444623 0.764411 -1
0 8.338835 26.000000 8.838835 0.506822 0.764411 -1
0 8.338835 48.000000 8.838835 0.506822 0.590226 -1
0 -0.500000 26.000000 12.500000 0.444623 0.590226 -1
0 -0.500000 48.000000 12.500000 0.444623 0.590226 -1
0 -0.500000 48.000000 12.500000 0.569021 0.590226 -1
0 -0.500000 26.000000 12.500000 0.569021 0.764411 -1
0 -9.338835 26.000000 8.838835 0.444623 0.590226 -1
0 -9.338835 48.000000 8.838835 0.444623 0.590226 -1
0 -9.338835 26.000000 8.838835 0.631220 0.764411 -1
0 -9.338835 48.000000 8.838835 0.631220 0.590226 -1
0 -13.000000 26.000000 0.000000 0.444623 0.590226 -1
0 -13.000000 48.000000 0.000000 0.444623 0.590226 -1
0 -13.000000 48.000000 0.000000 0.693419 0.590226 -1
0 -13.000000 26.000000 0.000000 0.693419 0.764411 -1
0 -9.338835 26.000000 -8.838835 0.444623 0.590226 -1
0 -9.338835 48.000000 -8.838835 0.444623 0.590226 -1
0 -9.338835 26.000000 -8.838835 0.755618 0.764411 -1
0 -9.338835 48.000000 -8.838835 0.755618 0.590226 -1
0 -0.500000 26.000000 -12.500000 0.444623 0.590226 -1
0 -0.500000 48.000000 -12.500000 0.444623 0.590226 -1
0 -0.500000 48.000000 -12.500000 0.817817 0.590226 -1
0 -0.500000 26.000000 -12.500000 0.817817 0.764411 -1
0 8.338835 26.000000 -8.838835 0.444623 0.590226 -1
0 8.338835 48.000000 -8.838835 0.444623 0.590226 -1
0 8.338835 26.000000 -8.838835 0.880016 0.764411 -1
0 8.338835 48.000000 -8.838835 0.880016 0.590226 -1
0 12.000000 48.000000 0.000000 0.942215 0.590226 -1
0 12.000000 26.000000 0.000000 0.942215 0.764411 -1
0 -35.919823 59.556465 30.336126 0.444623 0.590226 -1
0 -24.810396 37.615463 30.336126 0.444623 0.764411 -1
0 54.810394 78.384537 30.336126 0.942215 0.590226 -1
0 65.919815 65.443535 30.336126 0.942215 0.764411 -1
0 54.810394 78.384537 30.336126 0.444623 0.590226 -1
0 65.919815 65.443535 30.336126 0.444623 0.764411 -1
0 54.810394 78.384537 -30.336126 0.942215 0.590226 -1
0 65.919815 65.443535 -30.336126 0.942215 0.764411 -1
0 54.810394 78.384537 -30.336126 0.444623 0.590226 -1
0 65.919815 65.443535 -30.336126 0.444623 0.764411 -1
0 -35.919823 59.556465 -30.336126 0.942215 0.590226 -1
0 -24.810396 37.615463 -30.336126 0.942215 0.764411 -1
0 -35.919823 59.556465 -30.336126 0.444623 0.590226 -1
0 -24.810396 37.615463 -30.336126 0.444623 0.764411 -1
0 -35.919823 59.556465 30.336126 0.942215 0.590226 -1
0 -24.810396 37.615463 30.336126 0.942215 0.764411 -1
0 -35.919823 59.556465 30.336126 0.444623 0.764411 -1
0 54.810394 78.384537 30.336126 0.942215 0.764411 -1
0 -24.810396 37.615463 30.336126 0.444623 0.590226 -1
0 65.919815 65.443535 30.336126 0.942215 0.590226 -1
19
0.000000 -1.000000 0.000000
0.000000 1.000000 0.000000
0.923880 0.000000 0.382683
0.707107 0.000000 0.707107
0.707107 0.000000 0.707107
0.000000 0.000000 1.000000
-0.707107 0.000000 0.707107
-0.707107 0.000000 0.707107
-1.000000 0.000000 0.000000
-0.707107 0.000000 -0.707107
-0.707107 0.000000 -0.707107
0.000000 0.000000 -1.000000
0.707107 0.000000 -0.707107
0.707107 0.000000 -0.707107
0.923880 0.000000 -0.382683
0.758760 0.651370 0.000000
-0.892156 -0.451727 0.000000
-0.203188 0.979140 0.000000
0.293230 -0.956042 0.000000
44
0 0 1 2 0 0 0 2
0 3 4 5 1 1 1 2
0 6 3 7 2 2 3 1
0 3 8 7 2 4 3 1
0 1 9 2 0 0 0 2
0 5 4 10 1 1 1 2
0 7 8 11 3 4 5 1
0 7 11 12 3 5 5 1
0 9 13 2 0 0 0 2
0 10 4 14 1 1 1 2
0 12 11 15 5 5 6 1
0 11 16 15 5 7 6 1
0 13 17 2 0 0 0 2
0 14 4 18 1 1 1 2
0 15 16 19 6 7 8 1
0 15 19 20 6 8 8 1
0 17 21 2 0 0 0 2
0 18 4 22 1 1 1 2
0 20 19 23 8 8 9 1
0 19 24 23 8 10 9 1
0 21 25 2 0 0 0 2
0 22 4 26 1 1 1 2
0 23 24 27 9 10 11 1
0 23 27 28 9 11 11 1
0 25 29 2 0 0 0 2
0 26 4 30 1 1 1 2
0 28 27 31 11 11 12 1
0 27 32 31 11 13 12 1
0 29 0 2 0 0 0 2
0 30 4 3 1 1 1 2
0 31 32 33 12 13 14 1
0 31 33 34 12 14 14 1
0 35 36 37 5 5 5 1
0 36 38 37 5 5 5 1
0 39 40 41 15 15 15 2
0 40 42 41 15 15 15 2
0 43 44 45 11 11 11 1
0 44 46 45 11 11 11 1
0 47 48 49 16 16 16 2
0 48 50 49 16 16 16 2
0 47 51 41 17 17 17 3
0 51 52 41 17 17 17 3
0 53 48 54 18 18 18 3
0 48 42 54 18 18 18 3
"Po1" 0 0
52
0 -23.940405 46.953930 -19.000000 0.030279 0.315608 -1
0 -34.986732 36.910629 -19.000000 0.030279 0.234154 -1
0 -35.532600 38.696182 -14.492334 0.041715 0.234154 -1
0 117.592827 90.224960 -19.000000 0.029695 0.067669 -1
0 84.961884 75.535042 -14.492334 0.041433 0.201754 -1
0 85.507774 73.749496 -19.000000 0.029695 0.201754 -1
0 -23.940405 46.953930 -19.000000 0.041715 0.315608 -1
0 -36.850540 43.006882 -12.625196 0.053152 0.234154 -1
0 117.592827 90.224960 -19.000000 0.041433 0.067669 -1
0 83.643967 79.845749 -12.625196 0.053170 0.201754 -1
0 -23.940405 46.953930 -19.000000 0.053152 0.315608 -1
0 -38.168427 47.317581 -14.492334 0.064589 0.234154 -1
0 117.592827 90.224960 -19.000000 0.053170 0.067669 -1
0 82.326088 84.156502 -14.492334 0.064908 0.201754 -1
0 -23.940405 46.953930 -19.000000 0.064589 0.315608 -1
0 -38.714294 49.103165 -19.000000 0.076025 0.234154 -1
0 117.592827 90.224960 -19.000000 0.064908 0.067669 -1
0 81.780151 85.942017 -19.000000 0.076645 0.201754 -1
0 -23.940405 46.953930 -19.000000 0.076025 0.315608 -1
0 -38.168427 47.317581 -23.507666 0.087462 0.234154 -1
0 117.592827 90.224960 -19.000000 0.076645 0.067669 -1
0 82.326088 84.156502 -23.507666 0.088383 0.201754 -1
0 -23.940405 46.953930 -19.000000 0.087462 0.315608 -1
0 -36.850540 43.006882 -25.374804 0.098898 0.234154 -1
0 117.592827 90.224960 -19.000000 0.088383 0.067669 -1
0 83.643967 79.845749 -25.374804 0.100120 0.201754 -1
0 -23.940405 46.953930 -19.000000 0.098898 0.315608 -1
0 -35.532600 38.696182 -23.507666 0.110335 0.234154 -1
0 117.592827 90.224960 -19.000000 0.100120 0.067669 -1
0 84.961884 75.535042 -23.507666 0.111858 0.201754 -1
0 -23.940405 46.953930 -19.000000 0.110335 0.315608 -1
0 -34.986732 36.910629 -19.000000 0.121771 0.234154 -1
0 117.592827 90.224960 -19.000000 0.111858 0.067669 -1
0 85.507774 73.749496 -19.000000 0.123596 0.201754 -1
0 -34.986732 36.910629 -19.000000 0.479936 0.285297 -1
0 85.507774 73.749496 -19.000000 0.479936 0.098162 -1
0 84.961884 75.535042 -14.492334 0.521870 0.098162 -1
0 -35.532600 38.696182 -14.492334 0.521870 0.285297 -1
0 -36.850540 43.006882 -12.625196 0.563804 0.285297 -1
0 83.643967 79.845749 -12.625196 0.563804 0.098162 -1
0 82.326088 84.156502 -14.492334 0.605738 0.098162 -1
0 -38.168427 47.317581 -14.492334 0.605738 0.285297 -1
0 -38.714294 49.103165 -19.000000 0.647673 0.285297 -1
0 81.780151 85.942017 -19.000000 0.647673 0.098162 -1
0 82.326088 84.156502 -23.507666 0.689607 0.098162 -1
0 -38.168427 47.317581 -23.507666 0.689607 0.285297 -1
0 -36.850540 43.006882 -25.374804 0.731541 0.285297 -1
0 83.643967 79.845749 -25.374804 0.731541 0.098162 -1
0 84.961884 75.535042 -23.507666 0.773475 0.098162 -1
0 -35.532600 38.696182 -23.507666 0.773475 0.285297 -1
0 -34.986732 36.910629 -19.000000 0.815409 0.285297 -1
0 85.507774 73.749496 -19.000000 0.815409 0.098162 -1
48
-0.629977 0.692893 -0.350754
-0.595282 0.486624 -0.639403
0.422988 -0.823746 0.377522
0.372505 -0.613889 0.695974
-0.484946 0.218519 -0.846804
-0.408337 -0.124842 -0.904254
0.266891 -0.313176 0.911422
0.169022 0.051673 0.984257
-0.279842 -0.452340 -0.846804
-0.221394 -0.736304 -0.639407
0.046138 0.408875 0.911423
-0.034461 0.717240 0.695974
-0.134813 -0.926709 -0.350764
-0.143960 -0.989584 0.000000
-0.109960 0.919451 0.377518
-0.118747 0.992925 0.000000
-0.134813 -0.926709 0.350764
-0.221394 -0.736304 0.639407
-0.109960 0.919451 -0.377518
-0.034461 0.717240 -0.695974
-0.279842 -0.452340 0.846804
-0.408337 -0.124842 0.904254
0.046138 0.408875 -0.911423
0.169022 0.051673 -0.984257
-0.484946 0.218519 0.846804
-0.595282 0.486624 0.639403
0.266891 -0.313176 -0.911422
0.372505 -0.613889 -0.695974
-0.629977 0.692893 0.350754
0.422988 -0.823746 -0.377522
0.270116 -0.883511 0.382682
0.270116 -0.883511 0.382682
0.206738 -0.676210 0.707106
0.206738 -0.676210 0.707106
0.000000 -0.000000 1.000000
0.000000 -0.000001 1.000000
-0.206738 0.676209 0.707107
-0.206738 0.676208 0.707108
-0.292372 0.956305 0.000000
-0.292372 0.956305 0.000000
-0.206738 0.676209 -0.707107
-0.206738 0.676208 -0.707108
0.000000 -0.000000 -1.000000
0.000000 -0.000001 -1.000000
0.206738 -0.676210 -0.707106
0.206738 -0.676210 -0.707106
0.270116 -0.883511 -0.382682
0.270116 -0.883511 -0.382682
32
0 0 1 2 0 0 1 1
0 3 4 5 2 3 2 1
0 6 2 7 4 1 5 1
0 8 9 4 6 7 3 1
0 10 7 11 8 5 9 1
0 12 13 9 10 11 7 1
0 14 11 15 12 9 13 1
0 16 17 13 14 15 11 1
0 18 15 19 16 13 17 1
0 20 21 17 18 19 15 1
0 22 19 23 20 17 21 1
0 24 25 21 22 23 19 1
0 26 23 27 24 21 25 1
0 28 29 25 26 27 23 1
0 30 27 31 28 25 28 1
0 32 33 29 29 29 27 1
0 34 35 36 30 31 32 1
0 34 36 37 30 32 33 1
0 37 36 38 33 32 34 1
0 36 39 38 32 35 34 1
0 38 39 40 34 35 36 1
0 38 40 41 34 36 37 1
0 41 40 42 37 36 38 1
0 40 43 42 36 39 38 1
0 42 43 44 38 39 40 1
0 42 44 45 38 40 41 1
0 45 44 46 41 40 42 1
0 44 47 46 40 43 42 1
0 46 47 48 42 43 44 1
0 46 48 49 42 44 45 1
0 49 48 50 45 44 46 1
0 48 51 50 44 47 46 1
"Po2" 0 0
52
0 -23.940405 46.953930 -2.000000 0.030279 0.315608 -1
0 -34.986732 36.910629 -2.000000 0.030279 0.234154 -1
0 -35.532600 38.696182 2.507666 0.041715 0.234154 -1
0 117.592827 90.224960 -2.000000 0.029695 0.067669 -1
0 84.961884 75.535042 2.507666 0.041433 0.201754 -1
0 85.507774 73.749496 -2.000000 0.029695 0.201754 -1
0 -23.940405 46.953930 -2.000000 0.041715 0.315608 -1
0 -36.850540 43.006882 4.374804 0.053152 0.234154 -1
0 117.592827 90.224960 -2.000000 0.041433 0.067669 -1
0 83.643967 79.845749 4.374804 0.053170 0.201754 -1
0 -23.940405 46.953930 -2.000000 0.053152 0.315608 -1
0 -38.168427 47.317581 2.507666 0.064589 0.234154 -1
0 117.592827 90.224960 -2.000000 0.053170 0.067669 -1
0 82.326088 84.156502 2.507666 0.064908 0.201754 -1
0 -23.940405 46.953930 -2.000000 0.064589 0.315608 -1
0 -38.714294 49.103165 -2.000000 0.076025 0.234154 -1
0 117.592827 90.224960 -2.000000 0.064908 0.067669 -1
0 81.780151 85.942017 -2.000000 0.076645 0.201754 -1
0 -23.940405 46.953930 -2.000000 0.076025 0.315608 -1
0 -38.168427 47.317581 -6.507666 0.087462 0.234154 -1
0 117.592827 90.224960 -2.000000 0.076645 0.067669 -1
0 82.326088 84.156502 -6.507666 0.088383 0.201754 -1
0 -23.940405 46.953930 -2.000000 0.087462 0.315608 -1
0 -36.850540 43.006882 -8.374804 0.098898 0.234154 -1
0 117.592827 90.224960 -2.000000 0.088383 0.067669 -1
0 83.643967 79.845749 -8.374804 0.100120 0.201754 -1
0 -23.940405 46.953930 -2.000000 0.098898 0.315608 -1
0 -35.532600 38.696182 -6.507666 0.110335 0.234154 -1
0 117.592827 90.224960 -2.000000 0.100120 0.067669 -1
0 84.961884 75.535042 -6.507666 0.111858 0.201754 -1
0 -23.940405 46.953930 -2.000000 0.110335 0.315608 -1
0 -34.986732 36.910629 -2.000000 0.121771 0.234154 -1
0 117.592827 90.224960 -2.000000 0.111858 0.067669 -1
0 85.507774 73.749496 -2.000000 0.123596 0.201754 -1
0 -34.986732 36.910629 -2.000000 0.479936 0.285297 -1
0 85.507774 73.749496 -2.000000 0.479936 0.098162 -1
0 84.961884 75.535042 2.507666 0.521870 0.098162 -1
0 -35.532600 38.696182 2.507666 0.521870 0.285297 -1
0 -36.850540 43.006882 4.374804 0.563804 0.285297 -1
0 83.643967 79.845749 4.374804 0.563804 0.098162 -1
0 82.326088 84.156502 2.507666 0.605738 0.098162 -1
0 -38.168427 47.317581 2.507666 0.605738 0.285297 -1
0 -38.714294 49.103165 -2.000000 0.647673 0.285297 -1
0 81.780151 85.942017 -2.000000 0.647673 0.098162 -1
0 82.326088 84.156502 -6.507666 0.689607 0.098162 -1
0 -38.168427 47.317581 -6.507666 0.689607 0.285297 -1
0 -36.850540 43.006882 -8.374804 0.731541 0.285297 -1
0 83.643967 79.845749 -8.374804 0.731541 0.098162 -1
0 84.961884 75.535042 -6.507666 0.773475 0.098162 -1
0 -35.532600 38.696182 -6.507666 0.773475 0.285297 -1
0 -34.986732 36.910629 -2.000000 0.815409 0.285297 -1
0 85.507774 73.749496 -2.000000 0.815409 0.098162 -1
48
-0.629977 0.692893 -0.350754
-0.595282 0.486624 -0.639403
0.422988 -0.823746 0.377522
0.372505 -0.613889 0.695974
-0.484946 0.218519 -0.846804
-0.408337 -0.124842 -0.904254
0.266891 -0.313176 0.911422
0.169022 0.051673 0.984257
-0.279842 -0.452340 -0.846804
-0.221394 -0.736304 -0.639407
0.046138 0.408875 0.911423
-0.034461 0.717240 0.695974
-0.134813 -0.926709 -0.350764
-0.143960 -0.989584 0.000000
-0.109960 0.919451 0.377518
-0.118747 0.992925 0.000000
-0.134813 -0.926709 0.350764
-0.221394 -0.736304 0.639407
-0.109960 0.919451 -0.377518
-0.034461 0.717240 -0.695974
-0.279842 -0.452340 0.846804
-0.408337 -0.124842 0.904254
0.046138 0.408875 -0.911423
0.169022 0.051673 -0.984257
-0.484946 0.218519 0.846804
-0.595282 0.486624 0.639403
0.266891 -0.313176 -0.911422
0.372505 -0.613889 -0.695974
-0.629977 0.692893 0.350754
0.422988 -0.823746 -0.377522
0.270116 -0.883511 0.382682
0.270116 -0.883511 0.382682
0.206738 -0.676210 0.707106
0.206738 -0.676210 0.707106
0.000000 -0.000000 1.000000
0.000000 -0.000001 1.000000
-0.206738 0.676209 0.707107
-0.206738 0.676208 0.707108
-0.292372 0.956305 0.000000
-0.292372 0.956305 0.000000
-0.206738 0.676209 -0.707107
-0.206738 0.676208 -0.707108
0.000000 -0.000000 -1.000000
0.000000 -0.000001 -1.000000
0.206738 -0.676210 -0.707106
0.206738 -0.676210 -0.707106
0.270116 -0.883511 -0.382682
0.270116 -0.883511 -0.382682
32
0 0 1 2 0 0 1 1
0 3 4 5 2 3 2 1
0 6 2 7 4 1 5 1
0 8 9 4 6 7 3 1
0 10 7 11 8 5 9 1
0 12 13 9 10 11 7 1
0 14 11 15 12 9 13 1
0 16 17 13 14 15 11 1
0 18 15 19 16 13 17 1
0 20 21 17 18 19 15 1
0 22 19 23 20 17 21 1
0 24 25 21 22 23 19 1
0 26 23 27 24 21 25 1
0 28 29 25 26 27 23 1
0 30 27 31 28 25 28 1
0 32 33 29 29 29 27 1
0 34 35 36 30 31 32 1
0 34 36 37 30 32 33 1
0 37 36 38 33 32 34 1
0 36 39 38 32 35 34 1
0 38 39 40 34 35 36 1
0 38 40 41 34 36 37 1
0 41 40 42 37 36 38 1
0 40 43 42 36 39 38 1
0 42 43 44 38 39 40 1
0 42 44 45 38 40 41 1
0 45 44 46 41 40 42 1
0 44 47 46 40 43 42 1
0 46 47 48 42 43 44 1
0 46 48 49 42 44 45 1
0 49 48 50 45 44 46 1
0 48 51 50 44 47 46 1
"Po3" 0 0
52
0 -23.940405 46.953930 16.000000 0.030279 0.315608 -1
0 -34.986732 36.910629 16.000000 0.030279 0.234154 -1
0 -35.532600 38.696182 20.507666 0.041715 0.234154 -1
0 117.592827 90.224960 16.000000 0.029695 0.067669 -1
0 84.961884 75.535042 20.507666 0.041433 0.201754 -1
0 85.507774 73.749496 16.000000 0.029695 0.201754 -1
0 -23.940405 46.953930 16.000000 0.041715 0.315608 -1
0 -36.850540 43.006882 22.374804 0.053152 0.234154 -1
0 117.592827 90.224960 16.000000 0.041433 0.067669 -1
0 83.643967 79.845749 22.374804 0.053170 0.201754 -1
0 -23.940405 46.953930 16.000000 0.053152 0.315608 -1
0 -38.168427 47.317581 20.507666 0.064589 0.234154 -1
0 117.592827 90.224960 16.000000 0.053170 0.067669 -1
0 82.326088 84.156502 20.507666 0.064908 0.201754 -1
0 -23.940405 46.953930 16.000000 0.064589 0.315608 -1
0 -38.714294 49.103165 16.000000 0.076025 0.234154 -1
0 117.592827 90.224960 16.000000 0.064908 0.067669 -1
0 81.780151 85.942017 16.000000 0.076645 0.201754 -1
0 -23.940405 46.953930 16.000000 0.076025 0.315608 -1
0 -38.168427 47.317581 11.492334 0.087462 0.234154 -1
0 117.592827 90.224960 16.000000 0.076645 0.067669 -1
0 82.326088 84.156502 11.492334 0.088383 0.201754 -1
0 -23.940405 46.953930 16.000000 0.087462 0.315608 -1
0 -36.850540 43.006882 9.625196 0.098898 0.234154 -1
0 117.592827 90.224960 16.000000 0.088383 0.067669 -1
0 83.643967 79.845749 9.625196 0.100120 0.201754 -1
0 -23.940405 46.953930 16.000000 0.098898 0.315608 -1
0 -35.532600 38.696182 11.492334 0.110335 0.234154 -1
0 117.592827 90.224960 16.000000 0.100120 0.067669 -1
0 84.961884 75.535042 11.492334 0.111858 0.201754 -1
0 -23.940405 46.953930 16.000000 0.110335 0.315608 -1
0 -34.986732 36.910629 16.000000 0.121771 0.234154 -1
0 117.592827 90.224960 16.000000 0.111858 0.067669 -1
0 85.507774 73.749496 16.000000 0.123596 0.201754 -1
0 -34.986732 36.910629 16.000000 0.479936 0.285297 -1
0 85.507774 73.749496 16.000000 0.479936 0.098162 -1
0 84.961884 75.535042 20.507666 0.521870 0.098162 -1
0 -35.532600 38.696182 20.507666 0.521870 0.285297 -1
0 -36.850540 43.006882 22.374804 0.563804 0.285297 -1
0 83.643967 79.845749 22.374804 0.563804 0.098162 -1
0 82.326088 84.156502 20.507666 0.605738 0.098162 -1
0 -38.168427 47.317581 20.507666 0.605738 0.285297 -1
0 -38.714294 49.103165 16.000000 0.647673 0.285297 -1
0 81.780151 85.942017 16.000000 0.647673 0.098162 -1
0 82.326088 84.156502 11.492334 0.689607 0.098162 -1
0 -38.168427 47.317581 11.492334 0.689607 0.285297 -1
0 -36.850540 43.006882 9.625196 0.731541 0.285297 -1
0 83.643967 79.845749 9.625196 0.731541 0.098162 -1
0 84.961884 75.535042 11.492334 0.773475 0.098162 -1
0 -35.532600 38.696182 11.492334 0.773475 0.285297 -1
0 -34.986732 36.910629 16.000000 0.815409 0.285297 -1
0 85.507774 73.749496 16.000000 0.815409 0.098162 -1
48
-0.629977 0.692893 -0.350754
-0.595282 0.486624 -0.639403
0.422988 -0.823746 0.377522
0.372505 -0.613889 0.695974
-0.484946 0.218519 -0.846804
-0.408337 -0.124842 -0.904254
0.266891 -0.313176 0.911422
0.169022 0.051673 0.984257
-0.279842 -0.452340 -0.846804
-0.221394 -0.736304 -0.639407
0.046138 0.408875 0.911423
-0.034461 0.717240 0.695974
-0.134813 -0.926709 -0.350764
-0.143960 -0.989584 0.000000
-0.109960 0.919451 0.377518
-0.118747 0.992925 0.000000
-0.134813 -0.926709 0.350764
-0.221394 -0.736304 0.639407
-0.109960 0.919451 -0.377518
-0.034461 0.717240 -0.695974
-0.279842 -0.452340 0.846804
-0.408337 -0.124842 0.904254
0.046138 0.408875 -0.911423
0.169022 0.051673 -0.984257
-0.484946 0.218519 0.846804
-0.595282 0.486624 0.639403
0.266891 -0.313176 -0.911422
0.372505 -0.613889 -0.695974
-0.629977 0.692893 0.350754
0.422988 -0.823746 -0.377522
0.270116 -0.883511 0.382682
0.270116 -0.883511 0.382682
0.206738 -0.676210 0.707106
0.206738 -0.676210 0.707106
0.000000 -0.000000 1.000000
0.000000 -0.000001 1.000000
-0.206738 0.676209 0.707107
-0.206738 0.676208 0.707108
-0.292372 0.956305 0.000000
-0.292372 0.956305 0.000000
-0.206738 0.676209 -0.707107
-0.206738 0.676208 -0.707108
0.000000 -0.000000 -1.000000
0.000000 -0.000001 -1.000000
0.206738 -0.676210 -0.707106
0.206738 -0.676210 -0.707106
0.270116 -0.883511 -0.382682
0.270116 -0.883511 -0.382682
32
0 0 1 2 0 0 1 1
0 3 4 5 2 3 2 1
0 6 2 7 4 1 5 1
0 8 9 4 6 7 3 1
0 10 7 11 8 5 9 1
0 12 13 9 10 11 7 1
0 14 11 15 12 9 13 1
0 16 17 13 14 15 11 1
0 18 15 19 16 13 17 1
0 20 21 17 18 19 15 1
0 22 19 23 20 17 21 1
0 24 25 21 22 23 19 1
0 26 23 27 24 21 25 1
0 28 29 25 26 27 23 1
0 30 27 31 28 25 28 1
0 32 33 29 29 29 27 1
0 34 35 36 30 31 32 1
0 34 36 37 30 32 33 1
0 37 36 38 33 32 34 1
0 36 39 38 32 35 34 1
0 38 39 40 34 35 36 1
0 38 40 41 34 36 37 1
0 41 40 42 37 36 38 1
0 40 43 42 36 39 38 1
0 42 43 44 38 39 40 1
0 42 44 45 38 40 41 1
0 45 44 46 41 40 42 1
0 44 47 46 40 43 42 1
0 46 47 48 42 43 44 1
0 46 48 49 42 44 45 1
0 49 48 50 45 44 46 1
0 48 51 50 44 47 46 1

Materials: 1
"Material01"
0.325490 0.325490 0.325490 1.000000
0.341176 0.341176 0.341176 1.000000
0.490196 0.490196 0.490196 1.000000
0.082353 0.082353 0.082353 1.000000
16.000000
1.000000
"..\L6\XTank.tga"
""

Bones: 0
GroupComments: 0
MaterialComments: 0
BoneComments: 0
ModelComment: 0
