// MilkShape 3D ASCII

Frames: 52
Frame: 1

Meshes: 2
"Header" 0 0
34
0 37.268005 26.524500 0.000000 0.789411 0.172714 -1
0 26.352459 26.524500 26.352457 0.744631 0.254679 -1
0 -0.000002 26.524500 0.000000 0.636522 0.172714 -1
0 10.525584 48.142166 0.000000 0.679702 0.172714 -1
0 -0.000002 48.142166 0.000000 0.636522 0.172714 -1
0 7.442709 48.142166 7.442709 0.667055 0.195864 -1
0 30.187078 35.841499 0.000000 0.760362 0.172714 -1
0 21.345495 35.841499 21.345486 0.724090 0.239106 -1
0 22.006376 45.158497 0.000000 0.726801 0.172714 -1
0 15.560864 45.158497 15.560859 0.700359 0.221114 -1
0 -0.000002 26.524500 37.268002 0.636522 0.288629 -1
0 -0.000002 48.142166 10.525581 0.636522 0.205452 -1
0 -0.000002 35.841499 30.187078 0.636522 0.266606 -1
0 -0.000002 45.158497 22.006380 0.636522 0.241161 -1
0 -26.352465 26.524500 26.352457 0.528413 0.254679 -1
0 -7.442709 48.142166 7.442709 0.605989 0.195864 -1
0 -21.345495 43.174831 21.345486 0.548954 0.239106 -1
0 -15.560858 52.491829 15.560859 0.572685 0.221114 -1
0 -37.268005 26.524500 0.000000 0.483632 0.172714 -1
0 -10.525581 48.142166 0.000000 0.593342 0.172714 -1
0 -30.187078 43.174831 0.000000 0.512681 0.172714 -1
0 -22.006384 52.491829 0.000000 0.546242 0.172714 -1
0 -26.352465 26.524500 -26.352457 0.528413 0.090750 -1
0 -7.442709 48.142166 -7.442709 0.605989 0.149565 -1
0 -21.345495 43.174831 -21.345486 0.548954 0.106324 -1
0 -15.560858 52.491829 -15.560858 0.572685 0.124315 -1
0 -0.000002 26.524500 -37.268002 0.636522 0.056800 -1
0 -0.000002 48.142166 -10.525581 0.636522 0.139977 -1
0 -0.000002 35.841499 -30.187078 0.636522 0.078824 -1
0 -0.000002 45.158497 -22.006380 0.636522 0.104268 -1
0 26.352459 26.524500 -26.352457 0.744631 0.090750 -1
0 7.442709 48.142166 -7.442709 0.667055 0.149565 -1
0 21.345495 35.841499 -21.345486 0.724090 0.106324 -1
0 15.560864 45.158497 -15.560858 0.700359 0.124315 -1
34
0.000000 -1.000000 0.000000
0.000000 1.000000 0.000000
0.796162 0.605084 0.000000
0.774226 0.632909 -0.000000
0.562972 0.605083 0.562972
0.547460 0.632909 0.547460
0.519258 0.854618 -0.000000
0.367171 0.854618 0.367171
0.251528 0.967850 -0.000000
0.177857 0.967850 0.177857
0.067628 0.594668 0.801122
0.000000 0.605083 0.796162
0.193134 0.834628 0.515844
0.178015 0.978864 0.100677
-0.620498 0.448664 0.643181
-0.542243 0.531186 0.651010
-0.060537 0.960711 0.270868
0.250520 0.935136 -0.250520
-0.845626 0.533776 -0.000000
-0.920241 0.391353 0.000000
-0.229646 0.973274 -0.000000
0.354289 0.935136 0.000000
-0.620498 0.448664 -0.643181
-0.542243 0.531186 -0.651010
-0.060537 0.960711 -0.270868
0.250521 0.935136 0.250520
0.067628 0.594668 -0.801122
0.000000 0.605083 -0.796162
0.193134 0.834628 -0.515844
0.178015 0.978864 -0.100677
0.562972 0.605083 -0.562972
0.547460 0.632909 -0.547460
0.367171 0.854618 -0.367171
0.177857 0.967850 -0.177857
64
0 0 1 2 0 0 0 2
0 3 4 5 1 1 1 2
0 0 6 1 2 3 4 1
0 6 7 1 3 5 4 1
0 6 8 9 3 6 7 1
0 6 9 7 3 7 5 1
0 8 3 9 6 8 7 1
0 3 5 9 8 9 7 1
0 1 10 2 0 0 0 2
0 5 4 11 1 1 1 2
0 1 7 12 4 5 10 1
0 1 12 10 4 10 11 1
0 7 9 12 5 7 10 1
0 9 13 12 7 12 10 1
0 9 5 11 7 9 13 1
0 9 11 13 7 13 12 1
0 10 14 2 0 0 0 2
0 11 4 15 1 1 1 2
0 10 12 14 11 10 14 1
0 12 16 14 10 15 14 1
0 12 13 17 10 12 16 1
0 12 17 16 10 16 15 1
0 13 11 17 12 13 16 1
0 11 15 17 13 17 16 1
0 14 18 2 0 0 0 2
0 15 4 19 1 1 1 2
0 14 16 20 14 15 18 1
0 14 20 18 14 18 19 1
0 16 17 20 15 16 18 1
0 17 21 20 16 20 18 1
0 17 15 19 16 17 21 1
0 17 19 21 16 21 20 1
0 18 22 2 0 0 0 2
0 19 4 23 1 1 1 2
0 18 20 22 19 18 22 1
0 20 24 22 18 23 22 1
0 20 21 25 18 20 24 1
0 20 25 24 18 24 23 1
0 21 19 25 20 21 24 1
0 19 23 25 21 25 24 1
0 22 26 2 0 0 0 2
0 23 4 27 1 1 1 2
0 22 24 28 22 23 26 1
0 22 28 26 22 26 27 1
0 24 25 28 23 24 26 1
0 25 29 28 24 28 26 1
0 25 23 27 24 25 29 1
0 25 27 29 24 29 28 1
0 26 30 2 0 0 0 2
0 27 4 31 1 1 1 2
0 26 28 30 27 26 30 1
0 28 32 30 26 31 30 1
0 28 29 33 26 28 32 1
0 28 33 32 26 32 31 1
0 29 27 33 28 29 32 1
0 27 31 33 29 33 32 1
0 30 0 2 0 0 0 2
0 31 4 3 1 1 1 2
0 30 32 6 30 31 3 1
0 30 6 0 30 3 2 1
0 32 33 6 31 32 3 1
0 33 8 6 32 6 3 1
0 33 31 3 32 33 8 1
0 33 3 8 32 8 6 1
"Regroup00" 0 0
84
0 71.874992 39.756355 -8.000000 0.769996 0.424386 -1
0 71.874992 38.786121 -5.657629 0.769996 0.455235 -1
0 71.874992 36.443748 -8.000000 0.769996 0.424386 -1
0 4.208332 42.053677 -8.000000 0.423143 0.424386 -1
0 4.208332 36.443748 -8.000000 0.423143 0.424386 -1
0 4.208332 40.410568 -4.033174 0.423143 0.476629 -1
0 88.791672 42.053677 -8.000000 0.856709 0.424386 -1
0 88.791672 40.410568 -4.033174 0.856709 0.476629 -1
0 67.708321 42.053677 -8.000000 0.748638 0.424386 -1
0 67.708321 40.410568 -4.033174 0.748638 0.476629 -1
0 25.291660 42.053677 -8.000000 0.531214 0.424386 -1
0 25.291660 40.410568 -4.033174 0.531214 0.476629 -1
0 71.874992 36.443748 -4.687387 0.769996 0.468013 -1
0 4.208332 36.443748 -2.390060 0.423143 0.498269 -1
0 88.791672 36.443748 -2.390060 0.856709 0.498269 -1
0 67.708321 36.443748 -2.390060 0.748638 0.498269 -1
0 25.291660 36.443748 -2.390060 0.531214 0.498269 -1
0 71.874992 34.101379 -5.657629 0.769996 0.455235 -1
0 4.208332 32.476936 -4.033174 0.423143 0.476629 -1
0 88.791672 32.476936 -4.033174 0.856709 0.476629 -1
0 67.708321 32.476936 -4.033174 0.748638 0.476629 -1
0 25.291660 32.476936 -4.033174 0.531214 0.476629 -1
0 71.874992 33.131149 -8.000000 0.769996 0.424386 -1
0 4.208332 30.833828 -8.000000 0.423143 0.424386 -1
0 88.791672 30.833828 -8.000000 0.856709 0.424386 -1
0 67.708321 30.833828 -8.000000 0.748638 0.424386 -1
0 25.291660 30.833828 -8.000000 0.531214 0.424386 -1
0 71.874992 34.101379 -10.342371 0.769996 0.393537 -1
0 4.208332 32.476936 -11.966826 0.423143 0.372143 -1
0 88.791672 32.476936 -11.966826 0.856709 0.372143 -1
0 67.708321 32.476936 -11.966826 0.748638 0.372143 -1
0 25.291660 32.476936 -11.966826 0.531214 0.372143 -1
0 71.874992 36.443748 -11.312613 0.769996 0.380759 -1
0 4.208332 36.443748 -13.609940 0.423143 0.350503 -1
0 88.791672 36.443748 -13.609940 0.856709 0.350503 -1
0 67.708321 36.443748 -13.609940 0.748638 0.350503 -1
0 25.291660 36.443748 -13.609940 0.531214 0.350503 -1
0 71.874992 38.786121 -10.342371 0.769996 0.393537 -1
0 4.208332 40.410568 -11.966826 0.423143 0.372143 -1
0 88.791672 40.410568 -11.966826 0.856709 0.372143 -1
0 67.708321 40.410568 -11.966826 0.748638 0.372143 -1
0 25.291660 40.410568 -11.966826 0.531214 0.372143 -1
0 71.874992 39.756355 9.000000 0.769996 0.424386 -1
0 71.874992 38.786121 11.342371 0.769996 0.455235 -1
0 71.874992 36.443748 9.000000 0.769996 0.424386 -1
0 4.208332 42.053677 9.000000 0.423143 0.424386 -1
0 4.208332 36.443748 9.000000 0.423143 0.424386 -1
0 4.208332 40.410568 12.966827 0.423143 0.476629 -1
0 88.791672 42.053677 9.000000 0.856709 0.424386 -1
0 88.791672 40.410568 12.966827 0.856709 0.476629 -1
0 67.708321 42.053677 9.000000 0.748638 0.424386 -1
0 67.708321 40.410568 12.966827 0.748638 0.476629 -1
0 25.291660 42.053677 9.000000 0.531214 0.424386 -1
0 25.291660 40.410568 12.966827 0.531214 0.476629 -1
0 71.874992 36.443748 12.312613 0.769996 0.468013 -1
0 4.208332 36.443748 14.609940 0.423143 0.498269 -1
0 88.791672 36.443748 14.609940 0.856709 0.498269 -1
0 67.708321 36.443748 14.609940 0.748638 0.498269 -1
0 25.291660 36.443748 14.609940 0.531214 0.498269 -1
0 71.874992 34.101379 11.342371 0.769996 0.455235 -1
0 4.208332 32.476936 12.966827 0.423143 0.476629 -1
0 88.791672 32.476936 12.966827 0.856709 0.476629 -1
0 67.708321 32.476936 12.966827 0.748638 0.476629 -1
0 25.291660 32.476936 12.966827 0.531214 0.476629 -1
0 71.874992 33.131149 9.000000 0.769996 0.424386 -1
0 4.208332 30.833828 9.000000 0.423143 0.424386 -1
0 88.791672 30.833828 9.000000 0.856709 0.424386 -1
0 67.708321 30.833828 9.000000 0.748638 0.424386 -1
0 25.291660 30.833828 9.000000 0.531214 0.424386 -1
0 71.874992 34.101379 6.657629 0.769996 0.393537 -1
0 4.208332 32.476936 5.033174 0.423143 0.372143 -1
0 88.791672 32.476936 5.033174 0.856709 0.372143 -1
0 67.708321 32.476936 5.033174 0.748638 0.372143 -1
0 25.291660 32.476936 5.033174 0.531214 0.372143 -1
0 71.874992 36.443748 5.687387 0.769996 0.380759 -1
0 4.208332 36.443748 3.390060 0.423143 0.350503 -1
0 88.791672 36.443748 3.390060 0.856709 0.350503 -1
0 67.708321 36.443748 3.390060 0.748638 0.350503 -1
0 25.291660 36.443748 3.390060 0.531214 0.350503 -1
0 71.874992 38.786121 6.657629 0.769996 0.393537 -1
0 4.208332 40.410568 5.033174 0.423143 0.372143 -1
0 88.791672 40.410568 5.033174 0.856709 0.372143 -1
0 67.708321 40.410568 5.033174 0.748638 0.372143 -1
0 25.291660 40.410568 5.033174 0.531214 0.372143 -1
54
1.000000 0.000000 0.000000
-1.000000 0.000000 0.000000
0.134567 -0.990905 0.000000
0.998338 0.057635 0.000000
0.998338 0.040754 0.040757
0.134567 -0.700676 -0.700674
0.000000 1.000000 0.000000
0.000000 0.707107 0.707106
0.000000 1.000000 0.000000
0.000000 1.000000 0.000000
0.000000 0.707107 0.707106
0.134567 0.000000 -0.990904
0.998338 -0.000000 0.057635
0.000000 -0.000000 1.000000
0.000000 -0.000000 1.000000
0.998338 -0.040754 0.040759
0.134567 0.700677 -0.700674
0.000000 -0.707108 0.707106
0.000000 -0.707108 0.707106
0.134567 0.990905 -0.000000
0.998338 -0.057635 0.000000
0.000000 -1.000000 0.000000
0.000000 -1.000000 0.000000
0.000000 -1.000000 0.000000
0.998338 -0.040754 -0.040759
0.134567 0.700677 0.700674
0.000000 -0.707108 -0.707106
0.000000 -0.707108 -0.707106
0.134567 0.000000 0.990904
0.998338 -0.000000 -0.057635
0.000000 -0.000000 -1.000000
0.000000 -0.000000 -1.000000
0.000000 -0.000000 -1.000000
0.998338 0.040754 -0.040757
0.134567 -0.700676 0.700674
0.000000 0.707107 -0.707106
0.998338 0.057635 -0.000000
0.998338 0.040754 0.040757
0.134567 -0.700676 -0.700674
0.000000 1.000000 -0.000000
0.000000 1.000000 -0.000000
0.000000 1.000000 -0.000000
0.134567 0.000000 -0.990904
0.998338 -0.000000 0.057635
0.000000 -0.000000 1.000000
0.000000 -0.000000 1.000000
0.998338 -0.040753 0.040759
0.134567 0.700677 -0.700674
0.000000 -0.707108 0.707106
0.134567 0.990905 0.000000
0.998338 -0.057635 -0.000000
0.000000 -1.000000 -0.000000
0.000000 -1.000000 -0.000000
0.000000 -1.000000 -0.000000
160
0 0 1 2 0 0 0 2
0 3 4 5 1 1 1 2
0 0 6 7 2 3 4 1
0 0 7 1 2 4 5 1
0 6 8 7 3 6 4 1
0 8 9 7 6 7 4 1
0 8 10 11 6 8 7 1
0 8 11 9 6 7 7 1
0 10 3 11 8 9 7 1
0 3 5 11 9 10 7 1
0 1 12 2 0 0 0 2
0 5 4 13 1 1 1 2
0 1 7 12 5 4 11 1
0 7 14 12 4 12 11 1
0 7 9 15 4 7 13 1
0 7 15 14 4 13 12 1
0 9 11 15 7 7 13 1
0 11 16 15 7 14 13 1
0 11 5 13 7 10 13 1
0 11 13 16 7 13 14 1
0 12 17 2 0 0 0 2
0 13 4 18 1 1 1 2
0 12 14 19 11 12 15 1
0 12 19 17 11 15 16 1
0 14 15 19 12 13 15 1
0 15 20 19 13 17 15 1
0 15 16 21 13 14 18 1
0 15 21 20 13 18 17 1
0 16 13 21 14 13 18 1
0 13 18 21 13 17 18 1
0 17 22 2 0 0 0 2
0 18 4 23 1 1 1 2
0 17 19 22 16 15 19 1
0 19 24 22 15 20 19 1
0 19 20 25 15 17 21 1
0 19 25 24 15 21 20 1
0 20 21 25 17 18 21 1
0 21 26 25 18 22 21 1
0 21 18 23 18 17 23 1
0 21 23 26 18 23 22 1
0 22 27 2 0 0 0 2
0 23 4 28 1 1 1 2
0 22 24 29 19 20 24 1
0 22 29 27 19 24 25 1
0 24 25 29 20 21 24 1
0 25 30 29 21 26 24 1
0 25 26 31 21 22 27 1
0 25 31 30 21 27 26 1
0 26 23 31 22 23 27 1
0 23 28 31 23 26 27 1
0 27 32 2 0 0 0 2
0 28 4 33 1 1 1 2
0 27 29 32 25 24 28 1
0 29 34 32 24 29 28 1
0 29 30 35 24 26 30 1
0 29 35 34 24 30 29 1
0 30 31 35 26 27 30 1
0 31 36 35 27 31 30 1
0 31 28 33 27 26 32 1
0 31 33 36 27 32 31 1
0 32 37 2 0 0 0 2
0 33 4 38 1 1 1 2
0 32 34 39 28 29 33 1
0 32 39 37 28 33 34 1
0 34 35 39 29 30 33 1
0 35 40 39 30 35 33 1
0 35 36 41 30 31 35 1
0 35 41 40 30 35 35 1
0 36 33 41 31 32 35 1
0 33 38 41 32 35 35 1
0 37 0 2 0 0 0 2
0 38 4 3 1 1 1 2
0 37 39 0 34 33 2 1
0 39 6 0 33 3 2 1
0 39 40 8 33 35 6 1
0 39 8 6 33 6 3 1
0 40 41 8 35 35 6 1
0 41 10 8 35 8 6 1
0 41 38 3 35 35 9 1
0 41 3 10 35 9 8 1
0 42 43 44 0 0 0 2
0 45 46 47 1 1 1 2
0 42 48 49 2 36 37 1
0 42 49 43 2 37 38 1
0 48 50 49 36 39 37 1
0 50 51 49 39 7 37 1
0 50 52 53 39 40 7 1
0 50 53 51 39 7 7 1
0 52 45 53 40 41 7 1
0 45 47 53 41 7 7 1
0 43 54 44 0 0 0 2
0 47 46 55 1 1 1 2
0 43 49 54 38 37 42 1
0 49 56 54 37 43 42 1
0 49 51 57 37 7 44 1
0 49 57 56 37 44 43 1
0 51 53 57 7 7 44 1
0 53 58 57 7 45 44 1
0 53 47 55 7 7 13 1
0 53 55 58 7 13 45 1
0 54 59 44 0 0 0 2
0 55 46 60 1 1 1 2
0 54 56 61 42 43 46 1
0 54 61 59 42 46 47 1
0 56 57 61 43 44 46 1
0 57 62 61 44 48 46 1
0 57 58 63 44 45 17 1
0 57 63 62 44 17 48 1
0 58 55 63 45 13 17 1
0 55 60 63 13 48 17 1
0 59 64 44 0 0 0 2
0 60 46 65 1 1 1 2
0 59 61 64 47 46 49 1
0 61 66 64 46 50 49 1
0 61 62 67 46 48 51 1
0 61 67 66 46 51 50 1
0 62 63 67 48 17 51 1
0 63 68 67 17 52 51 1
0 63 60 65 17 48 53 1
0 63 65 68 17 53 52 1
0 64 69 44 0 0 0 2
0 65 46 70 1 1 1 2
0 64 66 71 49 50 24 1
0 64 71 69 49 24 25 1
0 66 67 71 50 51 24 1
0 67 72 71 51 26 24 1
0 67 68 73 51 52 27 1
0 67 73 72 51 27 26 1
0 68 65 73 52 53 27 1
0 65 70 73 53 26 27 1
0 69 74 44 0 0 0 2
0 70 46 75 1 1 1 2
0 69 71 74 25 24 28 1
0 71 76 74 24 29 28 1
0 71 72 77 24 26 30 1
0 71 77 76 24 30 29 1
0 72 73 77 26 27 30 1
0 73 78 77 27 31 30 1
0 73 70 75 27 26 32 1
0 73 75 78 27 32 31 1
0 74 79 44 0 0 0 2
0 75 46 80 1 1 1 2
0 74 76 81 28 29 33 1
0 74 81 79 28 33 34 1
0 76 77 81 29 30 33 1
0 77 82 81 30 35 33 1
0 77 78 83 30 31 35 1
0 77 83 82 30 35 35 1
0 78 75 83 31 32 35 1
0 75 80 83 32 35 35 1
0 79 42 44 0 0 0 2
0 80 46 45 1 1 1 2
0 79 81 42 34 33 2 1
0 81 48 42 33 36 2 1
0 81 82 50 33 35 39 1
0 81 50 48 33 39 36 1
0 82 83 50 35 35 39 1
0 83 52 50 35 40 39 1
0 83 80 45 35 35 41 1
0 83 45 52 35 41 40 1

Materials: 1
"Material01"
0.325490 0.325490 0.325490 1.000000
0.341176 0.341176 0.341176 1.000000
0.490196 0.490196 0.490196 1.000000
0.082353 0.082353 0.082353 1.000000
16.000000
1.000000
"..\L6\XTank.tga"
""

Bones: 0
GroupComments: 0
MaterialComments: 0
BoneComments: 0
ModelComment: 0
