// MilkShape 3D ASCII

Frames: 52
Frame: 1

Meshes: 1
"Body" 0 0
196
0 -0.597904 7.461946 -0.924714 0.529198 0.428462 -1
0 57.402096 9.162434 -0.924714 0.666793 0.428462 -1
0 49.631569 9.162434 17.537067 0.648358 0.462467 -1
0 0.402096 28.847137 0.575286 0.531570 0.431225 -1
0 50.631573 27.146652 19.037069 0.650731 0.465229 -1
0 58.402103 27.146652 0.575286 0.669165 0.431225 -1
0 28.402096 9.162434 31.052027 0.597995 0.487359 -1
0 29.402100 27.146652 32.552029 0.600368 0.490122 -1
0 -0.597904 9.162434 35.998852 0.529198 0.496471 -1
0 0.402096 27.146652 37.498856 0.531570 0.499234 -1
0 -29.597904 9.162434 31.052027 0.460400 0.487359 -1
0 -28.597908 27.146652 32.552029 0.462773 0.490122 -1
0 -50.827377 9.162434 17.537067 0.410037 0.462467 -1
0 -49.827381 27.146652 19.037069 0.412409 0.465229 -1
0 -58.597904 9.162434 -0.924714 0.391603 0.428462 -1
0 -57.597912 27.146652 0.575286 0.393975 0.431225 -1
0 -50.827377 9.162434 -19.386492 0.410037 0.394458 -1
0 -49.827381 27.146652 -17.886494 0.412409 0.397221 -1
0 -29.597904 9.162434 -32.901455 0.460400 0.369565 -1
0 -28.597908 27.146652 -31.401459 0.462773 0.372328 -1
0 -0.597904 9.162434 -37.848270 0.529198 0.360453 -1
0 0.402096 27.146652 -36.348282 0.531570 0.363216 -1
0 28.402096 9.162434 -32.901455 0.597995 0.369565 -1
0 29.402100 27.146652 -31.401459 0.600368 0.372328 -1
0 49.631569 9.162434 -19.386492 0.648358 0.394458 -1
0 50.631573 27.146652 -17.886494 0.650731 0.397221 -1
0 99.861046 1.808243 -0.924714 0.767520 0.428462 -1
0 86.402100 1.808243 31.052029 0.735590 0.487359 -1
0 49.631573 -1.191755 54.460632 0.648358 0.530475 -1
0 -0.597904 -1.191755 63.028778 0.529198 0.546257 -1
0 -50.827381 -1.191755 54.460632 0.410037 0.530475 -1
0 -62.597908 6.808245 31.052029 0.382113 0.487359 -1
0 -76.056854 6.808245 -0.924714 0.350184 0.428462 -1
0 -62.597908 6.808245 -32.901459 0.382113 0.369565 -1
0 -50.827381 -1.191755 -56.310059 0.410037 0.326449 -1
0 -0.597904 -1.191755 -64.878197 0.529198 0.310668 -1
0 49.631573 -1.191755 -56.310059 0.648358 0.326449 -1
0 86.402100 1.808243 -32.901459 0.735590 0.369565 -1
0 99.861046 1.808243 -0.924714 0.924609 0.426572 -1
0 115.402100 8.154541 -0.924714 0.935865 0.426572 -1
0 86.402100 1.808243 31.052029 0.914861 0.392932 -1
0 99.861038 8.154541 35.998852 0.924609 0.387727 -1
0 57.402096 5.154541 63.028778 0.893856 0.359292 -1
0 49.631573 -1.191755 54.460632 0.888228 0.368305 -1
0 -0.597904 -1.191755 63.028778 0.851846 0.359292 -1
0 -0.597904 5.154541 58.293282 0.851846 0.364273 -1
0 -58.597904 5.154541 63.028778 0.809837 0.359292 -1
0 -50.827381 -1.191755 54.460632 0.815465 0.368305 -1
0 -62.597908 6.808245 31.052029 0.806940 0.392932 -1
0 -76.056847 13.154541 35.998852 0.797191 0.387727 -1
0 -91.597900 13.154541 -0.924714 0.785935 0.426572 -1
0 -76.056854 6.808245 -0.924714 0.797191 0.426572 -1
0 -76.056854 6.808245 -0.924714 0.797831 0.425599 -1
0 -91.597900 13.154541 -0.924714 0.786574 0.425599 -1
0 -62.597908 6.808245 -32.901459 0.807579 0.391959 -1
0 -76.056847 13.154541 -37.848270 0.797831 0.386755 -1
0 -58.597904 5.154541 -64.878189 0.810476 0.358319 -1
0 -50.827381 -1.191755 -56.310059 0.816105 0.367333 -1
0 -0.597904 -1.191755 -64.878197 0.852486 0.358319 -1
0 -0.597904 5.154541 -60.142723 0.852486 0.363301 -1
0 57.402096 5.154541 -64.878189 0.894495 0.358319 -1
0 49.631573 -1.191755 -56.310059 0.888867 0.367333 -1
0 86.402100 1.808243 -32.901459 0.915500 0.391959 -1
0 99.861038 8.154541 -37.848270 0.925248 0.386755 -1
0 115.402100 8.154541 -0.924714 0.936505 0.425599 -1
0 99.861046 1.808243 -0.924714 0.925248 0.425599 -1
0 99.861038 14.500843 -0.924714 0.924609 0.426572 -1
0 86.402092 14.500843 31.052027 0.914861 0.392932 -1
0 49.631569 11.500843 54.460632 0.888228 0.368305 -1
0 -0.597904 11.500843 63.028778 0.851846 0.359292 -1
0 -50.827377 11.500843 54.460632 0.815465 0.368305 -1
0 -62.597900 19.500843 31.052027 0.806940 0.392932 -1
0 -76.056847 19.500843 -0.924714 0.797191 0.426572 -1
0 -76.056847 19.500843 -0.924714 0.797831 0.425599 -1
0 -62.597900 19.500843 -32.901455 0.807579 0.391959 -1
0 -50.827377 11.500843 -56.310059 0.816105 0.367333 -1
0 -0.597904 11.500843 -64.878189 0.852486 0.358319 -1
0 49.631569 11.500843 -56.310059 0.888867 0.367333 -1
0 86.402092 14.500843 -32.901455 0.915500 0.391959 -1
0 99.861038 14.500843 -0.924714 0.925248 0.425599 -1
0 99.861038 14.500843 -0.924714 0.767520 0.428462 -1
0 86.402092 14.500843 31.052027 0.735590 0.487359 -1
0 49.631569 11.500843 54.460632 0.648358 0.530475 -1
0 -0.597904 11.500843 63.028778 0.529198 0.546257 -1
0 -50.827377 11.500843 54.460632 0.410037 0.530475 -1
0 -62.597900 19.500843 31.052027 0.382113 0.487359 -1
0 -76.056847 19.500843 -0.924714 0.350184 0.428462 -1
0 -62.597900 19.500843 -32.901455 0.382113 0.369565 -1
0 -50.827377 11.500843 -56.310059 0.410037 0.326449 -1
0 -0.597904 11.500843 -64.878189 0.529198 0.310668 -1
0 49.631569 11.500843 -56.310059 0.648358 0.326449 -1
0 86.402092 14.500843 -32.901455 0.735590 0.369565 -1
0 59.735428 -4.500002 -58.500000 0.896185 0.365029 -1
0 57.538727 -4.500002 -53.196701 0.894594 0.370608 -1
0 52.235428 -4.500002 -58.500000 0.890753 0.365029 -1
0 57.156174 4.499998 -58.500000 0.894317 0.365029 -1
0 52.235428 4.499998 -58.500000 0.890753 0.365029 -1
0 55.714920 4.499998 -55.020508 0.893273 0.368689 -1
0 57.156174 -2.000002 -58.500000 0.894317 0.365029 -1
0 55.714920 -2.000002 -55.020508 0.893273 0.368689 -1
0 52.235428 -4.500002 -51.000000 0.890753 0.372919 -1
0 52.235428 4.499998 -53.579254 0.890753 0.370205 -1
0 52.235428 -2.000002 -53.579254 0.890753 0.370205 -1
0 46.932125 -4.500002 -53.196701 0.886912 0.370608 -1
0 48.755932 4.499998 -55.020508 0.888233 0.368689 -1
0 48.755932 -2.000002 -55.020508 0.888233 0.368689 -1
0 44.735424 -4.500002 -58.500000 0.885321 0.365029 -1
0 47.314678 4.499998 -58.500000 0.887189 0.365029 -1
0 47.314678 -2.000002 -58.500000 0.887189 0.365029 -1
0 46.932125 -4.500002 -63.803299 0.886912 0.359450 -1
0 48.755932 4.499998 -61.979500 0.888233 0.361368 -1
0 48.755932 -2.000002 -61.979500 0.888233 0.361368 -1
0 52.235428 -4.500002 -66.000000 0.890753 0.357139 -1
0 52.235428 4.499998 -63.420746 0.890753 0.359852 -1
0 52.235428 -2.000002 -63.420746 0.890753 0.359852 -1
0 57.538727 -4.500002 -63.803299 0.894594 0.359450 -1
0 55.714920 4.499998 -61.979500 0.893273 0.361368 -1
0 55.714920 -2.000002 -61.979500 0.893273 0.361368 -1
0 -52.235428 -4.500002 -58.500000 0.815085 0.365029 -1
0 -57.538727 -4.500002 -53.196701 0.811244 0.370608 -1
0 -59.735428 -4.500002 -58.500000 0.809652 0.365029 -1
0 -55.714920 4.499998 -55.020508 0.812564 0.368689 -1
0 -52.235428 4.499998 -58.500000 0.815085 0.365029 -1
0 -57.156174 4.499998 -58.500000 0.811521 0.365029 -1
0 -55.714920 -2.000002 -55.020508 0.812564 0.368689 -1
0 -57.156174 -2.000002 -58.500000 0.811521 0.365029 -1
0 -52.235428 -4.500002 -51.000000 0.815085 0.372919 -1
0 -52.235428 4.499998 -53.579254 0.815085 0.370205 -1
0 -52.235428 -2.000002 -53.579254 0.815085 0.370205 -1
0 -46.932125 -4.500002 -53.196701 0.818926 0.370608 -1
0 -48.755932 4.499998 -55.020508 0.817605 0.368689 -1
0 -48.755932 -2.000002 -55.020508 0.817605 0.368689 -1
0 -44.735424 -4.500002 -58.500000 0.820517 0.365029 -1
0 -47.314678 4.499998 -58.500000 0.818649 0.365029 -1
0 -47.314678 -2.000002 -58.500000 0.818649 0.365029 -1
0 -46.932125 -4.500002 -63.803299 0.818926 0.359450 -1
0 -48.755932 4.499998 -61.979500 0.817605 0.361368 -1
0 -48.755932 -2.000002 -61.979500 0.817605 0.361368 -1
0 -52.235428 -4.500002 -66.000000 0.815085 0.357139 -1
0 -52.235428 4.499998 -63.420746 0.815085 0.359852 -1
0 -52.235428 -2.000002 -63.420746 0.815085 0.359852 -1
0 -57.538727 -4.500002 -63.803299 0.811244 0.359450 -1
0 -55.714920 4.499998 -61.979500 0.812564 0.361368 -1
0 -55.714920 -2.000002 -61.979500 0.812564 0.361368 -1
0 -59.735428 -4.500002 58.500000 0.809013 0.364056 -1
0 -57.538727 -4.500002 53.196701 0.810604 0.369635 -1
0 -52.235428 -4.500002 58.500000 0.814445 0.364056 -1
0 -57.156174 4.499998 58.500000 0.810881 0.364056 -1
0 -52.235428 4.499998 58.500000 0.814445 0.364056 -1
0 -55.714920 4.499998 55.020508 0.811925 0.367716 -1
0 -57.156174 -2.000002 58.500000 0.810881 0.364056 -1
0 -55.714920 -2.000002 55.020508 0.811925 0.367716 -1
0 -52.235428 -4.500002 51.000000 0.814445 0.371946 -1
0 -52.235428 4.499998 53.579254 0.814445 0.369233 -1
0 -52.235428 -2.000002 53.579254 0.814445 0.369233 -1
0 -46.932125 -4.500002 53.196701 0.818287 0.369635 -1
0 -48.755932 4.499998 55.020508 0.816966 0.367716 -1
0 -48.755932 -2.000002 55.020508 0.816966 0.367716 -1
0 -44.735424 -4.500002 58.500000 0.819878 0.364056 -1
0 -47.314678 4.499998 58.500000 0.818009 0.364056 -1
0 -47.314678 -2.000002 58.500000 0.818009 0.364056 -1
0 -46.932125 -4.500002 63.803299 0.818287 0.358477 -1
0 -48.755932 4.499998 61.979500 0.816966 0.360395 -1
0 -48.755932 -2.000002 61.979500 0.816966 0.360395 -1
0 -52.235428 -4.500002 66.000000 0.814445 0.356166 -1
0 -52.235428 4.499998 63.420746 0.814445 0.358879 -1
0 -52.235428 -2.000002 63.420746 0.814445 0.358879 -1
0 -57.538727 -4.500002 63.803299 0.810604 0.358477 -1
0 -55.714920 4.499998 61.979500 0.811925 0.360395 -1
0 -55.714920 -2.000002 61.979500 0.811925 0.360395 -1
0 52.235428 -4.500002 58.500000 0.890114 0.364056 -1
0 57.538727 -4.500002 53.196701 0.893955 0.369635 -1
0 59.735428 -4.500002 58.500000 0.895546 0.364056 -1
0 55.714920 4.499998 55.020508 0.892634 0.367716 -1
0 52.235428 4.499998 58.500000 0.890114 0.364056 -1
0 57.156174 4.499998 58.500000 0.893678 0.364056 -1
0 55.714920 -2.000002 55.020508 0.892634 0.367716 -1
0 57.156174 -2.000002 58.500000 0.893678 0.364056 -1
0 52.235428 -4.500002 51.000000 0.890114 0.371946 -1
0 52.235428 4.499998 53.579254 0.890114 0.369233 -1
0 52.235428 -2.000002 53.579254 0.890114 0.369233 -1
0 46.932125 -4.500002 53.196701 0.886273 0.369635 -1
0 48.755932 4.499998 55.020508 0.887594 0.367716 -1
0 48.755932 -2.000002 55.020508 0.887594 0.367716 -1
0 44.735424 -4.500002 58.500000 0.884681 0.364056 -1
0 47.314678 4.499998 58.500000 0.886550 0.364056 -1
0 47.314678 -2.000002 58.500000 0.886550 0.364056 -1
0 46.932125 -4.500002 63.803299 0.886273 0.358477 -1
0 48.755932 4.499998 61.979500 0.887594 0.360395 -1
0 48.755932 -2.000002 61.979500 0.887594 0.360395 -1
0 52.235428 -4.500002 66.000000 0.890114 0.356166 -1
0 52.235428 4.499998 63.420746 0.890114 0.358879 -1
0 52.235428 -2.000002 63.420746 0.890114 0.358879 -1
0 57.538727 -4.500002 63.803299 0.893955 0.358477 -1
0 55.714920 4.499998 61.979500 0.892634 0.360395 -1
0 55.714920 -2.000002 61.979500 0.892634 0.360395 -1
182
0.000000 -1.000000 -0.000000
-0.104365 -0.994539 -0.000000
-0.061206 -0.996592 -0.055307
0.000000 1.000000 0.000000
0.141441 0.981654 0.127868
0.205499 0.978657 0.001130
-0.056880 -0.979598 -0.192749
0.107215 0.939779 0.324530
0.000000 -0.987274 -0.159031
0.000221 0.956097 0.293051
0.038988 -0.981726 -0.186265
-0.110142 0.940776 0.320637
0.038499 -0.998795 -0.030425
-0.168627 0.975395 0.142019
0.079500 -0.996835 -0.000000
-0.268029 0.963406 0.003090
0.038499 -0.998795 0.030425
-0.156261 0.979208 -0.129364
0.038988 -0.981726 0.186265
-0.097461 0.950032 -0.296546
0.000000 -0.987274 0.159031
0.000192 0.962848 -0.270044
-0.056880 -0.979598 0.192749
0.098681 0.948696 -0.300398
-0.061206 -0.996592 0.055307
0.135485 0.983362 -0.121007
-0.170666 -0.985329 -0.000000
-0.146652 -0.975773 -0.162360
-0.090339 -0.938518 -0.333200
0.000000 -0.933830 -0.357717
0.063749 -0.932776 -0.354775
0.101889 -0.984144 -0.145186
0.133632 -0.991031 -0.000000
0.101889 -0.984144 0.145186
0.063749 -0.932776 0.354775
0.000000 -0.933830 0.357717
-0.090339 -0.938518 0.333200
-0.146652 -0.975773 0.162360
0.373354 -0.914283 0.157144
0.921686 -0.000000 0.387936
0.337804 -0.904147 0.261547
0.746363 -0.019748 0.665246
0.246661 -0.009508 0.969055
0.201457 -0.865596 0.458431
0.000000 -0.177632 0.984097
0.000000 0.000000 1.000000
-0.407270 0.011315 0.913238
-0.375523 -0.874447 0.307125
-0.448764 -0.889138 0.089685
-0.886727 -0.022045 0.461767
-0.921686 -0.000000 0.387936
-0.373354 -0.914283 0.157144
-0.373354 -0.914283 -0.157144
-0.921686 -0.000000 -0.387936
-0.448764 -0.889138 -0.089685
-0.886727 -0.022045 -0.461767
-0.407269 0.011315 -0.913238
-0.375523 -0.874447 -0.307125
0.000000 -0.177633 -0.984097
0.000000 0.000001 -1.000000
0.246660 -0.009508 -0.969055
0.201457 -0.865596 -0.458431
0.337804 -0.904147 -0.261547
0.746363 -0.019749 -0.665246
0.921686 0.000000 -0.387936
0.373354 -0.914283 -0.157144
0.373354 0.914283 0.157144
0.303076 0.900936 0.310578
0.153583 0.855553 0.494410
0.000000 0.177633 0.984097
-0.170093 0.859359 0.482256
-0.315595 0.902565 0.292877
-0.373354 0.914283 0.157144
-0.373354 0.914283 -0.157144
-0.315595 0.902565 -0.292877
-0.170093 0.859358 -0.482257
0.000000 0.177634 -0.984097
0.153583 0.855553 -0.494410
0.303076 0.900936 -0.310578
0.373354 0.914283 -0.157144
0.291805 0.956476 0.001686
0.254081 0.932446 0.256879
0.147946 0.864341 0.480653
0.000430 0.852617 0.522536
-0.153332 0.871118 0.466522
-0.306805 0.911491 0.273962
-0.382992 0.923740 0.004586
-0.281377 0.924670 -0.256540
-0.133127 0.888446 -0.439250
0.000375 0.876802 -0.480851
0.135042 0.884754 -0.446065
0.241401 0.939685 -0.242317
0.000000 -1.000000 0.000000
0.000000 1.000000 0.000000
0.695989 0.718053 0.000000
0.917595 0.397517 0.000000
0.648838 0.397517 0.648838
0.492139 0.718052 0.492139
1.000000 0.000000 0.000000
0.707107 0.000000 0.707107
0.000000 0.718053 0.695989
0.000000 0.397517 0.917595
0.000000 0.000000 1.000000
-0.648838 0.397517 0.648838
-0.492138 0.718052 0.492139
-0.707107 0.000000 0.707107
-0.695989 0.718053 0.000000
-0.917595 0.397517 0.000000
-1.000000 0.000000 0.000000
-0.648837 0.397517 -0.648838
-0.492139 0.718052 -0.492139
-0.707106 0.000000 -0.707107
0.000000 0.718052 -0.695989
0.000000 0.397517 -0.917595
0.000000 0.000000 -1.000000
0.648837 0.397517 -0.648838
0.492139 0.718052 -0.492139
0.707106 0.000000 -0.707107
-0.648838 0.397517 0.648838
-0.695989 0.718053 0.000000
-0.492139 0.718052 0.492139
-0.707107 0.000000 0.707107
-0.000000 0.718053 0.695989
-0.000000 0.397517 0.917595
-0.000000 0.000000 1.000000
0.648838 0.397517 0.648838
0.492138 0.718052 0.492139
0.707107 0.000000 0.707107
0.695989 0.718053 0.000000
0.648837 0.397517 -0.648838
0.492139 0.718052 -0.492139
0.707106 0.000000 -0.707107
-0.000000 0.718052 -0.695989
-0.000000 0.397517 -0.917595
-0.000000 0.000000 -1.000000
-0.648837 0.397517 -0.648838
-0.492139 0.718052 -0.492139
-0.707106 0.000000 -0.707107
-0.695989 0.718053 -0.000000
-0.917595 0.397517 -0.000000
-0.648838 0.397517 -0.648838
-0.492139 0.718052 -0.492139
-1.000000 0.000000 -0.000000
-0.707107 0.000000 -0.707107
-0.000000 0.718053 -0.695989
-0.000000 0.397517 -0.917595
-0.000000 0.000000 -1.000000
0.648838 0.397517 -0.648838
0.492138 0.718052 -0.492139
0.707107 0.000000 -0.707107
0.695989 0.718053 -0.000000
0.917595 0.397517 -0.000000
1.000000 0.000000 -0.000000
0.648837 0.397517 0.648838
0.492139 0.718052 0.492139
0.707106 0.000000 0.707107
-0.000000 0.718052 0.695989
-0.000000 0.397517 0.917595
-0.000000 0.000000 1.000000
-0.648837 0.397517 0.648838
-0.492139 0.718052 0.492139
-0.707106 0.000000 0.707107
0.648838 0.397517 -0.648838
0.695989 0.718053 -0.000000
0.492139 0.718052 -0.492139
0.707107 0.000000 -0.707107
0.000000 0.718053 -0.695989
0.000000 0.397517 -0.917595
0.000000 0.000000 -1.000000
-0.648838 0.397517 -0.648838
-0.492138 0.718052 -0.492139
-0.707107 0.000000 -0.707107
-0.695989 0.718053 -0.000000
-0.648837 0.397517 0.648838
-0.492139 0.718052 0.492139
-0.707106 0.000000 0.707107
0.000000 0.718052 0.695989
0.000000 0.397517 0.917595
0.000000 0.000000 1.000000
0.648837 0.397517 0.648838
0.492139 0.718052 0.492139
0.707106 0.000000 0.707107
312
0 0 1 2 0 1 2 1
0 3 4 5 3 4 5 1
0 0 2 6 0 2 6 1
0 3 7 4 3 7 4 1
0 0 6 8 0 6 8 1
0 3 9 7 3 9 7 1
0 0 8 10 0 8 10 1
0 3 11 9 3 11 9 1
0 0 10 12 0 10 12 1
0 3 13 11 3 13 11 1
0 0 12 14 0 12 14 1
0 3 15 13 3 15 13 1
0 0 14 16 0 14 16 1
0 3 17 15 3 17 15 1
0 0 16 18 0 16 18 1
0 3 19 17 3 19 17 1
0 0 18 20 0 18 20 1
0 3 21 19 3 21 19 1
0 0 20 22 0 20 22 1
0 3 23 21 3 23 21 1
0 0 22 24 0 22 24 1
0 3 25 23 3 25 23 1
0 0 24 1 0 24 1 1
0 3 5 25 3 5 25 1
0 1 26 27 1 26 27 1
0 1 27 2 1 27 2 1
0 2 27 6 2 27 6 1
0 27 28 6 27 28 6 1
0 6 28 29 6 28 29 1
0 6 29 8 6 29 8 1
0 8 29 10 8 29 10 1
0 29 30 10 29 30 10 1
0 10 30 31 10 30 31 1
0 10 31 12 10 31 12 1
0 12 31 14 12 31 14 1
0 31 32 14 31 32 14 1
0 14 32 33 14 32 33 1
0 14 33 16 14 33 16 1
0 16 33 18 16 33 18 1
0 33 34 18 33 34 18 1
0 18 34 35 18 34 35 1
0 18 35 20 18 35 20 1
0 20 35 22 20 35 22 1
0 35 36 22 35 36 22 1
0 22 36 37 22 36 37 1
0 22 37 24 22 37 24 1
0 24 37 1 24 37 1 1
0 37 26 1 37 26 1 1
0 38 39 40 38 39 40 1
0 39 41 40 39 41 40 1
0 40 41 42 40 41 42 1
0 40 42 43 40 42 43 1
0 43 42 44 43 42 44 1
0 42 45 44 42 45 44 1
0 44 45 46 44 45 46 1
0 44 46 47 44 46 47 1
0 47 46 48 47 46 48 1
0 46 49 48 46 49 48 1
0 48 49 50 48 49 50 1
0 48 50 51 48 50 51 1
0 52 53 54 52 53 54 1
0 53 55 54 53 55 54 1
0 54 55 56 54 55 56 1
0 54 56 57 54 56 57 1
0 57 56 58 57 56 58 1
0 56 59 58 56 59 58 1
0 58 59 60 58 59 60 1
0 58 60 61 58 60 61 1
0 61 60 62 61 60 62 1
0 60 63 62 60 63 62 1
0 62 63 64 62 63 64 1
0 62 64 65 62 64 65 1
0 39 66 67 39 66 67 1
0 39 67 41 39 67 41 1
0 41 67 42 41 67 42 1
0 67 68 42 67 68 42 1
0 42 68 69 42 68 69 1
0 42 69 45 42 69 45 1
0 45 69 46 45 69 46 1
0 69 70 46 69 70 46 1
0 46 70 71 46 70 71 1
0 46 71 49 46 71 49 1
0 49 71 50 49 71 50 1
0 71 72 50 71 72 50 1
0 53 73 74 53 73 74 1
0 53 74 55 53 74 55 1
0 55 74 56 55 74 56 1
0 74 75 56 74 75 56 1
0 56 75 76 56 75 76 1
0 56 76 59 56 76 59 1
0 59 76 60 59 76 60 1
0 76 77 60 76 77 60 1
0 60 77 78 60 77 78 1
0 60 78 63 60 78 63 1
0 63 78 64 63 78 64 1
0 78 79 64 78 79 64 1
0 80 5 81 80 5 81 1
0 5 4 81 5 4 81 1
0 81 4 7 81 4 7 1
0 81 7 82 81 7 82 1
0 82 7 83 82 7 83 1
0 7 9 83 7 9 83 1
0 83 9 11 83 9 11 1
0 83 11 84 83 11 84 1
0 84 11 85 84 11 85 1
0 11 13 85 11 13 85 1
0 85 13 15 85 13 15 1
0 85 15 86 85 15 86 1
0 86 15 87 86 15 87 1
0 15 17 87 15 17 87 1
0 87 17 19 87 17 19 1
0 87 19 88 87 19 88 1
0 88 19 89 88 19 89 1
0 19 21 89 19 21 89 1
0 89 21 23 89 21 23 1
0 89 23 90 89 23 90 1
0 90 23 91 90 23 91 1
0 23 25 91 23 25 91 1
0 91 25 5 91 25 5 1
0 91 5 80 91 5 80 1
0 92 93 94 92 92 92 2
0 95 96 97 93 93 93 2
0 92 98 99 94 95 96 1
0 92 99 93 94 96 97 1
0 98 95 99 95 98 96 1
0 95 97 99 98 99 96 1
0 93 100 94 92 92 92 2
0 97 96 101 93 93 93 2
0 93 99 100 97 96 100 1
0 99 102 100 96 101 100 1
0 99 97 101 96 99 102 1
0 99 101 102 96 102 101 1
0 100 103 94 92 92 92 2
0 101 96 104 93 93 93 2
0 100 102 105 100 101 103 1
0 100 105 103 100 103 104 1
0 102 101 105 101 102 103 1
0 101 104 105 102 105 103 1
0 103 106 94 92 92 92 2
0 104 96 107 93 93 93 2
0 103 105 106 104 103 106 1
0 105 108 106 103 107 106 1
0 105 104 107 103 105 108 1
0 105 107 108 103 108 107 1
0 106 109 94 92 92 92 2
0 107 96 110 93 93 93 2
0 106 108 111 106 107 109 1
0 106 111 109 106 109 110 1
0 108 107 111 107 108 109 1
0 107 110 111 108 111 109 1
0 109 112 94 92 92 92 2
0 110 96 113 93 93 93 2
0 109 111 112 110 109 112 1
0 111 114 112 109 113 112 1
0 111 110 113 109 111 114 1
0 111 113 114 109 114 113 1
0 112 115 94 92 92 92 2
0 113 96 116 93 93 93 2
0 112 114 117 112 113 115 1
0 112 117 115 112 115 116 1
0 114 113 117 113 114 115 1
0 113 116 117 114 117 115 1
0 115 92 94 92 92 92 2
0 116 96 95 93 93 93 2
0 115 117 92 116 115 94 1
0 117 98 92 115 95 94 1
0 117 116 95 115 117 98 1
0 117 95 98 115 98 95 1
0 118 119 120 92 92 92 2
0 121 122 123 93 93 93 2
0 124 125 120 118 107 119 1
0 119 124 120 120 118 119 1
0 124 123 125 118 108 107 1
0 124 121 123 118 121 108 1
0 118 126 119 92 92 92 2
0 127 122 121 93 93 93 2
0 126 124 119 122 118 120 1
0 126 128 124 122 123 118 1
0 127 121 124 124 121 118 1
0 128 127 124 123 124 118 1
0 118 129 126 92 92 92 2
0 130 122 127 93 93 93 2
0 131 128 126 125 123 122 1
0 129 131 126 126 125 122 1
0 131 127 128 125 124 123 1
0 131 130 127 125 127 124 1
0 118 132 129 92 92 92 2
0 133 122 130 93 93 93 2
0 132 131 129 128 125 126 1
0 132 134 131 128 95 125 1
0 133 130 131 98 127 125 1
0 134 133 131 95 98 125 1
0 118 135 132 92 92 92 2
0 136 122 133 93 93 93 2
0 137 134 132 129 95 128 1
0 135 137 132 130 129 128 1
0 137 133 134 129 98 95 1
0 137 136 133 129 131 98 1
0 118 138 135 92 92 92 2
0 139 122 136 93 93 93 2
0 138 137 135 132 129 130 1
0 138 140 137 132 133 129 1
0 139 136 137 134 131 129 1
0 140 139 137 133 134 129 1
0 118 141 138 92 92 92 2
0 142 122 139 93 93 93 2
0 143 140 138 135 133 132 1
0 141 143 138 136 135 132 1
0 143 139 140 135 134 133 1
0 143 142 139 135 137 134 1
0 118 120 141 92 92 92 2
0 123 122 142 93 93 93 2
0 120 143 141 119 135 136 1
0 120 125 143 119 107 135 1
0 123 142 143 108 137 135 1
0 125 123 143 107 108 135 1
0 144 145 146 92 92 92 2
0 147 148 149 93 93 93 2
0 144 150 151 138 139 140 1
0 144 151 145 138 140 141 1
0 150 147 151 139 142 140 1
0 147 149 151 142 143 140 1
0 145 152 146 92 92 92 2
0 149 148 153 93 93 93 2
0 145 151 152 141 140 144 1
0 151 154 152 140 145 144 1
0 151 149 153 140 143 146 1
0 151 153 154 140 146 145 1
0 152 155 146 92 92 92 2
0 153 148 156 93 93 93 2
0 152 154 157 144 145 147 1
0 152 157 155 144 147 148 1
0 154 153 157 145 146 147 1
0 153 156 157 146 149 147 1
0 155 158 146 92 92 92 2
0 156 148 159 93 93 93 2
0 155 157 158 148 147 150 1
0 157 160 158 147 151 150 1
0 157 156 159 147 149 152 1
0 157 159 160 147 152 151 1
0 158 161 146 92 92 92 2
0 159 148 162 93 93 93 2
0 158 160 163 150 151 153 1
0 158 163 161 150 153 154 1
0 160 159 163 151 152 153 1
0 159 162 163 152 155 153 1
0 161 164 146 92 92 92 2
0 162 148 165 93 93 93 2
0 161 163 164 154 153 156 1
0 163 166 164 153 157 156 1
0 163 162 165 153 155 158 1
0 163 165 166 153 158 157 1
0 164 167 146 92 92 92 2
0 165 148 168 93 93 93 2
0 164 166 169 156 157 159 1
0 164 169 167 156 159 160 1
0 166 165 169 157 158 159 1
0 165 168 169 158 161 159 1
0 167 144 146 92 92 92 2
0 168 148 147 93 93 93 2
0 167 169 144 160 159 138 1
0 169 150 144 159 139 138 1
0 169 168 147 159 161 142 1
0 169 147 150 159 142 139 1
0 170 171 172 92 92 92 2
0 173 174 175 93 93 93 2
0 176 177 172 162 151 163 1
0 171 176 172 164 162 163 1
0 176 175 177 162 152 151 1
0 176 173 175 162 165 152 1
0 170 178 171 92 92 92 2
0 179 174 173 93 93 93 2
0 178 176 171 166 162 164 1
0 178 180 176 166 167 162 1
0 179 173 176 168 165 162 1
0 180 179 176 167 168 162 1
0 170 181 178 92 92 92 2
0 182 174 179 93 93 93 2
0 183 180 178 169 167 166 1
0 181 183 178 170 169 166 1
0 183 179 180 169 168 167 1
0 183 182 179 169 171 168 1
0 170 184 181 92 92 92 2
0 185 174 182 93 93 93 2
0 184 183 181 172 169 170 1
0 184 186 183 172 139 169 1
0 185 182 183 142 171 169 1
0 186 185 183 139 142 169 1
0 170 187 184 92 92 92 2
0 188 174 185 93 93 93 2
0 189 186 184 173 139 172 1
0 187 189 184 174 173 172 1
0 189 185 186 173 142 139 1
0 189 188 185 173 175 142 1
0 170 190 187 92 92 92 2
0 191 174 188 93 93 93 2
0 190 189 187 176 173 174 1
0 190 192 189 176 177 173 1
0 191 188 189 178 175 173 1
0 192 191 189 177 178 173 1
0 170 193 190 92 92 92 2
0 194 174 191 93 93 93 2
0 195 192 190 179 177 176 1
0 193 195 190 180 179 176 1
0 195 191 192 179 178 177 1
0 195 194 191 179 181 178 1
0 170 172 193 92 92 92 2
0 175 174 194 93 93 93 2
0 172 195 193 163 179 180 1
0 172 177 195 163 151 179 1
0 175 194 195 152 181 179 1
0 177 175 195 151 152 179 1

Materials: 1
"Material01"
0.325490 0.325490 0.325490 1.000000
0.341176 0.341176 0.341176 1.000000
0.490196 0.490196 0.490196 1.000000
0.082353 0.082353 0.082353 1.000000
16.000000
1.000000
"..\L6\XTank.tga"
""

Bones: 0
GroupComments: 0
MaterialComments: 0
BoneComments: 0
ModelComment: 0
