// MilkShape 3D ASCII

Frames: 52
Frame: 1

Meshes: 1
"Body" 0 0
150
0 -114.000000 72.000000 66.361664 0.225323 0.069866 -1
0 -79.166664 12.000000 51.349388 0.314467 0.292403 -1
0 114.000000 72.000000 66.361664 0.808806 0.069866 -1
0 79.166664 12.000000 51.349388 0.719663 0.292403 -1
0 114.000000 72.000000 66.361664 0.252812 0.070834 -1
0 79.166664 12.000000 51.349388 0.315646 0.290143 -1
0 114.000000 72.000000 -66.361679 0.808324 0.070834 -1
0 79.166664 12.000000 -51.349403 0.745490 0.290143 -1
0 114.000000 72.000000 -66.361679 0.236544 0.065586 -1
0 79.166664 12.000000 -51.349403 0.325688 0.288124 -1
0 -114.000000 72.000000 -66.361679 0.820026 0.065586 -1
0 -79.166664 12.000000 -51.349403 0.730883 0.288124 -1
0 -114.000000 72.000000 -66.361679 0.243316 0.067085 -1
0 -79.166664 12.000000 -51.349403 0.306150 0.286394 -1
0 -114.000000 72.000000 66.361664 0.798828 0.067085 -1
0 -79.166664 12.000000 51.349388 0.735994 0.286394 -1
0 -114.000000 72.000000 -66.361679 0.306510 0.061958 -1
0 -114.000000 72.000000 66.361664 0.306510 0.305066 -1
0 114.000000 72.000000 -66.361679 0.742020 0.061958 -1
0 114.000000 72.000000 66.361664 0.742020 0.305066 -1
0 -79.166664 12.000000 51.349388 0.303015 0.068189 -1
0 -79.166664 12.000000 -51.349403 0.303015 0.293932 -1
0 79.166664 12.000000 51.349388 0.736536 0.068189 -1
0 79.166664 12.000000 -51.349403 0.736536 0.293932 -1
0 -79.773788 24.000000 -66.000000 0.392923 0.112211 -1
0 -91.259048 24.000000 -66.000000 0.376229 0.112211 -1
0 -84.885971 39.385963 -66.000000 0.385492 0.112211 -1
0 -76.764671 31.264660 -66.000000 0.397297 0.112211 -1
0 -91.259048 24.000000 -48.000000 0.376229 0.218498 -1
0 -84.885971 39.385963 -48.000000 0.385492 0.218498 -1
0 -69.500000 34.273788 -66.000000 0.407857 0.112211 -1
0 -69.500000 45.759052 -66.000000 0.407857 0.112211 -1
0 -69.500000 45.759052 -48.000000 0.407857 0.218498 -1
0 -54.114040 39.385963 -66.000000 0.430221 0.112211 -1
0 -62.235348 31.264660 -66.000000 0.418416 0.112211 -1
0 -54.114040 39.385963 -48.000000 0.430221 0.218498 -1
0 -59.226223 24.000000 -66.000000 0.422790 0.112211 -1
0 -47.740955 24.000000 -66.000000 0.439484 0.112211 -1
0 -47.740955 24.000000 -48.000000 0.439484 0.218498 -1
0 79.773788 24.000000 66.000000 0.466869 0.216136 -1
0 91.259048 24.000000 66.000000 0.483563 0.216136 -1
0 84.885971 39.385963 66.000000 0.474299 0.216136 -1
0 76.764671 31.264660 66.000000 0.462495 0.216136 -1
0 91.259048 24.000000 48.000000 0.483563 0.109849 -1
0 84.885971 39.385963 48.000000 0.474299 0.109849 -1
0 69.500000 34.273788 66.000000 0.451935 0.216136 -1
0 69.500000 45.759052 66.000000 0.451935 0.216136 -1
0 69.500000 45.759052 48.000000 0.451935 0.109849 -1
0 54.114040 39.385963 66.000000 0.429571 0.216136 -1
0 62.235348 31.264660 66.000000 0.441376 0.216136 -1
0 54.114040 39.385963 48.000000 0.429571 0.109849 -1
0 59.226223 24.000000 66.000000 0.437002 0.216136 -1
0 47.740955 24.000000 66.000000 0.420308 0.216136 -1
0 47.740955 24.000000 48.000000 0.420308 0.109849 -1
0 45.773788 24.000000 66.000000 0.417448 0.216136 -1
0 47.259048 24.000000 66.000000 0.419607 0.216136 -1
0 53.885971 39.385963 66.000000 0.429240 0.216136 -1
0 45.764671 31.264660 66.000000 0.417435 0.216136 -1
0 47.259048 24.000000 48.000000 0.419607 0.109849 -1
0 53.885971 39.385963 48.000000 0.429240 0.109849 -1
0 38.500000 34.273788 66.000000 0.406876 0.216136 -1
0 38.500000 45.759052 66.000000 0.406876 0.216136 -1
0 38.500000 45.759052 48.000000 0.406876 0.109849 -1
0 23.114040 39.385963 66.000000 0.384511 0.216136 -1
0 31.235348 31.264660 66.000000 0.396316 0.216136 -1
0 23.114040 39.385963 48.000000 0.384511 0.109849 -1
0 28.226223 24.000000 66.000000 0.391942 0.216136 -1
0 16.740955 24.000000 66.000000 0.375248 0.216136 -1
0 16.740955 24.000000 48.000000 0.375248 0.109849 -1
0 84.885971 39.385963 -66.000000 0.474299 0.105716 -1
0 91.259048 24.000000 -66.000000 0.483563 0.105716 -1
0 79.773788 24.000000 -66.000000 0.466869 0.105716 -1
0 76.764671 31.264660 -66.000000 0.462495 0.105716 -1
0 91.259048 24.000000 -48.000000 0.483563 0.212002 -1
0 84.885971 39.385963 -48.000000 0.474299 0.212002 -1
0 69.500000 34.273788 -66.000000 0.451935 0.105716 -1
0 69.500000 45.759052 -66.000000 0.451935 0.105716 -1
0 69.500000 45.759052 -48.000000 0.451935 0.212002 -1
0 54.114040 39.385963 -66.000000 0.429571 0.105716 -1
0 62.235348 31.264660 -66.000000 0.441376 0.105716 -1
0 54.114040 39.385963 -48.000000 0.429571 0.212002 -1
0 59.226223 24.000000 -66.000000 0.437002 0.105716 -1
0 47.740955 24.000000 -66.000000 0.420308 0.105716 -1
0 47.740955 24.000000 -48.000000 0.420308 0.212002 -1
0 53.885971 39.385963 -66.000000 0.429240 0.105716 -1
0 47.259048 24.000000 -66.000000 0.419607 0.105716 -1
0 45.773788 24.000000 -66.000000 0.417448 0.105716 -1
0 45.764671 31.264660 -66.000000 0.417435 0.105716 -1
0 47.259048 24.000000 -48.000000 0.419607 0.212002 -1
0 53.885971 39.385963 -48.000000 0.429240 0.212002 -1
0 38.500000 34.273788 -66.000000 0.406876 0.105716 -1
0 38.500000 45.759052 -66.000000 0.406876 0.105716 -1
0 38.500000 45.759052 -48.000000 0.406876 0.212002 -1
0 23.114040 39.385963 -66.000000 0.384511 0.105716 -1
0 31.235348 31.264660 -66.000000 0.396316 0.105716 -1
0 23.114040 39.385963 -48.000000 0.384511 0.212002 -1
0 28.226223 24.000000 -66.000000 0.391942 0.105716 -1
0 16.740955 24.000000 -66.000000 0.375248 0.105716 -1
0 16.740955 24.000000 -48.000000 0.375248 0.212002 -1
0 -84.885971 39.385963 66.000000 0.384480 0.216136 -1
0 -91.259048 24.000000 66.000000 0.375216 0.216136 -1
0 -79.773788 24.000000 66.000000 0.391911 0.216136 -1
0 -76.764671 31.264660 66.000000 0.396284 0.216136 -1
0 -91.259048 24.000000 48.000000 0.375216 0.109849 -1
0 -84.885971 39.385963 48.000000 0.384480 0.109849 -1
0 -69.500000 34.273788 66.000000 0.406844 0.216136 -1
0 -69.500000 45.759052 66.000000 0.406844 0.216136 -1
0 -69.500000 45.759052 48.000000 0.406844 0.109849 -1
0 -54.114040 39.385963 66.000000 0.429208 0.216136 -1
0 -62.235348 31.264660 66.000000 0.417403 0.216136 -1
0 -54.114040 39.385963 48.000000 0.429208 0.109849 -1
0 -59.226223 24.000000 66.000000 0.421777 0.216136 -1
0 -47.740955 24.000000 66.000000 0.438472 0.216136 -1
0 -47.740955 24.000000 48.000000 0.438472 0.109849 -1
0 117.499985 74.275185 43.500000 0.117978 0.212312 -1
0 117.499985 70.518089 52.138515 0.117978 0.245019 -1
0 117.499985 61.447655 43.500000 0.117978 0.212312 -1
0 105.499985 68.947655 43.500000 0.091186 0.212312 -1
0 105.499985 61.447655 43.500000 0.091186 0.212312 -1
0 105.499985 66.750954 48.803299 0.091186 0.232391 -1
0 117.499985 61.447655 55.716705 0.117978 0.258566 -1
0 105.499985 61.447655 51.000000 0.091186 0.240708 -1
0 117.499985 52.377220 52.138515 0.117978 0.245019 -1
0 105.499985 56.144356 48.803299 0.091186 0.232391 -1
0 117.499985 48.620125 43.500000 0.117978 0.212312 -1
0 105.499985 53.947655 43.500000 0.091186 0.212312 -1
0 117.499985 52.377220 34.861492 0.117978 0.179606 -1
0 105.499985 56.144356 38.196701 0.091186 0.192233 -1
0 117.499985 61.447655 31.283302 0.117978 0.166058 -1
0 105.499985 61.447655 36.000000 0.091186 0.183916 -1
0 117.499985 70.518089 34.861492 0.117978 0.179606 -1
0 105.499985 66.750954 38.196701 0.091186 0.192233 -1
0 117.499985 61.447655 -43.500000 0.117175 0.217506 -1
0 117.499985 70.518089 -52.138515 0.117175 0.184800 -1
0 117.499985 74.275185 -43.500000 0.117175 0.217506 -1
0 105.499985 66.750954 -48.803299 0.090383 0.197427 -1
0 105.499985 61.447655 -43.500000 0.090383 0.217506 -1
0 105.499985 68.947655 -43.500000 0.090383 0.217506 -1
0 117.499985 61.447655 -55.716705 0.117175 0.171252 -1
0 105.499985 61.447655 -51.000000 0.090383 0.189110 -1
0 117.499985 52.377220 -52.138515 0.117175 0.184800 -1
0 105.499985 56.144356 -48.803299 0.090383 0.197427 -1
0 117.499985 48.620125 -43.500000 0.117175 0.217506 -1
0 105.499985 53.947655 -43.500000 0.090383 0.217506 -1
0 117.499985 52.377220 -34.861492 0.117175 0.250213 -1
0 105.499985 56.144356 -38.196701 0.090383 0.237585 -1
0 117.499985 61.447655 -31.283302 0.117175 0.263760 -1
0 105.499985 61.447655 -36.000000 0.090383 0.245902 -1
0 117.499985 70.518089 -34.861492 0.117175 0.250213 -1
0 105.499985 66.750954 -38.196701 0.090383 0.237585 -1
76
0.000000 -0.242722 0.970096
0.864823 -0.502078 0.000000
0.000000 -0.242722 -0.970096
-0.864823 -0.502078 0.000000
0.000000 1.000000 0.000000
0.000000 -1.000000 0.000000
0.000000 0.000000 -1.000000
-0.653281 0.270598 -0.707107
-0.479842 0.479841 -0.734509
-0.923879 0.382684 0.000000
-0.707107 0.707107 0.000000
0.000000 0.678598 -0.734510
0.000000 1.000000 0.000000
0.479842 0.479842 -0.734509
0.707107 0.707107 0.000000
0.653281 0.270598 -0.707107
0.923879 0.382684 0.000000
0.000000 0.000000 1.000000
0.653281 0.270598 0.707107
0.479842 0.479841 0.734509
0.923879 0.382684 0.000000
-0.000000 0.678598 0.734510
-0.000000 1.000000 0.000000
-0.479842 0.479842 0.734509
-0.653281 0.270598 0.707107
-0.923879 0.382684 0.000000
0.649429 -0.279717 0.707107
0.532422 0.216182 0.818408
0.918432 -0.395580 0.000000
0.926536 0.376207 0.000000
0.479842 0.479841 -0.734509
0.653281 0.270598 -0.707107
-0.000000 0.678598 -0.734510
-0.479842 0.479842 -0.734509
-0.653281 0.270598 -0.707107
0.532422 0.216182 -0.818408
0.649429 -0.279717 -0.707107
-0.479842 0.479841 0.734509
-0.653281 0.270598 0.707107
0.000000 0.678598 0.734510
0.479842 0.479842 0.734509
0.653281 0.270598 0.707107
1.000000 0.000000 0.000000
-1.000000 0.000000 0.000000
-0.405769 0.913976 -0.000000
-0.400022 0.916505 -0.000000
-0.385866 0.645297 0.659317
-0.386036 0.651409 0.653179
-0.371770 0.000000 0.928325
-0.365815 0.000000 0.930688
-0.385866 -0.645297 0.659317
-0.386036 -0.651409 0.653179
-0.400022 -0.916505 -0.000000
-0.405769 -0.913976 -0.000000
-0.385866 -0.645297 -0.659317
-0.386036 -0.651409 -0.653179
-0.371770 -0.000000 -0.928325
-0.365814 0.000000 -0.930688
-0.385866 0.645297 -0.659317
-0.386036 0.651409 -0.653179
-0.385866 0.645297 -0.659317
-0.400022 0.916505 0.000000
-0.405769 0.913976 0.000000
-0.386036 0.651409 -0.653179
-0.371770 0.000000 -0.928325
-0.365815 0.000000 -0.930688
-0.385866 -0.645297 -0.659317
-0.386036 -0.651409 -0.653179
-0.400022 -0.916505 0.000000
-0.405769 -0.913976 0.000000
-0.385866 -0.645297 0.659317
-0.386036 -0.651409 0.653179
-0.371770 -0.000000 0.928325
-0.365814 0.000000 0.930688
-0.385866 0.645297 0.659317
-0.386036 0.651409 0.653179
172
0 0 1 2 0 0 0 1
0 1 3 2 0 0 0 1
0 4 5 6 1 1 1 2
0 5 7 6 1 1 1 2
0 8 9 10 2 2 2 1
0 9 11 10 2 2 2 1
0 12 13 14 3 3 3 2
0 13 15 14 3 3 3 2
0 16 17 18 4 4 4 3
0 17 19 18 4 4 4 3
0 20 21 22 5 5 5 3
0 21 23 22 5 5 5 3
0 24 25 26 6 7 8 1
0 24 26 27 6 8 6 1
0 25 28 26 7 9 8 1
0 28 29 26 9 10 8 1
0 27 26 30 6 8 6 1
0 26 31 30 8 11 6 1
0 26 29 32 8 10 12 1
0 26 32 31 8 12 11 1
0 30 31 33 6 11 13 1
0 30 33 34 6 13 6 1
0 31 32 33 11 12 13 1
0 32 35 33 12 14 13 1
0 34 33 36 6 13 6 1
0 33 37 36 13 15 6 1
0 33 35 38 13 14 16 1
0 33 38 37 13 16 15 1
0 39 40 41 17 18 19 1
0 39 41 42 17 19 17 1
0 40 43 41 18 20 19 1
0 43 44 41 20 14 19 1
0 42 41 45 17 19 17 1
0 41 46 45 19 21 17 1
0 41 44 47 19 14 22 1
0 41 47 46 19 22 21 1
0 45 46 48 17 21 23 1
0 45 48 49 17 23 17 1
0 46 47 48 21 22 23 1
0 47 50 48 22 10 23 1
0 49 48 51 17 23 17 1
0 48 52 51 23 24 17 1
0 48 50 53 23 10 25 1
0 48 53 52 23 25 24 1
0 54 55 56 17 26 27 1
0 54 56 57 17 27 17 1
0 55 58 56 26 28 27 1
0 58 59 56 28 29 27 1
0 57 56 60 17 27 17 1
0 56 61 60 27 21 17 1
0 56 59 62 27 29 22 1
0 56 62 61 27 22 21 1
0 60 61 63 17 21 23 1
0 60 63 64 17 23 17 1
0 61 62 63 21 22 23 1
0 62 65 63 22 10 23 1
0 64 63 66 17 23 17 1
0 63 67 66 23 24 17 1
0 63 65 68 23 10 25 1
0 63 68 67 23 25 24 1
0 69 70 71 30 31 6 1
0 72 69 71 6 30 6 1
0 69 73 70 30 20 31 1
0 69 74 73 30 14 20 1
0 75 69 72 6 30 6 1
0 75 76 69 6 32 30 1
0 77 74 69 22 14 30 1
0 76 77 69 32 22 30 1
0 78 76 75 33 32 6 1
0 79 78 75 6 33 6 1
0 78 77 76 33 22 32 1
0 78 80 77 33 10 22 1
0 81 78 79 6 33 6 1
0 81 82 78 6 34 33 1
0 83 80 78 25 10 33 1
0 82 83 78 34 25 33 1
0 84 85 86 35 36 6 1
0 87 84 86 6 35 6 1
0 84 88 85 35 28 36 1
0 84 89 88 35 29 28 1
0 90 84 87 6 35 6 1
0 90 91 84 6 32 35 1
0 92 89 84 22 29 35 1
0 91 92 84 32 22 35 1
0 93 91 90 33 32 6 1
0 94 93 90 6 33 6 1
0 93 92 91 33 22 32 1
0 93 95 92 33 10 22 1
0 96 93 94 6 33 6 1
0 96 97 93 6 34 33 1
0 98 95 93 25 10 33 1
0 97 98 93 34 25 33 1
0 99 100 101 37 38 17 1
0 102 99 101 17 37 17 1
0 99 103 100 37 9 38 1
0 99 104 103 37 10 9 1
0 105 99 102 17 37 17 1
0 105 106 99 17 39 37 1
0 107 104 99 12 10 37 1
0 106 107 99 39 12 37 1
0 108 106 105 40 39 17 1
0 109 108 105 17 40 17 1
0 108 107 106 40 12 39 1
0 108 110 107 40 14 12 1
0 111 108 109 17 40 17 1
0 111 112 108 17 41 40 1
0 113 110 108 16 14 40 1
0 112 113 108 41 16 40 1
0 114 115 116 42 42 42 2
0 117 118 119 43 43 43 2
0 114 117 115 44 45 46 1
0 117 119 115 45 47 46 1
0 115 120 116 42 42 42 2
0 119 118 121 43 43 43 2
0 115 119 121 46 47 48 1
0 115 121 120 46 48 49 1
0 120 122 116 42 42 42 2
0 121 118 123 43 43 43 2
0 120 121 122 49 48 50 1
0 121 123 122 48 51 50 1
0 122 124 116 42 42 42 2
0 123 118 125 43 43 43 2
0 122 123 125 50 51 52 1
0 122 125 124 50 52 53 1
0 124 126 116 42 42 42 2
0 125 118 127 43 43 43 2
0 124 125 126 53 52 54 1
0 125 127 126 52 55 54 1
0 126 128 116 42 42 42 2
0 127 118 129 43 43 43 2
0 126 127 129 54 55 56 1
0 126 129 128 54 56 57 1
0 128 130 116 42 42 42 2
0 129 118 131 43 43 43 2
0 128 129 130 57 56 58 1
0 129 131 130 56 59 58 1
0 130 114 116 42 42 42 2
0 131 118 117 43 43 43 2
0 130 131 117 58 59 45 1
0 130 117 114 58 45 44 1
0 132 133 134 42 42 42 2
0 135 136 137 43 43 43 2
0 133 137 134 60 61 62 1
0 133 135 137 60 63 61 1
0 132 138 133 42 42 42 2
0 139 136 135 43 43 43 2
0 139 135 133 64 63 60 1
0 138 139 133 65 64 60 1
0 132 140 138 42 42 42 2
0 141 136 139 43 43 43 2
0 140 139 138 66 64 65 1
0 140 141 139 66 67 64 1
0 132 142 140 42 42 42 2
0 143 136 141 43 43 43 2
0 143 141 140 68 67 66 1
0 142 143 140 69 68 66 1
0 132 144 142 42 42 42 2
0 145 136 143 43 43 43 2
0 144 143 142 70 68 69 1
0 144 145 143 70 71 68 1
0 132 146 144 42 42 42 2
0 147 136 145 43 43 43 2
0 147 145 144 72 71 70 1
0 146 147 144 73 72 70 1
0 132 148 146 42 42 42 2
0 149 136 147 43 43 43 2
0 148 147 146 74 72 73 1
0 148 149 147 74 75 72 1
0 132 134 148 42 42 42 2
0 137 136 149 43 43 43 2
0 137 149 148 61 75 74 1
0 134 137 148 62 61 74 1

Materials: 1
"Material01"
0.325490 0.325490 0.325490 1.000000
0.341176 0.341176 0.341176 1.000000
0.490196 0.490196 0.490196 1.000000
0.082353 0.082353 0.082353 1.000000
16.000000
1.000000
"..\L6\XTank.tga"
""

Bones: 0
GroupComments: 0
MaterialComments: 0
BoneComments: 0
ModelComment: 0
