// MilkShape 3D ASCII

Frames: 52
Frame: 1

Meshes: 2
"Header" 0 0
20
0 -14.980270 108.595184 14.237787 0.375412 0.104010 -1
0 -51.529247 74.300186 39.716457 0.375412 0.221804 -1
0 19.980270 108.595184 14.237787 0.485364 0.104010 -1
0 56.529251 74.300186 39.716457 0.485364 0.221804 -1
0 19.980270 108.595184 14.237787 0.375412 0.104010 -1
0 56.529251 74.300186 39.716457 0.375412 0.221804 -1
0 19.980270 108.595184 -14.237787 0.485364 0.104010 -1
0 56.529251 74.300186 -39.716457 0.485364 0.221804 -1
0 19.980270 108.595184 -14.237787 0.375412 0.104010 -1
0 56.529251 74.300186 -39.716457 0.375412 0.221804 -1
0 -14.980270 108.595184 -14.237787 0.485364 0.104010 -1
0 -51.529247 74.300186 -39.716457 0.485364 0.221804 -1
0 -14.980270 108.595184 -14.237787 0.375412 0.104010 -1
0 -51.529247 74.300186 -39.716457 0.375412 0.221804 -1
0 -14.980270 108.595184 14.237787 0.485364 0.104010 -1
0 -51.529247 74.300186 39.716457 0.485364 0.221804 -1
0 -14.980270 108.595184 14.237787 0.375412 0.221804 -1
0 19.980270 108.595184 14.237787 0.485364 0.221804 -1
0 -51.529247 74.300186 39.716457 0.375412 0.104010 -1
0 56.529251 74.300186 39.716457 0.485364 0.104010 -1
6
0.000000 0.596360 0.802717
0.684263 0.729235 0.000000
0.000000 0.596360 -0.802717
-0.684263 0.729235 0.000000
0.000000 1.000000 0.000000
0.000000 -1.000000 0.000000
12
0 0 1 2 0 0 0 1
0 1 3 2 0 0 0 1
0 4 5 6 1 1 1 2
0 5 7 6 1 1 1 2
0 8 9 10 2 2 2 1
0 9 11 10 2 2 2 1
0 12 13 14 3 3 3 2
0 13 15 14 3 3 3 2
0 12 16 6 4 4 4 3
0 16 17 6 4 4 4 3
0 18 13 19 5 5 5 3
0 13 7 19 5 5 5 3
"Po" 0 0
31
0 72.499985 93.947670 0.000000 0.991730 0.320753 -1
0 72.499985 92.065125 3.909158 0.991730 0.320753 -1
0 72.499985 88.947670 0.000000 0.991730 0.320753 -1
0 3.499977 93.947670 0.000000 0.991730 0.320753 -1
0 3.499977 88.947670 0.000000 0.991730 0.320753 -1
0 3.499977 92.065117 3.909158 0.991730 0.320753 -1
0 72.499985 93.947670 0.000000 0.468456 0.320753 -1
0 72.499985 92.065125 3.909158 0.468456 0.335969 -1
0 3.499977 92.065117 3.909158 0.991730 0.335969 -1
0 72.499985 87.835068 4.874640 0.991730 0.320753 -1
0 3.499977 87.835068 4.874640 0.991730 0.320753 -1
0 3.499977 87.835068 4.874640 0.991730 0.351186 -1
0 72.499985 87.835068 4.874640 0.468456 0.351186 -1
0 72.499985 84.442825 2.169419 0.991730 0.320753 -1
0 3.499977 84.442825 2.169419 0.991730 0.320753 -1
0 72.499985 84.442825 2.169419 0.468456 0.366402 -1
0 3.499977 84.442825 2.169419 0.991730 0.366402 -1
0 72.499985 84.442825 -2.169419 0.991730 0.320753 -1
0 3.499977 84.442825 -2.169419 0.991730 0.320753 -1
0 3.499977 84.442825 -2.169419 0.991730 0.381619 -1
0 72.499985 84.442825 -2.169419 0.468456 0.381619 -1
0 72.499985 87.835068 -4.874640 0.991730 0.320753 -1
0 3.499977 87.835068 -4.874640 0.991730 0.320753 -1
0 72.499985 87.835068 -4.874640 0.468456 0.396836 -1
0 3.499977 87.835068 -4.874640 0.991730 0.396836 -1
0 72.499985 92.065125 -3.909158 0.991730 0.320753 -1
0 3.499977 92.065117 -3.909158 0.991730 0.320753 -1
0 3.499977 92.065117 -3.909158 0.991730 0.412052 -1
0 72.499985 92.065125 -3.909158 0.468456 0.412052 -1
0 72.499985 93.947670 0.000000 0.468456 0.427269 -1
0 3.499977 93.947670 0.000000 0.991730 0.427269 -1
16
1.000000 0.000000 0.000000
-1.000000 0.000000 0.000000
0.000000 0.900969 0.433883
-0.000000 0.900969 0.433883
-0.000000 0.623490 0.781831
-0.000000 0.623490 0.781832
-0.000000 -0.222521 0.974928
0.000000 -0.222521 0.974928
0.000000 -0.900969 0.433884
0.000000 -0.900969 -0.433884
-0.000000 -0.222521 -0.974928
0.000000 -0.222521 -0.974928
-0.000000 0.623490 -0.781831
-0.000000 0.623490 -0.781831
-0.000000 0.900969 -0.433883
0.000000 0.900969 -0.433884
28
0 0 1 2 0 0 0 2
0 3 4 5 1 1 1 2
0 6 3 7 2 3 4 1
0 3 8 7 3 5 4 1
0 1 9 2 0 0 0 2
0 5 4 10 1 1 1 2
0 7 8 11 4 5 6 1
0 7 11 12 4 6 7 1
0 9 13 2 0 0 0 2
0 10 4 14 1 1 1 2
0 12 11 15 7 6 8 1
0 11 16 15 6 8 8 1
0 13 17 2 0 0 0 2
0 14 4 18 1 1 1 2
0 15 16 19 8 8 9 1
0 15 19 20 8 9 9 1
0 17 21 2 0 0 0 2
0 18 4 22 1 1 1 2
0 20 19 23 9 9 10 1
0 19 24 23 9 11 10 1
0 21 25 2 0 0 0 2
0 22 4 26 1 1 1 2
0 23 24 27 10 11 12 1
0 23 27 28 10 12 13 1
0 25 0 2 0 0 0 2
0 26 4 3 1 1 1 2
0 28 27 29 13 12 14 1
0 27 30 29 12 15 14 1

Materials: 1
"Material01"
0.325490 0.325490 0.325490 1.000000
0.341176 0.341176 0.341176 1.000000
0.490196 0.490196 0.490196 1.000000
0.082353 0.082353 0.082353 1.000000
16.000000
1.000000
"..\L6\XTank.tga"
""

Bones: 0
GroupComments: 0
MaterialComments: 0
BoneComments: 0
ModelComment: 0
