// MilkShape 3D ASCII

Frames: 52
Frame: 1

Meshes: 1
"Body" 0 0
204
0 -50.000000 94.000000 53.089329 0.920836 0.526480 -1
0 -79.166664 12.000000 51.349388 0.986166 0.975078 -1
0 83.000000 71.000000 53.089329 0.622930 0.652306 -1
0 79.166664 12.000000 51.349388 0.631516 0.975078 -1
0 83.000000 71.000000 53.089329 0.559413 0.526049 -1
0 79.166664 12.000000 51.349388 0.207300 0.533757 -1
0 83.000000 71.000000 -53.089344 0.559413 0.996454 -1
0 79.166664 12.000000 -51.349403 0.207300 0.988745 -1
0 83.000000 71.000000 -53.089344 0.621730 0.652306 -1
0 79.166664 12.000000 -51.349403 0.630316 0.975078 -1
0 -50.000000 94.000000 -53.089344 0.919636 0.526480 -1
0 -79.166664 12.000000 -51.349403 0.984966 0.975078 -1
0 -50.000000 94.000000 -53.089344 0.989799 0.023832 -1
0 -79.166664 12.000000 -51.349403 0.676419 0.031106 -1
0 -50.000000 94.000000 53.089329 0.989799 0.467757 -1
0 -79.166664 12.000000 51.349388 0.676419 0.460483 -1
0 -50.000000 94.000000 -53.089344 0.354104 0.036364 -1
0 -50.000000 94.000000 53.089329 0.354104 0.472501 -1
0 83.000000 71.000000 -53.089344 0.661322 0.036364 -1
0 83.000000 71.000000 53.089329 0.661322 0.472501 -1
0 -79.166664 12.000000 51.349388 0.573172 0.068536 -1
0 -79.166664 12.000000 -51.349403 0.573172 0.453271 -1
0 79.166664 12.000000 51.349388 0.630390 0.068536 -1
0 79.166664 12.000000 -51.349403 0.630390 0.453271 -1
0 -79.773788 24.000000 -66.000000 0.936826 0.205391 -1
0 -91.259048 24.000000 -66.000000 0.958237 0.205391 -1
0 -84.885971 39.385963 -66.000000 0.946356 0.111574 -1
0 -76.764671 31.264660 -66.000000 0.931217 0.161095 -1
0 -91.259048 24.000000 -66.000000 0.893312 0.388909 -1
0 -91.259048 24.000000 -48.000000 0.939710 0.388909 -1
0 -84.885971 39.385963 -66.000000 0.893312 0.295092 -1
0 -84.885971 39.385963 -48.000000 0.939710 0.295092 -1
0 -69.500000 34.273788 -66.000000 0.917674 0.142746 -1
0 -69.500000 45.759052 -66.000000 0.917674 0.072714 -1
0 -84.885971 39.385963 -66.000000 0.888937 0.296990 -1
0 -84.885971 39.385963 -48.000000 0.888937 0.365172 -1
0 -69.500000 45.759052 -48.000000 0.917619 0.365172 -1
0 -69.500000 45.759052 -66.000000 0.917619 0.296990 -1
0 -54.114040 39.385963 -66.000000 0.888991 0.111574 -1
0 -62.235348 31.264660 -66.000000 0.904131 0.161095 -1
0 -54.114040 39.385963 -66.000000 0.946302 0.296990 -1
0 -54.114040 39.385963 -48.000000 0.946302 0.365172 -1
0 -59.226223 24.000000 -66.000000 0.898521 0.205391 -1
0 -47.740955 24.000000 -66.000000 0.877110 0.205391 -1
0 -54.114040 39.385963 -66.000000 0.938767 0.295035 -1
0 -54.114040 39.385963 -48.000000 0.892369 0.295035 -1
0 -47.740955 24.000000 -48.000000 0.892369 0.388852 -1
0 -47.740955 24.000000 -66.000000 0.938767 0.388852 -1
0 79.773788 24.000000 66.000000 0.900973 0.208990 -1
0 91.259048 24.000000 66.000000 0.879563 0.208990 -1
0 84.885971 39.385963 66.000000 0.891443 0.115173 -1
0 76.764671 31.264660 66.000000 0.906583 0.164693 -1
0 91.259048 24.000000 66.000000 0.892530 0.387295 -1
0 91.259048 24.000000 48.000000 0.938928 0.387295 -1
0 84.885971 39.385963 66.000000 0.892530 0.293478 -1
0 84.885971 39.385963 48.000000 0.938928 0.293478 -1
0 69.500000 34.273788 66.000000 0.920126 0.146345 -1
0 69.500000 45.759052 66.000000 0.920126 0.076313 -1
0 84.885971 39.385963 66.000000 0.948384 0.367084 -1
0 84.885971 39.385963 48.000000 0.948384 0.298902 -1
0 69.500000 45.759052 48.000000 0.919701 0.298902 -1
0 69.500000 45.759052 66.000000 0.919701 0.367084 -1
0 54.114040 39.385963 66.000000 0.948808 0.115173 -1
0 62.235348 31.264660 66.000000 0.933669 0.164693 -1
0 54.114040 39.385963 66.000000 0.891019 0.367084 -1
0 54.114040 39.385963 48.000000 0.891019 0.298902 -1
0 59.226223 24.000000 66.000000 0.939278 0.208990 -1
0 47.740955 24.000000 66.000000 0.960689 0.208990 -1
0 54.114040 39.385963 66.000000 0.939548 0.291977 -1
0 54.114040 39.385963 48.000000 0.893151 0.291977 -1
0 47.740955 24.000000 48.000000 0.893151 0.385794 -1
0 47.740955 24.000000 66.000000 0.939548 0.385794 -1
0 84.885971 39.385963 -66.000000 0.890444 0.115173 -1
0 91.259048 24.000000 -66.000000 0.878564 0.208990 -1
0 79.773788 24.000000 -66.000000 0.899974 0.208990 -1
0 76.764671 31.264660 -66.000000 0.905584 0.164693 -1
0 84.885971 39.385963 -66.000000 0.938767 0.295035 -1
0 91.259048 24.000000 -48.000000 0.892369 0.388852 -1
0 91.259048 24.000000 -66.000000 0.938767 0.388852 -1
0 84.885971 39.385963 -48.000000 0.892369 0.295035 -1
0 69.500000 34.273788 -66.000000 0.919127 0.146345 -1
0 69.500000 45.759052 -66.000000 0.919127 0.076313 -1
0 69.500000 45.759052 -48.000000 0.917941 0.365172 -1
0 84.885971 39.385963 -48.000000 0.946623 0.365172 -1
0 84.885971 39.385963 -66.000000 0.946623 0.296990 -1
0 69.500000 45.759052 -66.000000 0.917941 0.296990 -1
0 54.114040 39.385963 -66.000000 0.947810 0.115173 -1
0 62.235348 31.264660 -66.000000 0.932670 0.164693 -1
0 54.114040 39.385963 -66.000000 0.889258 0.296990 -1
0 54.114040 39.385963 -48.000000 0.889258 0.365172 -1
0 59.226223 24.000000 -66.000000 0.938279 0.208990 -1
0 47.740955 24.000000 -66.000000 0.959690 0.208990 -1
0 47.740955 24.000000 -48.000000 0.939710 0.388909 -1
0 54.114040 39.385963 -48.000000 0.939710 0.295092 -1
0 54.114040 39.385963 -66.000000 0.893312 0.295092 -1
0 47.740955 24.000000 -66.000000 0.893312 0.388909 -1
0 -84.885971 39.385963 66.000000 0.947355 0.111574 -1
0 -91.259048 24.000000 66.000000 0.959236 0.205391 -1
0 -79.773788 24.000000 66.000000 0.937825 0.205391 -1
0 -76.764671 31.264660 66.000000 0.932216 0.161094 -1
0 -84.885971 39.385963 66.000000 0.939548 0.291977 -1
0 -91.259048 24.000000 48.000000 0.893151 0.385794 -1
0 -91.259048 24.000000 66.000000 0.939548 0.385794 -1
0 -84.885971 39.385963 48.000000 0.893151 0.291977 -1
0 -69.500000 34.273788 66.000000 0.918673 0.142746 -1
0 -69.500000 45.759052 66.000000 0.918673 0.072714 -1
0 -69.500000 45.759052 48.000000 0.918499 0.300460 -1
0 -84.885971 39.385963 48.000000 0.889817 0.300460 -1
0 -84.885971 39.385963 66.000000 0.889817 0.368641 -1
0 -69.500000 45.759052 66.000000 0.918499 0.368641 -1
0 -54.114040 39.385963 66.000000 0.889990 0.111574 -1
0 -62.235348 31.264660 66.000000 0.905130 0.161094 -1
0 -54.114040 39.385963 66.000000 0.947182 0.368641 -1
0 -54.114040 39.385963 48.000000 0.947182 0.300460 -1
0 -59.226223 24.000000 66.000000 0.899520 0.205391 -1
0 -47.740955 24.000000 66.000000 0.878109 0.205391 -1
0 -47.740955 24.000000 48.000000 0.938928 0.387295 -1
0 -54.114040 39.385963 48.000000 0.938928 0.293478 -1
0 -54.114040 39.385963 66.000000 0.892530 0.293478 -1
0 -47.740955 24.000000 66.000000 0.892530 0.387295 -1
0 86.499985 53.275185 19.500000 0.200748 0.583517 -1
0 86.499985 49.518089 28.138515 0.189725 0.542301 -1
0 86.499985 40.447655 19.500000 0.163112 0.583517 -1
0 74.499985 47.947655 19.500000 0.808418 0.587661 -1
0 74.499985 40.447655 19.500000 0.808418 0.633392 -1
0 74.499985 45.750954 24.803299 0.822088 0.601055 -1
0 86.499985 53.275185 19.500000 0.924457 0.334142 -1
0 74.499985 47.947655 19.500000 0.902086 0.334142 -1
0 86.499985 49.518089 28.138515 0.924457 0.366864 -1
0 74.499985 45.750954 24.803299 0.902086 0.354230 -1
0 86.499985 40.447655 31.716705 0.163112 0.525228 -1
0 74.499985 40.447655 27.000000 0.827750 0.633392 -1
0 86.499985 49.518089 28.138515 0.888434 0.053392 -1
0 74.499985 45.750954 24.803299 0.910805 0.076362 -1
0 74.499985 40.447655 27.000000 0.910805 0.108700 -1
0 86.499985 40.447655 31.716705 0.888434 0.108700 -1
0 86.499985 31.377220 28.138515 0.136500 0.542301 -1
0 74.499985 35.144356 24.803299 0.822088 0.665729 -1
0 86.499985 31.377220 28.138515 0.888434 0.164007 -1
0 74.499985 35.144356 24.803299 0.910805 0.141037 -1
0 86.499985 27.620125 19.500000 0.125477 0.583517 -1
0 74.499985 32.947655 19.500000 0.808418 0.679124 -1
0 86.499985 31.377220 28.138515 0.924687 0.303078 -1
0 74.499985 35.144356 24.803299 0.902317 0.315712 -1
0 74.499985 32.947655 19.500000 0.902317 0.335800 -1
0 86.499985 27.620125 19.500000 0.924687 0.335800 -1
0 86.499985 31.377220 10.861492 0.136500 0.624734 -1
0 74.499985 35.144356 14.196701 0.794748 0.665729 -1
0 86.499985 31.377220 10.861492 0.924687 0.368522 -1
0 74.499985 35.144356 14.196701 0.902317 0.355888 -1
0 86.499985 40.447655 7.283302 0.163112 0.641807 -1
0 74.499985 40.447655 12.000000 0.789086 0.633392 -1
0 86.499985 31.377220 10.861492 0.887435 0.164007 -1
0 74.499985 35.144356 14.196701 0.909806 0.141037 -1
0 74.499985 40.447655 12.000000 0.909806 0.108700 -1
0 86.499985 40.447655 7.283302 0.887435 0.108700 -1
0 86.499985 49.518089 10.861492 0.189725 0.624734 -1
0 74.499985 45.750954 14.196701 0.794748 0.601055 -1
0 86.499985 49.518089 10.861492 0.887435 0.053392 -1
0 74.499985 45.750954 14.196701 0.909806 0.076363 -1
0 86.499985 49.518089 10.861492 0.924457 0.301421 -1
0 74.499985 45.750954 14.196701 0.902086 0.314054 -1
0 86.499985 40.447655 -19.500000 0.162680 0.581716 -1
0 86.499985 49.518089 -28.138515 0.189292 0.622933 -1
0 86.499985 53.275185 -19.500000 0.200315 0.581716 -1
0 74.499985 45.750954 -24.803299 0.793691 0.602613 -1
0 74.499985 40.447655 -19.500000 0.807361 0.634950 -1
0 74.499985 47.947655 -19.500000 0.807361 0.589218 -1
0 86.499985 49.518089 -28.138515 0.923577 0.301669 -1
0 74.499985 47.947655 -19.500000 0.901206 0.334390 -1
0 86.499985 53.275185 -19.500000 0.923577 0.334390 -1
0 74.499985 45.750954 -24.803299 0.901206 0.314302 -1
0 86.499985 40.447655 -31.716705 0.162680 0.640006 -1
0 74.499985 40.447655 -27.000000 0.788029 0.634950 -1
0 74.499985 40.447655 -27.000000 0.909806 0.108700 -1
0 74.499985 45.750954 -24.803299 0.909806 0.076363 -1
0 86.499985 49.518089 -28.138515 0.887435 0.053392 -1
0 86.499985 40.447655 -31.716705 0.887435 0.108700 -1
0 86.499985 31.377220 -28.138515 0.136067 0.622933 -1
0 74.499985 35.144356 -24.803299 0.793691 0.667287 -1
0 86.499985 31.377220 -28.138515 0.887435 0.164007 -1
0 74.499985 35.144356 -24.803299 0.909806 0.141037 -1
0 86.499985 27.620125 -19.500000 0.125044 0.581716 -1
0 74.499985 32.947655 -19.500000 0.807361 0.680682 -1
0 74.499985 32.947655 -19.500000 0.902317 0.333995 -1
0 74.499985 35.144356 -24.803299 0.902317 0.354083 -1
0 86.499985 31.377220 -28.138515 0.924687 0.366716 -1
0 86.499985 27.620125 -19.500000 0.924687 0.333995 -1
0 86.499985 31.377220 -10.861492 0.136067 0.540499 -1
0 74.499985 35.144356 -14.196701 0.821031 0.667287 -1
0 86.499985 31.377220 -10.861492 0.924687 0.301273 -1
0 74.499985 35.144356 -14.196701 0.902317 0.313906 -1
0 86.499985 40.447655 -7.283302 0.162680 0.523427 -1
0 74.499985 40.447655 -12.000000 0.826694 0.634950 -1
0 74.499985 40.447655 -12.000000 0.910805 0.108700 -1
0 74.499985 35.144356 -14.196701 0.910805 0.141037 -1
0 86.499985 31.377220 -10.861492 0.888434 0.164007 -1
0 86.499985 40.447655 -7.283302 0.888434 0.108700 -1
0 86.499985 49.518089 -10.861492 0.189292 0.540499 -1
0 74.499985 45.750954 -14.196701 0.821031 0.602613 -1
0 86.499985 49.518089 -10.861492 0.888434 0.053392 -1
0 74.499985 45.750954 -14.196701 0.910805 0.076362 -1
0 74.499985 45.750954 -14.196701 0.901206 0.354478 -1
0 86.499985 49.518089 -10.861492 0.923577 0.367112 -1
72
-0.003456 -0.019985 0.999794
-0.001728 -0.024732 0.999693
0.000000 -0.029478 0.999565
0.997896 -0.064835 0.000000
-0.005041 -0.029150 -0.999562
-0.002521 -0.025182 -0.999680
0.000000 -0.021214 -0.999775
-0.942174 0.335123 0.000000
0.170403 0.985374 0.000000
0.000000 -1.000000 0.000000
0.000000 0.000000 -1.000000
-0.923879 0.382684 0.000000
-0.382684 0.923879 0.000000
0.000000 1.000000 0.000000
0.382684 0.923879 0.000000
0.923879 0.382684 0.000000
0.000000 0.000000 1.000000
0.923879 0.382684 0.000000
0.382684 0.923879 0.000000
-0.000000 1.000000 0.000000
-0.382684 0.923879 0.000000
-0.923879 0.382684 0.000000
1.000000 0.000000 0.000000
-1.000000 0.000000 0.000000
-0.405769 0.913976 -0.000000
-0.400022 0.916505 -0.000000
-0.372800 0.854136 0.362590
-0.368498 0.858865 0.355754
-0.348062 0.351387 0.869126
-0.352693 0.358092 0.864510
-0.371770 0.000000 0.928325
-0.365815 0.000000 0.930688
-0.348062 -0.351387 0.869126
-0.352693 -0.358092 0.864510
-0.372800 -0.854136 0.362590
-0.368498 -0.858865 0.355754
-0.400022 -0.916505 -0.000000
-0.405769 -0.913976 -0.000000
-0.372800 -0.854136 -0.362590
-0.368498 -0.858865 -0.355754
-0.348062 -0.351387 -0.869126
-0.352692 -0.358092 -0.864510
-0.371770 -0.000000 -0.928325
-0.365814 0.000000 -0.930688
-0.348062 0.351387 -0.869126
-0.352692 0.358092 -0.864510
-0.372800 0.854136 -0.362590
-0.368498 0.858865 -0.355754
-0.372800 0.854136 -0.362590
-0.400022 0.916505 0.000000
-0.405769 0.913976 0.000000
-0.368498 0.858865 -0.355754
-0.371770 0.000000 -0.928325
-0.352693 0.358092 -0.864510
-0.348062 0.351387 -0.869126
-0.365815 0.000000 -0.930688
-0.348062 -0.351387 -0.869126
-0.352693 -0.358092 -0.864510
-0.400022 -0.916505 0.000000
-0.368498 -0.858865 -0.355754
-0.372800 -0.854136 -0.362590
-0.405769 -0.913976 0.000000
-0.372800 -0.854136 0.362590
-0.368498 -0.858865 0.355754
-0.371770 -0.000000 0.928325
-0.352692 -0.358092 0.864510
-0.348062 -0.351387 0.869126
-0.365814 0.000000 0.930688
-0.348062 0.351387 0.869126
-0.352692 0.358092 0.864510
-0.368498 0.858865 0.355754
-0.372800 0.854136 0.362590
140
0 0 1 2 0 1 1 1
0 1 3 2 1 2 1 1
0 4 5 6 3 3 3 2
0 5 7 6 3 3 3 2
0 8 9 10 4 5 5 1
0 9 11 10 5 6 5 1
0 12 13 14 7 7 7 2
0 13 15 14 7 7 7 2
0 16 17 18 8 8 8 3
0 17 19 18 8 8 8 3
0 20 21 22 9 9 9 3
0 21 23 22 9 9 9 3
0 24 25 26 10 10 10 1
0 24 26 27 10 10 10 1
0 28 29 30 11 11 11 1
0 29 31 30 11 11 11 1
0 27 26 32 10 10 10 1
0 26 33 32 10 10 10 1
0 34 35 36 12 12 13 1
0 34 36 37 12 13 13 1
0 32 33 38 10 10 10 1
0 32 38 39 10 10 10 1
0 37 36 40 13 13 14 1
0 36 41 40 13 14 14 1
0 39 38 42 10 10 10 1
0 38 43 42 10 10 10 1
0 44 45 46 15 15 15 1
0 44 46 47 15 15 15 1
0 48 49 50 16 16 16 1
0 48 50 51 16 16 16 1
0 52 53 54 17 17 17 1
0 53 55 54 17 17 17 1
0 51 50 56 16 16 16 1
0 50 57 56 16 16 16 1
0 58 59 60 18 18 19 1
0 58 60 61 18 19 19 1
0 56 57 62 16 16 16 1
0 56 62 63 16 16 16 1
0 61 60 64 19 19 20 1
0 60 65 64 19 20 20 1
0 63 62 66 16 16 16 1
0 62 67 66 16 16 16 1
0 68 69 70 21 21 21 1
0 68 70 71 21 21 21 1
0 72 73 74 10 10 10 1
0 75 72 74 10 10 10 1
0 76 77 78 17 17 17 1
0 76 79 77 17 17 17 1
0 80 72 75 10 10 10 1
0 80 81 72 10 10 10 1
0 82 83 84 19 18 18 1
0 85 82 84 19 19 18 1
0 86 81 80 10 10 10 1
0 87 86 80 10 10 10 1
0 88 82 85 20 19 19 1
0 88 89 82 20 20 19 1
0 90 86 87 10 10 10 1
0 90 91 86 10 10 10 1
0 92 93 94 21 21 21 1
0 95 92 94 21 21 21 1
0 96 97 98 16 16 16 1
0 99 96 98 16 16 16 1
0 100 101 102 11 11 11 1
0 100 103 101 11 11 11 1
0 104 96 99 16 16 16 1
0 104 105 96 16 16 16 1
0 106 107 108 13 12 12 1
0 109 106 108 13 13 12 1
0 110 105 104 16 16 16 1
0 111 110 104 16 16 16 1
0 112 106 109 14 13 13 1
0 112 113 106 14 14 13 1
0 114 110 111 16 16 16 1
0 114 115 110 16 16 16 1
0 116 117 118 15 15 15 1
0 119 116 118 15 15 15 1
0 120 121 122 22 22 22 2
0 123 124 125 23 23 23 2
0 126 127 128 24 25 26 1
0 127 129 128 25 27 26 1
0 121 130 122 22 22 22 2
0 125 124 131 23 23 23 2
0 132 133 134 28 29 30 1
0 132 134 135 28 30 31 1
0 130 136 122 22 22 22 2
0 131 124 137 23 23 23 2
0 135 134 138 31 30 32 1
0 134 139 138 30 33 32 1
0 136 140 122 22 22 22 2
0 137 124 141 23 23 23 2
0 142 143 144 34 35 36 1
0 142 144 145 34 36 37 1
0 140 146 122 22 22 22 2
0 141 124 147 23 23 23 2
0 145 144 148 37 36 38 1
0 144 149 148 36 39 38 1
0 146 150 122 22 22 22 2
0 147 124 151 23 23 23 2
0 152 153 154 40 41 42 1
0 152 154 155 40 42 43 1
0 150 156 122 22 22 22 2
0 151 124 157 23 23 23 2
0 155 154 158 43 42 44 1
0 154 159 158 42 45 44 1
0 156 120 122 22 22 22 2
0 157 124 123 23 23 23 2
0 160 161 127 46 47 25 1
0 160 127 126 46 25 24 1
0 162 163 164 22 22 22 2
0 165 166 167 23 23 23 2
0 168 169 170 48 49 50 1
0 168 171 169 48 51 49 1
0 162 172 163 22 22 22 2
0 173 166 165 23 23 23 2
0 174 175 176 52 53 54 1
0 177 174 176 55 52 54 1
0 162 178 172 22 22 22 2
0 179 166 173 23 23 23 2
0 180 174 177 56 52 55 1
0 180 181 174 56 57 52 1
0 162 182 178 22 22 22 2
0 183 166 179 23 23 23 2
0 184 185 186 58 59 60 1
0 187 184 186 61 58 60 1
0 162 188 182 22 22 22 2
0 189 166 183 23 23 23 2
0 190 184 187 62 58 61 1
0 190 191 184 62 63 58 1
0 162 192 188 22 22 22 2
0 193 166 189 23 23 23 2
0 194 195 196 64 65 66 1
0 197 194 196 67 64 66 1
0 162 198 192 22 22 22 2
0 199 166 193 23 23 23 2
0 200 194 197 68 64 67 1
0 200 201 194 68 69 64 1
0 162 164 198 22 22 22 2
0 167 166 199 23 23 23 2
0 169 202 203 49 70 71 1
0 170 169 203 50 49 71 1

Materials: 1
"Material01"
0.200000 0.200000 0.200000 1.000000
0.800000 0.800000 0.800000 1.000000
0.000000 0.000000 0.000000 1.000000
0.000000 0.000000 0.000000 1.000000
0.000000
1.000000
"Ambulance.tga"
""

Bones: 0
GroupComments: 0
MaterialComments: 0
BoneComments: 0
ModelComment: 0
