// MilkShape 3D ASCII

Frames: 52
Frame: 1

Meshes: 1
"Sphere01" 0 0
17
0 9.000000 105.000000 0.000000 0.785347 0.912461 -1
0 23.000000 96.798988 13.999999 0.810636 0.945376 -1
0 28.798990 96.798988 0.000000 0.821110 0.912461 -1
0 9.000000 96.798988 19.798990 0.785347 0.959010 -1
0 -4.999999 96.798988 13.999999 0.760059 0.945376 -1
0 -10.798990 96.798988 0.000000 0.749584 0.912461 -1
0 -4.999999 96.798988 -13.999999 0.760059 0.879545 -1
0 9.000000 96.798988 -19.798990 0.785347 0.865911 -1
0 23.000000 96.798988 -13.999999 0.810636 0.879545 -1
0 37.000000 77.000000 0.000000 0.835924 0.912461 -1
0 28.798990 77.000000 19.798990 0.821110 0.959010 -1
0 9.000000 77.000000 28.000000 0.785347 0.978292 -1
0 -10.798990 77.000000 19.798990 0.749584 0.959010 -1
0 -19.000000 77.000000 0.000000 0.734770 0.912461 -1
0 -10.798990 77.000000 -19.798990 0.749584 0.865911 -1
0 9.000000 77.000000 -28.000000 0.785347 0.846630 -1
0 28.798990 77.000000 -19.798990 0.821110 0.865911 -1
17
0.000000 1.000000 0.000000
0.494177 0.715247 0.494177
0.790970 0.611855 0.000000
-0.000000 0.611855 0.790970
-0.494177 0.715247 0.494177
-0.790970 0.611855 -0.000000
-0.494177 0.715247 -0.494177
0.000000 0.611855 -0.790970
0.494177 0.715247 -0.494177
0.923880 0.382683 0.000000
0.653281 0.382683 0.653281
0.000000 0.382683 0.923880
-0.653281 0.382683 0.653281
-0.923880 0.382683 0.000000
-0.653281 0.382683 -0.653281
0.000000 0.382683 -0.923880
0.653281 0.382683 -0.653281
24
0 0 1 2 0 1 2 1
0 0 3 1 0 3 1 1
0 0 4 3 0 4 3 1
0 0 5 4 0 5 4 1
0 0 6 5 0 6 5 1
0 0 7 6 0 7 6 1
0 0 8 7 0 8 7 1
0 0 2 8 0 2 8 1
0 9 2 10 9 2 10 1
0 2 1 10 2 1 10 1
0 10 1 3 10 1 3 1
0 10 3 11 10 3 11 1
0 11 3 12 11 3 12 1
0 3 4 12 3 4 12 1
0 12 4 5 12 4 5 1
0 12 5 13 12 5 13 1
0 13 5 14 13 5 14 1
0 5 6 14 5 6 14 1
0 14 6 7 14 6 7 1
0 14 7 15 14 7 15 1
0 15 7 16 15 7 16 1
0 7 8 16 7 8 16 1
0 16 8 2 16 8 2 1
0 16 2 9 16 2 9 1

Materials: 1
"Material01"
0.200000 0.200000 0.200000 1.000000
0.800000 0.800000 0.800000 1.000000
0.000000 0.000000 0.000000 1.000000
0.000000 0.000000 0.000000 1.000000
0.000000
1.000000
"Ambulance.tga"
""

Bones: 0
GroupComments: 0
MaterialComments: 0
BoneComments: 0
ModelComment: 0
