// MilkShape 3D ASCII

Frames: 52
Frame: 1

Meshes: 1
"Regroup00" 0 0
181
0 -114.000000 51.002697 66.361664 0.215891 0.296952 -1
0 -79.166672 24.419792 51.349388 0.310181 0.088932 -1
0 114.000000 51.002697 66.361664 0.833066 0.296952 -1
0 79.166664 24.419792 51.349388 0.738775 0.088932 -1
0 114.000000 51.002697 66.361664 0.826949 0.294014 -1
0 79.166664 24.419792 51.349388 0.757776 0.147397 -1
0 114.000000 51.002697 -66.361679 0.215392 0.294014 -1
0 79.166664 24.419792 -51.349403 0.284565 0.147397 -1
0 114.000000 51.002697 -66.361679 0.819422 0.298735 -1
0 79.166664 24.419792 -51.349403 0.727216 0.088208 -1
0 -114.000000 51.002697 -66.361679 0.215891 0.298735 -1
0 -79.166672 24.419792 -51.349403 0.308097 0.088208 -1
0 -114.000000 51.002697 -66.361679 0.830841 0.292715 -1
0 -79.166672 24.419792 -51.349403 0.760942 0.157377 -1
0 -114.000000 51.002697 66.361664 0.212864 0.292715 -1
0 -79.166672 24.419792 51.349388 0.282763 0.157377 -1
0 -79.166672 24.419792 51.349388 0.373996 0.221710 -1
0 -79.166672 24.419792 -51.349403 0.373996 0.102663 -1
0 79.166664 24.419792 51.349388 0.485553 0.221710 -1
0 79.166664 24.419792 -51.349403 0.485553 0.102663 -1
0 -79.773788 24.661591 -66.000000 0.306490 0.293663 -1
0 -91.259048 24.661591 -66.000000 0.276087 0.293663 -1
0 -84.885971 35.816116 -66.000000 0.292958 0.293663 -1
0 -76.764679 29.928329 -66.000000 0.314455 0.293663 -1
0 -91.259048 24.661591 -66.000000 0.632348 0.216994 -1
0 -91.259048 24.661591 -48.000000 0.632348 0.102323 -1
0 -84.885971 35.816116 -66.000000 0.611204 0.216994 -1
0 -84.885971 35.816116 -48.000000 0.611204 0.102323 -1
0 -69.500000 32.109886 -66.000000 0.333685 0.293663 -1
0 -69.500000 40.436478 -66.000000 0.333685 0.293663 -1
0 -69.500000 40.436478 -48.000000 0.560158 0.102323 -1
0 -69.500000 40.436478 -66.000000 0.560158 0.216994 -1
0 -54.114040 35.816116 -66.000000 0.374413 0.293663 -1
0 -62.235348 29.928329 -66.000000 0.352915 0.293663 -1
0 -54.114040 35.816116 -66.000000 0.509112 0.216994 -1
0 -54.114040 35.816116 -48.000000 0.509112 0.102323 -1
0 -59.226223 24.661591 -66.000000 0.360880 0.293663 -1
0 -47.740955 24.661591 -66.000000 0.391283 0.293663 -1
0 -47.740955 24.661591 -48.000000 0.487968 0.102323 -1
0 -47.740955 24.661591 -66.000000 0.487968 0.216994 -1
0 79.773788 24.661591 66.000000 0.749115 0.203282 -1
0 91.259048 24.661591 66.000000 0.787220 0.203282 -1
0 84.885971 35.816116 66.000000 0.766076 0.203282 -1
0 76.764671 29.928329 66.000000 0.739132 0.203282 -1
0 91.259048 24.661591 48.000000 0.787220 0.088611 -1
0 84.885971 35.816116 48.000000 0.766076 0.088611 -1
0 69.500000 32.109886 66.000000 0.715030 0.203282 -1
0 69.500000 40.436478 66.000000 0.715030 0.203282 -1
0 69.500000 40.436478 48.000000 0.715030 0.088611 -1
0 54.114040 35.816116 66.000000 0.663984 0.203282 -1
0 62.235348 29.928329 66.000000 0.690928 0.203282 -1
0 54.114040 35.816116 48.000000 0.663984 0.088611 -1
0 59.226223 24.661591 66.000000 0.680945 0.203282 -1
0 47.740955 24.661591 66.000000 0.642840 0.203282 -1
0 47.740955 24.661591 48.000000 0.642840 0.088611 -1
0 45.773788 24.661591 66.000000 0.636313 0.203282 -1
0 47.259048 24.661591 66.000000 0.641241 0.203282 -1
0 53.885971 35.816116 66.000000 0.663227 0.203282 -1
0 45.764671 29.928329 66.000000 0.636283 0.203282 -1
0 47.259048 24.661591 48.000000 0.641241 0.088611 -1
0 53.885971 35.816116 48.000000 0.663227 0.088611 -1
0 38.500000 32.109886 66.000000 0.612181 0.203282 -1
0 38.500000 40.436478 66.000000 0.612181 0.203282 -1
0 38.500000 40.436478 48.000000 0.612181 0.088611 -1
0 23.114040 35.816116 66.000000 0.561135 0.203282 -1
0 31.235348 29.928329 66.000000 0.588079 0.203282 -1
0 23.114040 35.816116 48.000000 0.561135 0.088611 -1
0 28.226223 24.661591 66.000000 0.578096 0.203282 -1
0 16.740955 24.661591 66.000000 0.539991 0.203282 -1
0 16.740955 24.661591 48.000000 0.539991 0.088611 -1
0 84.885971 35.816116 -66.000000 0.742355 0.293663 -1
0 91.259048 24.661591 -66.000000 0.759225 0.293663 -1
0 79.773788 24.661591 -66.000000 0.728823 0.293663 -1
0 76.764671 29.928329 -66.000000 0.720858 0.293663 -1
0 84.885971 35.816116 -66.000000 0.766076 0.087926 -1
0 91.259048 24.661591 -48.000000 0.787220 0.202597 -1
0 91.259048 24.661591 -66.000000 0.787220 0.087926 -1
0 84.885971 35.816116 -48.000000 0.766076 0.202597 -1
0 69.500000 32.109886 -66.000000 0.701627 0.293663 -1
0 69.500000 40.436478 -66.000000 0.701627 0.293663 -1
0 69.500000 40.436478 -48.000000 0.715030 0.202597 -1
0 69.500000 40.436478 -66.000000 0.715030 0.087926 -1
0 54.114040 35.816116 -66.000000 0.660900 0.293663 -1
0 62.235348 29.928329 -66.000000 0.682397 0.293663 -1
0 54.114040 35.816116 -66.000000 0.663984 0.087926 -1
0 54.114040 35.816116 -48.000000 0.663984 0.202597 -1
0 59.226223 24.661591 -66.000000 0.674432 0.293663 -1
0 47.740955 24.661591 -66.000000 0.644030 0.293663 -1
0 47.740955 24.661591 -48.000000 0.642840 0.202597 -1
0 47.740955 24.661591 -66.000000 0.642840 0.087926 -1
0 53.885971 35.816116 -66.000000 0.660296 0.293663 -1
0 47.259048 24.661591 -66.000000 0.642754 0.293663 -1
0 45.773788 24.661591 -66.000000 0.638823 0.293663 -1
0 45.764671 29.928329 -66.000000 0.638799 0.293663 -1
0 53.885971 35.816116 -66.000000 0.663227 0.087926 -1
0 47.259048 24.661591 -48.000000 0.641241 0.202597 -1
0 47.259048 24.661591 -66.000000 0.641241 0.087926 -1
0 53.885971 35.816116 -48.000000 0.663227 0.202597 -1
0 38.500000 32.109886 -66.000000 0.619568 0.293663 -1
0 38.500000 40.436478 -66.000000 0.619568 0.293663 -1
0 38.500000 40.436478 -48.000000 0.612181 0.202597 -1
0 38.500000 40.436478 -66.000000 0.612181 0.087926 -1
0 23.114040 35.816116 -66.000000 0.578841 0.293663 -1
0 31.235348 29.928329 -66.000000 0.600338 0.293663 -1
0 23.114040 35.816116 -66.000000 0.561135 0.087926 -1
0 23.114040 35.816116 -48.000000 0.561135 0.202597 -1
0 28.226223 24.661591 -66.000000 0.592373 0.293663 -1
0 16.740955 24.661591 -66.000000 0.561971 0.293663 -1
0 16.740955 24.661591 -48.000000 0.539991 0.202597 -1
0 16.740955 24.661591 -66.000000 0.539991 0.087926 -1
0 -84.885971 35.816116 66.000000 0.611204 0.102891 -1
0 -91.259048 24.661591 66.000000 0.632348 0.102891 -1
0 -79.773788 24.661591 66.000000 0.594243 0.102891 -1
0 -76.764679 29.928329 66.000000 0.584260 0.102891 -1
0 -91.259048 24.661591 48.000000 0.632348 0.217562 -1
0 -84.885971 35.816116 48.000000 0.611204 0.217562 -1
0 -69.500000 32.109886 66.000000 0.560158 0.102891 -1
0 -69.500000 40.436478 66.000000 0.560158 0.102891 -1
0 -69.500000 40.436478 48.000000 0.560158 0.217562 -1
0 -54.114040 35.816116 66.000000 0.509112 0.102891 -1
0 -62.235348 29.928329 66.000000 0.536056 0.102891 -1
0 -54.114040 35.816116 48.000000 0.509112 0.217562 -1
0 -59.226223 24.661591 66.000000 0.526073 0.102891 -1
0 -47.740955 24.661591 66.000000 0.487968 0.102891 -1
0 -47.740955 24.661591 48.000000 0.487968 0.217562 -1
0 117.499985 61.110146 43.500000 0.750164 0.274741 -1
0 117.499985 58.386322 52.138515 0.714423 0.274741 -1
0 117.499985 51.810406 43.500000 0.750164 0.274741 -1
0 105.499985 57.247749 43.500000 0.750164 0.213439 -1
0 105.499985 51.810406 43.500000 0.750164 0.213439 -1
0 105.499985 55.655212 48.803299 0.728222 0.213439 -1
0 117.499985 51.810406 55.716705 0.699619 0.274741 -1
0 105.499985 51.810406 51.000000 0.719134 0.213439 -1
0 117.499985 45.234531 52.138515 0.714423 0.274741 -1
0 105.499985 47.965633 48.803299 0.728222 0.213439 -1
0 117.499985 42.510715 43.500000 0.750164 0.274741 -1
0 105.499985 46.373070 43.500000 0.750164 0.213439 -1
0 117.499985 45.234531 34.861492 0.785905 0.274741 -1
0 105.499985 47.965633 38.196701 0.772106 0.213439 -1
0 117.499985 51.810406 31.283302 0.800709 0.274741 -1
0 105.499985 51.810406 36.000000 0.781195 0.213439 -1
0 117.499985 58.386322 34.861492 0.785905 0.274741 -1
0 105.499985 55.655212 38.196701 0.772106 0.213439 -1
0 117.499985 51.810406 -43.500000 0.750397 0.274741 -1
0 117.499985 58.386322 -52.138515 0.786138 0.274741 -1
0 117.499985 61.110146 -43.500000 0.750397 0.274741 -1
0 105.499985 55.655212 -48.803299 0.772339 0.213439 -1
0 105.499985 51.810406 -43.500000 0.750397 0.213439 -1
0 105.499985 57.247749 -43.500000 0.750397 0.213439 -1
0 117.499985 51.810406 -55.716705 0.800942 0.274741 -1
0 105.499985 51.810406 -51.000000 0.781427 0.213439 -1
0 117.499985 45.234531 -52.138515 0.786138 0.274741 -1
0 105.499985 47.965633 -48.803299 0.772339 0.213439 -1
0 117.499985 42.510715 -43.500000 0.750397 0.274741 -1
0 105.499985 46.373070 -43.500000 0.750397 0.213439 -1
0 117.499985 45.234531 -34.861492 0.714656 0.274741 -1
0 105.499985 47.965633 -38.196701 0.728455 0.213439 -1
0 117.499985 51.810406 -31.283302 0.699851 0.274741 -1
0 105.499985 51.810406 -36.000000 0.719366 0.213439 -1
0 117.499985 58.386322 -34.861492 0.714656 0.274741 -1
0 105.499985 55.655212 -38.196701 0.728455 0.213439 -1
0 114.000000 50.666466 66.361664 0.904973 0.287472 -1
0 -79.166664 75.333527 51.349388 0.305254 0.065941 -1
0 -114.000000 50.666466 66.361664 0.197108 0.287472 -1
0 5.166664 75.333527 51.349388 0.567081 0.065941 -1
0 114.000000 50.666466 -66.361679 0.744572 0.297708 -1
0 5.166664 75.333527 51.349388 0.294009 0.068385 -1
0 114.000000 50.666466 66.361664 0.236546 0.297708 -1
0 5.166664 75.333527 -51.349403 0.687109 0.068385 -1
0 -114.000000 50.666466 -66.361679 0.197108 0.285945 -1
0 5.166664 75.333527 -51.349403 0.567081 0.064414 -1
0 114.000000 50.666466 -66.361679 0.904973 0.285945 -1
0 -79.166664 75.333527 -51.349403 0.305254 0.064414 -1
0 -114.000000 50.666466 66.361664 0.259531 0.295833 -1
0 -79.166664 75.333527 -51.349403 0.752089 0.064003 -1
0 -114.000000 50.666466 -66.361679 0.814908 0.295833 -1
0 -79.166664 75.333527 51.349388 0.322349 0.064003 -1
0 5.166664 75.333527 51.349388 0.376375 0.220523 -1
0 -79.166664 75.333527 -51.349403 0.483919 0.101476 -1
0 -79.166664 75.333527 51.349388 0.376375 0.101476 -1
0 5.166664 75.333527 -51.349403 0.483919 0.220523 -1
78
0.000000 -0.491738 0.870743
0.000000 -0.491738 0.870743
0.000000 -0.491738 0.870743
0.606667 -0.794956 0.000000
0.000000 -0.491738 -0.870743
-0.606667 -0.794956 0.000000
0.000000 -1.000000 0.000000
0.000000 0.000000 -1.000000
-0.868275 0.496084 0.000000
-0.622334 0.782752 0.000000
0.000000 1.000000 0.000000
0.622334 0.782752 0.000000
0.622334 0.782752 0.000000
0.868274 0.496084 0.000000
0.000000 0.000000 1.000000
0.613963 0.350784 0.707107
0.423492 0.532654 0.732758
0.868275 0.496084 0.000000
0.622334 0.782752 0.000000
-0.000000 0.691685 0.722199
-0.000000 1.000000 0.000000
-0.423492 0.532654 0.732758
-0.622334 0.782752 0.000000
-0.613963 0.350785 0.707107
-0.868274 0.496084 0.000000
0.607915 -0.361163 0.707107
0.488506 0.190316 0.851552
0.859722 -0.510762 0.000000
0.931785 0.363012 0.000000
-0.622334 0.782752 0.000000
0.931785 0.363012 0.000000
-0.423492 0.532654 0.732758
-0.613963 0.350784 0.707107
0.000000 0.691685 0.722199
0.423492 0.532654 0.732758
0.613963 0.350785 0.707107
1.000000 0.000000 0.000000
-1.000000 0.000000 0.000000
-0.306387 0.951907 -0.000000
-0.301697 0.953404 -0.000000
-0.331372 0.735099 0.591458
-0.331076 0.740550 0.584786
-0.371759 -0.000002 0.928329
-0.365815 -0.000001 0.930688
-0.331371 -0.735099 0.591457
-0.331076 -0.740550 0.584787
-0.301696 -0.953404 -0.000000
-0.306384 -0.951908 -0.000000
-0.331371 -0.735099 -0.591458
-0.331075 -0.740550 -0.584787
-0.371758 -0.000002 -0.928330
-0.365814 -0.000001 -0.930688
-0.331372 0.735099 -0.591458
-0.331076 0.740550 -0.584786
-0.331372 0.735099 -0.591458
-0.301697 0.953404 0.000000
-0.306387 0.951907 0.000000
-0.331076 0.740550 -0.584786
-0.371759 -0.000002 -0.928329
-0.365815 -0.000001 -0.930688
-0.331371 -0.735099 -0.591457
-0.331076 -0.740550 -0.584787
-0.301696 -0.953404 0.000000
-0.306384 -0.951908 0.000000
-0.331371 -0.735099 0.591458
-0.331075 -0.740550 0.584787
-0.371758 -0.000002 0.928330
-0.365814 -0.000001 0.930688
-0.331372 0.735099 0.591458
-0.331076 0.740550 0.584786
0.000000 0.519885 0.854236
0.000000 0.519885 0.854236
0.221043 0.975264 0.000000
0.221043 0.975264 0.000000
0.000000 0.519885 -0.854236
0.000000 0.519885 -0.854236
-0.577915 0.816097 0.000000
0.000000 1.000000 0.000000
180
0 0 1 2 0 1 1 1
0 1 3 2 1 2 1 1
0 4 5 6 3 3 3 2
0 5 7 6 3 3 3 2
0 8 9 10 4 4 4 1
0 9 11 10 4 4 4 1
0 12 13 14 5 5 5 2
0 13 15 14 5 5 5 2
0 16 17 18 6 6 6 3
0 17 19 18 6 6 6 3
0 20 21 22 7 7 7 1
0 20 22 23 7 7 7 1
0 24 25 26 8 8 9 1
0 25 27 26 8 9 9 1
0 23 22 28 7 7 7 1
0 22 29 28 7 7 7 1
0 26 27 30 9 9 10 1
0 26 30 31 9 10 10 1
0 28 29 32 7 7 7 1
0 28 32 33 7 7 7 1
0 31 30 34 10 10 11 1
0 30 35 34 10 12 11 1
0 33 32 36 7 7 7 1
0 32 37 36 7 7 7 1
0 34 35 38 11 12 13 1
0 34 38 39 11 13 13 1
0 40 41 42 14 15 16 1
0 40 42 43 14 16 14 1
0 41 44 42 15 17 16 1
0 44 45 42 17 18 16 1
0 43 42 46 14 16 14 1
0 42 47 46 16 19 14 1
0 42 45 48 16 18 20 1
0 42 48 47 16 20 19 1
0 46 47 49 14 19 21 1
0 46 49 50 14 21 14 1
0 47 48 49 19 20 21 1
0 48 51 49 20 22 21 1
0 50 49 52 14 21 14 1
0 49 53 52 21 23 14 1
0 49 51 54 21 22 24 1
0 49 54 53 21 24 23 1
0 55 56 57 14 25 26 1
0 55 57 58 14 26 14 1
0 56 59 57 25 27 26 1
0 59 60 57 27 28 26 1
0 58 57 61 14 26 14 1
0 57 62 61 26 19 14 1
0 57 60 63 26 28 20 1
0 57 63 62 26 20 19 1
0 61 62 64 14 19 21 1
0 61 64 65 14 21 14 1
0 62 63 64 19 20 21 1
0 63 66 64 20 22 21 1
0 65 64 67 14 21 14 1
0 64 68 67 21 23 14 1
0 64 66 69 21 22 24 1
0 64 69 68 21 24 23 1
0 70 71 72 7 7 7 1
0 73 70 72 7 7 7 1
0 74 75 76 18 17 17 1
0 74 77 75 18 18 17 1
0 78 70 73 7 7 7 1
0 78 79 70 7 7 7 1
0 80 77 74 20 18 18 1
0 81 80 74 20 20 18 1
0 82 79 78 7 7 7 1
0 83 82 78 7 7 7 1
0 84 80 81 29 20 20 1
0 84 85 80 29 22 20 1
0 86 82 83 7 7 7 1
0 86 87 82 7 7 7 1
0 88 85 84 24 22 29 1
0 89 88 84 24 24 29 1
0 90 91 92 7 7 7 1
0 93 90 92 7 7 7 1
0 94 95 96 30 27 27 1
0 94 97 95 30 28 27 1
0 98 90 93 7 7 7 1
0 98 99 90 7 7 7 1
0 100 97 94 20 28 30 1
0 101 100 94 20 20 30 1
0 102 99 98 7 7 7 1
0 103 102 98 7 7 7 1
0 104 100 101 29 20 20 1
0 104 105 100 29 22 20 1
0 106 102 103 7 7 7 1
0 106 107 102 7 7 7 1
0 108 105 104 24 22 29 1
0 109 108 104 24 24 29 1
0 110 111 112 31 32 14 1
0 113 110 112 14 31 14 1
0 110 114 111 31 8 32 1
0 110 115 114 31 9 8 1
0 116 110 113 14 31 14 1
0 116 117 110 14 33 31 1
0 118 115 110 10 9 31 1
0 117 118 110 33 10 31 1
0 119 117 116 34 33 14 1
0 120 119 116 14 34 14 1
0 119 118 117 34 10 33 1
0 119 121 118 34 12 10 1
0 122 119 120 14 34 14 1
0 122 123 119 14 35 34 1
0 124 121 119 13 12 34 1
0 123 124 119 35 13 34 1
0 125 126 127 36 36 36 2
0 128 129 130 37 37 37 2
0 125 128 126 38 39 40 1
0 128 130 126 39 41 40 1
0 126 131 127 36 36 36 2
0 130 129 132 37 37 37 2
0 126 130 132 40 41 42 1
0 126 132 131 40 42 43 1
0 131 133 127 36 36 36 2
0 132 129 134 37 37 37 2
0 131 132 133 43 42 44 1
0 132 134 133 42 45 44 1
0 133 135 127 36 36 36 2
0 134 129 136 37 37 37 2
0 133 134 136 44 45 46 1
0 133 136 135 44 46 47 1
0 135 137 127 36 36 36 2
0 136 129 138 37 37 37 2
0 135 136 137 47 46 48 1
0 136 138 137 46 49 48 1
0 137 139 127 36 36 36 2
0 138 129 140 37 37 37 2
0 137 138 140 48 49 50 1
0 137 140 139 48 50 51 1
0 139 141 127 36 36 36 2
0 140 129 142 37 37 37 2
0 139 140 141 51 50 52 1
0 140 142 141 50 53 52 1
0 141 125 127 36 36 36 2
0 142 129 128 37 37 37 2
0 141 142 128 52 53 39 1
0 141 128 125 52 39 38 1
0 143 144 145 36 36 36 2
0 146 147 148 37 37 37 2
0 144 148 145 54 55 56 1
0 144 146 148 54 57 55 1
0 143 149 144 36 36 36 2
0 150 147 146 37 37 37 2
0 150 146 144 58 57 54 1
0 149 150 144 59 58 54 1
0 143 151 149 36 36 36 2
0 152 147 150 37 37 37 2
0 151 150 149 60 58 59 1
0 151 152 150 60 61 58 1
0 143 153 151 36 36 36 2
0 154 147 152 37 37 37 2
0 154 152 151 62 61 60 1
0 153 154 151 63 62 60 1
0 143 155 153 36 36 36 2
0 156 147 154 37 37 37 2
0 155 154 153 64 62 63 1
0 155 156 154 64 65 62 1
0 143 157 155 36 36 36 2
0 158 147 156 37 37 37 2
0 158 156 155 66 65 64 1
0 157 158 155 67 66 64 1
0 143 159 157 36 36 36 2
0 160 147 158 37 37 37 2
0 159 158 157 68 66 67 1
0 159 160 158 68 69 66 1
0 143 145 159 36 36 36 2
0 148 147 160 37 37 37 2
0 148 160 159 55 69 68 1
0 145 148 159 56 55 68 1
0 161 162 163 70 70 71 1
0 161 164 162 70 70 70 1
0 165 166 167 72 72 72 2
0 165 168 166 72 73 72 2
0 169 170 171 74 74 75 1
0 169 172 170 74 74 74 1
0 173 174 175 76 76 76 2
0 173 176 174 76 76 76 2
0 177 178 179 77 77 77 3
0 177 180 178 77 77 77 3

Materials: 1
"Material01"
0.325490 0.325490 0.325490 1.000000
0.341176 0.341176 0.341176 1.000000
0.490196 0.490196 0.490196 1.000000
0.082353 0.082353 0.082353 1.000000
16.000000
1.000000
"XTank.tga"
""

Bones: 0
GroupComments: 0
MaterialComments: 0
BoneComments: 0
ModelComment: 0
