// MilkShape 3D ASCII

Frames: 52
Frame: 1

Meshes: 2
"Create Face" 0 -1
8
32 -56.097900 0.000000 -63.000000 0.000000 0.000000 -1
32 58.902100 0.000000 -66.000000 0.000000 0.000000 -1
32 -66.097900 0.000000 -1.000000 0.000000 0.000000 -1
33 58.902100 0.000000 -35.000000 0.000000 0.000000 -1
33 72.902100 0.000000 1.000000 0.000000 0.000000 -1
32 -56.097900 0.000000 65.000000 0.000000 0.000000 -1
32 98.902100 0.000000 35.000000 0.000000 0.000000 -1
32 57.902100 0.000000 63.000000 0.000000 0.000000 -1
1
0.000000 -1.000000 0.000000
6
0 0 1 2 0 0 0 1
0 1 3 2 0 0 0 1
0 3 4 2 0 0 0 1
0 4 5 2 0 0 0 1
0 4 6 5 0 0 0 1
0 6 7 5 0 0 0 1
"Create Face" 0 -1
5
32 6.000000 0.000000 66.000000 0.000000 0.000000 -1
32 2.000000 0.000000 81.000000 0.000000 0.000000 -1
32 -53.000000 0.000000 66.000000 0.000000 0.000000 -1
32 -15.000000 0.000000 89.000000 0.000000 0.000000 -1
32 -36.000000 0.000000 85.000000 0.000000 0.000000 -1
1
0.000000 -1.000000 0.000000
3
0 0 1 2 0 0 0 1
0 1 3 2 0 0 0 1
0 3 4 2 0 0 0 1

Materials: 0

Bones: 0
GroupComments: 0
MaterialComments: 0
BoneComments: 0
ModelComment: 0
