// MilkShape 3D ASCII

Frames: 30
Frame: 1

Meshes: 4
"1_Blz" 0 0
15
0 0.000000 34.055542 1.000000 0.000000 0.000000 -1
0 -14.463684 18.472229 1.000000 0.000000 0.000000 -1
0 14.463684 18.472229 1.000000 0.000000 0.000000 -1
0 -15.344788 0.750000 1.000000 0.000000 0.000000 -1
0 15.344788 17.250000 1.000000 0.000000 0.000000 -1
0 -15.344788 17.250000 1.000000 0.000000 0.000000 -1
0 15.344788 0.750000 1.000000 0.000000 0.000000 -1
0 -16.000000 18.000000 1.000000 0.000000 0.000000 -1
0 -16.000000 18.000000 -16.000000 0.000000 0.000000 -1
0 -16.000000 0.000000 -16.000000 0.000000 0.000000 -1
0 -16.000000 0.000000 1.000000 0.000000 0.000000 -1
0 16.000000 0.000000 1.000000 0.000000 0.000000 -1
0 16.000000 0.000000 -16.000000 0.000000 0.000000 -1
0 16.000000 18.000000 -16.000000 0.000000 0.000000 -1
0 16.000000 18.000000 1.000000 0.000000 0.000000 -1
3
0.000000 0.000000 1.000000
-1.000000 0.000000 0.000000
1.000000 0.000000 0.000000
7
0 0 1 2 0 0 0 1
0 3 4 5 0 0 0 1
0 4 3 6 0 0 0 1
0 7 8 9 1 1 1 2
0 7 9 10 1 1 1 2
0 11 12 13 2 2 2 2
0 11 13 14 2 2 2 2
"1_Blz_Top" 0 0
6
0 0.000000 35.000000 1.000000 0.000000 0.000000 -1
0 0.000000 35.000000 -16.000000 0.000000 0.000000 -1
0 -16.000000 18.000000 -16.000000 0.000000 0.000000 -1
0 -16.000000 18.000000 1.000000 0.000000 0.000000 -1
0 16.000000 18.000000 1.000000 0.000000 0.000000 -1
0 16.000000 18.000000 -16.000000 0.000000 0.000000 -1
4
-0.333847 0.942627 0.000000
0.333847 0.942627 0.000000
-0.728200 0.685365 0.000000
0.728200 0.685365 0.000000
4
0 0 1 2 0 1 2 2
0 0 2 3 0 2 2 2
0 4 5 1 3 3 1 2
0 4 1 0 3 1 0 2
"1_Blz_Windows" 0 2
60
0 -1.641541 20.352051 1.399998 1.000000 1.000000 -1
0 1.641541 20.352051 1.399998 0.000000 1.000000 -1
0 1.641541 23.647949 1.399998 0.000000 0.000000 -1
0 -1.641541 23.647949 1.399998 1.000000 0.000000 -1
0 -7.641541 11.352051 1.399998 1.000000 1.000000 -1
0 -4.358459 11.352051 1.399998 0.000000 1.000000 -1
0 -4.358459 14.647949 1.399998 0.000000 0.000000 -1
0 -7.641541 14.647949 1.399998 1.000000 0.000000 -1
0 -7.641541 4.352051 1.399998 1.000000 1.000000 -1
0 -4.358459 4.352051 1.399998 0.000000 1.000000 -1
0 -4.358459 7.647949 1.399998 0.000000 0.000000 -1
0 -7.641541 7.647949 1.399998 1.000000 0.000000 -1
0 -13.641541 4.352051 1.399998 1.000000 1.000000 -1
0 -10.358459 4.352051 1.399998 0.000000 1.000000 -1
0 -10.358459 7.647949 1.399998 0.000000 0.000000 -1
0 -13.641541 7.647949 1.399998 1.000000 0.000000 -1
0 -0.000488 9.693054 1.735291 0.000000 0.000000 -1
0 -1.839905 9.148254 1.735291 0.000000 0.000000 -1
0 1.808228 9.148254 1.735291 0.000000 0.000000 -1
0 2.704895 7.878296 1.735291 0.000000 0.000000 -1
0 -2.705811 7.878296 1.735291 0.000000 0.000000 -1
0 -2.705811 1.526489 1.735291 0.000000 0.000000 -1
0 2.704895 1.526489 1.735291 0.000000 0.000000 -1
0 -0.000479 9.693072 2.235291 0.000000 0.000000 -1
0 -7.641541 20.352051 1.399998 1.000000 1.000000 -1
0 -4.358459 20.352051 1.399998 0.000000 1.000000 -1
0 -4.358459 23.647949 1.399998 0.000000 0.000000 -1
0 -7.641541 23.647949 1.399998 1.000000 0.000000 -1
0 4.358459 20.352051 1.399998 1.000000 1.000000 -1
0 7.641541 20.352051 1.399998 0.000000 1.000000 -1
0 7.641541 23.647949 1.399998 0.000000 0.000000 -1
0 4.358459 23.647949 1.399998 1.000000 0.000000 -1
0 -1.641541 26.352051 1.399998 1.000000 1.000000 -1
0 1.641541 26.352051 1.399998 0.000000 1.000000 -1
0 1.641541 29.647949 1.399998 0.000000 0.000000 -1
0 -1.641541 29.647949 1.399998 1.000000 0.000000 -1
0 -1.641541 11.352051 1.399998 1.000000 1.000000 -1
0 1.641541 11.352051 1.399998 0.000000 1.000000 -1
0 1.641541 14.647949 1.399998 0.000000 0.000000 -1
0 -1.641541 14.647949 1.399998 1.000000 0.000000 -1
0 -13.641541 11.352051 1.399998 1.000000 1.000000 -1
0 -10.358459 11.352051 1.399998 0.000000 1.000000 -1
0 -10.358459 14.647949 1.399998 0.000000 0.000000 -1
0 -13.641541 14.647949 1.399998 1.000000 0.000000 -1
0 4.358459 11.352051 1.399998 1.000000 1.000000 -1
0 7.641541 11.352051 1.399998 0.000000 1.000000 -1
0 7.641541 14.647949 1.399998 0.000000 0.000000 -1
0 4.358459 14.647949 1.399998 1.000000 0.000000 -1
0 10.358459 11.352051 1.399998 1.000000 1.000000 -1
0 13.641541 11.352051 1.399998 0.000000 1.000000 -1
0 13.641541 14.647949 1.399998 0.000000 0.000000 -1
0 10.358459 14.647949 1.399998 1.000000 0.000000 -1
0 10.358459 4.352051 1.399998 1.000000 1.000000 -1
0 13.641541 4.352051 1.399998 0.000000 1.000000 -1
0 13.641541 7.647949 1.399998 0.000000 0.000000 -1
0 10.358459 7.647949 1.399998 1.000000 0.000000 -1
0 4.358459 4.352051 1.399998 1.000000 1.000000 -1
0 7.641541 4.352051 1.399998 0.000000 1.000000 -1
0 7.641541 7.647949 1.399998 0.000000 0.000000 -1
0 4.358459 7.647949 1.399998 1.000000 0.000000 -1
2
0.000000 0.000000 1.000000
-0.288409 -0.957507 0.000040
32
0 0 1 2 0 0 0 1
0 3 0 2 0 0 0 1
0 4 5 6 0 0 0 1
0 7 4 6 0 0 0 1
0 8 9 10 0 0 0 1
0 11 8 10 0 0 0 1
0 12 13 14 0 0 0 1
0 15 12 14 0 0 0 1
0 16 17 18 0 0 0 1
0 18 17 19 0 0 0 1
0 17 20 19 0 0 0 1
0 19 21 22 0 0 0 1
0 19 20 21 0 0 0 1
0 18 23 16 1 1 1 2
0 24 25 26 0 0 0 1
0 27 24 26 0 0 0 1
0 28 29 30 0 0 0 1
0 31 28 30 0 0 0 1
0 32 33 34 0 0 0 1
0 35 32 34 0 0 0 1
0 36 37 38 0 0 0 1
0 39 36 38 0 0 0 1
0 40 41 42 0 0 0 1
0 43 40 42 0 0 0 1
0 44 45 46 0 0 0 1
0 47 44 46 0 0 0 1
0 48 49 50 0 0 0 1
0 51 48 50 0 0 0 1
0 52 53 54 0 0 0 1
0 55 52 54 0 0 0 1
0 56 57 58 0 0 0 1
0 59 56 58 0 0 0 1
"1_Blz_Frame" 0 1
196
0 0.000000 35.000000 1.000000 0.000000 0.000000 -1
0 -16.000000 18.000000 1.000000 0.000000 0.000000 -1
0 16.000000 18.000000 1.000000 0.000000 0.000000 -1
0 -16.000000 0.000000 1.000000 0.000000 0.000000 -1
0 16.000000 0.000000 1.000000 0.000000 0.000000 -1
0 0.000000 34.055557 2.000000 0.000000 0.000000 -1
0 -14.463673 18.472221 2.000000 0.000000 0.000000 -1
0 14.463673 18.472221 2.000000 0.000000 0.000000 -1
0 0.000000 34.055542 1.000000 0.000000 0.000000 -1
0 -14.463684 18.472229 1.000000 0.000000 0.000000 -1
0 14.463684 18.472229 1.000000 0.000000 0.000000 -1
0 15.344807 17.250000 2.000000 0.000000 0.000000 -1
0 -15.344807 17.250000 2.000000 0.000000 0.000000 -1
0 -15.344807 0.750000 2.000000 0.000000 0.000000 -1
0 15.344807 0.750000 2.000000 0.000000 0.000000 -1
0 15.344788 17.250000 1.000000 0.000000 0.000000 -1
0 -15.344788 17.250000 1.000000 0.000000 0.000000 -1
0 -15.344788 0.750000 1.000000 0.000000 0.000000 -1
0 15.344788 0.750000 1.000000 0.000000 0.000000 -1
0 -1.641512 20.352051 2.000000 0.000000 0.000000 -1
0 -2.000000 20.000000 1.000000 0.000000 0.000000 -1
0 2.000000 20.000000 1.000000 0.000000 0.000000 -1
0 1.641512 20.352051 2.000000 0.000000 0.000000 -1
0 2.000000 24.000000 1.000000 0.000000 0.000000 -1
0 1.641512 23.647949 2.000000 0.000000 0.000000 -1
0 -1.641512 23.647949 2.000000 0.000000 0.000000 -1
0 -2.000000 24.000000 1.000000 0.000000 0.000000 -1
0 -1.641541 20.352051 1.399998 0.000000 0.000000 -1
0 1.641541 20.352051 1.399998 0.000000 0.000000 -1
0 1.641541 23.647949 1.399998 0.000000 0.000000 -1
0 -1.641541 23.647949 1.399998 0.000000 0.000000 -1
0 -7.641512 11.352051 2.000000 0.000000 0.000000 -1
0 -8.000000 11.000000 1.000000 0.000000 0.000000 -1
0 -4.000000 11.000000 1.000000 0.000000 0.000000 -1
0 -4.358488 11.352051 2.000000 0.000000 0.000000 -1
0 -4.000000 15.000000 1.000000 0.000000 0.000000 -1
0 -4.358488 14.647949 2.000000 0.000000 0.000000 -1
0 -7.641512 14.647949 2.000000 0.000000 0.000000 -1
0 -8.000000 15.000000 1.000000 0.000000 0.000000 -1
0 -7.641541 11.352051 1.399998 0.000000 0.000000 -1
0 -4.358459 11.352051 1.399998 0.000000 0.000000 -1
0 -4.358459 14.647949 1.399998 0.000000 0.000000 -1
0 -7.641541 14.647949 1.399998 0.000000 0.000000 -1
0 -7.641512 4.352051 2.000000 0.000000 0.000000 -1
0 -8.000000 4.000000 1.000000 0.000000 0.000000 -1
0 -4.000000 4.000000 1.000000 0.000000 0.000000 -1
0 -4.358488 4.352051 2.000000 0.000000 0.000000 -1
0 -4.000000 8.000000 1.000000 0.000000 0.000000 -1
0 -4.358488 7.647949 2.000000 0.000000 0.000000 -1
0 -7.641512 7.647949 2.000000 0.000000 0.000000 -1
0 -8.000000 8.000000 1.000000 0.000000 0.000000 -1
0 -7.641541 4.352051 1.399998 0.000000 0.000000 -1
0 -4.358459 4.352051 1.399998 0.000000 0.000000 -1
0 -4.358459 7.647949 1.399998 0.000000 0.000000 -1
0 -7.641541 7.647949 1.399998 0.000000 0.000000 -1
0 -13.641512 4.352051 2.000000 0.000000 0.000000 -1
0 -14.000000 4.000000 1.000000 0.000000 0.000000 -1
0 -10.000000 4.000000 1.000000 0.000000 0.000000 -1
0 -10.358488 4.352051 2.000000 0.000000 0.000000 -1
0 -10.000000 8.000000 1.000000 0.000000 0.000000 -1
0 -10.358488 7.647949 2.000000 0.000000 0.000000 -1
0 -13.641512 7.647949 2.000000 0.000000 0.000000 -1
0 -14.000000 8.000000 1.000000 0.000000 0.000000 -1
0 -13.641541 4.352051 1.399998 0.000000 0.000000 -1
0 -10.358459 4.352051 1.399998 0.000000 0.000000 -1
0 -10.358459 7.647949 1.399998 0.000000 0.000000 -1
0 -13.641541 7.647949 1.399998 0.000000 0.000000 -1
0 -0.000479 9.693072 2.235291 0.000000 0.000000 -1
0 0.000000 10.000000 1.235292 0.000000 0.000000 -1
0 -2.039773 9.399622 1.235292 0.000000 0.000000 -1
0 -1.839931 9.148270 2.235291 0.000000 0.000000 -1
0 1.808206 9.148270 2.235291 0.000000 0.000000 -1
0 2.005682 9.399622 1.235292 0.000000 0.000000 -1
0 2.704869 7.878281 2.235291 0.000000 0.000000 -1
0 3.000000 8.000000 1.235292 0.000000 0.000000 -1
0 -3.000000 8.000000 1.235292 0.000000 0.000000 -1
0 -2.705827 7.878281 2.235291 0.000000 0.000000 -1
0 -2.705827 1.526511 2.235291 0.000000 0.000000 -1
0 -3.000000 1.000000 1.235292 0.000000 0.000000 -1
0 3.000000 1.000000 1.235292 0.000000 0.000000 -1
0 2.704869 1.526511 2.235291 0.000000 0.000000 -1
0 -0.000488 9.693054 1.735291 0.000000 0.000000 -1
0 -1.839905 9.148254 1.735291 0.000000 0.000000 -1
0 1.808228 9.148254 1.735291 0.000000 0.000000 -1
0 2.704895 7.878296 1.735291 0.000000 0.000000 -1
0 -2.705811 7.878296 1.735291 0.000000 0.000000 -1
0 -2.705811 1.526489 1.735291 0.000000 0.000000 -1
0 2.704895 1.526489 1.735291 0.000000 0.000000 -1
0 -7.641512 20.352051 2.000000 0.000000 0.000000 -1
0 -8.000000 20.000000 1.000000 0.000000 0.000000 -1
0 -4.000000 20.000000 1.000000 0.000000 0.000000 -1
0 -4.358488 20.352051 2.000000 0.000000 0.000000 -1
0 -4.000000 24.000000 1.000000 0.000000 0.000000 -1
0 -4.358488 23.647949 2.000000 0.000000 0.000000 -1
0 -7.641512 23.647949 2.000000 0.000000 0.000000 -1
0 -8.000000 24.000000 1.000000 0.000000 0.000000 -1
0 -7.641541 20.352051 1.399998 0.000000 0.000000 -1
0 -4.358459 20.352051 1.399998 0.000000 0.000000 -1
0 -4.358459 23.647949 1.399998 0.000000 0.000000 -1
0 -7.641541 23.647949 1.399998 0.000000 0.000000 -1
0 4.358488 20.352051 2.000000 0.000000 0.000000 -1
0 4.000000 20.000000 1.000000 0.000000 0.000000 -1
0 8.000000 20.000000 1.000000 0.000000 0.000000 -1
0 7.641512 20.352051 2.000000 0.000000 0.000000 -1
0 8.000000 24.000000 1.000000 0.000000 0.000000 -1
0 7.641512 23.647949 2.000000 0.000000 0.000000 -1
0 4.358488 23.647949 2.000000 0.000000 0.000000 -1
0 4.000000 24.000000 1.000000 0.000000 0.000000 -1
0 4.358459 20.352051 1.399998 0.000000 0.000000 -1
0 7.641541 20.352051 1.399998 0.000000 0.000000 -1
0 7.641541 23.647949 1.399998 0.000000 0.000000 -1
0 4.358459 23.647949 1.399998 0.000000 0.000000 -1
0 -1.641512 26.352051 2.000000 0.000000 0.000000 -1
0 -2.000000 26.000000 1.000000 0.000000 0.000000 -1
0 2.000000 26.000000 1.000000 0.000000 0.000000 -1
0 1.641512 26.352051 2.000000 0.000000 0.000000 -1
0 2.000000 30.000000 1.000000 0.000000 0.000000 -1
0 1.641512 29.647949 2.000000 0.000000 0.000000 -1
0 -1.641512 29.647949 2.000000 0.000000 0.000000 -1
0 -2.000000 30.000000 1.000000 0.000000 0.000000 -1
0 -1.641541 26.352051 1.399998 0.000000 0.000000 -1
0 1.641541 26.352051 1.399998 0.000000 0.000000 -1
0 1.641541 29.647949 1.399998 0.000000 0.000000 -1
0 -1.641541 29.647949 1.399998 0.000000 0.000000 -1
0 -1.641512 11.352051 2.000000 0.000000 0.000000 -1
0 -2.000000 11.000000 1.000000 0.000000 0.000000 -1
0 2.000000 11.000000 1.000000 0.000000 0.000000 -1
0 1.641512 11.352051 2.000000 0.000000 0.000000 -1
0 2.000000 15.000000 1.000000 0.000000 0.000000 -1
0 1.641512 14.647949 2.000000 0.000000 0.000000 -1
0 -1.641512 14.647949 2.000000 0.000000 0.000000 -1
0 -2.000000 15.000000 1.000000 0.000000 0.000000 -1
0 -1.641541 11.352051 1.399998 0.000000 0.000000 -1
0 1.641541 11.352051 1.399998 0.000000 0.000000 -1
0 1.641541 14.647949 1.399998 0.000000 0.000000 -1
0 -1.641541 14.647949 1.399998 0.000000 0.000000 -1
0 -13.641512 11.352051 2.000000 0.000000 0.000000 -1
0 -14.000000 11.000000 1.000000 0.000000 0.000000 -1
0 -10.000000 11.000000 1.000000 0.000000 0.000000 -1
0 -10.358488 11.352051 2.000000 0.000000 0.000000 -1
0 -10.000000 15.000000 1.000000 0.000000 0.000000 -1
0 -10.358488 14.647949 2.000000 0.000000 0.000000 -1
0 -13.641512 14.647949 2.000000 0.000000 0.000000 -1
0 -14.000000 15.000000 1.000000 0.000000 0.000000 -1
0 -13.641541 11.352051 1.399998 0.000000 0.000000 -1
0 -10.358459 11.352051 1.399998 0.000000 0.000000 -1
0 -10.358459 14.647949 1.399998 0.000000 0.000000 -1
0 -13.641541 14.647949 1.399998 0.000000 0.000000 -1
0 4.358488 11.352051 2.000000 0.000000 0.000000 -1
0 4.000000 11.000000 1.000000 0.000000 0.000000 -1
0 8.000000 11.000000 1.000000 0.000000 0.000000 -1
0 7.641512 11.352051 2.000000 0.000000 0.000000 -1
0 8.000000 15.000000 1.000000 0.000000 0.000000 -1
0 7.641512 14.647949 2.000000 0.000000 0.000000 -1
0 4.358488 14.647949 2.000000 0.000000 0.000000 -1
0 4.000000 15.000000 1.000000 0.000000 0.000000 -1
0 4.358459 11.352051 1.399998 0.000000 0.000000 -1
0 7.641541 11.352051 1.399998 0.000000 0.000000 -1
0 7.641541 14.647949 1.399998 0.000000 0.000000 -1
0 4.358459 14.647949 1.399998 0.000000 0.000000 -1
0 10.358488 11.352051 2.000000 0.000000 0.000000 -1
0 10.000000 11.000000 1.000000 0.000000 0.000000 -1
0 14.000000 11.000000 1.000000 0.000000 0.000000 -1
0 13.641512 11.352051 2.000000 0.000000 0.000000 -1
0 14.000000 15.000000 1.000000 0.000000 0.000000 -1
0 13.641512 14.647949 2.000000 0.000000 0.000000 -1
0 10.358488 14.647949 2.000000 0.000000 0.000000 -1
0 10.000000 15.000000 1.000000 0.000000 0.000000 -1
0 10.358459 11.352051 1.399998 0.000000 0.000000 -1
0 13.641541 11.352051 1.399998 0.000000 0.000000 -1
0 13.641541 14.647949 1.399998 0.000000 0.000000 -1
0 10.358459 14.647949 1.399998 0.000000 0.000000 -1
0 10.358488 4.352051 2.000000 0.000000 0.000000 -1
0 10.000000 4.000000 1.000000 0.000000 0.000000 -1
0 14.000000 4.000000 1.000000 0.000000 0.000000 -1
0 13.641512 4.352051 2.000000 0.000000 0.000000 -1
0 14.000000 8.000000 1.000000 0.000000 0.000000 -1
0 13.641512 7.647949 2.000000 0.000000 0.000000 -1
0 10.358488 7.647949 2.000000 0.000000 0.000000 -1
0 10.000000 8.000000 1.000000 0.000000 0.000000 -1
0 10.358459 4.352051 1.399998 0.000000 0.000000 -1
0 13.641541 4.352051 1.399998 0.000000 0.000000 -1
0 13.641541 7.647949 1.399998 0.000000 0.000000 -1
0 10.358459 7.647949 1.399998 0.000000 0.000000 -1
0 4.358488 4.352051 2.000000 0.000000 0.000000 -1
0 4.000000 4.000000 1.000000 0.000000 0.000000 -1
0 8.000000 4.000000 1.000000 0.000000 0.000000 -1
0 7.641512 4.352051 2.000000 0.000000 0.000000 -1
0 8.000000 8.000000 1.000000 0.000000 0.000000 -1
0 7.641512 7.647949 2.000000 0.000000 0.000000 -1
0 4.358488 7.647949 2.000000 0.000000 0.000000 -1
0 4.000000 8.000000 1.000000 0.000000 0.000000 -1
0 4.358459 4.352051 1.399998 0.000000 0.000000 -1
0 7.641541 4.352051 1.399998 0.000000 0.000000 -1
0 7.641541 7.647949 1.399998 0.000000 0.000000 -1
0 4.358459 7.647949 1.399998 0.000000 0.000000 -1
72
0.233346 0.683082 0.692061
-0.469213 0.418617 0.777560
0.573073 -0.120609 0.810580
-0.665694 -0.318341 0.674915
0.332847 -0.636683 0.695592
-0.596126 -0.166726 0.785389
0.375464 -0.687701 0.621364
0.201746 0.677818 0.707009
0.338000 -0.941146 0.000003
0.485528 0.874221 0.000001
-0.971056 -0.238854 0.000003
-0.532773 0.274732 0.800422
-0.308117 -0.549469 0.776626
0.532773 -0.274732 0.800422
0.308117 0.549469 0.776626
-0.447214 -0.894427 0.000009
0.894427 -0.447214 0.000017
0.447214 0.894427 0.000009
-0.894427 0.447214 0.000017
0.620632 -0.519709 0.587128
-0.806582 -0.404111 0.431417
0.403291 -0.808221 0.429110
0.517457 0.619500 0.590304
0.806582 0.404111 0.431417
-0.620632 0.519709 0.587128
-0.517457 -0.619500 0.590304
-0.403291 0.808221 0.429110
0.447214 0.894427 -0.000022
-0.894427 0.447214 -0.000043
-0.447214 -0.894427 -0.000022
0.894427 -0.447214 -0.000043
0.620632 -0.519709 0.587128
-0.806582 -0.404111 0.431417
0.403291 -0.808221 0.429110
0.517457 0.619500 0.590304
0.806582 0.404111 0.431417
-0.620632 0.519709 0.587128
-0.517457 -0.619500 0.590304
-0.403291 0.808221 0.429110
0.447214 0.894427 -0.000022
-0.894427 0.447214 -0.000043
-0.447214 -0.894427 -0.000022
0.894427 -0.447214 -0.000043
0.620632 -0.519708 0.587128
0.517456 0.619500 0.590304
-0.620632 0.519708 0.587128
-0.517456 -0.619500 0.590304
0.447214 0.894427 -0.000021
-0.894427 0.447214 -0.000043
-0.447214 -0.894427 -0.000021
0.894427 -0.447214 -0.000043
-0.220815 0.686256 0.693032
0.096836 0.951176 0.293064
-0.465526 0.832231 0.301126
-0.413879 -0.439632 0.797137
-0.546449 0.257015 0.797080
0.639735 0.705423 0.305152
-0.280701 0.496599 0.821338
0.934737 0.191690 0.299202
-0.877276 0.373066 0.302009
-0.052677 -0.563272 0.824591
0.586416 -0.433730 0.684101
-0.816217 -0.376414 0.438295
0.407944 -0.752721 0.516713
0.517234 0.628177 0.581260
0.283985 -0.958829 0.000037
0.680430 -0.732813 0.000040
-0.584524 -0.811377 -0.000001
-0.915996 -0.401186 -0.000045
0.980707 -0.195483 0.000026
0.447214 0.894427 -0.000025
-0.894427 0.447214 -0.000066
287
0 0 0 1 0 0 1 2
0 0 1 1 0 1 1 2
0 2 2 0 2 2 0 2
0 2 0 0 2 0 0 2
0 1 1 3 1 1 3 2
0 1 3 3 1 3 3 2
0 3 3 4 3 3 4 2
0 3 4 4 3 4 4 2
0 4 4 2 4 4 2 2
0 4 2 2 4 2 2 2
0 5 0 1 5 0 1 2
0 5 1 6 5 1 6 2
0 6 1 2 6 1 2 2
0 6 2 7 6 2 7 2
0 7 2 0 7 2 0 2
0 7 0 5 7 0 5 2
0 8 5 6 8 5 6 2
0 8 6 9 8 6 9 2
0 9 6 7 9 6 7 2
0 9 7 10 9 7 10 2
0 10 7 5 10 7 5 2
0 10 5 8 10 5 8 2
0 8 8 9 8 8 9 2
0 8 9 9 8 9 9 2
0 9 9 10 9 9 10 2
0 9 10 10 9 10 10 2
0 10 10 8 10 10 8 2
0 10 8 8 10 8 8 2
0 11 2 1 11 2 1 2
0 11 1 12 11 1 12 2
0 12 1 3 12 1 3 2
0 12 3 13 12 3 13 2
0 13 3 4 13 3 4 2
0 13 4 14 13 4 14 2
0 14 4 2 14 4 2 2
0 14 2 11 14 2 11 2
0 15 11 12 15 11 12 2
0 15 12 16 15 12 16 2
0 16 12 13 16 12 13 2
0 16 13 17 16 13 17 2
0 17 13 14 17 13 14 2
0 17 14 18 17 14 18 2
0 18 14 11 18 14 11 2
0 18 11 15 18 11 15 2
0 15 15 16 15 15 16 2
0 15 16 16 15 16 16 2
0 16 16 17 16 16 17 2
0 16 17 17 16 17 17 2
0 17 17 18 17 17 18 2
0 17 18 18 17 18 18 2
0 18 18 15 18 18 15 2
0 18 15 15 18 15 15 2
0 19 20 21 19 20 21 2
0 19 21 22 19 21 22 2
0 22 21 23 22 21 23 2
0 22 23 24 22 23 24 2
0 25 26 20 25 26 20 2
0 25 20 19 25 20 19 2
0 24 23 26 24 23 26 2
0 24 26 25 24 26 25 2
0 27 19 22 27 19 22 2
0 27 22 28 27 22 28 2
0 28 22 24 28 22 24 2
0 28 24 29 28 24 29 2
0 30 25 19 30 25 19 2
0 30 19 27 30 19 27 2
0 29 24 25 29 24 25 2
0 29 25 30 29 25 30 2
0 31 32 33 31 32 33 2
0 31 33 34 31 33 34 2
0 34 33 35 34 33 35 2
0 34 35 36 34 35 36 2
0 37 38 32 37 38 32 2
0 37 32 31 37 32 31 2
0 36 35 38 36 35 38 2
0 36 38 37 36 38 37 2
0 39 31 34 39 31 34 2
0 39 34 40 39 34 40 2
0 40 34 36 40 34 36 2
0 40 36 41 40 36 41 2
0 42 37 31 42 37 31 2
0 42 31 39 42 31 39 2
0 41 36 37 41 36 37 2
0 41 37 42 41 37 42 2
0 43 44 45 31 32 33 2
0 43 45 46 31 33 34 2
0 46 45 47 34 33 35 2
0 46 47 48 34 35 36 2
0 49 50 44 37 38 32 2
0 49 44 43 37 32 31 2
0 48 47 50 36 35 38 2
0 48 50 49 36 38 37 2
0 51 43 46 39 31 34 2
0 51 46 52 39 34 40 2
0 52 46 48 40 34 36 2
0 52 48 53 40 36 41 2
0 54 49 43 42 37 31 2
0 54 43 51 42 31 39 2
0 53 48 49 41 36 37 2
0 53 49 54 41 37 42 2
0 55 56 57 43 32 33 2
0 55 57 58 43 33 44 2
0 58 57 59 44 33 35 2
0 58 59 60 44 35 45 2
0 61 62 56 46 38 32 2
0 61 56 55 46 32 43 2
0 60 59 62 45 35 38 2
0 60 62 61 45 38 46 2
0 63 55 58 47 43 44 2
0 63 58 64 47 44 48 2
0 64 58 60 48 44 45 2
0 64 60 65 48 45 49 2
0 66 61 55 50 46 43 2
0 66 55 63 50 43 47 2
0 65 60 61 49 45 46 2
0 65 61 66 49 46 50 2
0 67 68 69 51 52 53 2
0 67 69 70 51 53 54 2
0 71 72 68 55 56 52 2
0 71 68 67 55 52 51 2
0 73 74 72 57 58 56 2
0 73 72 71 57 56 55 2
0 70 69 75 54 53 59 2
0 70 75 76 54 59 60 2
0 77 78 79 61 62 63 2
0 77 79 80 61 63 64 2
0 80 79 74 64 63 58 2
0 80 74 73 64 58 57 2
0 76 75 78 60 59 62 2
0 76 78 77 60 62 61 2
0 81 67 70 65 51 54 2
0 81 70 82 65 54 66 2
0 83 71 67 67 55 51 2
0 84 73 71 68 57 55 2
0 84 71 83 68 55 67 2
0 82 70 76 66 54 60 2
0 82 76 85 66 60 69 2
0 86 77 80 70 61 64 2
0 86 80 87 70 64 71 2
0 87 80 73 71 64 57 2
0 87 73 84 71 57 68 2
0 85 76 77 69 60 61 2
0 85 77 86 69 61 70 2
0 88 89 90 31 32 33 2
0 88 90 91 31 33 34 2
0 91 90 92 34 33 35 2
0 91 92 93 34 35 36 2
0 94 95 89 37 38 32 2
0 94 89 88 37 32 31 2
0 93 92 95 36 35 38 2
0 93 95 94 36 38 37 2
0 96 88 91 39 31 34 2
0 96 91 97 39 34 40 2
0 97 91 93 40 34 36 2
0 97 93 98 40 36 41 2
0 99 94 88 42 37 31 2
0 99 88 96 42 31 39 2
0 98 93 94 41 36 37 2
0 98 94 99 41 37 42 2
0 100 101 102 31 32 33 2
0 100 102 103 31 33 34 2
0 103 102 104 34 33 35 2
0 103 104 105 34 35 36 2
0 106 107 101 37 38 32 2
0 106 101 100 37 32 31 2
0 105 104 107 36 35 38 2
0 105 107 106 36 38 37 2
0 108 100 103 39 31 34 2
0 108 103 109 39 34 40 2
0 109 103 105 40 34 36 2
0 109 105 110 40 36 41 2
0 111 106 100 42 37 31 2
0 111 100 108 42 31 39 2
0 110 105 106 41 36 37 2
0 110 106 111 41 37 42 2
0 112 113 114 19 20 21 2
0 112 114 115 19 21 22 2
0 115 114 116 22 21 23 2
0 115 116 117 22 23 24 2
0 118 119 113 25 26 20 2
0 118 113 112 25 20 19 2
0 117 116 119 24 23 26 2
0 117 119 118 24 26 25 2
0 120 112 115 27 19 22 2
0 120 115 121 27 22 28 2
0 121 115 117 28 22 24 2
0 121 117 122 28 24 29 2
0 123 118 112 30 25 19 2
0 123 112 120 30 19 27 2
0 122 117 118 29 24 25 2
0 122 118 123 29 25 30 2
0 124 125 126 19 20 21 2
0 124 126 127 19 21 22 2
0 127 126 128 22 21 23 2
0 127 128 129 22 23 24 2
0 130 131 125 25 26 20 2
0 130 125 124 25 20 19 2
0 129 128 131 24 23 26 2
0 129 131 130 24 26 25 2
0 132 124 127 27 19 22 2
0 132 127 133 27 22 28 2
0 133 127 129 28 22 24 2
0 133 129 134 28 24 29 2
0 135 130 124 30 25 19 2
0 135 124 132 30 19 27 2
0 134 129 130 29 24 25 2
0 134 130 135 29 25 30 2
0 136 137 138 43 32 33 2
0 136 138 139 43 33 44 2
0 139 138 140 44 33 35 2
0 139 140 141 44 35 45 2
0 142 143 137 46 38 32 2
0 142 137 136 46 32 43 2
0 141 140 143 45 35 38 2
0 141 143 142 45 38 46 2
0 144 136 139 47 43 44 2
0 144 139 145 47 44 48 2
0 145 139 141 48 44 45 2
0 145 141 146 48 45 49 2
0 147 142 136 50 46 43 2
0 147 136 144 50 43 47 2
0 146 141 142 49 45 46 2
0 146 142 147 49 46 50 2
0 148 149 150 31 32 33 2
0 148 150 151 31 33 34 2
0 151 150 152 34 33 35 2
0 151 152 153 34 35 36 2
0 154 155 149 37 38 32 2
0 154 149 148 37 32 31 2
0 153 152 155 36 35 38 2
0 153 155 154 36 38 37 2
0 156 148 151 39 31 34 2
0 156 151 157 39 34 40 2
0 157 151 153 40 34 36 2
0 157 153 158 40 36 41 2
0 159 154 148 42 37 31 2
0 159 148 156 42 31 39 2
0 158 153 154 41 36 37 2
0 158 154 159 41 37 42 2
0 160 161 162 43 32 33 2
0 160 162 163 43 33 44 2
0 163 162 164 44 33 35 2
0 163 164 165 44 35 45 2
0 166 167 161 46 38 32 2
0 166 161 160 46 32 43 2
0 165 164 167 45 35 38 2
0 165 167 166 45 38 46 2
0 168 160 163 47 43 44 2
0 168 163 169 47 44 48 2
0 169 163 165 48 44 45 2
0 169 165 170 48 45 49 2
0 171 166 160 50 46 43 2
0 171 160 168 50 43 47 2
0 170 165 166 49 45 46 2
0 170 166 171 49 46 50 2
0 172 173 174 43 32 33 2
0 172 174 175 43 33 44 2
0 175 174 176 44 33 35 2
0 175 176 177 44 35 45 2
0 178 179 173 46 38 32 2
0 178 173 172 46 32 43 2
0 177 176 179 45 35 38 2
0 177 179 178 45 38 46 2
0 180 172 175 47 43 44 2
0 180 175 181 47 44 48 2
0 181 175 177 48 44 45 2
0 181 177 182 48 45 49 2
0 183 178 172 50 46 43 2
0 183 172 180 50 43 47 2
0 182 177 178 49 45 46 2
0 182 178 183 49 46 50 2
0 184 185 186 31 32 33 2
0 184 186 187 31 33 34 2
0 187 186 188 34 33 35 2
0 187 188 189 34 35 36 2
0 190 191 185 37 38 32 2
0 190 185 184 37 32 31 2
0 189 188 191 36 35 38 2
0 189 191 190 36 38 37 2
0 192 184 187 39 31 34 2
0 192 187 193 39 34 40 2
0 193 187 189 40 34 36 2
0 193 189 194 40 36 41 2
0 195 190 184 42 37 31 2
0 195 184 192 42 31 39 2
0 194 189 190 41 36 37 2
0 194 190 195 41 37 42 2

Materials: 3
"Blz"
0.200000 0.200000 0.200000 1.000000
0.800000 0.800000 0.800000 1.000000
0.000000 0.000000 0.000000 1.000000
0.000000 0.000000 0.000000 1.000000
0.000000
1.000000
"..\Image\brick01.tga"
""
"Blz_Other"
0.200000 0.200000 0.200000 1.000000
0.800000 0.800000 0.800000 1.000000
0.000000 0.000000 0.000000 1.000000
0.000000 0.000000 0.000000 1.000000
0.000000
1.000000
"..\Image\Blz_Round_Gate_Windows.tga"
""
"Material01"
0.200000 0.200000 0.200000 1.000000
0.800000 0.800000 0.800000 1.000000
0.000000 0.000000 0.000000 1.000000
0.000000 0.000000 0.000000 1.000000
0.000000
1.000000
"..\Image\window.tga"
""

Bones: 0
GroupComments: 0
MaterialComments: 0
BoneComments: 0
ModelComment: 0
