// MilkShape 3D ASCII

Frames: 30
Frame: 1

Meshes: 1
"Cylinder01" 0 0
49
0 0.249998 -8.000000 0.000000 0.645941 0.764706 -1
0 0.249998 -6.928204 4.000000 0.622009 0.647059 -1
0 8.249998 -0.000000 0.000000 0.467308 0.764706 -1
0 40.250000 -8.000002 0.000000 0.089316 0.705882 -1
0 64.250000 -0.000003 0.000000 0.089316 0.529412 -1
0 40.250000 -6.928205 4.000000 0.000000 0.705882 -1
0 0.249998 -8.000000 0.000000 0.089316 1.000000 -1
0 0.249998 -6.928204 4.000000 0.000000 1.000000 -1
0 0.249998 -4.000000 6.928192 0.556625 0.560935 -1
0 40.250000 -6.928205 4.000000 1.000000 0.176471 -1
0 64.250000 -0.000003 0.000000 0.845299 0.000000 -1
0 40.250000 -4.000002 6.928192 0.934616 0.176471 -1
0 0.249998 -6.928204 4.000000 1.000000 0.470588 -1
0 0.249998 -4.000000 6.928192 0.934616 0.470588 -1
0 0.249998 -0.000000 8.000000 0.467308 0.529412 -1
0 40.250000 -0.000002 8.000000 0.845299 0.176471 -1
0 0.249998 -0.000000 8.000000 0.845299 0.470588 -1
0 0.249998 4.000000 6.928192 0.377992 0.560935 -1
0 40.250000 3.999998 6.928192 0.755983 0.176471 -1
0 0.249998 4.000000 6.928192 0.755983 0.470588 -1
0 0.249998 6.928204 4.000000 0.312608 0.647059 -1
0 40.250000 6.928202 4.000000 0.690599 0.176471 -1
0 0.249998 6.928204 4.000000 0.690599 0.470588 -1
0 0.249998 8.000000 0.000000 0.288675 0.764706 -1
0 40.250000 6.928202 4.000000 0.601283 0.176471 -1
0 64.250000 -0.000003 0.000000 0.511966 0.000000 -1
0 40.250000 7.999998 0.000000 0.511966 0.176471 -1
0 0.249998 6.928204 4.000000 0.601283 0.470588 -1
0 0.249998 8.000000 0.000000 0.511966 0.470588 -1
0 0.249998 6.928204 -4.000000 0.312608 0.882353 -1
0 40.250000 6.928202 -4.000000 0.422650 0.176471 -1
0 0.249998 6.928204 -4.000000 0.422650 0.470588 -1
0 0.249998 4.000000 -6.928223 0.377992 0.968477 -1
0 40.250000 3.999998 -6.928223 0.357265 0.176471 -1
0 0.249998 4.000000 -6.928223 0.357265 0.470588 -1
0 0.249998 -0.000000 -8.000000 0.467308 1.000000 -1
0 40.250000 3.999998 -6.928223 0.869232 0.705882 -1
0 64.250000 -0.000003 0.000000 0.779915 0.529412 -1
0 40.250000 -0.000002 -8.000000 0.779915 0.705882 -1
0 0.249998 4.000000 -6.928223 0.869232 1.000000 -1
0 0.249998 -0.000000 -8.000000 0.779915 1.000000 -1
0 0.249998 -4.000000 -6.928223 0.556625 0.968477 -1
0 40.250000 -4.000002 -6.928223 0.690599 0.705882 -1
0 0.249998 -4.000000 -6.928223 0.690599 1.000000 -1
0 0.249998 -6.928204 -4.000000 0.622009 0.882353 -1
0 40.250000 -4.000002 -6.928223 0.244017 0.705882 -1
0 40.250000 -6.928205 -4.000000 0.178633 0.705882 -1
0 0.249998 -4.000000 -6.928223 0.244017 1.000000 -1
0 0.249998 -6.928204 -4.000000 0.178633 1.000000 -1
58
-0.707107 0.707107 0.000000
-0.707107 0.612372 -0.353554
-1.000000 0.000000 -0.000001
0.316228 -0.948683 0.000000
0.333333 -0.910684 -0.244016
0.306481 -0.919442 0.246364
-0.000000 -1.000000 0.000000
-0.000000 -0.965926 0.258819
-0.707106 0.353554 -0.612373
0.306481 -0.673077 0.673080
0.359210 0.000000 0.933257
0.316227 -0.474342 0.821584
-0.000000 -0.707105 0.707108
-0.000000 -0.500000 0.866025
-0.000000 -0.500000 0.866025
-0.707107 0.000000 -0.707107
0.316228 0.000000 0.948683
-0.000000 0.000000 1.000000
0.000000 0.000000 1.000000
-0.707106 -0.353554 -0.612373
0.316227 0.474342 0.821584
0.000000 0.500000 0.866025
0.000000 0.500000 0.866025
-0.707107 -0.612372 -0.353554
0.306481 0.673077 0.673080
0.000000 0.707105 0.707108
0.000000 0.707105 0.707108
-0.707107 -0.707107 0.000000
0.306481 0.919442 0.246364
0.333333 0.910684 -0.244016
0.316228 0.948683 0.000000
0.000000 0.965926 0.258819
0.000000 1.000000 0.000000
-0.707107 -0.612373 0.353552
0.316228 0.821585 -0.474340
0.000000 0.866026 -0.499999
0.000000 0.866026 -0.499999
-0.707108 -0.353553 0.612372
0.306481 0.673081 -0.673076
0.000000 0.707109 -0.707104
0.000000 0.707109 -0.707105
-0.707107 0.000000 0.707107
0.306481 0.246360 -0.919443
0.316228 0.000000 -0.948683
0.000000 0.258815 -0.965927
0.000000 0.258815 -0.965927
-0.000000 0.000000 -1.000000
0.000000 0.000000 -1.000000
-0.707108 0.353553 0.612372
0.306481 -0.246360 -0.919443
-0.000000 -0.258815 -0.965927
-0.000000 -0.258815 -0.965927
-0.707107 0.612373 0.353552
0.306481 -0.673081 -0.673076
0.316228 -0.821585 -0.474340
-0.000000 -0.707109 -0.707105
-0.000000 -0.866026 -0.499999
-0.000000 -0.866026 -0.499999
48
0 0 1 2 0 1 2 2
0 3 4 5 3 4 5 2
0 6 3 7 6 6 7 1
0 3 5 7 6 7 7 1
0 1 8 2 1 8 2 2
0 9 10 11 9 10 11 2
0 12 9 11 12 12 13 1
0 12 11 13 12 13 14 1
0 8 14 2 8 15 2 2
0 11 10 15 11 10 16 2
0 13 11 16 14 13 17 1
0 11 15 16 13 18 17 1
0 14 17 2 15 19 2 2
0 15 10 18 16 10 20 2
0 16 15 18 17 18 21 1
0 16 18 19 17 21 22 1
0 17 20 2 19 23 2 2
0 18 10 21 20 10 24 2
0 19 18 22 22 21 25 1
0 18 21 22 21 26 25 1
0 20 23 2 23 27 2 2
0 24 25 26 28 29 30 2
0 27 24 26 31 31 32 1
0 27 26 28 31 32 32 1
0 23 29 2 27 33 2 2
0 26 25 30 30 29 34 2
0 28 26 31 32 32 35 1
0 26 30 31 32 36 35 1
0 29 32 2 33 37 2 2
0 30 25 33 34 29 38 2
0 31 30 33 35 36 39 1
0 31 33 34 35 39 40 1
0 32 35 2 37 41 2 2
0 36 37 38 42 43 43 2
0 39 36 40 44 45 46 1
0 36 38 40 45 47 46 1
0 35 41 2 41 48 2 2
0 38 37 42 43 43 49 2
0 40 38 42 46 47 50 1
0 40 42 43 46 50 51 1
0 41 44 2 48 52 2 2
0 45 4 46 53 4 54 2
0 47 45 48 55 55 56 1
0 45 46 48 55 57 56 1
0 44 0 2 52 0 2 2
0 46 4 3 54 4 3 2
0 48 46 3 56 57 6 1
0 48 3 6 56 6 6 1

Materials: 1
"Material02"
0.200000 0.200000 0.200000 1.000000
0.800000 0.800000 0.800000 1.000000
0.000000 0.000000 0.000000 1.000000
0.000000 0.000000 0.000000 1.000000
0.000000
1.000000
"NormalBomb.bmp"
""

Bones: 0
GroupComments: 0
MaterialComments: 0
BoneComments: 0
ModelComment: 0
