// MilkShape 3D ASCII

Frames: 30
Frame: 1

Meshes: 1
"Regroup04" 1 0
81
1 -10.750000 4.675000 0.000000 0.000000 0.000000 -1
1 -10.750000 2.337501 4.048669 0.000000 0.000000 -1
1 9.250000 0.000000 0.000000 0.000000 0.000000 -1
1 -41.250000 4.675000 0.000000 0.000000 0.000000 -1
1 -41.250000 0.000000 0.000000 0.000000 0.000000 -1
1 -41.250000 2.337499 4.048669 0.000000 0.000000 -1
1 -10.750000 4.675000 0.000000 0.000000 1.000000 -1
1 -10.750000 2.337501 4.048669 0.166667 1.000000 -1
1 -41.250000 2.337499 4.048669 0.166667 0.000000 -1
1 -10.750000 -2.337499 4.048669 0.000000 0.000000 -1
1 -41.250000 -2.337501 4.048669 0.000000 0.000000 -1
1 -41.250000 -2.337501 4.048669 0.333333 0.000000 -1
1 -10.750000 -2.337499 4.048669 0.333333 1.000000 -1
1 -10.750000 -4.675000 0.000000 0.000000 0.000000 -1
1 -41.250000 -4.675000 0.000000 0.000000 0.000000 -1
1 -10.750000 -4.675000 0.000000 0.500000 1.000000 -1
1 -41.250000 -4.675000 0.000000 0.500000 0.000000 -1
1 -10.750000 -2.337499 -4.048669 0.000000 0.000000 -1
1 -41.250000 -2.337501 -4.048669 0.000000 0.000000 -1
1 -41.250000 -2.337501 -4.048669 0.666667 0.000000 -1
1 -10.750000 -2.337499 -4.048669 0.666667 1.000000 -1
1 -10.750000 2.337501 -4.048669 0.000000 0.000000 -1
1 -41.250000 2.337499 -4.048669 0.000000 0.000000 -1
1 -10.750000 2.337501 -4.048669 0.833333 1.000000 -1
1 -41.250000 2.337499 -4.048669 0.833333 0.000000 -1
1 -41.250000 4.675000 0.000000 1.000000 0.000000 -1
1 -10.750000 4.675000 0.000000 1.000000 1.000000 -1
1 -146.250000 4.675000 0.000000 0.000000 0.000000 -1
1 -146.250000 2.337501 4.048669 0.000000 0.000000 -1
1 -126.250000 0.000000 0.000000 0.000000 0.000000 -1
1 -176.750000 4.675000 0.000000 0.000000 0.000000 -1
1 -176.750000 0.000000 0.000000 0.000000 0.000000 -1
1 -176.750000 2.337499 4.048669 0.000000 0.000000 -1
1 -146.250000 4.675000 0.000000 0.000000 1.000000 -1
1 -146.250000 2.337501 4.048669 0.166667 1.000000 -1
1 -176.750000 2.337499 4.048669 0.166667 0.000000 -1
1 -146.250000 -2.337499 4.048669 0.000000 0.000000 -1
1 -176.750000 -2.337501 4.048669 0.000000 0.000000 -1
1 -176.750000 -2.337501 4.048669 0.333333 0.000000 -1
1 -146.250000 -2.337499 4.048669 0.333333 1.000000 -1
1 -146.250000 -4.675000 0.000000 0.000000 0.000000 -1
1 -176.750000 -4.675000 0.000000 0.000000 0.000000 -1
1 -146.250000 -4.675000 0.000000 0.500000 1.000000 -1
1 -176.750000 -4.675000 0.000000 0.500000 0.000000 -1
1 -146.250000 -2.337499 -4.048669 0.000000 0.000000 -1
1 -176.750000 -2.337501 -4.048669 0.000000 0.000000 -1
1 -176.750000 -2.337501 -4.048669 0.666667 0.000000 -1
1 -146.250000 -2.337499 -4.048669 0.666667 1.000000 -1
1 -146.250000 2.337501 -4.048669 0.000000 0.000000 -1
1 -176.750000 2.337499 -4.048669 0.000000 0.000000 -1
1 -146.250000 2.337501 -4.048669 0.833333 1.000000 -1
1 -176.750000 2.337499 -4.048669 0.833333 0.000000 -1
1 -176.750000 4.675000 0.000000 1.000000 0.000000 -1
1 -146.250000 4.675000 0.000000 1.000000 1.000000 -1
1 -78.750000 4.675000 0.000000 0.000000 0.000000 -1
1 -78.750000 2.337501 4.048669 0.000000 0.000000 -1
1 -58.750000 0.000000 0.000000 0.000000 0.000000 -1
1 -109.250000 4.675000 0.000000 0.000000 0.000000 -1
1 -109.250000 0.000000 0.000000 0.000000 0.000000 -1
1 -109.250000 2.337499 4.048669 0.000000 0.000000 -1
1 -78.750000 4.675000 0.000000 0.000000 1.000000 -1
1 -78.750000 2.337501 4.048669 0.166667 1.000000 -1
1 -109.250000 2.337499 4.048669 0.166667 0.000000 -1
1 -78.750000 -2.337499 4.048669 0.000000 0.000000 -1
1 -109.250000 -2.337501 4.048669 0.000000 0.000000 -1
1 -109.250000 -2.337501 4.048669 0.333333 0.000000 -1
1 -78.750000 -2.337499 4.048669 0.333333 1.000000 -1
1 -78.750000 -4.675000 0.000000 0.000000 0.000000 -1
1 -109.250000 -4.675000 0.000000 0.000000 0.000000 -1
1 -78.750000 -4.675000 0.000000 0.500000 1.000000 -1
1 -109.250000 -4.675000 0.000000 0.500000 0.000000 -1
1 -78.750000 -2.337499 -4.048669 0.000000 0.000000 -1
1 -109.250000 -2.337501 -4.048669 0.000000 0.000000 -1
1 -109.250000 -2.337501 -4.048669 0.666667 0.000000 -1
1 -78.750000 -2.337499 -4.048669 0.666667 1.000000 -1
1 -78.750000 2.337501 -4.048669 0.000000 0.000000 -1
1 -109.250000 2.337499 -4.048669 0.000000 0.000000 -1
1 -78.750000 2.337501 -4.048669 0.833333 1.000000 -1
1 -109.250000 2.337499 -4.048669 0.833333 0.000000 -1
1 -109.250000 4.675000 0.000000 1.000000 0.000000 -1
1 -78.750000 4.675000 0.000000 1.000000 1.000000 -1
20
0.227614 0.973751 0.000000
0.227614 0.486876 0.843293
1.000000 0.000000 -0.000000
-1.000000 0.000000 0.000000
0.000000 1.000000 0.000000
-0.000000 1.000000 0.000000
-0.000000 0.500000 0.866025
-0.000000 0.500000 0.866025
0.227614 -0.486876 0.843293
0.000000 -0.500000 0.866025
0.000000 -0.500000 0.866025
0.227614 -0.973751 0.000000
0.000000 -1.000000 0.000000
0.000000 -1.000000 0.000000
0.227614 -0.486876 -0.843293
0.000000 -0.500000 -0.866025
0.000000 -0.500000 -0.866025
0.227614 0.486876 -0.843293
-0.000000 0.500000 -0.866025
-0.000000 0.500000 -0.866025
72
1 0 1 2 0 1 2 2
1 3 4 5 3 3 3 2
1 6 3 7 4 5 6 1
1 3 8 7 5 7 6 1
1 1 9 2 1 8 2 2
1 5 4 10 3 3 3 2
1 7 8 11 6 7 9 1
1 7 11 12 6 9 10 1
1 9 13 2 8 11 2 2
1 10 4 14 3 3 3 2
1 12 11 15 10 9 12 1
1 11 16 15 9 13 12 1
1 13 17 2 11 14 2 2
1 14 4 18 3 3 3 2
1 15 16 19 12 13 15 1
1 15 19 20 12 15 16 1
1 17 21 2 14 17 2 2
1 18 4 22 3 3 3 2
1 20 19 23 16 15 18 1
1 19 24 23 15 19 18 1
1 21 0 2 17 0 2 2
1 22 4 3 3 3 3 2
1 23 24 25 18 19 5 1
1 23 25 26 18 5 4 1
1 27 28 29 0 1 2 2
1 30 31 32 3 3 3 2
1 33 30 34 4 5 6 1
1 30 35 34 5 7 6 1
1 28 36 29 1 8 2 2
1 32 31 37 3 3 3 2
1 34 35 38 6 7 9 1
1 34 38 39 6 9 10 1
1 36 40 29 8 11 2 2
1 37 31 41 3 3 3 2
1 39 38 42 10 9 12 1
1 38 43 42 9 13 12 1
1 40 44 29 11 14 2 2
1 41 31 45 3 3 3 2
1 42 43 46 12 13 15 1
1 42 46 47 12 15 16 1
1 44 48 29 14 17 2 2
1 45 31 49 3 3 3 2
1 47 46 50 16 15 18 1
1 46 51 50 15 19 18 1
1 48 27 29 17 0 2 2
1 49 31 30 3 3 3 2
1 50 51 52 18 19 5 1
1 50 52 53 18 5 4 1
1 54 55 56 0 1 2 2
1 57 58 59 3 3 3 2
1 60 57 61 4 5 6 1
1 57 62 61 5 7 6 1
1 55 63 56 1 8 2 2
1 59 58 64 3 3 3 2
1 61 62 65 6 7 9 1
1 61 65 66 6 9 10 1
1 63 67 56 8 11 2 2
1 64 58 68 3 3 3 2
1 66 65 69 10 9 12 1
1 65 70 69 9 13 12 1
1 67 71 56 11 14 2 2
1 68 58 72 3 3 3 2
1 69 70 73 12 13 15 1
1 69 73 74 12 15 16 1
1 71 75 56 14 17 2 2
1 72 58 76 3 3 3 2
1 74 73 77 16 15 18 1
1 73 78 77 15 19 18 1
1 75 54 56 17 0 2 2
1 76 58 57 3 3 3 2
1 77 78 79 18 19 5 1
1 77 79 80 18 5 4 1

Materials: 1
"Material02"
0.200000 0.200000 0.200000 1.000000
0.800000 0.800000 0.800000 1.000000
0.000000 0.000000 0.000000 1.000000
0.000000 0.000000 0.000000 1.000000
0.000000
1.000000
"MachineGun.bmp"
""

Bones: 0
GroupComments: 0
MaterialComments: 0
BoneComments: 0
ModelComment: 0
