// MilkShape 3D ASCII

Frames: 30
Frame: 1

Meshes: 1
"GeoSphere01" 0 0
42
0 13.132354 2.899032 4.536805 0.237134 0.500000 -1
0 13.132354 -0.009805 5.333334 0.500000 0.500000 -1
0 19.568583 1.699966 4.314758 0.345491 0.250001 -1
0 24.082342 -0.009806 2.803900 0.500000 0.074674 -1
0 19.568583 -1.719577 4.314758 0.654508 0.250001 -1
0 13.132354 -2.918643 4.536805 0.762866 0.500000 -1
0 17.110151 4.466436 2.666667 0.095491 0.345492 -1
0 19.899809 4.696791 0.000000 0.074675 0.237135 -1
0 23.546412 2.756662 1.648091 0.250000 0.095491 -1
0 23.546412 2.756662 -1.648091 0.250000 0.095491 -1
0 24.082342 -0.009806 -2.803900 0.500000 0.074674 -1
0 26.004831 -0.009806 0.000000 0.500000 0.000000 -1
0 23.546412 -2.776275 1.648091 0.750000 0.095491 -1
0 23.546412 -2.776275 -1.648091 0.750000 0.095491 -1
0 19.899809 -4.716406 0.000000 0.925326 0.237135 -1
0 17.110151 -4.486048 2.666667 0.904509 0.345492 -1
0 13.132354 -5.542743 0.000000 1.000000 0.500000 -1
0 6.364899 -4.716405 0.000000 0.925326 0.762866 -1
0 9.154544 -4.486047 2.666667 0.904509 0.654509 -1
0 17.110151 -4.486048 -2.666667 0.904509 0.345492 -1
0 13.132354 -2.918643 -4.536805 0.762866 0.500000 -1
0 9.154544 -4.486047 -2.666667 0.904509 0.654509 -1
0 19.568583 -1.719577 -4.314758 0.654508 0.250001 -1
0 19.568583 1.699966 -4.314758 0.345491 0.250001 -1
0 13.132354 2.899032 -4.536805 0.237134 0.500000 -1
0 13.132354 -0.009805 -5.333334 0.500000 0.500000 -1
0 6.696121 1.699967 -4.314758 0.345491 0.750000 -1
0 2.182384 -0.009805 -2.803900 0.500000 0.925326 -1
0 6.696121 -1.719576 -4.314758 0.654508 0.750000 -1
0 2.718312 -2.776274 -1.648091 0.750000 0.904509 -1
0 0.259893 -0.009805 0.000000 0.500000 1.000000 -1
0 2.182384 -0.009805 2.803900 0.500000 0.925326 -1
0 2.718312 -2.776274 1.648091 0.750000 0.904509 -1
0 2.718313 2.756663 -1.648091 0.250000 0.904509 -1
0 6.364899 4.696791 0.000000 0.074675 0.762866 -1
0 2.718313 2.756663 1.648091 0.250000 0.904509 -1
0 9.154544 4.466437 2.666667 0.095491 0.654509 -1
0 6.696121 1.699967 4.314758 0.345491 0.750000 -1
0 6.696121 -1.719576 4.314758 0.654508 0.750000 -1
0 13.132354 5.523130 0.000000 0.000000 0.500000 -1
0 17.110151 4.466436 -2.666667 0.095491 0.345492 -1
0 9.154544 4.466437 -2.666667 0.095491 0.654509 -1
42
0.000000 0.513377 0.858163
0.000000 0.000000 1.000000
0.246391 0.339934 0.907599
0.600212 0.000000 0.799841
0.246391 -0.339934 0.907599
0.000000 -0.513377 0.858163
0.144898 0.832647 0.534512
0.271931 0.962317 0.000000
0.548523 0.710779 0.440358
0.548523 0.710779 -0.440358
0.600212 0.000000 -0.799841
1.000000 0.000000 0.000000
0.548523 -0.710779 0.440358
0.548523 -0.710779 -0.440358
0.271931 -0.962317 0.000000
0.144898 -0.832647 0.534513
-0.000000 -1.000000 -0.000000
-0.271932 -0.962316 0.000000
-0.144898 -0.832647 0.534513
0.144898 -0.832647 -0.534513
0.000000 -0.513377 -0.858163
-0.144898 -0.832647 -0.534513
0.246391 -0.339934 -0.907599
0.246391 0.339934 -0.907599
0.000000 0.513377 -0.858163
0.000000 0.000000 -1.000000
-0.246392 0.339934 -0.907599
-0.600212 0.000000 -0.799841
-0.246392 -0.339934 -0.907599
-0.548524 -0.710778 -0.440358
-1.000000 0.000000 0.000000
-0.600212 0.000000 0.799841
-0.548524 -0.710778 0.440358
-0.548524 0.710779 -0.440358
-0.271932 0.962317 0.000000
-0.548524 0.710779 0.440358
-0.144898 0.832647 0.534512
-0.246392 0.339934 0.907599
-0.246392 -0.339934 0.907599
0.000000 1.000000 -0.000000
0.144898 0.832647 -0.534512
-0.144898 0.832647 -0.534512
80
1 0 1 2 0 1 2 1
1 3 2 4 3 2 4 1
1 5 4 1 5 4 1 1
1 2 1 4 2 1 4 1
1 0 2 6 0 2 6 1
1 7 6 8 7 6 8 1
1 3 8 2 3 8 2 1
1 6 2 8 6 2 8 1
1 7 8 9 7 8 9 1
1 10 9 11 10 9 11 1
1 3 11 8 3 11 8 1
1 9 8 11 9 8 11 1
1 3 12 11 3 12 11 1
1 10 11 13 10 11 13 1
1 14 13 12 14 13 12 1
1 11 12 13 11 12 13 1
1 3 4 12 3 4 12 1
1 14 12 15 14 12 15 1
1 5 15 4 5 15 4 1
1 12 4 15 12 4 15 1
1 14 15 16 14 15 16 1
1 17 16 18 17 16 18 1
1 5 18 15 5 18 15 1
1 16 15 18 16 15 18 1
1 14 16 19 14 16 19 1
1 20 19 21 20 19 21 1
1 17 21 16 17 21 16 1
1 19 16 21 19 16 21 1
1 10 13 22 10 13 22 1
1 20 22 19 20 22 19 1
1 14 19 13 14 19 13 1
1 22 13 19 22 13 19 1
1 10 22 23 10 22 23 1
1 24 23 25 24 23 25 1
1 20 25 22 20 25 22 1
1 23 22 25 23 22 25 1
1 24 25 26 24 25 26 1
1 27 26 28 27 26 28 1
1 20 28 25 20 28 25 1
1 26 25 28 26 25 28 1
1 27 28 29 27 28 29 1
1 17 29 21 17 29 21 1
1 20 21 28 20 21 28 1
1 29 28 21 29 28 21 1
1 27 29 30 27 29 30 1
1 31 30 32 31 30 32 1
1 17 32 29 17 32 29 1
1 30 29 32 30 29 32 1
1 27 30 33 27 30 33 1
1 34 33 35 34 33 35 1
1 31 35 30 31 35 30 1
1 33 30 35 33 30 35 1
1 34 35 36 34 35 36 1
1 0 36 37 0 36 37 1
1 31 37 35 31 37 35 1
1 36 35 37 36 35 37 1
1 0 37 1 0 37 1 1
1 5 1 38 5 1 38 1
1 31 38 37 31 38 37 1
1 1 37 38 1 37 38 1
1 31 32 38 31 32 38 1
1 5 38 18 5 38 18 1
1 17 18 32 17 18 32 1
1 38 32 18 38 32 18 1
1 7 39 6 7 39 6 1
1 0 6 36 0 6 36 1
1 34 36 39 34 36 39 1
1 6 39 36 6 39 36 1
1 7 40 39 7 40 39 1
1 34 39 41 34 39 41 1
1 24 41 40 24 41 40 1
1 39 40 41 39 40 41 1
1 7 9 40 7 9 40 1
1 24 40 23 24 40 23 1
1 10 23 9 10 23 9 1
1 40 9 23 40 9 23 1
1 27 33 26 27 33 26 1
1 24 26 41 24 26 41 1
1 34 41 33 34 41 33 1
1 26 33 41 26 33 41 1

Materials: 1
"Material02"
0.847059 0.984314 0.996078 1.000000
0.443137 1.000000 0.917647 1.000000
0.011765 0.611765 0.596078 1.000000
0.000000 0.000000 0.000000 1.000000
0.000000
1.000000
"NormalBombET1.tga"
""

Bones: 0
GroupComments: 0
MaterialComments: 0
BoneComments: 0
ModelComment: 0
