// MilkShape 3D ASCII

Frames: 30
Frame: 1

Meshes: 1
"Cylinder03" 0 0
152
1 2.947869 -0.024390 0.025783 0.662947 0.628397 -1
1 2.548028 -0.024390 1.518010 0.684030 0.628397 -1
1 -0.036585 -0.024390 0.025783 0.820313 0.628397 -1
1 2.947869 7.682927 0.025783 0.662947 0.328049 -1
1 -0.036585 7.682927 0.025783 0.820313 0.328049 -1
1 2.548028 7.682927 1.518010 0.684030 0.328049 -1
1 2.947869 -0.024390 0.025783 0.977203 0.627350 -1
1 2.947869 0.384824 0.025783 0.977203 0.611403 -1
1 2.548028 -0.024390 1.518010 0.956120 0.627350 -1
1 2.548028 0.384824 1.518010 0.956120 0.611403 -1
0 2.649424 0.525746 -0.000000 0.947303 0.605912 -1
0 2.289567 0.525746 1.343004 0.930226 0.605912 -1
0 2.649424 3.398375 -0.000000 0.947303 0.493968 -1
0 2.289567 3.398375 1.343004 0.930226 0.493968 -1
1 2.947869 3.563686 0.025783 0.977203 0.487526 -1
1 2.548028 3.563686 1.518010 0.956120 0.487526 -1
1 2.947869 4.094851 0.025783 0.977203 0.466827 -1
1 2.548028 4.094851 1.518010 0.956120 0.466827 -1
0 2.649424 4.235773 -0.000000 0.947303 0.461335 -1
0 2.289567 4.235773 1.343004 0.930226 0.461335 -1
0 2.649424 6.986451 -0.000000 0.947303 0.354144 -1
0 2.289567 6.986451 1.343004 0.930226 0.354144 -1
1 2.947869 7.151762 0.025783 0.977203 0.347702 -1
1 2.548028 7.151762 1.518010 0.956120 0.347702 -1
1 2.947869 7.682927 0.025783 0.977203 0.327003 -1
1 2.548028 7.682927 1.518010 0.956120 0.327003 -1
1 1.455642 -0.024390 2.610396 0.741630 0.628397 -1
1 1.455642 7.682927 2.610396 0.741630 0.328049 -1
1 1.455642 0.384824 2.610396 0.898520 0.611403 -1
1 1.455642 -0.024390 2.610396 0.898520 0.627350 -1
0 1.306419 0.525746 2.326152 0.883570 0.605912 -1
0 1.306419 3.398375 2.326152 0.883570 0.493968 -1
1 1.455642 3.563686 2.610396 0.898520 0.487526 -1
1 1.455642 4.094851 2.610396 0.898520 0.466827 -1
0 1.306419 4.235773 2.326152 0.883570 0.461335 -1
0 1.306419 6.986451 2.326152 0.883570 0.354144 -1
1 1.455642 7.151762 2.610396 0.898520 0.347702 -1
1 1.455642 7.682927 2.610396 0.898520 0.327003 -1
1 -0.036585 -0.024390 3.010237 0.820313 0.628397 -1
1 -0.036585 7.682927 3.010237 0.820313 0.328049 -1
1 -0.036585 -0.024390 3.010237 0.819837 0.627350 -1
1 -0.036585 0.384824 3.010237 0.819837 0.611403 -1
0 -0.036585 0.525746 2.686009 0.819837 0.605912 -1
0 -0.036585 3.398375 2.686009 0.819837 0.493968 -1
1 -0.036585 3.563686 3.010237 0.819837 0.487526 -1
1 -0.036585 4.094851 3.010237 0.819837 0.466827 -1
0 -0.036585 4.235773 2.686009 0.819837 0.461335 -1
0 -0.036585 6.986451 2.686009 0.819837 0.354144 -1
1 -0.036585 7.151762 3.010237 0.819837 0.347702 -1
1 -0.036585 7.682927 3.010237 0.819837 0.327003 -1
1 -1.528813 -0.024390 2.610396 0.898995 0.628397 -1
1 -1.528813 7.682927 2.610396 0.898995 0.328049 -1
1 -1.528813 0.384824 2.610396 0.741154 0.611403 -1
1 -1.528813 -0.024390 2.610396 0.741154 0.627350 -1
0 -1.379590 0.525746 2.326152 0.756104 0.605912 -1
0 -1.379590 3.398375 2.326152 0.756104 0.493968 -1
1 -1.528813 3.563686 2.610396 0.741154 0.487526 -1
1 -1.528813 4.094851 2.610396 0.741154 0.466827 -1
0 -1.379590 4.235773 2.326152 0.756104 0.461335 -1
0 -1.379590 6.986451 2.326152 0.756104 0.354144 -1
1 -1.528813 7.151762 2.610396 0.741154 0.347702 -1
1 -1.528813 7.682927 2.610396 0.741154 0.327003 -1
1 -2.621199 -0.024390 1.518010 0.956595 0.628397 -1
1 -2.621199 7.682927 1.518010 0.956595 0.328049 -1
1 -2.621199 -0.024390 1.518010 0.683555 0.627350 -1
1 -2.621199 0.384824 1.518010 0.683555 0.611403 -1
0 -2.362737 0.525746 1.343004 0.709448 0.605912 -1
0 -2.362737 3.398375 1.343004 0.709448 0.493968 -1
1 -2.621199 3.563686 1.518010 0.683555 0.487526 -1
1 -2.621199 4.094851 1.518010 0.683555 0.466827 -1
0 -2.362737 4.235773 1.343004 0.709448 0.461335 -1
0 -2.362737 6.986451 1.343004 0.709448 0.354144 -1
1 -2.621199 7.151762 1.518010 0.683555 0.347702 -1
1 -2.621199 7.682927 1.518010 0.683555 0.327003 -1
1 -3.021040 -0.024390 0.025783 0.977678 0.628397 -1
1 -3.021040 7.682927 0.025783 0.977678 0.328049 -1
1 -3.021040 0.384824 0.025783 0.662472 0.611403 -1
1 -3.021040 -0.024390 0.025783 0.662472 0.627350 -1
0 -2.722594 0.525746 -0.000000 0.692371 0.605912 -1
0 -2.722594 3.398375 -0.000000 0.692371 0.493968 -1
1 -3.021040 3.563686 0.025783 0.662472 0.487526 -1
1 -3.021040 4.094851 0.025783 0.662472 0.466827 -1
0 -2.722594 4.235773 -0.000000 0.692371 0.461335 -1
0 -2.722594 6.986451 -0.000000 0.692371 0.354144 -1
1 -3.021040 7.151762 0.025783 0.662472 0.347702 -1
1 -3.021040 7.682927 0.025783 0.662472 0.327003 -1
1 -2.621199 -0.024390 -1.466445 0.956595 0.628397 -1
1 -2.621199 7.682927 -1.466445 0.956595 0.328049 -1
1 -3.021040 0.384824 0.025783 0.977678 0.612450 -1
1 -2.621199 0.384824 -1.466445 0.956595 0.612450 -1
0 -2.722594 0.525746 -0.000000 0.947779 0.606958 -1
0 -2.362737 0.525746 -1.343004 0.930701 0.606958 -1
0 -2.722594 3.398375 -0.000000 0.947779 0.495014 -1
0 -2.362737 3.398375 -1.343004 0.930701 0.495014 -1
1 -3.021040 3.563686 0.025783 0.977678 0.488572 -1
1 -2.621199 3.563686 -1.466445 0.956595 0.488572 -1
1 -3.021040 4.094851 0.025783 0.977678 0.467873 -1
1 -2.621199 4.094851 -1.466445 0.956595 0.467873 -1
0 -2.722594 4.235773 -0.000000 0.947779 0.462382 -1
0 -2.362737 4.235773 -1.343004 0.930701 0.462382 -1
0 -2.722594 6.986451 -0.000000 0.947779 0.355190 -1
0 -2.362737 6.986451 -1.343004 0.930701 0.355190 -1
1 -3.021040 7.151762 0.025783 0.977678 0.348748 -1
1 -2.621199 7.151762 -1.466445 0.956595 0.348748 -1
1 -1.528813 -0.024390 -2.558831 0.898995 0.628397 -1
1 -1.528813 7.682927 -2.558831 0.898995 0.328049 -1
1 -1.528813 0.384824 -2.558831 0.898995 0.612450 -1
0 -1.379590 0.525746 -2.326152 0.884046 0.606958 -1
0 -1.379590 3.398375 -2.326152 0.884046 0.495014 -1
1 -1.528813 3.563686 -2.558831 0.898995 0.488572 -1
1 -1.528813 4.094851 -2.558831 0.898995 0.467873 -1
0 -1.379590 4.235773 -2.326152 0.884046 0.462382 -1
0 -1.379590 6.986451 -2.326152 0.884046 0.355190 -1
1 -1.528813 7.151762 -2.558831 0.898995 0.348748 -1
1 -0.036585 -0.024390 -2.958672 0.820313 0.628397 -1
1 -0.036585 7.682927 -2.958672 0.820313 0.328049 -1
1 -0.036585 0.384824 -2.958672 0.820313 0.612450 -1
0 -0.036585 0.525746 -2.686009 0.820313 0.606958 -1
0 -0.036585 3.398375 -2.686009 0.820313 0.495014 -1
1 -0.036585 3.563686 -2.958672 0.820313 0.488572 -1
1 -0.036585 4.094851 -2.958672 0.820313 0.467873 -1
0 -0.036585 4.235773 -2.686009 0.820313 0.462382 -1
0 -0.036585 6.986451 -2.686009 0.820313 0.355190 -1
1 -0.036585 7.151762 -2.958672 0.820313 0.348748 -1
1 1.455642 -0.024390 -2.558831 0.741630 0.628397 -1
1 1.455642 7.682927 -2.558831 0.741630 0.328049 -1
1 1.455642 0.384824 -2.558831 0.741630 0.612450 -1
0 1.306419 0.525746 -2.326152 0.756580 0.606958 -1
0 1.306419 3.398375 -2.326152 0.756580 0.495014 -1
1 1.455642 3.563686 -2.558831 0.741630 0.488572 -1
1 1.455642 4.094851 -2.558831 0.741630 0.467873 -1
0 1.306419 4.235773 -2.326152 0.756580 0.462382 -1
0 1.306419 6.986451 -2.326152 0.756580 0.355190 -1
1 1.455642 7.151762 -2.558831 0.741630 0.348748 -1
1 2.548028 -0.024390 -1.466445 0.684030 0.628397 -1
1 2.548028 7.682927 -1.466445 0.684030 0.328049 -1
1 2.548028 0.384824 -1.466445 0.684030 0.612450 -1
0 2.289567 0.525746 -1.343004 0.709924 0.606958 -1
0 2.289567 3.398375 -1.343004 0.709924 0.495014 -1
1 2.548028 3.563686 -1.466445 0.684030 0.488572 -1
1 2.548028 4.094851 -1.466445 0.684030 0.467873 -1
0 2.289567 4.235773 -1.343004 0.709924 0.462382 -1
0 2.289567 6.986451 -1.343004 0.709924 0.355190 -1
1 2.548028 7.151762 -1.466445 0.684030 0.348748 -1
1 2.947869 0.384824 0.025783 0.662947 0.612450 -1
0 2.649424 0.525746 -0.000000 0.692846 0.606958 -1
0 2.649424 3.398375 -0.000000 0.692846 0.495014 -1
1 2.947869 3.563686 0.025783 0.662947 0.488572 -1
1 2.947869 4.094851 0.025783 0.662947 0.467873 -1
0 2.649424 4.235773 -0.000000 0.692846 0.462382 -1
0 2.649424 6.986451 -0.000000 0.692846 0.355190 -1
1 2.947869 7.151762 0.025783 0.662947 0.348748 -1
126
0.000000 -1.000000 0.000000
0.000000 1.000000 0.000000
0.965926 0.000000 0.258819
0.817080 0.533337 0.218936
0.866025 0.000000 0.500000
0.723957 0.549723 0.416763
0.817080 0.533337 0.218936
0.723957 0.549723 0.416763
0.833420 -0.505511 0.223314
0.739156 -0.522120 0.425486
0.833421 -0.505511 0.223314
0.739156 -0.522120 0.425486
0.817080 0.533336 0.218936
0.723957 0.549723 0.416763
0.817080 0.533336 0.218936
0.723957 0.549723 0.416763
0.833420 -0.505511 0.223314
0.739156 -0.522121 0.425486
0.833420 -0.505511 0.223314
0.739156 -0.522121 0.425486
0.416574 0.554566 0.720362
0.500000 0.000000 0.866025
0.416574 0.554566 0.720362
0.425285 -0.527570 0.735393
0.425285 -0.527570 0.735393
0.416574 0.554566 0.720363
0.416574 0.554566 0.720363
0.425285 -0.527570 0.735393
0.000000 0.000000 1.000000
0.000000 0.556280 0.830995
0.000000 0.556280 0.830995
0.000000 -0.529501 0.848309
0.000000 -0.529501 0.848309
0.000000 0.556279 0.830995
0.000000 0.556279 0.830995
0.000000 -0.529501 0.848309
-0.416574 0.554567 0.720362
-0.500000 0.000000 0.866025
-0.416574 0.554566 0.720362
-0.425285 -0.527570 0.735393
-0.425285 -0.527570 0.735393
-0.416574 0.554566 0.720363
-0.416574 0.554566 0.720363
-0.425285 -0.527570 0.735393
-0.425285 -0.527570 0.735393
-0.866025 0.000000 0.500000
-0.723957 0.549723 0.416763
-0.723957 0.549723 0.416763
-0.739156 -0.522120 0.425486
-0.739156 -0.522120 0.425486
-0.723957 0.549723 0.416763
-0.739156 -0.522121 0.425486
-0.739156 -0.522121 0.425486
-0.866025 0.000000 0.500000
-0.817079 0.533337 0.218936
-0.965926 0.000000 0.258819
-0.817079 0.533337 0.218936
-0.833420 -0.505511 0.223314
-0.833420 -0.505511 0.223314
-0.817080 0.533337 0.218936
-0.817080 0.533337 0.218936
-0.833420 -0.505511 0.223314
-0.833420 -0.505511 0.223314
-0.965926 0.000000 0.258819
-0.965926 0.000000 -0.258819
-0.821752 0.525586 -0.220188
-0.866025 0.000000 -0.500000
-0.730985 0.535164 -0.423392
-0.821752 0.525587 -0.220188
-0.730984 0.535164 -0.423392
-0.838258 -0.496865 -0.224610
-0.746455 -0.505833 -0.432363
-0.838258 -0.496865 -0.224610
-0.746455 -0.505833 -0.432363
-0.821752 0.525586 -0.220188
-0.730985 0.535164 -0.423392
-0.821752 0.525586 -0.220188
-0.838257 -0.496865 -0.224610
-0.746455 -0.505833 -0.432363
-0.838257 -0.496865 -0.224610
-0.746455 -0.505833 -0.432363
-0.423605 0.529298 -0.735121
-0.500000 0.000000 -0.866025
-0.423605 0.529298 -0.735121
-0.432585 -0.499310 -0.750707
-0.432585 -0.499310 -0.750707
-0.423605 0.529298 -0.735121
-0.423605 0.529298 -0.735121
-0.432584 -0.499310 -0.750706
-0.432585 -0.499310 -0.750706
0.000000 0.000000 -1.000000
0.000000 0.527073 -0.849820
0.000000 0.527073 -0.849820
0.000000 -0.496841 -0.867842
0.000000 -0.496841 -0.867842
0.000000 0.527073 -0.849820
0.000000 0.527073 -0.849820
0.000000 -0.496841 -0.867841
0.000000 -0.496841 -0.867841
0.423605 0.529298 -0.735121
0.500000 0.000000 -0.866025
0.423605 0.529298 -0.735121
0.432585 -0.499310 -0.750707
0.432585 -0.499310 -0.750707
0.423605 0.529298 -0.735121
0.423605 0.529298 -0.735121
0.432584 -0.499310 -0.750706
0.432585 -0.499310 -0.750706
0.866025 0.000000 -0.500000
0.730985 0.535164 -0.423392
0.730985 0.535164 -0.423392
0.746455 -0.505833 -0.432363
0.746455 -0.505833 -0.432363
0.730985 0.535164 -0.423392
0.730985 0.535164 -0.423392
0.746455 -0.505833 -0.432363
0.746455 -0.505833 -0.432363
0.821752 0.525586 -0.220188
0.965926 0.000000 -0.258819
0.821752 0.525586 -0.220188
0.838258 -0.496864 -0.224610
0.838258 -0.496864 -0.224610
0.821752 0.525586 -0.220188
0.821752 0.525586 -0.220188
0.838257 -0.496865 -0.224610
0.838258 -0.496864 -0.224610
240
0 0 1 2 0 0 0 2
0 3 4 5 1 1 1 2
0 6 7 8 2 3 4 1
0 7 9 8 3 5 4 1
0 7 10 11 3 6 7 1
0 7 11 9 3 7 5 1
0 10 12 11 6 8 7 1
0 12 13 11 8 9 7 1
0 12 14 15 8 10 11 1
0 12 15 13 8 11 9 1
0 14 16 15 10 12 11 1
0 16 17 15 12 13 11 1
0 16 18 19 12 14 15 1
0 16 19 17 12 15 13 1
0 18 20 19 14 16 15 1
0 20 21 19 16 17 15 1
0 20 22 23 16 18 19 1
0 20 23 21 16 19 17 1
0 22 24 23 18 2 19 1
0 24 25 23 2 4 19 1
0 1 26 2 0 0 0 2
0 5 4 27 1 1 1 2
0 8 9 28 4 5 20 1
0 8 28 29 4 20 21 1
0 9 11 28 5 7 20 1
0 11 30 28 7 22 20 1
0 11 13 31 7 9 23 1
0 11 31 30 7 23 22 1
0 13 15 31 9 11 23 1
0 15 32 31 11 24 23 1
0 15 17 33 11 13 25 1
0 15 33 32 11 25 24 1
0 17 19 33 13 15 25 1
0 19 34 33 15 26 25 1
0 19 21 35 15 17 27 1
0 19 35 34 15 27 26 1
0 21 23 35 17 19 27 1
0 23 36 35 19 27 27 1
0 23 25 37 19 4 21 1
0 23 37 36 19 21 27 1
0 26 38 2 0 0 0 2
0 27 4 39 1 1 1 2
0 29 28 40 21 20 28 1
0 28 41 40 20 29 28 1
0 28 30 42 20 22 30 1
0 28 42 41 20 30 29 1
0 30 31 42 22 23 30 1
0 31 43 42 23 31 30 1
0 31 32 44 23 24 32 1
0 31 44 43 23 32 31 1
0 32 33 44 24 25 32 1
0 33 45 44 25 33 32 1
0 33 34 46 25 26 34 1
0 33 46 45 25 34 33 1
0 34 35 46 26 27 34 1
0 35 47 46 27 35 34 1
0 35 36 48 27 27 35 1
0 35 48 47 27 35 35 1
0 36 37 48 27 21 35 1
0 37 49 48 21 28 35 1
0 38 50 2 0 0 0 2
0 39 4 51 1 1 1 2
0 40 41 52 28 29 36 1
0 40 52 53 28 36 37 1
0 41 42 52 29 30 36 1
0 42 54 52 30 38 36 1
0 42 43 55 30 31 39 1
0 42 55 54 30 39 38 1
0 43 44 55 31 32 39 1
0 44 56 55 32 40 39 1
0 44 45 57 32 33 41 1
0 44 57 56 32 41 40 1
0 45 46 57 33 34 41 1
0 46 58 57 34 42 41 1
0 46 47 59 34 35 43 1
0 46 59 58 34 43 42 1
0 47 48 59 35 35 43 1
0 48 60 59 35 44 43 1
0 48 49 61 35 28 37 1
0 48 61 60 35 37 44 1
0 50 62 2 0 0 0 2
0 51 4 63 1 1 1 2
0 53 52 64 37 36 45 1
0 52 65 64 36 46 45 1
0 52 54 66 36 38 47 1
0 52 66 65 36 47 46 1
0 54 55 66 38 39 47 1
0 55 67 66 39 48 47 1
0 55 56 68 39 40 49 1
0 55 68 67 39 49 48 1
0 56 57 68 40 41 49 1
0 57 69 68 41 50 49 1
0 57 58 70 41 42 50 1
0 57 70 69 41 50 50 1
0 58 59 70 42 43 50 1
0 59 71 70 43 51 50 1
0 59 60 72 43 44 52 1
0 59 72 71 43 52 51 1
0 60 61 72 44 37 52 1
0 61 73 72 37 53 52 1
0 62 74 2 0 0 0 2
0 63 4 75 1 1 1 2
0 64 65 76 45 46 54 1
0 64 76 77 45 54 55 1
0 65 66 76 46 47 54 1
0 66 78 76 47 56 54 1
0 66 67 79 47 48 57 1
0 66 79 78 47 57 56 1
0 67 68 79 48 49 57 1
0 68 80 79 49 58 57 1
0 68 69 81 49 50 59 1
0 68 81 80 49 59 58 1
0 69 70 81 50 50 59 1
0 70 82 81 50 60 59 1
0 70 71 83 50 51 61 1
0 70 83 82 50 61 60 1
0 71 72 83 51 52 61 1
0 72 84 83 52 62 61 1
0 72 73 85 52 53 63 1
0 72 85 84 52 63 62 1
0 74 86 2 0 0 0 2
0 75 4 87 1 1 1 2
0 74 88 86 64 65 66 1
0 88 89 86 65 67 66 1
0 88 90 91 65 68 69 1
0 88 91 89 65 69 67 1
0 90 92 91 68 70 69 1
0 92 93 91 70 71 69 1
0 92 94 95 70 72 73 1
0 92 95 93 70 73 71 1
0 94 96 95 72 74 73 1
0 96 97 95 74 75 73 1
0 96 98 99 74 76 75 1
0 96 99 97 74 75 75 1
0 98 100 99 76 77 75 1
0 100 101 99 77 78 75 1
0 100 102 103 77 79 80 1
0 100 103 101 77 80 78 1
0 102 75 103 79 64 80 1
0 75 87 103 64 66 80 1
0 86 104 2 0 0 0 2
0 87 4 105 1 1 1 2
0 86 89 106 66 67 81 1
0 86 106 104 66 81 82 1
0 89 91 106 67 69 81 1
0 91 107 106 69 83 81 1
0 91 93 108 69 71 84 1
0 91 108 107 69 84 83 1
0 93 95 108 71 73 84 1
0 95 109 108 73 85 84 1
0 95 97 110 73 75 86 1
0 95 110 109 73 86 85 1
0 97 99 110 75 75 86 1
0 99 111 110 75 87 86 1
0 99 101 112 75 78 88 1
0 99 112 111 75 88 87 1
0 101 103 112 78 80 88 1
0 103 113 112 80 89 88 1
0 103 87 105 80 66 82 1
0 103 105 113 80 82 89 1
0 104 114 2 0 0 0 2
0 105 4 115 1 1 1 2
0 104 106 114 82 81 90 1
0 106 116 114 81 91 90 1
0 106 107 117 81 83 92 1
0 106 117 116 81 92 91 1
0 107 108 117 83 84 92 1
0 108 118 117 84 93 92 1
0 108 109 119 84 85 94 1
0 108 119 118 84 94 93 1
0 109 110 119 85 86 94 1
0 110 120 119 86 95 94 1
0 110 111 121 86 87 96 1
0 110 121 120 86 96 95 1
0 111 112 121 87 88 96 1
0 112 122 121 88 97 96 1
0 112 113 123 88 89 98 1
0 112 123 122 88 98 97 1
0 113 105 123 89 82 98 1
0 105 115 123 82 90 98 1
0 114 124 2 0 0 0 2
0 115 4 125 1 1 1 2
0 114 116 126 90 91 99 1
0 114 126 124 90 99 100 1
0 116 117 126 91 92 99 1
0 117 127 126 92 101 99 1
0 117 118 128 92 93 102 1
0 117 128 127 92 102 101 1
0 118 119 128 93 94 102 1
0 119 129 128 94 103 102 1
0 119 120 130 94 95 104 1
0 119 130 129 94 104 103 1
0 120 121 130 95 96 104 1
0 121 131 130 96 105 104 1
0 121 122 132 96 97 106 1
0 121 132 131 96 106 105 1
0 122 123 132 97 98 106 1
0 123 133 132 98 107 106 1
0 123 115 125 98 90 100 1
0 123 125 133 98 100 107 1
0 124 134 2 0 0 0 2
0 125 4 135 1 1 1 2
0 124 126 134 100 99 108 1
0 126 136 134 99 109 108 1
0 126 127 137 99 101 110 1
0 126 137 136 99 110 109 1
0 127 128 137 101 102 110 1
0 128 138 137 102 111 110 1
0 128 129 139 102 103 112 1
0 128 139 138 102 112 111 1
0 129 130 139 103 104 112 1
0 130 140 139 104 113 112 1
0 130 131 141 104 105 114 1
0 130 141 140 104 114 113 1
0 131 132 141 105 106 114 1
0 132 142 141 106 115 114 1
0 132 133 143 106 107 116 1
0 132 143 142 106 116 115 1
0 133 125 143 107 100 116 1
0 125 135 143 100 108 116 1
0 134 0 2 0 0 0 2
0 135 4 3 1 1 1 2
0 134 136 144 108 109 117 1
0 134 144 0 108 117 118 1
0 136 137 144 109 110 117 1
0 137 145 144 110 119 117 1
0 137 138 146 110 111 120 1
0 137 146 145 110 120 119 1
0 138 139 146 111 112 120 1
0 139 147 146 112 121 120 1
0 139 140 148 112 113 122 1
0 139 148 147 112 122 121 1
0 140 141 148 113 114 122 1
0 141 149 148 114 123 122 1
0 141 142 150 114 115 124 1
0 141 150 149 114 124 123 1
0 142 143 150 115 116 124 1
0 143 151 150 116 125 124 1
0 143 135 3 116 108 118 1
0 143 3 151 116 118 125 1

Materials: 1
"Material01"
0.200000 0.200000 0.200000 1.000000
0.800000 0.800000 0.800000 1.000000
0.000000 0.000000 0.000000 1.000000
0.000000 0.000000 0.000000 1.000000
0.000000
1.000000
"..\Image\House1.tga"
""

Bones: 0
GroupComments: 0
MaterialComments: 0
BoneComments: 0
ModelComment: 0
