// MilkShape 3D ASCII

Frames: 30
Frame: 1

Meshes: 1
"Sphere02" 0 0
93
0 -0.000000 -4.841427 0.000000 0.915724 0.886872 -1
0 2.805170 -4.192798 0.000000 0.980036 0.876953 -1
0 0.725234 -3.603834 0.920146 0.851412 0.870922 -1
0 -0.000000 4.841427 0.000000 0.915724 0.728797 -1
0 0.725234 3.603834 0.920146 0.851412 0.744747 -1
0 2.805170 4.192798 0.000000 0.980036 0.738716 -1
0 -0.000000 -4.841427 0.000000 0.832059 0.886872 -1
0 0.418714 -3.132166 1.237448 0.812706 0.864980 -1
0 -0.000000 4.841427 0.000000 0.832059 0.728797 -1
0 0.418714 3.132166 1.237448 0.812706 0.750689 -1
0 -0.000000 -4.841427 0.000000 0.796884 0.886872 -1
0 1.967742 -3.132166 1.407990 0.781062 0.862743 -1
0 -0.000000 4.841427 0.000000 0.796884 0.728797 -1
0 1.967742 3.132166 1.407990 0.781062 0.752926 -1
0 -0.000000 -4.841427 0.000000 0.765241 0.886872 -1
0 -0.418714 -3.132166 1.237448 0.749419 0.864980 -1
0 -0.000000 4.841427 0.000000 0.765241 0.728797 -1
0 -0.418714 3.132166 1.237448 0.749419 0.750689 -1
0 -0.000000 -4.841427 0.000000 0.730066 0.886872 -1
0 -0.725234 -3.603834 0.920146 0.710713 0.870922 -1
0 -0.000000 4.841427 0.000000 0.730066 0.728797 -1
0 -0.725234 3.603834 0.920146 0.710713 0.744747 -1
0 -0.000000 -4.841427 0.000000 0.646401 0.886872 -1
0 1.130314 -4.192798 0.000000 0.582089 0.876953 -1
0 -0.000000 4.841427 0.000000 0.646401 0.728797 -1
0 1.130314 4.192798 0.000000 0.582089 0.738716 -1
0 -0.000000 -4.841427 0.000000 0.517777 0.886872 -1
0 -0.725234 -3.603834 -0.650034 0.453465 0.870922 -1
0 -0.000000 4.841427 0.000000 0.517777 0.728797 -1
0 -0.725234 3.603834 -0.650034 0.453465 0.744747 -1
0 -0.000000 -4.841427 0.000000 0.434112 0.886872 -1
0 -0.418714 -3.132166 -0.967336 0.414759 0.864980 -1
0 -0.000000 4.841427 0.000000 0.434112 0.728797 -1
0 -0.418714 3.132166 -0.967336 0.414759 0.750689 -1
0 -0.000000 -4.841427 0.000000 0.398938 0.886872 -1
1 0.243243 -3.067650 -3.440406 0.383116 0.862743 -1
0 -0.000000 4.841427 0.000000 0.398938 0.728797 -1
1 0.243243 3.196682 -3.440406 0.383116 0.752926 -1
0 -0.000000 -4.841427 0.000000 0.367294 0.886872 -1
0 0.418714 -3.132166 -0.967336 0.351472 0.864980 -1
0 -0.000000 4.841427 0.000000 0.367294 0.728797 -1
0 0.418714 3.132166 -0.967336 0.351472 0.750689 -1
0 -0.000000 -4.841427 0.000000 0.332119 0.886872 -1
0 0.725234 -3.603834 -0.650034 0.312766 0.870922 -1
0 -0.000000 4.841427 0.000000 0.332119 0.728797 -1
0 0.725234 3.603834 -0.650034 0.312766 0.744747 -1
0 -0.000000 -4.841427 0.000000 0.248454 0.886872 -1
0 2.805170 -4.192798 0.000000 0.184142 0.876953 -1
0 -0.000000 4.841427 0.000000 0.248454 0.728797 -1
0 2.805170 4.192798 0.000000 0.184142 0.738716 -1
0 1.450468 -2.420714 0.000000 0.184142 0.859710 -1
0 1.256143 -2.420714 2.024335 0.055518 0.847755 -1
0 0.725234 -3.603834 0.920146 0.055518 0.870922 -1
0 0.418714 -3.132166 1.237448 0.016812 0.864980 -1
0 0.725234 -2.420714 3.506250 0.011005 0.837748 -1
0 0.725234 -2.420714 3.506250 0.806899 0.837748 -1
0 -0.000000 -2.420714 4.048669 0.781062 0.834949 -1
0 -0.725234 -2.420714 3.506250 0.755226 0.837748 -1
0 -1.256143 -2.420714 2.024335 0.710713 0.847755 -1
0 -1.450468 -2.420714 0.000000 0.582089 0.859710 -1
0 -1.256143 -2.420714 -2.024335 0.453465 0.847755 -1
0 -0.725234 -2.420714 -3.506250 0.408952 0.837748 -1
0 -0.000000 -2.420714 -4.048669 0.383116 0.834949 -1
0 0.725234 -2.420714 -3.506250 0.357279 0.837748 -1
0 1.256143 -2.420714 -2.024335 0.312766 0.847755 -1
0 1.674856 0.000000 0.000000 0.184142 0.807835 -1
0 1.450468 0.000000 1.705237 0.055518 0.807835 -1
0 0.837428 0.000000 2.339841 0.016812 0.807835 -1
0 0.837428 0.000000 2.339841 0.812706 0.807835 -1
0 -0.000000 0.000000 2.680923 0.781062 0.807835 -1
1 -0.594185 0.064516 0.037313 0.749419 0.807835 -1
0 -1.450468 0.000000 1.705237 0.710713 0.807835 -1
0 -1.674856 0.000000 0.000000 0.582089 0.807835 -1
0 -1.450468 0.000000 -2.337500 0.453465 0.807835 -1
0 -0.837428 0.000000 -2.069728 0.414759 0.807835 -1
0 1.967742 0.000000 -2.410811 0.383116 0.807835 -1
0 0.837428 0.000000 -2.069728 0.351472 0.807835 -1
0 1.450468 0.000000 -2.337500 0.312766 0.807835 -1
0 1.450468 2.420714 0.000000 0.184142 0.755959 -1
0 1.256142 2.420714 2.024334 0.055518 0.767914 -1
0 0.725234 2.420714 3.506250 0.011005 0.777921 -1
0 0.725234 2.420714 3.506250 0.806899 0.777921 -1
0 -0.000000 2.420714 4.048669 0.781062 0.780720 -1
0 -0.725234 2.420714 3.506250 0.755226 0.777921 -1
0 -1.256142 2.420714 2.024334 0.710713 0.767914 -1
0 -1.450468 2.420714 0.000000 0.582089 0.755959 -1
0 -1.256142 2.420714 -2.024334 0.453465 0.767914 -1
0 -0.725234 2.420714 -3.506250 0.408952 0.777921 -1
0 -0.000000 2.420714 -4.048669 0.383116 0.780720 -1
0 0.725234 2.420714 -3.506250 0.357279 0.777921 -1
0 1.256142 2.420714 -2.024334 0.312766 0.767914 -1
0 0.725234 3.603834 0.920146 0.055518 0.744747 -1
0 0.418714 3.132166 1.237448 0.016812 0.750689 -1
91
0.149087 -0.644765 0.749701
0.051524 -0.615131 0.786739
0.149087 0.644765 0.749700
0.051524 0.615131 0.786739
-0.046645 -0.578258 0.814519
0.993558 0.070030 0.089092
-0.046645 0.578258 0.814519
0.993558 -0.070030 0.089092
0.089955 0.569489 -0.817062
0.853453 -0.488362 -0.181991
0.089955 -0.569489 -0.817062
0.853453 0.488362 -0.181991
-0.057310 -0.594628 0.801956
-0.104441 -0.823022 0.558324
-0.057310 0.594628 0.801956
-0.104440 0.823022 0.558324
0.046645 -0.578258 0.814519
-0.890168 -0.442265 -0.109558
0.046645 0.578258 0.814519
-0.890168 0.442266 -0.109558
-0.268743 0.468316 -0.841699
-0.951727 0.306209 -0.021244
-0.268743 -0.468316 -0.841699
-0.951727 -0.306209 -0.021244
-0.205446 0.358014 0.910834
0.214462 -0.914094 0.344150
-0.205446 -0.358014 0.910834
0.214463 0.914093 0.344150
-0.102013 -0.508774 -0.854835
-0.432716 -0.761374 -0.482770
-0.102013 0.508774 -0.854835
-0.448992 0.752113 -0.482423
-0.898282 -0.361461 -0.249869
0.179139 -0.800235 -0.572305
-0.905756 0.353863 -0.233209
0.150232 0.804037 -0.575286
0.957865 -0.277202 -0.075195
0.550635 -0.679867 -0.484337
0.960919 0.269994 -0.061136
0.549169 0.684356 -0.479657
0.102013 -0.508774 -0.854835
-0.024005 -0.625315 -0.780003
0.102013 0.508774 -0.854835
-0.024005 0.625315 -0.780003
0.119206 -0.515539 -0.848534
0.852236 -0.361052 -0.378595
0.119206 0.515539 -0.848534
0.852236 0.361052 -0.378595
0.960930 0.276793 0.000000
0.823806 -0.262534 0.502414
-0.034900 -0.673469 0.738392
0.195940 -0.822018 0.534690
0.855980 -0.416240 0.306662
0.541219 -0.428302 0.723630
-0.156062 -0.069926 0.985269
-0.813753 -0.230896 0.533378
-0.868879 -0.348274 0.351786
-0.862058 -0.506810 0.000000
-0.805073 -0.417165 -0.421699
-0.744311 -0.427408 -0.513151
0.094414 -0.505713 -0.857520
0.744311 -0.427408 -0.513151
0.704578 -0.358593 -0.612357
0.999961 0.000000 0.008846
0.900577 0.000000 0.434697
0.848973 0.000000 0.528436
0.495465 0.000000 0.868628
-0.521178 0.001307 0.853447
-0.659553 -0.008260 0.751612
-0.181386 0.000600 0.983412
-0.999961 0.000000 0.008846
-0.506638 0.000000 -0.862159
-0.390868 0.000000 -0.920447
0.869090 0.000000 -0.494654
0.716789 0.000000 -0.697290
0.506638 0.000000 -0.862159
0.960930 -0.276793 0.000000
0.823806 0.262534 0.502414
0.855980 0.416241 0.306662
0.541219 0.428302 0.723630
-0.153767 0.065713 0.985920
-0.817066 0.219017 0.533325
-0.870542 0.345120 0.350784
-0.862058 0.506810 0.000000
-0.805073 0.417166 -0.421699
-0.744311 0.427408 -0.513151
0.081899 0.499129 -0.862649
0.744311 0.427408 -0.513151
0.704578 0.358593 -0.612357
-0.034900 0.673468 0.738392
0.195940 0.822018 0.534691
120
0 0 1 2 0 0 1 1
0 3 4 5 2 3 2 1
0 6 2 7 4 1 5 1
0 8 9 4 6 7 3 1
0 10 7 11 8 5 9 1
0 12 13 9 10 11 7 1
0 14 11 15 12 9 13 1
0 16 17 13 14 15 11 1
0 18 15 19 16 13 17 1
0 20 21 17 18 19 15 1
0 22 19 23 20 17 21 1
0 24 25 21 22 23 19 1
0 26 23 27 24 21 25 1
0 28 29 25 26 27 23 1
0 30 27 31 28 25 29 1
0 32 33 29 30 31 27 1
0 34 31 35 32 29 33 1
0 36 37 33 34 35 31 1
0 38 35 39 36 33 37 1
0 40 41 37 38 39 35 1
0 42 39 43 40 37 41 1
0 44 45 41 42 43 39 1
0 46 43 47 44 41 45 1
0 48 49 45 46 47 43 1
0 47 50 51 45 48 49 1
0 47 51 52 45 49 50 1
0 52 51 53 50 49 51 1
0 51 54 53 49 52 51 1
0 7 55 56 5 53 54 1
0 7 56 11 5 54 9 1
0 11 56 15 9 54 13 1
0 56 57 15 54 55 13 1
0 15 57 58 13 55 56 1
0 15 58 19 13 56 17 1
0 19 58 23 17 56 21 1
0 58 59 23 56 57 21 1
0 23 59 60 21 57 58 1
0 23 60 27 21 58 25 1
0 27 60 31 25 58 29 1
0 60 61 31 58 59 29 1
0 31 61 62 29 59 60 1
0 31 62 35 29 60 33 1
0 35 62 39 33 60 37 1
0 62 63 39 60 61 37 1
0 39 63 64 37 61 62 1
0 39 64 43 37 62 41 1
0 43 64 47 41 62 45 1
0 64 50 47 62 48 45 1
0 50 65 51 48 63 49 1
0 65 66 51 63 64 49 1
0 51 66 67 49 64 65 1
0 51 67 54 49 65 52 1
0 55 68 56 53 66 54 1
0 68 69 56 66 67 54 1
0 56 69 70 54 67 68 1
0 56 70 57 54 68 55 1
0 57 70 58 55 68 56 1
0 70 71 58 68 69 56 1
0 58 71 72 56 69 70 1
0 58 72 59 56 70 57 1
0 59 72 60 57 70 58 1
0 72 73 60 70 71 58 1
0 60 73 74 58 71 72 1
0 60 74 61 58 72 59 1
0 61 74 62 59 72 60 1
0 74 75 62 72 73 60 1
0 62 75 76 60 73 74 1
0 62 76 63 60 74 61 1
0 63 76 64 61 74 62 1
0 76 77 64 74 75 62 1
0 64 77 65 62 75 63 1
0 64 65 50 62 63 48 1
0 65 78 79 63 76 77 1
0 65 79 66 63 77 64 1
0 66 79 67 64 77 65 1
0 79 80 67 77 78 65 1
0 68 81 82 66 79 80 1
0 68 82 69 66 80 67 1
0 69 82 70 67 80 68 1
0 82 83 70 80 81 68 1
0 70 83 84 68 81 82 1
0 70 84 71 68 82 69 1
0 71 84 72 69 82 70 1
0 84 85 72 82 83 70 1
0 72 85 86 70 83 84 1
0 72 86 73 70 84 71 1
0 73 86 74 71 84 72 1
0 86 87 74 84 85 72 1
0 74 87 88 72 85 86 1
0 74 88 75 72 86 73 1
0 75 88 76 73 86 74 1
0 88 89 76 86 87 74 1
0 76 89 90 74 87 88 1
0 76 90 77 74 88 75 1
0 77 90 65 75 88 63 1
0 90 78 65 88 76 63 1
0 78 49 79 76 47 77 1
0 49 91 79 47 89 77 1
0 79 91 92 77 89 90 1
0 79 92 80 77 90 78 1
0 81 9 82 79 7 80 1
0 9 13 82 7 11 80 1
0 82 13 17 80 11 15 1
0 82 17 83 80 15 81 1
0 83 17 84 81 15 82 1
0 17 21 84 15 19 82 1
0 84 21 25 82 19 23 1
0 84 25 85 82 23 83 1
0 85 25 86 83 23 84 1
0 25 29 86 23 27 84 1
0 86 29 33 84 27 31 1
0 86 33 87 84 31 85 1
0 87 33 88 85 31 86 1
0 33 37 88 31 35 86 1
0 88 37 41 86 35 39 1
0 88 41 89 86 39 87 1
0 89 41 90 87 39 88 1
0 41 45 90 39 43 88 1
0 90 45 49 88 43 47 1
0 90 49 78 88 47 76 1

Materials: 1
"Material02"
0.200000 0.200000 0.200000 1.000000
0.800000 0.800000 0.800000 1.000000
0.000000 0.000000 0.000000 1.000000
0.000000 0.000000 0.000000 1.000000
0.000000
1.000000
"RaserStart.tga"
""

Bones: 0
GroupComments: 0
MaterialComments: 0
BoneComments: 0
ModelComment: 0
