// MilkShape 3D ASCII

Frames: 30
Frame: 1

Meshes: 1
"Regroup00" 1 0
72
1 -0.150001 3.098333 0.000000 0.000000 1.000000 -1
1 -1.216666 3.098333 0.000000 0.000000 0.000000 -1
1 -0.150001 2.190853 2.190852 0.125000 1.000000 -1
1 -1.216666 2.190852 2.190852 0.125000 0.000000 -1
1 -1.216666 -0.000000 3.098333 0.250000 0.000000 -1
1 -0.150001 0.000000 3.098333 0.250000 1.000000 -1
1 -0.150001 -2.190852 2.190852 0.375000 1.000000 -1
1 -1.216666 -2.190853 2.190852 0.375000 0.000000 -1
1 -1.216666 -3.098333 0.000000 0.500000 0.000000 -1
1 -0.150000 -3.098333 0.000000 0.500000 1.000000 -1
1 -0.150001 -2.190852 -2.190852 0.625000 1.000000 -1
1 -1.216666 -2.190853 -2.190852 0.625000 0.000000 -1
1 -1.216666 -0.000000 -3.098333 0.750000 0.000000 -1
1 -0.150001 0.000000 -3.098333 0.750000 1.000000 -1
1 -0.150001 2.190853 -2.190852 0.875000 1.000000 -1
1 -1.216666 2.190852 -2.190852 0.875000 0.000000 -1
1 -1.216666 3.098333 0.000000 1.000000 0.000000 -1
1 -0.150001 3.098333 0.000000 1.000000 1.000000 -1
1 1.683332 2.509650 -0.000000 0.000000 1.000000 -1
1 0.616667 2.509650 -0.000000 0.000000 0.000000 -1
1 1.683332 1.774590 1.774590 0.125000 1.000000 -1
1 0.616667 1.774590 1.774590 0.125000 0.000000 -1
1 0.616667 -0.000000 2.509650 0.250000 0.000000 -1
1 1.683332 0.000000 2.509650 0.250000 1.000000 -1
1 1.683332 -1.774590 1.774590 0.375000 1.000000 -1
1 0.616667 -1.774590 1.774590 0.375000 0.000000 -1
1 0.616667 -2.509650 -0.000000 0.500000 0.000000 -1
1 1.683333 -2.509650 -0.000000 0.500000 1.000000 -1
1 1.683332 -1.774590 -1.774590 0.625000 1.000000 -1
1 0.616667 -1.774590 -1.774590 0.625000 0.000000 -1
1 0.616667 -0.000000 -2.509650 0.750000 0.000000 -1
1 1.683332 0.000000 -2.509650 0.750000 1.000000 -1
1 1.683332 1.774590 -1.774590 0.875000 1.000000 -1
1 0.616667 1.774590 -1.774590 0.875000 0.000000 -1
1 0.616667 2.509650 -0.000000 1.000000 0.000000 -1
1 1.683332 2.509650 -0.000000 1.000000 1.000000 -1
1 3.716666 2.032816 -0.000000 0.000000 1.000000 -1
1 2.650000 2.032816 -0.000000 0.000000 0.000000 -1
1 3.716666 1.437418 1.437418 0.125000 1.000000 -1
1 2.650001 1.437418 1.437418 0.125000 0.000000 -1
1 2.650001 -0.000000 2.032816 0.250000 0.000000 -1
1 3.716666 0.000000 2.032816 0.250000 1.000000 -1
1 3.716666 -1.437418 1.437418 0.375000 1.000000 -1
1 2.650001 -1.437418 1.437418 0.375000 0.000000 -1
1 2.650001 -2.032816 -0.000000 0.500000 0.000000 -1
1 3.716667 -2.032816 -0.000000 0.500000 1.000000 -1
1 3.716666 -1.437418 -1.437418 0.625000 1.000000 -1
1 2.650001 -1.437418 -1.437418 0.625000 0.000000 -1
1 2.650001 -0.000000 -2.032816 0.750000 0.000000 -1
1 3.716666 0.000000 -2.032816 0.750000 1.000000 -1
1 3.716666 1.437418 -1.437418 0.875000 1.000000 -1
1 2.650001 1.437418 -1.437418 0.875000 0.000000 -1
1 2.650000 2.032816 -0.000000 1.000000 0.000000 -1
1 3.716666 2.032816 -0.000000 1.000000 1.000000 -1
1 -1.950001 3.748984 0.000000 0.000000 1.000000 -1
1 -3.016667 3.748983 0.000000 0.000000 0.000000 -1
1 -1.950001 2.650932 2.650931 0.125000 1.000000 -1
1 -3.016666 2.650931 2.650931 0.125000 0.000000 -1
1 -3.016666 -0.000000 3.748983 0.250000 0.000000 -1
1 -1.950001 0.000000 3.748983 0.250000 1.000000 -1
1 -1.950001 -2.650931 2.650931 0.375000 1.000000 -1
1 -3.016666 -2.650932 2.650931 0.375000 0.000000 -1
1 -3.016666 -3.748984 0.000000 0.500000 0.000000 -1
1 -1.950000 -3.748983 0.000000 0.500000 1.000000 -1
1 -1.950001 -2.650931 -2.650931 0.625000 1.000000 -1
1 -3.016666 -2.650932 -2.650931 0.625000 0.000000 -1
1 -3.016666 -0.000000 -3.748983 0.750000 0.000000 -1
1 -1.950001 0.000000 -3.748983 0.750000 1.000000 -1
1 -1.950001 2.650932 -2.650931 0.875000 1.000000 -1
1 -3.016666 2.650931 -2.650931 0.875000 0.000000 -1
1 -3.016667 3.748983 0.000000 1.000000 0.000000 -1
1 -1.950001 3.748984 0.000000 1.000000 1.000000 -1
61
-0.000000 1.000000 0.000000
-0.000000 1.000000 0.000000
-0.000000 0.707107 0.707107
-0.000000 0.707107 0.707107
0.000000 0.000000 1.000000
0.000000 -0.000000 1.000000
0.000000 -0.707107 0.707107
0.000000 -0.707107 0.707107
0.000000 -1.000000 0.000000
0.000000 -1.000000 0.000000
0.000000 -0.707107 -0.707107
0.000000 -0.707107 -0.707107
0.000000 -0.000000 -1.000000
0.000000 -0.000000 -1.000000
-0.000000 0.707107 -0.707107
-0.000000 0.707107 -0.707107
-0.000000 1.000000 0.000000
-0.000000 1.000000 0.000000
-0.000000 0.707107 0.707107
-0.000000 0.707107 0.707107
-0.000000 0.000000 1.000000
-0.000000 0.000000 1.000000
0.000000 -0.707107 0.707107
0.000000 -0.707107 0.707107
0.000000 -1.000000 0.000000
0.000000 -1.000000 0.000000
0.000000 -0.707107 -0.707107
0.000000 -0.707107 -0.707107
-0.000000 0.000000 -1.000000
-0.000000 0.000000 -1.000000
-0.000000 0.707107 -0.707107
-0.000000 0.707107 -0.707107
-0.000000 1.000000 0.000000
-0.000000 0.707107 0.707107
-0.000000 0.707107 0.707107
-0.000000 0.000000 1.000000
0.000000 -0.707107 0.707107
0.000000 -0.707107 0.707107
0.000000 -1.000000 0.000000
0.000000 -1.000000 0.000000
0.000000 -0.707107 -0.707107
0.000000 -0.707107 -0.707107
0.000000 0.000000 -1.000000
0.000000 0.000000 -1.000000
-0.000000 0.707107 -0.707107
-0.000000 0.707107 -0.707107
-0.000001 1.000000 0.000000
-0.000001 1.000000 -0.000000
-0.000000 0.707107 0.707107
-0.000000 0.707107 0.707107
0.000000 -0.000000 1.000000
0.000000 -0.000000 1.000000
0.000000 -0.707107 0.707107
0.000000 -0.707107 0.707107
0.000001 -1.000000 0.000000
0.000001 -1.000000 0.000000
0.000000 -0.707107 -0.707107
0.000000 -0.707107 -0.707107
0.000000 -0.000000 -1.000000
-0.000000 0.707107 -0.707107
-0.000000 0.707107 -0.707107
64
1 0 1 2 0 1 2 1
1 1 3 2 1 3 2 1
1 2 3 4 2 3 4 1
1 2 4 5 2 4 5 1
1 5 4 6 5 4 6 1
1 4 7 6 4 7 6 1
1 6 7 8 6 7 8 1
1 6 8 9 6 8 9 1
1 9 8 10 9 8 10 1
1 8 11 10 8 11 10 1
1 10 11 12 10 11 12 1
1 10 12 13 10 12 13 1
1 13 12 14 13 12 14 1
1 12 15 14 12 15 14 1
1 14 15 16 14 15 1 1
1 14 16 17 14 1 0 1
1 18 19 20 16 17 18 1
1 19 21 20 17 19 18 1
1 20 21 22 18 19 20 1
1 20 22 23 18 20 21 1
1 23 22 24 21 20 22 1
1 22 25 24 20 23 22 1
1 24 25 26 22 23 24 1
1 24 26 27 22 24 25 1
1 27 26 28 25 24 26 1
1 26 29 28 24 27 26 1
1 28 29 30 26 27 28 1
1 28 30 31 26 28 29 1
1 31 30 32 29 28 30 1
1 30 33 32 28 31 30 1
1 32 33 34 30 31 17 1
1 32 34 35 30 17 16 1
1 36 37 38 32 16 33 1
1 37 39 38 16 34 33 1
1 38 39 40 33 34 35 1
1 38 40 41 33 35 4 1
1 41 40 42 4 35 36 1
1 40 43 42 35 37 36 1
1 42 43 44 36 37 38 1
1 42 44 45 36 38 39 1
1 45 44 46 39 38 40 1
1 44 47 46 38 41 40 1
1 46 47 48 40 41 42 1
1 46 48 49 40 42 43 1
1 49 48 50 43 42 44 1
1 48 51 50 42 45 44 1
1 50 51 52 44 45 16 1
1 50 52 53 44 16 32 1
1 54 55 56 46 47 48 1
1 55 57 56 47 49 48 1
1 56 57 58 48 49 50 1
1 56 58 59 48 50 51 1
1 59 58 60 51 50 52 1
1 58 61 60 50 53 52 1
1 60 61 62 52 53 54 1
1 60 62 63 52 54 55 1
1 63 62 64 55 54 56 1
1 62 65 64 54 57 56 1
1 64 65 66 56 57 43 1
1 64 66 67 56 43 58 1
1 67 66 68 58 43 59 1
1 66 69 68 43 60 59 1
1 68 69 70 59 60 47 1
1 68 70 71 59 47 46 1

Materials: 1
"Material02"
0.200000 0.200000 0.200000 1.000000
0.800000 0.800000 0.800000 1.000000
0.000000 0.000000 0.000000 1.000000
0.000000 0.000000 0.000000 1.000000
0.000000
1.000000
"RaserStart.tga"
""

Bones: 0
GroupComments: 0
MaterialComments: 0
BoneComments: 0
ModelComment: 0
