// MilkShape 3D ASCII

Frames: 30
Frame: 1

Meshes: 1
"Regroup00" 1 0
12
1 0.000000 3.000000 0.000000 0.000000 0.000000 -1
1 0.000000 -3.000000 0.000000 0.000000 1.000000 -1
1 10.000000 -3.000000 0.000000 4.000000 1.000000 -1
1 10.000000 3.000000 0.000000 4.000000 0.000000 -1
1 0.000000 1.500000 2.598076 0.000000 0.000000 -1
1 0.000000 -1.500000 -2.598076 0.000000 1.000000 -1
1 10.000000 -1.500000 -2.598076 4.000000 1.000000 -1
1 10.000000 1.500000 2.598076 4.000000 0.000000 -1
1 0.000000 -1.500000 2.598076 0.000000 0.000000 -1
1 0.000000 1.500000 -2.598076 0.000000 1.000000 -1
1 10.000000 1.500000 -2.598076 4.000000 1.000000 -1
1 10.000000 -1.500000 2.598076 4.000000 0.000000 -1
3
0.000000 0.000000 1.000000
0.000000 -0.866025 0.500000
0.000000 -0.866025 -0.500000
6
1 0 1 2 0 0 0 1
1 0 2 3 0 0 0 1
1 4 5 6 1 1 1 1
1 4 6 7 1 1 1 1
1 8 9 10 2 2 2 1
1 8 10 11 2 2 2 1

Materials: 1
"Material02"
0.200000 0.200000 0.200000 1.000000
0.800000 0.800000 0.800000 1.000000
0.000000 0.000000 0.000000 1.000000
0.000000 0.000000 0.000000 1.000000
0.000000
1.000000
"ThunderBolt.tga"
""

Bones: 0
GroupComments: 0
MaterialComments: 0
BoneComments: 0
ModelComment: 0
