// MilkShape 3D ASCII

Frames: 30
Frame: 1

Meshes: 1
"2_Reed" 1 0
160
1 -13.782074 2.000000 -9.697727 0.000000 1.000000 -1
1 -13.782074 -1.000000 -9.697727 0.000000 0.000000 -1
1 -6.217926 -1.000000 -12.302273 4.000000 0.000000 -1
1 -6.217926 2.000000 -12.302273 4.000000 1.000000 -1
1 -8.697721 2.000000 -7.217924 2.688658 1.000000 -1
1 -8.697721 -1.000000 -7.217924 2.688658 0.000000 -1
1 -11.302279 -1.000000 -14.782076 1.311342 0.000000 -1
1 -11.302279 2.000000 -14.782076 1.311342 1.000000 -1
1 -11.753485 2.000000 -7.404823 1.072739 1.000000 -1
1 -11.753485 -1.000000 -7.404823 1.072739 0.000000 -1
1 -8.246515 -1.000000 -14.595177 2.927261 0.000000 -1
1 -8.246515 2.000000 -14.595177 2.927261 1.000000 -1
1 -6.404823 2.000000 -9.246515 3.901167 1.000000 -1
1 -6.404823 -1.000000 -9.246515 3.901167 0.000000 -1
1 -13.595177 -1.000000 -12.753485 0.098833 0.000000 -1
1 -13.595177 2.000000 -12.753485 0.098833 1.000000 -1
1 -10.782074 2.000000 3.302273 0.000000 1.000000 -1
1 -10.782074 -1.000000 3.302273 0.000000 0.000000 -1
1 -3.217926 -1.000000 0.697727 4.000000 0.000000 -1
1 -3.217926 2.000000 0.697727 4.000000 1.000000 -1
1 -5.697721 2.000000 5.782076 2.688658 1.000000 -1
1 -5.697721 -1.000000 5.782076 2.688658 0.000000 -1
1 -8.302279 -1.000000 -1.782076 1.311342 0.000000 -1
1 -8.302279 2.000000 -1.782076 1.311342 1.000000 -1
1 -8.753485 2.000000 5.595177 1.072739 1.000000 -1
1 -8.753485 -1.000000 5.595177 1.072739 0.000000 -1
1 -5.246515 -1.000000 -1.595177 2.927261 0.000000 -1
1 -5.246515 2.000000 -1.595177 2.927261 1.000000 -1
1 -3.404823 2.000000 3.753485 3.901167 1.000000 -1
1 -3.404823 -1.000000 3.753485 3.901167 0.000000 -1
1 -10.595177 -1.000000 0.246515 0.098833 0.000000 -1
1 -10.595177 2.000000 0.246515 0.098833 1.000000 -1
1 8.217926 2.000000 -9.697727 0.000000 1.000000 -1
1 8.217926 -1.000000 -9.697727 0.000000 0.000000 -1
1 15.782074 -1.000000 -12.302273 4.000000 0.000000 -1
1 15.782074 2.000000 -12.302273 4.000000 1.000000 -1
1 13.302279 2.000000 -7.217924 2.688658 1.000000 -1
1 13.302279 -1.000000 -7.217924 2.688658 0.000000 -1
1 10.697721 -1.000000 -14.782076 1.311342 0.000000 -1
1 10.697721 2.000000 -14.782076 1.311342 1.000000 -1
1 10.246515 2.000000 -7.404823 1.072739 1.000000 -1
1 10.246515 -1.000000 -7.404823 1.072739 0.000000 -1
1 13.753485 -1.000000 -14.595177 2.927261 0.000000 -1
1 13.753485 2.000000 -14.595177 2.927261 1.000000 -1
1 15.595177 2.000000 -9.246515 3.901167 1.000000 -1
1 15.595177 -1.000000 -9.246515 3.901167 0.000000 -1
1 8.404823 -1.000000 -12.753485 0.098833 0.000000 -1
1 8.404823 2.000000 -12.753485 0.098833 1.000000 -1
1 -4.782074 2.000000 4.302273 0.000000 1.000000 -1
1 -4.782074 -1.000000 4.302273 0.000000 0.000000 -1
1 2.782074 -1.000000 1.697727 4.000000 0.000000 -1
1 2.782074 2.000000 1.697727 4.000000 1.000000 -1
1 0.302279 2.000000 6.782076 2.688658 1.000000 -1
1 0.302279 -1.000000 6.782076 2.688658 0.000000 -1
1 -2.302279 -1.000000 -0.782076 1.311342 0.000000 -1
1 -2.302279 2.000000 -0.782076 1.311342 1.000000 -1
1 -2.753485 2.000000 6.595177 1.072739 1.000000 -1
1 -2.753485 -1.000000 6.595177 1.072739 0.000000 -1
1 0.753485 -1.000000 -0.595177 2.927261 0.000000 -1
1 0.753485 2.000000 -0.595177 2.927261 1.000000 -1
1 2.595177 2.000000 4.753485 3.901167 1.000000 -1
1 2.595177 -1.000000 4.753485 3.901167 0.000000 -1
1 -4.595177 -1.000000 1.246515 0.098833 0.000000 -1
1 -4.595177 2.000000 1.246515 0.098833 1.000000 -1
1 8.217926 2.000000 9.302273 0.000000 1.000000 -1
1 8.217926 -1.000000 9.302273 0.000000 0.000000 -1
1 15.782074 -1.000000 6.697727 4.000000 0.000000 -1
1 15.782074 2.000000 6.697727 4.000000 1.000000 -1
1 13.302279 2.000000 11.782076 2.688658 1.000000 -1
1 13.302279 -1.000000 11.782076 2.688658 0.000000 -1
1 10.697721 -1.000000 4.217924 1.311342 0.000000 -1
1 10.697721 2.000000 4.217924 1.311342 1.000000 -1
1 10.246515 2.000000 11.595177 1.072739 1.000000 -1
1 10.246515 -1.000000 11.595177 1.072739 0.000000 -1
1 13.753485 -1.000000 4.404823 2.927261 0.000000 -1
1 13.753485 2.000000 4.404823 2.927261 1.000000 -1
1 15.595177 2.000000 9.753485 3.901167 1.000000 -1
1 15.595177 -1.000000 9.753485 3.901167 0.000000 -1
1 8.404823 -1.000000 6.246515 0.098833 0.000000 -1
1 8.404823 2.000000 6.246515 0.098833 1.000000 -1
1 -8.782074 2.000000 -7.697727 0.000000 1.000000 -1
1 -8.782074 -1.000000 -7.697727 0.000000 0.000000 -1
1 -1.217926 -1.000000 -10.302273 4.000000 0.000000 -1
1 -1.217926 2.000000 -10.302273 4.000000 1.000000 -1
1 -3.697721 2.000000 -5.217924 2.688658 1.000000 -1
1 -3.697721 -1.000000 -5.217924 2.688658 0.000000 -1
1 -6.302279 -1.000000 -12.782076 1.311342 0.000000 -1
1 -6.302279 2.000000 -12.782076 1.311342 1.000000 -1
1 -6.753485 2.000000 -5.404823 1.072739 1.000000 -1
1 -6.753485 -1.000000 -5.404823 1.072739 0.000000 -1
1 -3.246515 -1.000000 -12.595177 2.927261 0.000000 -1
1 -3.246515 2.000000 -12.595177 2.927261 1.000000 -1
1 -1.404823 2.000000 -7.246515 3.901167 1.000000 -1
1 -1.404823 -1.000000 -7.246515 3.901167 0.000000 -1
1 -8.595177 -1.000000 -10.753485 0.098833 0.000000 -1
1 -8.595177 2.000000 -10.753485 0.098833 1.000000 -1
1 -2.782074 2.000000 -8.697727 0.000000 1.000000 -1
1 -2.782074 -1.000000 -8.697727 0.000000 0.000000 -1
1 4.782074 -1.000000 -11.302273 4.000000 0.000000 -1
1 4.782074 2.000000 -11.302273 4.000000 1.000000 -1
1 2.302279 2.000000 -6.217924 2.688658 1.000000 -1
1 2.302279 -1.000000 -6.217924 2.688658 0.000000 -1
1 -0.302279 -1.000000 -13.782076 1.311342 0.000000 -1
1 -0.302279 2.000000 -13.782076 1.311342 1.000000 -1
1 -0.753485 2.000000 -6.404823 1.072739 1.000000 -1
1 -0.753485 -1.000000 -6.404823 1.072739 0.000000 -1
1 2.753485 -1.000000 -13.595177 2.927261 0.000000 -1
1 2.753485 2.000000 -13.595177 2.927261 1.000000 -1
1 4.595177 2.000000 -8.246515 3.901167 1.000000 -1
1 4.595177 -1.000000 -8.246515 3.901167 0.000000 -1
1 -2.595177 -1.000000 -11.753485 0.098833 0.000000 -1
1 -2.595177 2.000000 -11.753485 0.098833 1.000000 -1
1 3.217926 2.000000 -7.697727 0.000000 1.000000 -1
1 3.217926 -1.000000 -7.697727 0.000000 0.000000 -1
1 10.782074 -1.000000 -10.302273 4.000000 0.000000 -1
1 10.782074 2.000000 -10.302273 4.000000 1.000000 -1
1 8.302279 2.000000 -5.217924 2.688658 1.000000 -1
1 8.302279 -1.000000 -5.217924 2.688658 0.000000 -1
1 5.697721 -1.000000 -12.782076 1.311342 0.000000 -1
1 5.697721 2.000000 -12.782076 1.311342 1.000000 -1
1 5.246515 2.000000 -5.404823 1.072739 1.000000 -1
1 5.246515 -1.000000 -5.404823 1.072739 0.000000 -1
1 8.753485 -1.000000 -12.595177 2.927261 0.000000 -1
1 8.753485 2.000000 -12.595177 2.927261 1.000000 -1
1 10.595177 2.000000 -7.246515 3.901167 1.000000 -1
1 10.595177 -1.000000 -7.246515 3.901167 0.000000 -1
1 3.404823 -1.000000 -10.753485 0.098833 0.000000 -1
1 3.404823 2.000000 -10.753485 0.098833 1.000000 -1
1 -13.782074 2.000000 7.302273 0.000000 1.000000 -1
1 -13.782074 -1.000000 7.302273 0.000000 0.000000 -1
1 -6.217926 -1.000000 4.697727 4.000000 0.000000 -1
1 -6.217926 2.000000 4.697727 4.000000 1.000000 -1
1 -8.697721 2.000000 9.782076 2.688658 1.000000 -1
1 -8.697721 -1.000000 9.782076 2.688658 0.000000 -1
1 -11.302279 -1.000000 2.217924 1.311342 0.000000 -1
1 -11.302279 2.000000 2.217924 1.311342 1.000000 -1
1 -11.753485 2.000000 9.595177 1.072739 1.000000 -1
1 -11.753485 -1.000000 9.595177 1.072739 0.000000 -1
1 -8.246515 -1.000000 2.404823 2.927261 0.000000 -1
1 -8.246515 2.000000 2.404823 2.927261 1.000000 -1
1 -6.404823 2.000000 7.753485 3.901167 1.000000 -1
1 -6.404823 -1.000000 7.753485 3.901167 0.000000 -1
1 -13.595177 -1.000000 4.246515 0.098833 0.000000 -1
1 -13.595177 2.000000 4.246515 0.098833 1.000000 -1
1 7.217926 2.000000 12.302273 0.000000 1.000000 -1
1 7.217926 -1.000000 12.302273 0.000000 0.000000 -1
1 14.782074 -1.000000 9.697727 4.000000 0.000000 -1
1 14.782074 2.000000 9.697727 4.000000 1.000000 -1
1 12.302279 2.000000 14.782076 2.688658 1.000000 -1
1 12.302279 -1.000000 14.782076 2.688658 0.000000 -1
1 9.697721 -1.000000 7.217924 1.311342 0.000000 -1
1 9.697721 2.000000 7.217924 1.311342 1.000000 -1
1 9.246515 2.000000 14.595177 1.072739 1.000000 -1
1 9.246515 -1.000000 14.595177 1.072739 0.000000 -1
1 12.753485 -1.000000 7.404823 2.927261 0.000000 -1
1 12.753485 2.000000 7.404823 2.927261 1.000000 -1
1 14.595177 2.000000 12.753485 3.901167 1.000000 -1
1 14.595177 -1.000000 12.753485 3.901167 0.000000 -1
1 7.404823 -1.000000 9.246515 0.098833 0.000000 -1
1 7.404823 2.000000 9.246515 0.098833 1.000000 -1
13
0.325568 0.000000 0.945519
0.945518 0.000000 -0.325570
0.898794 0.000000 0.438371
0.438371 0.000000 -0.898794
0.325568 0.000000 0.945519
0.945518 0.000000 -0.325570
0.898794 0.000000 0.438371
0.438371 0.000000 -0.898794
0.438371 0.000000 -0.898794
0.945518 0.000000 -0.325569
0.898794 0.000000 0.438371
0.438371 0.000000 -0.898794
0.438371 0.000000 -0.898794
80
1 0 1 2 0 0 0 1
1 0 2 3 0 0 0 1
1 4 5 6 1 1 1 1
1 4 6 7 1 1 1 1
1 8 9 10 2 2 2 1
1 8 10 11 2 2 2 1
1 12 13 14 3 3 3 1
1 12 14 15 3 3 3 1
1 16 17 18 4 4 4 1
1 16 18 19 4 4 4 1
1 20 21 22 5 5 5 1
1 20 22 23 5 5 5 1
1 24 25 26 6 6 6 1
1 24 26 27 6 6 6 1
1 28 29 30 7 7 7 1
1 28 30 31 7 7 7 1
1 32 33 34 0 0 0 1
1 32 34 35 0 0 0 1
1 36 37 38 1 1 1 1
1 36 38 39 1 1 1 1
1 40 41 42 2 2 2 1
1 40 42 43 2 2 2 1
1 44 45 46 8 8 8 1
1 44 46 47 8 8 8 1
1 48 49 50 4 4 4 1
1 48 50 51 4 4 4 1
1 52 53 54 9 9 9 1
1 52 54 55 9 9 9 1
1 56 57 58 6 6 6 1
1 56 58 59 6 6 6 1
1 60 61 62 8 8 8 1
1 60 62 63 8 8 8 1
1 64 65 66 0 0 0 1
1 64 66 67 0 0 0 1
1 68 69 70 1 1 1 1
1 68 70 71 1 1 1 1
1 72 73 74 2 2 2 1
1 72 74 75 2 2 2 1
1 76 77 78 7 7 7 1
1 76 78 79 7 7 7 1
1 80 81 82 0 0 0 1
1 80 82 83 0 0 0 1
1 84 85 86 9 9 9 1
1 84 86 87 9 9 9 1
1 88 89 90 10 10 10 1
1 88 90 91 10 10 10 1
1 92 93 94 11 11 11 1
1 92 94 95 11 11 11 1
1 96 97 98 0 0 0 1
1 96 98 99 0 0 0 1
1 100 101 102 9 9 9 1
1 100 102 103 9 9 9 1
1 104 105 106 10 10 10 1
1 104 106 107 10 10 10 1
1 108 109 110 12 12 12 1
1 108 110 111 12 12 12 1
1 112 113 114 0 0 0 1
1 112 114 115 0 0 0 1
1 116 117 118 5 5 5 1
1 116 118 119 5 5 5 1
1 120 121 122 10 10 10 1
1 120 122 123 10 10 10 1
1 124 125 126 7 7 7 1
1 124 126 127 7 7 7 1
1 128 129 130 0 0 0 1
1 128 130 131 0 0 0 1
1 132 133 134 1 1 1 1
1 132 134 135 1 1 1 1
1 136 137 138 6 6 6 1
1 136 138 139 6 6 6 1
1 140 141 142 7 7 7 1
1 140 142 143 7 7 7 1
1 144 145 146 0 0 0 1
1 144 146 147 0 0 0 1
1 148 149 150 1 1 1 1
1 148 150 151 1 1 1 1
1 152 153 154 2 2 2 1
1 152 154 155 2 2 2 1
1 156 157 158 3 3 3 1
1 156 158 159 3 3 3 1

Materials: 1
"Reed"
0.200000 0.200000 0.200000 1.000000
0.800000 0.800000 0.800000 1.000000
0.000000 0.000000 0.000000 1.000000
0.000000 0.000000 0.000000 1.000000
0.000000
1.000000
"..\Image\Reed2.tga"
""

Bones: 0
GroupComments: 0
MaterialComments: 0
BoneComments: 0
ModelComment: 0
