// MilkShape 3D ASCII

Frames: 30
Frame: 1

Meshes: 6
"Sphere02" 0 0
61
0 9.333335 -3.645903 -3.000000 0.340067 0.792776 -1
0 14.213669 -3.175985 -3.000000 0.340067 0.754731 -1
0 12.784252 -3.175985 -1.109904 0.378893 0.754731 -1
0 9.333335 3.369117 -3.000000 0.340067 0.564503 -1
0 12.784252 2.899201 -1.109904 0.378893 0.602548 -1
0 14.213669 2.899201 -3.000000 0.340067 0.602548 -1
0 9.333335 -3.645903 -3.000000 0.378893 0.792776 -1
0 9.333335 -3.175985 -0.327000 0.417719 0.754731 -1
0 9.333335 3.369117 -3.000000 0.378893 0.564503 -1
0 9.333335 2.899201 -0.327000 0.417719 0.602548 -1
0 9.333335 -3.645903 -3.000000 0.417719 0.792776 -1
0 5.882418 -3.175985 -1.109904 0.456545 0.754731 -1
0 9.333335 3.369117 -3.000000 0.417719 0.564503 -1
0 5.882418 2.899201 -1.109904 0.456545 0.602548 -1
0 9.333335 -3.645903 -3.000000 0.456545 0.792776 -1
0 4.453001 -3.175985 -3.000000 0.495370 0.754731 -1
0 9.333335 3.369117 -3.000000 0.456545 0.564503 -1
0 4.453001 2.899201 -3.000000 0.495370 0.602548 -1
0 9.333335 -3.645903 -3.000000 0.495370 0.792776 -1
0 5.882418 -3.175985 -4.890096 0.534196 0.754731 -1
0 9.333335 3.369117 -3.000000 0.495370 0.564503 -1
0 5.882418 2.899201 -4.890096 0.534196 0.602548 -1
0 9.333335 -3.645903 -3.000000 0.534196 0.792776 -1
0 9.333335 -3.175985 -5.672999 0.573022 0.754731 -1
0 9.333335 3.369117 -3.000000 0.534196 0.564503 -1
0 9.333335 2.899201 -5.673000 0.573022 0.602548 -1
0 9.333335 -3.645903 -3.000000 0.573022 0.792776 -1
0 12.784252 -3.175985 -4.890096 0.611848 0.754731 -1
0 9.333335 3.369117 -3.000000 0.573022 0.564503 -1
0 12.784252 2.899201 -4.890096 0.611848 0.602548 -1
0 9.333335 -3.645903 -3.000000 0.611848 0.792776 -1
0 14.213669 -3.175985 -3.000000 0.650673 0.754731 -1
0 9.333335 3.369117 -3.000000 0.611848 0.564503 -1
0 14.213669 2.899201 -3.000000 0.650673 0.602548 -1
0 17.786322 -1.892148 -3.000000 0.340067 0.716685 -1
0 15.477165 -1.892148 1.190410 0.378893 0.716685 -1
0 9.333335 -1.892148 1.629771 0.417719 0.716685 -1
0 3.356171 -1.892148 0.273743 0.456545 0.716685 -1
0 0.880349 -1.892148 -3.000000 0.495370 0.716685 -1
0 2.606171 -1.892148 -7.440409 0.534196 0.716685 -1
0 9.333335 -1.892148 -7.629771 0.573022 0.716685 -1
0 15.310499 -1.892148 -6.273743 0.611848 0.716685 -1
0 17.786322 -1.892148 -3.000000 0.650673 0.716685 -1
0 19.094002 -0.138393 -3.000000 0.340067 0.678640 -1
0 16.401834 -0.138393 1.696859 0.378893 0.678640 -1
0 9.333335 -0.138393 2.345999 0.417719 0.678640 -1
0 2.431501 -0.138393 0.780192 0.456545 0.678640 -1
0 -0.427333 -0.138393 -3.000000 0.495370 0.678640 -1
0 1.681501 -0.138393 -7.946859 0.534196 0.678640 -1
0 9.333335 -0.138393 -8.345999 0.573022 0.678640 -1
0 16.235168 -0.138393 -6.780192 0.611848 0.678640 -1
0 19.094002 -0.138393 -3.000000 0.650673 0.678640 -1
0 17.786322 1.615362 -3.000000 0.340067 0.640594 -1
0 15.477165 1.615362 1.190410 0.378893 0.640594 -1
0 9.333335 1.615362 1.629771 0.417719 0.640594 -1
0 3.356172 1.615362 0.273742 0.456545 0.640594 -1
0 0.880349 1.615362 -3.000000 0.495370 0.640594 -1
0 2.606172 1.615362 -7.440409 0.534196 0.640594 -1
0 9.333335 1.615362 -7.629771 0.573022 0.640594 -1
0 15.310499 1.615362 -6.273743 0.611848 0.640594 -1
0 17.786322 1.615362 -3.000000 0.650673 0.640594 -1
61
0.095594 -0.992792 0.072294
0.235124 -0.959541 0.154911
0.126029 -0.968278 0.215764
0.095594 0.992792 0.072294
0.126029 0.968278 0.215764
0.235124 0.959541 0.154911
0.039251 -0.984137 0.173013
-0.019834 -0.913875 0.405511
0.039251 0.984137 0.173012
-0.019834 0.913875 0.405511
-0.039251 -0.984137 0.173013
-0.150074 -0.952303 0.265700
-0.039251 0.984137 0.173012
-0.150074 0.952303 0.265700
-0.095594 -0.992792 0.072294
-0.241295 -0.969929 0.031840
-0.095594 0.992792 0.072294
-0.241296 0.969929 0.031840
-0.095594 -0.992792 -0.072294
-0.114126 -0.973523 -0.198059
-0.095594 0.992792 -0.072294
-0.114126 0.973523 -0.198059
-0.039251 -0.984137 -0.173013
0.025407 -0.916727 -0.398706
-0.039251 0.984137 -0.173012
0.025407 0.916727 -0.398707
0.039251 -0.984137 -0.173013
0.150074 -0.952303 -0.265700
0.039251 0.984137 -0.173012
0.150074 0.952303 -0.265700
0.095594 -0.992792 -0.072294
0.252863 -0.948415 -0.191232
0.095594 0.992792 -0.072294
0.252863 0.948415 -0.191232
0.558046 -0.770727 0.307515
0.332043 -0.753923 0.566875
-0.058953 -0.635521 0.769830
-0.364051 -0.711342 0.601216
-0.582960 -0.807123 0.093332
-0.329985 -0.777411 -0.535482
0.075619 -0.634733 -0.769023
0.364051 -0.711342 -0.601216
0.531170 -0.745983 -0.401706
0.871688 0.000000 0.490061
0.518236 -0.000000 0.855238
-0.070031 0.000000 0.997545
-0.530337 0.000000 0.847787
-0.990653 0.000000 0.136409
-0.545614 0.000000 -0.838037
0.090518 0.000000 -0.995895
0.530337 0.000000 -0.847787
0.797594 0.000000 -0.603194
0.558046 0.770727 0.307515
0.332043 0.753923 0.566875
-0.058953 0.635521 0.769830
-0.364051 0.711341 0.601216
-0.582960 0.807123 0.093332
-0.329985 0.777411 -0.535482
0.075619 0.634732 -0.769023
0.364051 0.711341 -0.601216
0.531170 0.745983 -0.401706
80
0 0 1 2 0 1 2 1
0 3 4 5 3 4 5 1
0 6 2 7 6 2 7 1
0 8 9 4 8 9 4 1
0 10 7 11 10 7 11 1
0 12 13 9 12 13 9 1
0 14 11 15 14 11 15 1
0 16 17 13 16 17 13 1
0 18 15 19 18 15 19 1
0 20 21 17 20 21 17 1
0 22 19 23 22 19 23 1
0 24 25 21 24 25 21 1
0 26 23 27 26 23 27 1
0 28 29 25 28 29 25 1
0 30 27 31 30 27 31 1
0 32 33 29 32 33 29 1
0 1 34 35 1 34 35 1
0 1 35 2 1 35 2 1
0 2 35 7 2 35 7 1
0 35 36 7 35 36 7 1
0 7 36 37 7 36 37 1
0 7 37 11 7 37 11 1
0 11 37 15 11 37 15 1
0 37 38 15 37 38 15 1
0 15 38 39 15 38 39 1
0 15 39 19 15 39 19 1
0 19 39 23 19 39 23 1
0 39 40 23 39 40 23 1
0 23 40 41 23 40 41 1
0 23 41 27 23 41 27 1
0 27 41 31 27 41 31 1
0 41 42 31 41 42 31 1
0 34 43 35 34 43 35 1
0 43 44 35 43 44 35 1
0 35 44 45 35 44 45 1
0 35 45 36 35 45 36 1
0 36 45 37 36 45 37 1
0 45 46 37 45 46 37 1
0 37 46 47 37 46 47 1
0 37 47 38 37 47 38 1
0 38 47 39 38 47 39 1
0 47 48 39 47 48 39 1
0 39 48 49 39 48 49 1
0 39 49 40 39 49 40 1
0 40 49 41 40 49 41 1
0 49 50 41 49 50 41 1
0 41 50 51 41 50 51 1
0 41 51 42 41 51 42 1
0 43 52 53 43 52 53 1
0 43 53 44 43 53 44 1
0 44 53 45 44 53 45 1
0 53 54 45 53 54 45 1
0 45 54 55 45 54 55 1
0 45 55 46 45 55 46 1
0 46 55 47 46 55 47 1
0 55 56 47 55 56 47 1
0 47 56 57 47 56 57 1
0 47 57 48 47 57 48 1
0 48 57 49 48 57 49 1
0 57 58 49 57 58 49 1
0 49 58 59 49 58 59 1
0 49 59 50 49 59 50 1
0 50 59 51 50 59 51 1
0 59 60 51 59 60 51 1
0 52 5 53 52 5 53 1
0 5 4 53 5 4 53 1
0 53 4 9 53 4 9 1
0 53 9 54 53 9 54 1
0 54 9 55 54 9 55 1
0 9 13 55 9 13 55 1
0 55 13 17 55 13 17 1
0 55 17 56 55 17 56 1
0 56 17 57 56 17 57 1
0 17 21 57 17 21 57 1
0 57 21 25 57 21 25 1
0 57 25 58 57 25 58 1
0 58 25 59 58 25 59 1
0 25 29 59 25 29 59 1
0 59 29 33 59 29 33 1
0 59 33 60 59 33 60 1
"Duplicate01" 0 0
61
0 5.200001 -2.110806 -9.297871 0.340067 0.792776 -1
0 10.080335 -1.721223 -9.560643 0.340067 0.754731 -1
0 8.650918 -0.664296 -7.993684 0.378893 0.754731 -1
0 5.200001 3.704913 -13.220620 0.340067 0.564503 -1
0 8.650918 4.372266 -11.390887 0.378893 0.602548 -1
0 10.080335 3.315336 -12.957850 0.340067 0.602548 -1
0 5.200001 -2.110806 -9.297871 0.378893 0.792776 -1
0 5.200001 -0.226502 -7.344628 0.417719 0.754731 -1
0 5.200001 3.704913 -13.220620 0.378893 0.564503 -1
0 5.200001 4.810062 -10.741827 0.417719 0.602548 -1
0 5.200001 -2.110806 -9.297871 0.417719 0.792776 -1
0 1.749084 -0.664296 -7.993684 0.456545 0.754731 -1
0 5.200001 3.704913 -13.220620 0.417719 0.564503 -1
0 1.749084 4.372266 -11.390887 0.456545 0.602548 -1
0 5.200001 -2.110806 -9.297871 0.456545 0.792776 -1
0 0.319667 -1.721223 -9.560643 0.495370 0.754731 -1
0 5.200001 3.704913 -13.220620 0.456545 0.564503 -1
0 0.319667 3.315336 -12.957850 0.495370 0.602548 -1
0 5.200001 -2.110806 -9.297871 0.495370 0.792776 -1
0 1.749084 -2.778153 -11.127605 0.534196 0.754731 -1
0 5.200001 3.704913 -13.220620 0.495370 0.564503 -1
0 1.749084 2.258408 -14.524811 0.534196 0.602548 -1
0 5.200001 -2.110806 -9.297871 0.534196 0.792776 -1
0 5.200001 -3.215949 -11.776665 0.573022 0.754731 -1
0 5.200001 3.704913 -13.220620 0.534196 0.564503 -1
0 5.200001 1.820608 -15.173871 0.573022 0.602548 -1
0 5.200001 -2.110806 -9.297871 0.573022 0.792776 -1
0 8.650918 -2.778153 -11.127605 0.611848 0.754731 -1
0 5.200001 3.704913 -13.220620 0.573022 0.564503 -1
0 8.650918 2.258408 -14.524811 0.611848 0.602548 -1
0 5.200001 -2.110806 -9.297871 0.611848 0.792776 -1
0 10.080335 -1.721223 -9.560643 0.650673 0.754731 -1
0 5.200001 3.704913 -13.220620 0.611848 0.564503 -1
0 10.080335 3.315336 -12.957850 0.650673 0.602548 -1
0 13.652997 -0.656875 -10.278555 0.340067 0.716685 -1
0 11.343843 1.686371 -6.804547 0.378893 0.716685 -1
0 5.200001 1.932059 -6.440301 0.417719 0.716685 -1
0 -0.777163 1.173778 -7.564500 0.456545 0.716685 -1
0 -3.252985 -0.656875 -10.278555 0.495370 0.716685 -1
0 -1.527163 -3.139928 -13.959830 0.534196 0.716685 -1
0 5.200001 -3.245818 -14.116818 0.573022 0.716685 -1
0 11.177173 -2.487531 -12.992616 0.611848 0.716685 -1
0 13.652997 -0.656875 -10.278555 0.650673 0.716685 -1
0 14.960679 0.797054 -11.259245 0.340067 0.678640 -1
0 12.268512 3.423504 -7.365371 0.378893 0.678640 -1
0 5.200001 3.786499 -6.827209 0.417719 0.678640 -1
0 -1.701833 2.910912 -8.125322 0.456545 0.678640 -1
0 -4.560667 0.797054 -11.259245 0.495370 0.678640 -1
0 -2.451833 -1.969201 -15.360386 0.534196 0.678640 -1
0 5.200001 -2.192396 -15.691286 0.573022 0.678640 -1
0 12.101848 -1.316804 -14.393169 0.611848 0.678640 -1
0 14.960679 0.797054 -11.259245 0.650673 0.678640 -1
0 13.652997 2.250984 -12.239931 0.340067 0.640594 -1
0 11.343843 4.594235 -8.765923 0.378893 0.640594 -1
0 5.200001 4.839921 -8.401677 0.417719 0.640594 -1
0 -0.777162 4.081638 -9.525874 0.456545 0.640594 -1
0 -3.252985 2.250984 -12.239931 0.495370 0.640594 -1
0 -1.527162 -0.232063 -15.921204 0.534196 0.640594 -1
0 5.200001 -0.337956 -16.078197 0.573022 0.640594 -1
0 11.177173 0.420327 -14.953995 0.611848 0.640594 -1
0 13.652997 2.250984 -12.239931 0.650673 0.640594 -1
61
0.095594 -0.782635 0.615097
0.235124 -0.708871 0.664995
0.126028 -0.682085 0.720331
0.095593 0.863488 -0.495228
0.126028 0.923393 -0.362578
0.235124 0.882120 -0.408143
0.039251 -0.719139 0.693757
-0.019834 -0.530878 0.847216
0.039251 0.912633 -0.406890
-0.019834 0.984396 -0.174848
-0.039251 -0.719139 0.693757
-0.150074 -0.640917 0.752797
-0.039251 0.912633 -0.406890
-0.150074 0.938073 -0.312246
-0.095594 -0.782635 0.615097
-0.241295 -0.786303 0.568774
-0.095593 0.863488 -0.495228
-0.241296 0.821912 -0.515981
-0.095594 -0.863488 0.495227
-0.114126 -0.917840 0.380190
-0.095593 0.782636 -0.615096
-0.114126 0.696335 -0.708586
-0.039251 -0.912634 0.406888
0.025407 -0.982954 0.182086
-0.039250 0.719140 -0.693756
0.025407 0.537048 -0.843169
0.039251 -0.912634 0.406888
0.150074 -0.938073 0.312246
0.039250 0.719140 -0.693756
0.150073 0.640918 -0.752796
0.095594 -0.863488 0.495227
0.252862 -0.893207 0.371810
0.095593 0.782636 -0.615096
0.252863 0.679337 -0.688885
0.558045 -0.467002 0.685926
0.332043 -0.308039 0.891549
-0.058953 -0.096388 0.993596
-0.364051 -0.253534 0.896207
-0.582960 -0.616944 0.528713
-0.329985 -0.943941 -0.009211
0.075619 -0.956249 -0.282610
0.364051 -0.925924 -0.100652
0.531169 -0.843080 0.084120
0.871688 0.274039 0.406279
0.518236 0.478242 0.709025
-0.070032 0.557820 0.827002
-0.530337 0.474077 0.702847
-0.990653 0.076279 0.113088
-0.545614 -0.468623 -0.694764
0.090518 -0.556897 -0.825634
0.530337 -0.474077 -0.702847
0.797595 -0.337302 -0.500070
0.558046 0.810921 -0.176044
0.332043 0.942023 0.048372
-0.058953 0.957353 0.282841
-0.364051 0.925924 0.100654
-0.582960 0.721325 -0.373961
-0.329986 0.345065 -0.878658
0.075619 0.096184 -0.992487
0.364051 0.253533 -0.896207
0.531170 0.393818 -0.750177
80
0 0 1 2 0 1 2 1
0 3 4 5 3 4 5 1
0 6 2 7 6 2 7 1
0 8 9 4 8 9 4 1
0 10 7 11 10 7 11 1
0 12 13 9 12 13 9 1
0 14 11 15 14 11 15 1
0 16 17 13 16 17 13 1
0 18 15 19 18 15 19 1
0 20 21 17 20 21 17 1
0 22 19 23 22 19 23 1
0 24 25 21 24 25 21 1
0 26 23 27 26 23 27 1
0 28 29 25 28 29 25 1
0 30 27 31 30 27 31 1
0 32 33 29 32 33 29 1
0 1 34 35 1 34 35 1
0 1 35 2 1 35 2 1
0 2 35 7 2 35 7 1
0 35 36 7 35 36 7 1
0 7 36 37 7 36 37 1
0 7 37 11 7 37 11 1
0 11 37 15 11 37 15 1
0 37 38 15 37 38 15 1
0 15 38 39 15 38 39 1
0 15 39 19 15 39 19 1
0 19 39 23 19 39 23 1
0 39 40 23 39 40 23 1
0 23 40 41 23 40 41 1
0 23 41 27 23 41 27 1
0 27 41 31 27 41 31 1
0 41 42 31 41 42 31 1
0 34 43 35 34 43 35 1
0 43 44 35 43 44 35 1
0 35 44 45 35 44 45 1
0 35 45 36 35 45 36 1
0 36 45 37 36 45 37 1
0 45 46 37 45 46 37 1
0 37 46 47 37 46 47 1
0 37 47 38 37 47 38 1
0 38 47 39 38 47 39 1
0 47 48 39 47 48 39 1
0 39 48 49 39 48 49 1
0 39 49 40 39 49 40 1
0 40 49 41 40 49 41 1
0 49 50 41 49 50 41 1
0 41 50 51 41 50 51 1
0 41 51 42 41 51 42 1
0 43 52 53 43 52 53 1
0 43 53 44 43 53 44 1
0 44 53 45 44 53 45 1
0 53 54 45 53 54 45 1
0 45 54 55 45 54 55 1
0 45 55 46 45 55 46 1
0 46 55 47 46 55 47 1
0 55 56 47 55 56 47 1
0 47 56 57 47 56 57 1
0 47 57 48 47 57 48 1
0 48 57 49 48 57 49 1
0 57 58 49 57 58 49 1
0 49 58 59 49 58 59 1
0 49 59 50 49 59 50 1
0 50 59 51 50 59 51 1
0 59 60 51 59 60 51 1
0 52 5 53 52 5 53 1
0 5 4 53 5 4 53 1
0 53 4 9 53 4 9 1
0 53 9 54 53 9 54 1
0 54 9 55 54 9 55 1
0 9 13 55 9 13 55 1
0 55 13 17 55 13 17 1
0 55 17 56 55 17 56 1
0 56 17 57 56 17 57 1
0 17 21 57 17 21 57 1
0 57 21 25 57 21 25 1
0 57 25 58 57 25 58 1
0 58 25 59 58 25 59 1
0 25 29 59 25 29 59 1
0 59 29 33 59 29 33 1
0 59 33 60 59 33 60 1
"Duplicate02" 0 0
61
0 -5.799998 6.345093 -3.481692 0.340067 0.792776 -1
0 -0.919664 5.912530 -3.665308 0.340067 0.754731 -1
0 -2.349082 6.651049 -5.405147 0.378893 0.754731 -1
0 -5.799998 -0.112269 -6.222680 0.340067 0.564503 -1
0 -2.349082 1.058806 -7.778914 0.378893 0.602548 -1
0 -0.919664 0.320286 -6.039067 0.340067 0.602548 -1
0 -5.799998 6.345093 -3.481692 0.378893 0.792776 -1
0 -5.799998 6.956955 -6.125813 0.417719 0.754731 -1
0 -5.799998 -0.112269 -6.222680 0.378893 0.564503 -1
0 -5.799998 1.364716 -8.499587 0.417719 0.602548 -1
0 -5.799998 6.345093 -3.481692 0.417719 0.792776 -1
0 -9.250916 6.651049 -5.405147 0.456545 0.754731 -1
0 -5.799998 -0.112269 -6.222680 0.417719 0.564503 -1
0 -9.250916 1.058806 -7.778914 0.456545 0.602548 -1
0 -5.799998 6.345093 -3.481692 0.456545 0.792776 -1
0 -10.680332 5.912530 -3.665308 0.495370 0.754731 -1
0 -5.799998 -0.112269 -6.222680 0.456545 0.564503 -1
0 -10.680332 0.320286 -6.039067 0.495370 0.602548 -1
0 -5.799998 6.345093 -3.481692 0.495370 0.792776 -1
0 -9.250916 5.174010 -1.925462 0.534196 0.754731 -1
0 -5.799998 -0.112269 -6.222680 0.495370 0.564503 -1
0 -9.250916 -0.418232 -4.299226 0.534196 0.602548 -1
0 -5.799998 6.345093 -3.481692 0.534196 0.792776 -1
0 -5.799998 4.868105 -1.204793 0.573022 0.754731 -1
0 -5.799998 -0.112269 -6.222680 0.534196 0.564503 -1
0 -5.799998 -0.724138 -3.578555 0.573022 0.602548 -1
0 -5.799998 6.345093 -3.481692 0.573022 0.792776 -1
0 -2.349082 5.174010 -1.925462 0.611848 0.754731 -1
0 -5.799998 -0.112269 -6.222680 0.573022 0.564503 -1
0 -2.349082 -0.418232 -4.299226 0.611848 0.602548 -1
0 -5.799998 6.345093 -3.481692 0.611848 0.792776 -1
0 -0.919664 5.912530 -3.665308 0.650673 0.754731 -1
0 -5.799998 -0.112269 -6.222680 0.611848 0.564503 -1
0 -0.919664 0.320286 -6.039067 0.650673 0.602548 -1
0 2.652999 4.730755 -4.166941 0.340067 0.716685 -1
0 0.343844 6.368077 -8.024232 0.378893 0.716685 -1
0 -5.799998 6.539748 -8.428668 0.417719 0.716685 -1
0 -11.777161 6.009906 -7.180436 0.456545 0.716685 -1
0 -14.252983 4.730755 -4.166941 0.495370 0.716685 -1
0 -12.527161 2.995745 -0.079512 0.534196 0.716685 -1
0 -5.799998 2.921757 0.094798 0.573022 0.716685 -1
0 0.177172 3.451602 -1.153441 0.611848 0.716685 -1
0 2.652999 4.730755 -4.166941 0.650673 0.716685 -1
0 3.960681 3.116412 -4.852185 0.340067 0.678640 -1
0 1.268512 4.951622 -9.175670 0.378893 0.678640 -1
0 -5.799998 5.205258 -9.773204 0.417719 0.678640 -1
0 -12.701830 4.593451 -8.331874 0.456545 0.678640 -1
0 -15.560663 3.116412 -4.852185 0.495370 0.678640 -1
0 -13.451830 1.183518 -0.298568 0.534196 0.678640 -1
0 -5.799998 1.027562 0.068839 0.573022 0.678640 -1
0 1.101848 1.639374 -1.372498 0.611848 0.678640 -1
0 3.960681 3.116412 -4.852185 0.650673 0.678640 -1
0 2.652999 1.502073 -5.537436 0.340067 0.640594 -1
0 0.343844 3.139396 -9.394731 0.378893 0.640594 -1
0 -5.799998 3.311067 -9.799167 0.417719 0.640594 -1
0 -11.777161 2.781228 -8.550929 0.456545 0.640594 -1
0 -14.252983 1.502073 -5.537436 0.495370 0.640594 -1
0 -12.527159 -0.232937 -1.450014 0.534196 0.640594 -1
0 -5.799998 -0.306928 -1.275699 0.573022 0.640594 -1
0 0.177172 0.222916 -2.523930 0.611848 0.640594 -1
0 2.652999 1.502073 -5.537436 0.650673 0.640594 -1
61
0.095594 0.942117 0.321367
0.235123 0.943791 0.232327
0.126028 0.975610 0.179725
0.095593 -0.885623 -0.454461
0.126028 -0.806999 -0.576948
0.235124 -0.822734 -0.517518
0.039252 0.973505 0.225274
-0.019834 0.999672 -0.016195
0.039251 -0.838303 -0.543791
-0.019834 -0.682780 -0.730354
-0.039252 0.973505 0.225274
-0.150074 0.980417 0.127516
-0.039251 -0.838303 -0.543791
-0.150074 -0.772782 -0.616673
-0.095594 0.942117 0.321367
-0.241295 0.905265 0.349673
-0.095593 -0.885623 -0.454461
-0.241296 -0.880384 -0.408290
-0.095595 0.885622 0.454462
-0.114126 0.818746 0.562700
-0.095593 -0.942117 -0.321367
-0.114126 -0.973521 -0.198072
-0.039252 0.838301 0.543793
0.025407 0.688066 0.725203
-0.039251 -0.973504 -0.225275
0.025407 -0.999638 0.008817
0.039252 0.838301 0.543793
0.150073 0.772783 0.616672
0.039251 -0.973504 -0.225275
0.150073 -0.980417 -0.127516
0.095595 0.885622 0.454462
0.252862 0.798301 0.546604
0.095593 -0.942117 -0.321367
0.252863 -0.947741 -0.194545
0.558045 0.829614 0.018078
0.332043 0.915486 -0.227229
-0.058953 0.885796 -0.460315
-0.364051 0.889707 -0.275479
-0.582960 0.779428 0.229455
-0.329985 0.506382 0.796672
0.075619 0.283794 0.955899
0.364050 0.419881 0.831365
0.531169 0.529724 0.661251
0.871688 0.191482 -0.451104
0.518235 0.334169 -0.787250
-0.070032 0.389773 -0.918244
-0.530337 0.331256 -0.780392
-0.990653 0.053299 -0.125566
-0.545614 -0.327448 0.771416
0.090518 -0.389127 0.916726
0.530337 -0.331256 0.780393
0.797595 -0.235687 0.555243
0.558046 -0.589302 -0.584216
0.332043 -0.472494 -0.816393
-0.058953 -0.284201 -0.956951
-0.364052 -0.419878 -0.831366
-0.582961 -0.706492 -0.401281
-0.329986 -0.924840 0.189155
0.075619 -0.884755 0.459881
0.364051 -0.889707 0.275479
0.531170 -0.843640 0.078293
80
0 0 1 2 0 1 2 1
0 3 4 5 3 4 5 1
0 6 2 7 6 2 7 1
0 8 9 4 8 9 4 1
0 10 7 11 10 7 11 1
0 12 13 9 12 13 9 1
0 14 11 15 14 11 15 1
0 16 17 13 16 17 13 1
0 18 15 19 18 15 19 1
0 20 21 17 20 21 17 1
0 22 19 23 22 19 23 1
0 24 25 21 24 25 21 1
0 26 23 27 26 23 27 1
0 28 29 25 28 29 25 1
0 30 27 31 30 27 31 1
0 32 33 29 32 33 29 1
0 1 34 35 1 34 35 1
0 1 35 2 1 35 2 1
0 2 35 7 2 35 7 1
0 35 36 7 35 36 7 1
0 7 36 37 7 36 37 1
0 7 37 11 7 37 11 1
0 11 37 15 11 37 15 1
0 37 38 15 37 38 15 1
0 15 38 39 15 38 39 1
0 15 39 19 15 39 19 1
0 19 39 23 19 39 23 1
0 39 40 23 39 40 23 1
0 23 40 41 23 40 41 1
0 23 41 27 23 41 27 1
0 27 41 31 27 41 31 1
0 41 42 31 41 42 31 1
0 34 43 35 34 43 35 1
0 43 44 35 43 44 35 1
0 35 44 45 35 44 45 1
0 35 45 36 35 45 36 1
0 36 45 37 36 45 37 1
0 45 46 37 45 46 37 1
0 37 46 47 37 46 47 1
0 37 47 38 37 47 38 1
0 38 47 39 38 47 39 1
0 47 48 39 47 48 39 1
0 39 48 49 39 48 49 1
0 39 49 40 39 49 40 1
0 40 49 41 40 49 41 1
0 49 50 41 49 50 41 1
0 41 50 51 41 50 51 1
0 41 51 42 41 51 42 1
0 43 52 53 43 52 53 1
0 43 53 44 43 53 44 1
0 44 53 45 44 53 45 1
0 53 54 45 53 54 45 1
0 45 54 55 45 54 55 1
0 45 55 46 45 55 46 1
0 46 55 47 46 55 47 1
0 55 56 47 55 56 47 1
0 47 56 57 47 56 57 1
0 47 57 48 47 57 48 1
0 48 57 49 48 57 49 1
0 57 58 49 57 58 49 1
0 49 58 59 49 58 59 1
0 49 59 50 49 59 50 1
0 50 59 51 50 59 51 1
0 59 60 51 59 60 51 1
0 52 5 53 52 5 53 1
0 5 4 53 5 4 53 1
0 53 4 9 53 4 9 1
0 53 9 54 53 9 54 1
0 54 9 55 54 9 55 1
0 9 13 55 9 13 55 1
0 55 13 17 55 13 17 1
0 55 17 56 55 17 56 1
0 56 17 57 56 17 57 1
0 17 21 57 17 21 57 1
0 57 21 25 57 21 25 1
0 57 25 58 57 25 58 1
0 58 25 59 58 25 59 1
0 25 29 59 25 29 59 1
0 59 29 33 59 29 33 1
0 59 33 60 59 33 60 1
"Duplicate03" 0 0
61
0 0.200003 6.345093 4.830809 0.340067 0.792776 -1
0 5.080336 5.912530 4.647193 0.340067 0.754731 -1
0 3.650917 6.651049 2.907354 0.378893 0.754731 -1
0 0.200003 -0.112269 2.089820 0.340067 0.564503 -1
0 3.650917 1.058806 0.533586 0.378893 0.602548 -1
0 5.080336 0.320286 2.273433 0.340067 0.602548 -1
0 0.200003 6.345093 4.830809 0.378893 0.792776 -1
0 0.200003 6.956955 2.186687 0.417719 0.754731 -1
0 0.200003 -0.112269 2.089820 0.378893 0.564503 -1
0 0.200003 1.364716 -0.187087 0.417719 0.602548 -1
0 0.200003 6.345093 4.830809 0.417719 0.792776 -1
0 -3.250916 6.651049 2.907354 0.456545 0.754731 -1
0 0.200003 -0.112269 2.089820 0.417719 0.564503 -1
0 -3.250916 1.058806 0.533586 0.456545 0.602548 -1
0 0.200003 6.345093 4.830809 0.456545 0.792776 -1
0 -4.680332 5.912530 4.647193 0.495370 0.754731 -1
0 0.200003 -0.112269 2.089820 0.456545 0.564503 -1
0 -4.680332 0.320286 2.273433 0.495370 0.602548 -1
0 0.200003 6.345093 4.830809 0.495370 0.792776 -1
0 -3.250916 5.174010 6.387038 0.534196 0.754731 -1
0 0.200003 -0.112269 2.089820 0.495370 0.564503 -1
0 -3.250916 -0.418232 4.013274 0.534196 0.602548 -1
0 0.200003 6.345093 4.830809 0.534196 0.792776 -1
0 0.200003 4.868105 7.107707 0.573022 0.754731 -1
0 0.200003 -0.112269 2.089820 0.534196 0.564503 -1
0 0.200003 -0.724138 4.733946 0.573022 0.602548 -1
0 0.200003 6.345093 4.830809 0.573022 0.792776 -1
0 3.650917 5.174010 6.387038 0.611848 0.754731 -1
0 0.200003 -0.112269 2.089820 0.573022 0.564503 -1
0 3.650917 -0.418232 4.013274 0.611848 0.602548 -1
0 0.200003 6.345093 4.830809 0.611848 0.792776 -1
0 5.080336 5.912530 4.647193 0.650673 0.754731 -1
0 0.200003 -0.112269 2.089820 0.611848 0.564503 -1
0 5.080336 0.320286 2.273433 0.650673 0.602548 -1
0 8.653000 4.730755 4.145559 0.340067 0.716685 -1
0 6.343843 6.368077 0.288268 0.378893 0.716685 -1
0 0.200003 6.539748 -0.116168 0.417719 0.716685 -1
0 -5.777161 6.009906 1.132064 0.456545 0.716685 -1
0 -8.252983 4.730755 4.145559 0.495370 0.716685 -1
0 -6.527161 2.995745 8.232988 0.534196 0.716685 -1
0 0.200003 2.921757 8.407298 0.573022 0.716685 -1
0 6.177172 3.451602 7.159060 0.611848 0.716685 -1
0 8.653000 4.730755 4.145559 0.650673 0.716685 -1
0 9.960682 3.116412 3.460315 0.340067 0.678640 -1
0 7.268513 4.951622 -0.863170 0.378893 0.678640 -1
0 0.200003 5.205258 -1.460704 0.417719 0.678640 -1
0 -6.701830 4.593451 -0.019374 0.456545 0.678640 -1
0 -9.560663 3.116412 3.460315 0.495370 0.678640 -1
0 -7.451830 1.183518 8.013932 0.534196 0.678640 -1
0 0.200003 1.027562 8.381339 0.573022 0.678640 -1
0 7.101849 1.639374 6.940002 0.611848 0.678640 -1
0 9.960682 3.116412 3.460315 0.650673 0.678640 -1
0 8.653000 1.502073 2.775064 0.340067 0.640594 -1
0 6.343843 3.139396 -1.082231 0.378893 0.640594 -1
0 0.200003 3.311067 -1.486667 0.417719 0.640594 -1
0 -5.777161 2.781228 -0.238429 0.456545 0.640594 -1
0 -8.252983 1.502073 2.775064 0.495370 0.640594 -1
0 -6.527159 -0.232937 6.862487 0.534196 0.640594 -1
0 0.200003 -0.306928 7.036801 0.573022 0.640594 -1
0 6.177172 0.222916 5.788570 0.611848 0.640594 -1
0 8.653000 1.502073 2.775064 0.650673 0.640594 -1
61
0.095594 0.942117 0.321367
0.235123 0.943791 0.232327
0.126028 0.975610 0.179725
0.095593 -0.885622 -0.454461
0.126028 -0.806999 -0.576948
0.235124 -0.822734 -0.517518
0.039252 0.973505 0.225273
-0.019834 0.999672 -0.016195
0.039251 -0.838303 -0.543791
-0.019834 -0.682780 -0.730354
-0.039252 0.973505 0.225274
-0.150074 0.980417 0.127516
-0.039251 -0.838303 -0.543791
-0.150074 -0.772782 -0.616673
-0.095594 0.942117 0.321367
-0.241295 0.905265 0.349673
-0.095593 -0.885623 -0.454461
-0.241296 -0.880384 -0.408290
-0.095595 0.885622 0.454462
-0.114126 0.818746 0.562700
-0.095593 -0.942117 -0.321367
-0.114126 -0.973521 -0.198072
-0.039251 0.838301 0.543793
0.025407 0.688066 0.725204
-0.039251 -0.973504 -0.225275
0.025407 -0.999638 0.008817
0.039252 0.838301 0.543793
0.150073 0.772783 0.616672
0.039251 -0.973504 -0.225275
0.150073 -0.980417 -0.127516
0.095595 0.885622 0.454462
0.252862 0.798301 0.546604
0.095593 -0.942117 -0.321367
0.252863 -0.947741 -0.194545
0.558045 0.829614 0.018078
0.332042 0.915486 -0.227229
-0.058953 0.885796 -0.460315
-0.364051 0.889707 -0.275479
-0.582960 0.779428 0.229455
-0.329985 0.506382 0.796672
0.075619 0.283794 0.955899
0.364050 0.419881 0.831365
0.531169 0.529724 0.661251
0.871688 0.191482 -0.451104
0.518235 0.334169 -0.787250
-0.070032 0.389772 -0.918244
-0.530337 0.331256 -0.780392
-0.990653 0.053299 -0.125566
-0.545614 -0.327448 0.771416
0.090518 -0.389127 0.916726
0.530337 -0.331256 0.780393
0.797595 -0.235687 0.555243
0.558046 -0.589302 -0.584216
0.332043 -0.472494 -0.816393
-0.058953 -0.284201 -0.956951
-0.364052 -0.419878 -0.831366
-0.582961 -0.706492 -0.401281
-0.329986 -0.924840 0.189155
0.075619 -0.884755 0.459881
0.364051 -0.889707 0.275479
0.531170 -0.843640 0.078293
80
0 0 1 2 0 1 2 1
0 3 4 5 3 4 5 1
0 6 2 7 6 2 7 1
0 8 9 4 8 9 4 1
0 10 7 11 10 7 11 1
0 12 13 9 12 13 9 1
0 14 11 15 14 11 15 1
0 16 17 13 16 17 13 1
0 18 15 19 18 15 19 1
0 20 21 17 20 21 17 1
0 22 19 23 22 19 23 1
0 24 25 21 24 25 21 1
0 26 23 27 26 23 27 1
0 28 29 25 28 29 25 1
0 30 27 31 30 27 31 1
0 32 33 29 32 33 29 1
0 1 34 35 1 34 35 1
0 1 35 2 1 35 2 1
0 2 35 7 2 35 7 1
0 35 36 7 35 36 7 1
0 7 36 37 7 36 37 1
0 7 37 11 7 37 11 1
0 11 37 15 11 37 15 1
0 37 38 15 37 38 15 1
0 15 38 39 15 38 39 1
0 15 39 19 15 39 19 1
0 19 39 23 19 39 23 1
0 39 40 23 39 40 23 1
0 23 40 41 23 40 41 1
0 23 41 27 23 41 27 1
0 27 41 31 27 41 31 1
0 41 42 31 41 42 31 1
0 34 43 35 34 43 35 1
0 43 44 35 43 44 35 1
0 35 44 45 35 44 45 1
0 35 45 36 35 45 36 1
0 36 45 37 36 45 37 1
0 45 46 37 45 46 37 1
0 37 46 47 37 46 47 1
0 37 47 38 37 47 38 1
0 38 47 39 38 47 39 1
0 47 48 39 47 48 39 1
0 39 48 49 39 48 49 1
0 39 49 40 39 49 40 1
0 40 49 41 40 49 41 1
0 49 50 41 49 50 41 1
0 41 50 51 41 50 51 1
0 41 51 42 41 51 42 1
0 43 52 53 43 52 53 1
0 43 53 44 43 53 44 1
0 44 53 45 44 53 45 1
0 53 54 45 53 54 45 1
0 45 54 55 45 54 55 1
0 45 55 46 45 55 46 1
0 46 55 47 46 55 47 1
0 55 56 47 55 56 47 1
0 47 56 57 47 56 57 1
0 47 57 48 47 57 48 1
0 48 57 49 48 57 49 1
0 57 58 49 57 58 49 1
0 49 58 59 49 58 59 1
0 49 59 50 49 59 50 1
0 50 59 51 50 59 51 1
0 59 60 51 59 60 51 1
0 52 5 53 52 5 53 1
0 5 4 53 5 4 53 1
0 53 4 9 53 4 9 1
0 53 9 54 53 9 54 1
0 54 9 55 54 9 55 1
0 9 13 55 9 13 55 1
0 55 13 17 55 13 17 1
0 55 17 56 55 17 56 1
0 56 17 57 56 17 57 1
0 17 21 57 17 21 57 1
0 57 21 25 57 21 25 1
0 57 25 58 57 25 58 1
0 58 25 59 58 25 59 1
0 25 29 59 25 29 59 1
0 59 29 33 59 29 33 1
0 59 33 60 59 33 60 1
"Duplicate04" 0 0
61
0 13.701329 5.709982 6.529702 0.340067 0.792776 -1
0 11.819602 6.003193 2.011776 0.340067 0.754731 -1
0 10.644999 6.216012 4.058897 0.378893 0.754731 -1
0 11.814262 -1.035689 6.148229 0.340067 0.564503 -1
0 9.010747 0.374082 3.728531 0.378893 0.602548 -1
0 10.185364 0.161258 1.681411 0.340067 0.602548 -1
0 13.701329 5.709982 6.529702 0.378893 0.792776 -1
0 11.186690 5.867713 7.538408 0.417719 0.754731 -1
0 11.814262 -1.035689 6.148229 0.378893 0.564503 -1
0 9.552439 0.025787 7.208049 0.417719 0.602548 -1
0 13.701329 5.709982 6.529702 0.417719 0.792776 -1
0 13.127382 5.162304 10.412072 0.456545 0.754731 -1
0 11.814262 -1.035689 6.148229 0.417719 0.564503 -1
0 11.493134 -0.679624 10.081702 0.456545 0.602548 -1
0 13.701329 5.709982 6.529702 0.456545 0.792776 -1
0 15.330227 4.513019 10.996524 0.495370 0.754731 -1
0 11.814262 -1.035689 6.148229 0.456545 0.564503 -1
0 13.695986 -1.328914 10.666152 0.495370 0.602548 -1
0 13.701329 5.709982 6.529702 0.495370 0.792776 -1
0 16.504850 4.300188 8.949401 0.534196 0.754731 -1
0 11.814262 -1.035689 6.148229 0.495370 0.564503 -1
0 14.870596 -1.541736 8.619039 0.534196 0.602548 -1
0 13.701329 5.709982 6.529702 0.534196 0.792776 -1
0 15.963148 4.648502 5.469886 0.573022 0.754731 -1
0 11.814262 -1.035689 6.148229 0.534196 0.564503 -1
0 14.328900 -1.193424 5.139520 0.573022 0.602548 -1
0 13.701329 5.709982 6.529702 0.573022 0.792776 -1
0 14.022460 5.353895 2.596233 0.611848 0.754731 -1
0 11.814262 -1.035689 6.148229 0.573022 0.564503 -1
0 12.388219 -0.488026 2.265866 0.611848 0.602548 -1
0 13.701329 5.709982 6.529702 0.611848 0.792776 -1
0 11.819602 6.003193 2.011776 0.650673 0.754731 -1
0 11.814262 -1.035689 6.148229 0.611848 0.564503 -1
0 10.185364 0.161258 1.681411 0.650673 0.602548 -1
0 10.189267 5.314089 -1.346693 0.340067 0.716685 -1
0 7.275829 5.917212 2.400290 0.378893 0.716685 -1
0 9.093031 5.079426 8.225727 0.417719 0.716685 -1
0 12.454404 3.857633 13.203048 0.456545 0.716685 -1
0 16.269850 2.733040 14.215361 0.495370 0.716685 -1
0 19.616478 1.983828 10.908599 0.534196 0.716685 -1
0 17.366104 2.967697 4.642938 0.573022 0.716685 -1
0 14.004736 4.189497 -0.334387 0.611848 0.716685 -1
0 10.189267 5.314089 -1.346693 0.650673 0.716685 -1
0 9.247171 3.827317 -2.645790 0.340067 0.678640 -1
0 6.018989 4.487472 1.649717 0.378893 0.678640 -1
0 7.981335 3.556348 8.407487 0.417719 0.678640 -1
0 11.862716 2.145544 14.154814 0.456545 0.678640 -1
0 16.268421 0.846970 15.323716 0.495370 0.678640 -1
0 19.929775 0.040746 11.468432 0.534196 0.678640 -1
0 17.534260 1.117936 4.270443 0.573022 0.678640 -1
0 13.652874 2.528747 -1.476886 0.611848 0.678640 -1
0 9.247171 3.827317 -2.645790 0.650673 0.678640 -1
0 9.245737 1.941252 -1.537428 0.340067 0.640594 -1
0 6.332290 2.544379 2.209553 0.378893 0.640594 -1
0 8.149498 1.706588 8.034992 0.417719 0.640594 -1
0 11.510865 0.484801 13.012319 0.456545 0.640594 -1
0 15.326317 -0.639797 14.024626 0.495370 0.640594 -1
0 18.672947 -1.389007 10.717862 0.534196 0.640594 -1
0 16.422573 -0.405150 4.452200 0.573022 0.640594 -1
0 13.061202 0.816647 -0.525125 0.611848 0.640594 -1
0 9.245737 1.941252 -1.537428 0.650673 0.640594 -1
61
0.168087 0.985754 -0.006034
0.035145 0.993923 -0.104313
0.022364 0.999547 0.020130
-0.366035 -0.923591 -0.114008
-0.498575 -0.862651 -0.085178
-0.481093 -0.851472 -0.208673
0.096037 0.991799 0.084328
-0.109340 0.968238 0.224857
-0.433431 -0.900901 -0.022702
-0.601010 -0.789332 0.125466
0.124273 0.979814 0.156592
0.072757 0.953421 0.292737
-0.405198 -0.912885 0.049555
-0.439589 -0.878054 0.189165
0.236854 0.956564 0.169956
0.319253 0.903109 0.287177
-0.297274 -0.952778 0.061977
-0.202575 -0.962264 0.181689
0.366040 0.923589 0.114009
0.479887 0.873550 0.081359
-0.168091 -0.985753 0.006032
-0.043876 -0.998736 -0.024522
0.433434 0.900899 0.022705
0.593691 0.794479 -0.127806
-0.096041 -0.991799 -0.084331
0.100487 -0.968578 -0.227508
0.405198 0.912885 -0.049561
0.439587 0.878055 -0.189163
-0.124274 -0.979814 -0.156589
-0.072756 -0.953422 -0.292734
0.297278 0.952777 -0.061982
0.335039 0.906991 -0.255178
-0.236853 -0.956565 -0.169953
-0.175215 -0.917006 -0.358328
-0.268138 0.896462 -0.352785
-0.423098 0.904950 -0.045309
-0.495654 0.777685 0.386695
-0.214872 0.765562 0.606420
0.343402 0.708416 0.616621
0.806246 0.575059 0.138835
0.830640 0.446523 -0.332648
0.597578 0.602497 -0.529055
0.368533 0.706823 -0.603809
-0.751371 0.244846 -0.612774
-0.950516 0.274168 -0.146123
-0.866080 0.216809 0.450443
-0.566719 0.112381 0.816211
0.234432 -0.120135 0.964681
0.944995 -0.274421 0.177980
0.857238 -0.213303 -0.468662
0.566720 -0.112378 -0.816211
0.252059 -0.015794 -0.967583
-0.682793 -0.585804 -0.436610
-0.828715 -0.545000 -0.127305
-0.837567 -0.444552 0.317576
-0.597578 -0.602494 0.529056
-0.090835 -0.843846 0.528841
0.387994 -0.920062 0.054285
0.489150 -0.774199 -0.401681
0.214873 -0.765561 -0.606421
-0.032810 -0.727858 -0.684942
80
0 0 1 2 0 1 2 1
0 3 4 5 3 4 5 1
0 6 2 7 6 2 7 1
0 8 9 4 8 9 4 1
0 10 7 11 10 7 11 1
0 12 13 9 12 13 9 1
0 14 11 15 14 11 15 1
0 16 17 13 16 17 13 1
0 18 15 19 18 15 19 1
0 20 21 17 20 21 17 1
0 22 19 23 22 19 23 1
0 24 25 21 24 25 21 1
0 26 23 27 26 23 27 1
0 28 29 25 28 29 25 1
0 30 27 31 30 27 31 1
0 32 33 29 32 33 29 1
0 1 34 35 1 34 35 1
0 1 35 2 1 35 2 1
0 2 35 7 2 35 7 1
0 35 36 7 35 36 7 1
0 7 36 37 7 36 37 1
0 7 37 11 7 37 11 1
0 11 37 15 11 37 15 1
0 37 38 15 37 38 15 1
0 15 38 39 15 38 39 1
0 15 39 19 15 39 19 1
0 19 39 23 19 39 23 1
0 39 40 23 39 40 23 1
0 23 40 41 23 40 41 1
0 23 41 27 23 41 27 1
0 27 41 31 27 41 31 1
0 41 42 31 41 42 31 1
0 34 43 35 34 43 35 1
0 43 44 35 43 44 35 1
0 35 44 45 35 44 45 1
0 35 45 36 35 45 36 1
0 36 45 37 36 45 37 1
0 45 46 37 45 46 37 1
0 37 46 47 37 46 47 1
0 37 47 38 37 47 38 1
0 38 47 39 38 47 39 1
0 47 48 39 47 48 39 1
0 39 48 49 39 48 49 1
0 39 49 40 39 49 40 1
0 40 49 41 40 49 41 1
0 49 50 41 49 50 41 1
0 41 50 51 41 50 51 1
0 41 51 42 41 51 42 1
0 43 52 53 43 52 53 1
0 43 53 44 43 53 44 1
0 44 53 45 44 53 45 1
0 53 54 45 53 54 45 1
0 45 54 55 45 54 55 1
0 45 55 46 45 55 46 1
0 46 55 47 46 55 47 1
0 55 56 47 55 56 47 1
0 47 56 57 47 56 57 1
0 47 57 48 47 57 48 1
0 48 57 49 48 57 49 1
0 57 58 49 57 58 49 1
0 49 58 59 49 58 59 1
0 49 59 50 49 59 50 1
0 50 59 51 50 59 51 1
0 59 60 51 59 60 51 1
0 52 5 53 52 5 53 1
0 5 4 53 5 4 53 1
0 53 4 9 53 4 9 1
0 53 9 54 53 9 54 1
0 54 9 55 54 9 55 1
0 9 13 55 9 13 55 1
0 55 13 17 55 13 17 1
0 55 17 56 55 17 56 1
0 56 17 57 56 17 57 1
0 17 21 57 17 21 57 1
0 57 21 25 57 21 25 1
0 57 25 58 57 25 58 1
0 58 25 59 58 25 59 1
0 25 29 59 25 29 59 1
0 59 29 33 59 29 33 1
0 59 33 60 59 33 60 1
"Duplicate05" 1 0
61
1 4.888829 9.959974 -1.452440 0.340067 0.792776 -1
1 3.007102 10.253184 -5.970366 0.340067 0.754731 -1
1 1.832499 10.466002 -3.923245 0.378893 0.754731 -1
1 3.001762 3.214311 -1.833914 0.340067 0.564503 -1
1 0.198247 4.624083 -4.253612 0.378893 0.602548 -1
1 1.372864 4.411258 -6.300731 0.340067 0.602548 -1
1 4.888829 9.959974 -1.452440 0.378893 0.792776 -1
1 2.374190 10.117704 -0.443734 0.417719 0.754731 -1
1 3.001762 3.214311 -1.833914 0.378893 0.564503 -1
1 0.739939 4.275787 -0.774093 0.417719 0.602548 -1
1 4.888829 9.959974 -1.452440 0.417719 0.792776 -1
1 4.314882 9.412299 2.429930 0.456545 0.754731 -1
1 3.001762 3.214311 -1.833914 0.417719 0.564503 -1
1 2.680634 3.570375 2.099560 0.456545 0.602548 -1
1 4.888829 9.959974 -1.452440 0.456545 0.792776 -1
1 6.517727 8.763015 3.014381 0.495370 0.754731 -1
1 3.001762 3.214311 -1.833914 0.456545 0.564503 -1
1 4.883486 2.921085 2.684010 0.495370 0.602548 -1
1 4.888829 9.959974 -1.452440 0.495370 0.792776 -1
1 7.692350 8.550185 0.967258 0.534196 0.754731 -1
1 3.001762 3.214311 -1.833914 0.495370 0.564503 -1
1 6.058096 2.708263 0.636896 0.534196 0.602548 -1
1 4.888829 9.959974 -1.452440 0.534196 0.792776 -1
1 7.150648 8.898499 -2.512256 0.573022 0.754731 -1
1 3.001762 3.214311 -1.833914 0.534196 0.564503 -1
1 5.516400 3.056575 -2.842622 0.573022 0.602548 -1
1 4.888829 9.959974 -1.452440 0.573022 0.792776 -1
1 5.209960 9.603889 -5.385909 0.611848 0.754731 -1
1 3.001762 3.214311 -1.833914 0.573022 0.564503 -1
1 3.575719 3.761974 -5.716276 0.611848 0.602548 -1
1 4.888829 9.959974 -1.452440 0.611848 0.792776 -1
1 3.007102 10.253184 -5.970366 0.650673 0.754731 -1
1 3.001762 3.214311 -1.833914 0.611848 0.564503 -1
1 1.372864 4.411258 -6.300731 0.650673 0.602548 -1
1 1.376767 9.564083 -9.328835 0.340067 0.716685 -1
1 -1.536671 10.167204 -5.581852 0.378893 0.716685 -1
1 0.280531 9.329421 0.243585 0.417719 0.716685 -1
1 3.641904 8.107631 5.220905 0.456545 0.716685 -1
1 7.457350 6.983037 6.233218 0.495370 0.716685 -1
1 10.803978 6.233827 2.926456 0.534196 0.716685 -1
1 8.553604 7.217694 -3.339205 0.573022 0.716685 -1
1 5.192236 8.439494 -8.316529 0.611848 0.716685 -1
1 1.376767 9.564083 -9.328835 0.650673 0.716685 -1
1 0.434671 8.077315 -10.627933 0.340067 0.678640 -1
1 -2.793511 8.737468 -6.332425 0.378893 0.678640 -1
1 -0.831165 7.806346 0.425344 0.417719 0.678640 -1
1 3.050216 6.395542 6.172671 0.456545 0.678640 -1
1 7.455921 5.096970 7.341574 0.495370 0.678640 -1
1 11.117275 4.290746 3.486290 0.534196 0.678640 -1
1 8.721760 5.367933 -3.711699 0.573022 0.678640 -1
1 4.840374 6.778745 -9.459028 0.611848 0.678640 -1
1 0.434671 8.077315 -10.627933 0.650673 0.678640 -1
1 0.433237 6.191251 -9.519570 0.340067 0.640594 -1
1 -2.480210 6.794377 -5.772590 0.378893 0.640594 -1
1 -0.663002 5.956586 0.052850 0.417719 0.640594 -1
1 2.698365 4.734800 5.030176 0.456545 0.640594 -1
1 6.513817 3.610203 6.042483 0.495370 0.640594 -1
1 9.860447 2.860992 2.735720 0.534196 0.640594 -1
1 7.610073 3.844851 -3.529942 0.573022 0.640594 -1
1 4.248702 5.066646 -8.507267 0.611848 0.640594 -1
1 0.433237 6.191251 -9.519570 0.650673 0.640594 -1
61
0.168086 0.985754 -0.006034
0.035144 0.993923 -0.104313
0.022363 0.999547 0.020130
-0.366036 -0.923591 -0.114008
-0.498575 -0.862652 -0.085178
-0.481093 -0.851472 -0.208673
0.096037 0.991799 0.084328
-0.109340 0.968238 0.224856
-0.433431 -0.900901 -0.022702
-0.601010 -0.789332 0.125466
0.124273 0.979814 0.156591
0.072756 0.953421 0.292736
-0.405198 -0.912885 0.049555
-0.439589 -0.878054 0.189165
0.236854 0.956564 0.169955
0.319253 0.903110 0.287177
-0.297275 -0.952778 0.061977
-0.202575 -0.962264 0.181689
0.366039 0.923589 0.114009
0.479886 0.873550 0.081359
-0.168091 -0.985753 0.006032
-0.043876 -0.998736 -0.024523
0.433433 0.900900 0.022705
0.593691 0.794479 -0.127805
-0.096041 -0.991799 -0.084331
0.100487 -0.968578 -0.227508
0.405196 0.912885 -0.049560
0.439586 0.878055 -0.189163
-0.124274 -0.979814 -0.156589
-0.072756 -0.953422 -0.292734
0.297277 0.952777 -0.061982
0.335038 0.906992 -0.255178
-0.236853 -0.956565 -0.169953
-0.175215 -0.917007 -0.358328
-0.268138 0.896463 -0.352785
-0.423098 0.904951 -0.045309
-0.495653 0.777686 0.386695
-0.214872 0.765562 0.606420
0.343402 0.708416 0.616621
0.806245 0.575059 0.138835
0.830640 0.446523 -0.332648
0.597577 0.602497 -0.529054
0.368533 0.706824 -0.603808
-0.751371 0.244847 -0.612774
-0.950516 0.274168 -0.146122
-0.866080 0.216809 0.450443
-0.566719 0.112381 0.816211
0.234432 -0.120134 0.964681
0.944996 -0.274421 0.177980
0.857238 -0.213303 -0.468662
0.566720 -0.112379 -0.816211
0.252059 -0.015794 -0.967583
-0.682793 -0.585804 -0.436610
-0.828715 -0.545000 -0.127305
-0.837567 -0.444552 0.317576
-0.597578 -0.602494 0.529056
-0.090835 -0.843846 0.528841
0.387994 -0.920062 0.054285
0.489150 -0.774199 -0.401681
0.214872 -0.765561 -0.606421
-0.032810 -0.727859 -0.684942
80
1 0 1 2 0 1 2 1
1 3 4 5 3 4 5 1
1 6 2 7 6 2 7 1
1 8 9 4 8 9 4 1
1 10 7 11 10 7 11 1
1 12 13 9 12 13 9 1
1 14 11 15 14 11 15 1
1 16 17 13 16 17 13 1
1 18 15 19 18 15 19 1
1 20 21 17 20 21 17 1
1 22 19 23 22 19 23 1
1 24 25 21 24 25 21 1
1 26 23 27 26 23 27 1
1 28 29 25 28 29 25 1
1 30 27 31 30 27 31 1
1 32 33 29 32 33 29 1
1 1 34 35 1 34 35 1
1 1 35 2 1 35 2 1
1 2 35 7 2 35 7 1
1 35 36 7 35 36 7 1
1 7 36 37 7 36 37 1
1 7 37 11 7 37 11 1
1 11 37 15 11 37 15 1
1 37 38 15 37 38 15 1
1 15 38 39 15 38 39 1
1 15 39 19 15 39 19 1
1 19 39 23 19 39 23 1
1 39 40 23 39 40 23 1
1 23 40 41 23 40 41 1
1 23 41 27 23 41 27 1
1 27 41 31 27 41 31 1
1 41 42 31 41 42 31 1
1 34 43 35 34 43 35 1
1 43 44 35 43 44 35 1
1 35 44 45 35 44 45 1
1 35 45 36 35 45 36 1
1 36 45 37 36 45 37 1
1 45 46 37 45 46 37 1
1 37 46 47 37 46 47 1
1 37 47 38 37 47 38 1
1 38 47 39 38 47 39 1
1 47 48 39 47 48 39 1
1 39 48 49 39 48 49 1
1 39 49 40 39 49 40 1
1 40 49 41 40 49 41 1
1 49 50 41 49 50 41 1
1 41 50 51 41 50 51 1
1 41 51 42 41 51 42 1
1 43 52 53 43 52 53 1
1 43 53 44 43 53 44 1
1 44 53 45 44 53 45 1
1 53 54 45 53 54 45 1
1 45 54 55 45 54 55 1
1 45 55 46 45 55 46 1
1 46 55 47 46 55 47 1
1 55 56 47 55 56 47 1
1 47 56 57 47 56 57 1
1 47 57 48 47 57 48 1
1 48 57 49 48 57 49 1
1 57 58 49 57 58 49 1
1 49 58 59 49 58 59 1
1 49 59 50 49 59 50 1
1 50 59 51 50 59 51 1
1 59 60 51 59 60 51 1
1 52 5 53 52 5 53 1
1 5 4 53 5 4 53 1
1 53 4 9 53 4 9 1
1 53 9 54 53 9 54 1
1 54 9 55 54 9 55 1
1 9 13 55 9 13 55 1
1 55 13 17 55 13 17 1
1 55 17 56 55 17 56 1
1 56 17 57 56 17 57 1
1 17 21 57 17 21 57 1
1 57 21 25 57 21 25 1
1 57 25 58 57 25 58 1
1 58 25 59 58 25 59 1
1 25 29 59 25 29 59 1
1 59 29 33 59 29 33 1
1 59 33 60 59 33 60 1

Materials: 1
"Material01"
0.200000 0.200000 0.200000 1.000000
0.800000 0.800000 0.800000 1.000000
0.000000 0.000000 0.000000 1.000000
0.000000 0.000000 0.000000 1.000000
0.000000
1.000000
"..\Image\House1.tga"
""

Bones: 0
GroupComments: 0
MaterialComments: 0
BoneComments: 0
ModelComment: 0
