// MilkShape 3D ASCII

Frames: 30
Frame: 1

Meshes: 2
"Body" 0 0
31
0 6.000000 0.000000 0.000000 0.849762 0.180645 -1
0 4.854102 0.000000 3.526711 0.768674 0.070329 -1
0 0.000000 0.000000 0.000000 0.425178 0.180645 -1
0 6.000000 0.500000 0.000000 0.849762 0.180645 -1
0 4.854102 0.500000 3.526711 0.768674 0.070329 -1
0 5.529600 1.000000 -0.000000 0.816475 0.180645 -1
0 4.473540 1.000000 3.239824 0.741744 0.079303 -1
0 1.854102 0.000000 5.706339 0.556382 0.002151 -1
0 1.854102 0.500000 5.706339 0.556382 0.002151 -1
0 1.708740 1.000000 5.242146 0.546095 0.016671 -1
0 -1.854102 0.000000 5.706339 0.293974 0.002151 -1
0 -1.854102 0.500000 5.706339 0.293974 0.002151 -1
0 -1.708740 1.000000 5.242146 0.304261 0.016671 -1
0 -4.854102 0.000000 3.526711 0.081682 0.070329 -1
0 -4.854102 0.500000 3.526711 0.081682 0.070329 -1
0 -4.473540 1.000000 3.239824 0.108612 0.079303 -1
0 -6.000000 0.000000 0.000000 0.000594 0.180645 -1
0 -6.000000 0.500000 0.000000 0.000594 0.180645 -1
0 -5.529600 1.000000 -0.000000 0.033881 0.180645 -1
0 -4.854102 0.000000 -3.526711 0.081682 0.290961 -1
0 -4.854102 0.500000 -3.526711 0.081682 0.290961 -1
0 -4.473540 1.000000 -3.239824 0.108612 0.281987 -1
0 -1.854102 0.000000 -5.706339 0.293974 0.359140 -1
0 -1.854102 0.500000 -5.706339 0.293974 0.359140 -1
0 -1.708740 1.000000 -5.242146 0.304261 0.344620 -1
0 1.854102 0.000000 -5.706339 0.556382 0.359140 -1
0 1.854102 0.500000 -5.706339 0.556382 0.359140 -1
0 1.708740 1.000000 -5.242146 0.546095 0.344620 -1
0 4.854102 0.000000 -3.526711 0.768674 0.290961 -1
0 4.854102 0.500000 -3.526711 0.768674 0.290961 -1
0 4.473540 1.000000 -3.239824 0.741744 0.281987 -1
31
0.000000 -1.000000 0.000000
1.000000 0.000000 0.000000
0.927921 0.372776 0.000000
0.749819 0.376105 0.544349
0.809017 0.000000 0.587785
0.727004 0.686633 0.000000
0.585460 0.689900 0.425764
0.309017 0.000000 0.951056
0.285933 0.380769 0.879351
0.222225 0.696182 0.682602
-0.286025 0.380104 0.879608
-0.309017 0.000000 0.951056
-0.221310 0.697287 0.681772
-0.809017 0.000000 0.587785
-0.749892 0.375858 0.544419
-0.585735 0.690306 0.424725
-0.927584 0.373616 -0.000000
-1.000000 0.000000 0.000000
-0.728337 0.685219 0.000000
-0.809017 0.000000 -0.587785
-0.749892 0.375858 -0.544419
-0.585735 0.690306 -0.424725
-0.286025 0.380104 -0.879608
-0.309017 0.000000 -0.951056
-0.221310 0.697287 -0.681772
0.309017 0.000000 -0.951056
0.285933 0.380769 -0.879351
0.222225 0.696182 -0.682602
0.749819 0.376105 -0.544349
0.809017 0.000000 -0.587785
0.585460 0.689900 -0.425764
50
1 0 1 2 0 0 0 2
1 0 3 4 1 2 3 1
1 0 4 1 1 3 4 1
1 3 5 4 2 5 3 1
1 5 6 4 5 6 3 1
1 1 7 2 0 0 0 2
1 1 4 7 4 3 7 1
1 4 8 7 3 8 7 1
1 4 6 9 3 6 9 1
1 4 9 8 3 9 8 1
1 7 10 2 0 0 0 2
1 7 8 11 7 8 10 1
1 7 11 10 7 10 11 1
1 8 9 11 8 9 10 1
1 9 12 11 9 12 10 1
1 10 13 2 0 0 0 2
1 10 11 13 11 10 13 1
1 11 14 13 10 14 13 1
1 11 12 15 10 12 15 1
1 11 15 14 10 15 14 1
1 13 16 2 0 0 0 2
1 13 14 17 13 14 16 1
1 13 17 16 13 16 17 1
1 14 15 17 14 15 16 1
1 15 18 17 15 18 16 1
1 16 19 2 0 0 0 2
1 16 17 19 17 16 19 1
1 17 20 19 16 20 19 1
1 17 18 21 16 18 21 1
1 17 21 20 16 21 20 1
1 19 22 2 0 0 0 2
1 19 20 23 19 20 22 1
1 19 23 22 19 22 23 1
1 20 21 23 20 21 22 1
1 21 24 23 21 24 22 1
1 22 25 2 0 0 0 2
1 22 23 25 23 22 25 1
1 23 26 25 22 26 25 1
1 23 24 27 22 24 27 1
1 23 27 26 22 27 26 1
1 25 28 2 0 0 0 2
1 25 26 29 25 26 28 1
1 25 29 28 25 28 29 1
1 26 27 29 26 27 28 1
1 27 30 29 27 30 28 1
1 28 0 2 0 0 0 2
1 28 29 0 29 28 1 1
1 29 3 0 28 2 1 1
1 29 30 5 28 30 5 1
1 29 5 3 28 5 2 1
"Mirr" 0 0
11
0 5.529600 1.000000 -0.000000 0.816475 0.180645 -1
0 -0.000000 1.000000 -0.000000 0.425178 0.180645 -1
0 4.473540 1.000000 3.239824 0.741744 0.079303 -1
0 1.708740 1.000000 5.242146 0.546095 0.016671 -1
0 -1.708740 1.000000 5.242146 0.304261 0.016671 -1
0 -4.473540 1.000000 3.239824 0.108612 0.079303 -1
0 -5.529600 1.000000 -0.000000 0.033881 0.180645 -1
0 -4.473540 1.000000 -3.239824 0.108612 0.281987 -1
0 -1.708740 1.000000 -5.242146 0.304261 0.344620 -1
0 1.708740 1.000000 -5.242146 0.546095 0.344620 -1
0 4.473540 1.000000 -3.239824 0.741744 0.281987 -1
1
0.000000 1.000000 0.000000
10
0 0 1 2 0 0 0 2
0 2 1 3 0 0 0 2
0 3 1 4 0 0 0 2
0 4 1 5 0 0 0 2
0 5 1 6 0 0 0 2
0 6 1 7 0 0 0 2
0 7 1 8 0 0 0 2
0 8 1 9 0 0 0 2
0 9 1 10 0 0 0 2
0 10 1 0 0 0 0 2

Materials: 1
"Material01"
0.200000 0.200000 0.200000 1.000000
0.800000 0.800000 0.800000 1.000000
0.000000 0.000000 0.000000 1.000000
0.000000 0.000000 0.000000 1.000000
0.000000
1.000000
"..\Image\main_resource.png"
""

Bones: 0
GroupComments: 0
MaterialComments: 0
BoneComments: 0
ModelComment: 0
