// MilkShape 3D ASCII

Frames: 30
Frame: 1

Meshes: 30
"1" 0 0
4
0 1.854102 0.000000 5.706339 0.667969 0.781250 -1
0 1.854102 4.678362 5.706339 0.667969 0.000000 -1
0 -1.854102 0.000000 5.706339 0.000000 0.781250 -1
0 -1.854102 4.678362 5.706339 0.000000 0.000000 -1
1
0.000000 0.000000 1.000000
2
0 0 1 2 0 0 0 1
0 1 3 2 0 0 0 1
"1_T" 0 10
4
0 -1.402539 4.286638 5.721307 0.000000 0.000000 -1
0 -1.402539 3.617683 5.721307 0.000000 1.000000 -1
0 1.402539 3.617683 5.721307 1.000000 1.000000 -1
0 1.402539 4.286638 5.721307 1.000000 0.000000 -1
1
0.000000 0.000000 1.000000
2
0 0 1 2 0 0 0 1
0 0 2 3 0 0 0 1
"1_P" 0 11
4
0 -1.597045 3.521349 5.721307 0.000000 0.000000 -1
0 -1.597045 0.168304 5.721307 0.000000 1.000000 -1
0 1.597045 0.168304 5.721307 1.000000 1.000000 -1
0 1.597045 3.521349 5.721307 1.000000 0.000000 -1
1
0.000000 0.000000 1.000000
2
0 0 1 2 0 0 0 1
0 0 2 3 0 0 0 1
"2" 0 1
4
0 4.854102 0.000000 3.526711 0.665888 0.778210 -1
0 4.854102 4.678362 3.526711 0.665888 0.000000 -1
0 1.854102 4.678362 5.706339 0.000000 0.000000 -1
0 1.854102 0.000000 5.706339 0.000000 0.778210 -1
1
0.587785 0.000000 0.809017
2
0 0 1 2 0 0 0 1
0 0 2 3 0 0 0 1
"2_T" 0 12
4
0 2.228222 4.286638 5.453026 0.000000 0.000000 -1
0 2.228222 3.617683 5.453026 0.000000 1.000000 -1
0 4.497578 3.617683 3.804243 1.000000 1.000000 -1
0 4.497578 4.286638 3.804243 1.000000 0.000000 -1
1
0.587785 0.000000 0.809017
2
0 0 1 2 0 0 0 1
0 0 2 3 0 0 0 1
"2_P" 0 13
4
0 2.070864 3.521349 5.567354 0.000000 0.000000 -1
0 2.070864 0.168304 5.567354 0.000000 1.000000 -1
0 4.654936 0.168304 3.689916 1.000000 1.000000 -1
0 4.654936 3.521349 3.689916 1.000000 0.000000 -1
1
0.587785 0.000000 0.809017
2
0 0 1 2 0 0 0 1
0 0 2 3 0 0 0 1
"3" 0 2
4
0 6.000000 0.000000 0.000000 0.667969 0.781250 -1
0 6.000000 4.678362 0.000000 0.667969 0.000000 -1
0 4.854102 0.000000 3.526711 0.000000 0.781250 -1
0 4.854102 4.678362 3.526711 0.000000 0.000000 -1
1
0.951057 0.000000 0.309017
2
0 0 1 2 0 0 0 1
0 1 3 2 0 0 0 1
"3_T" 0 14
4
0 5.007878 4.286638 3.101875 0.000000 0.000000 -1
0 5.007878 3.617683 3.101875 0.000000 1.000000 -1
0 5.874695 3.617683 0.434088 1.000000 1.000000 -1
0 5.874695 4.286638 0.434088 1.000000 0.000000 -1
1
0.951056 0.000000 0.309017
2
0 0 1 2 0 0 0 1
0 0 2 3 0 0 0 1
"3_P" 0 15
4
0 4.947773 3.521349 3.286861 0.000000 0.000000 -1
0 4.947773 0.168304 3.286861 0.000000 1.000000 -1
0 5.934801 0.168304 0.249102 1.000000 1.000000 -1
0 5.934801 3.521349 0.249102 1.000000 0.000000 -1
1
0.951056 0.000000 0.309017
2
0 0 1 2 0 0 0 1
0 0 2 3 0 0 0 1
"4" 0 3
4
0 4.854102 0.000000 -3.526711 0.000000 0.781250 -1
0 4.854102 4.678362 -3.526711 0.000000 0.000000 -1
0 6.000000 4.678362 0.000000 0.667969 0.000000 -1
0 6.000000 0.000000 0.000000 0.667969 0.781250 -1
1
0.951057 0.000000 -0.309017
2
0 0 1 2 0 0 0 1
0 0 2 3 0 0 0 1
"4_T" 0 16
4
0 5.874694 4.286638 -0.434087 0.000000 0.000000 -1
0 5.874694 3.617683 -0.434087 0.000000 1.000000 -1
0 5.007878 3.617683 -3.101875 1.000000 1.000000 -1
0 5.007878 4.286638 -3.101875 1.000000 0.000000 -1
1
0.951057 0.000000 -0.309017
2
0 0 1 2 0 0 0 1
0 0 2 3 0 0 0 1
"4_P" 0 17
4
0 5.934801 3.521349 -0.249101 0.000000 0.000000 -1
0 5.934801 0.168304 -0.249101 0.000000 1.000000 -1
0 4.947773 0.168304 -3.286861 1.000000 1.000000 -1
0 4.947773 3.521349 -3.286861 1.000000 0.000000 -1
1
0.951057 0.000000 -0.309017
2
0 0 1 2 0 0 0 1
0 0 2 3 0 0 0 1
"5" 0 4
4
0 1.854102 0.000000 -5.706339 0.000000 0.781250 -1
0 1.854102 4.678362 -5.706339 0.000000 0.000000 -1
0 4.854102 0.000000 -3.526711 0.667969 0.781250 -1
0 4.854102 4.678362 -3.526711 0.667969 0.000000 -1
1
0.587785 0.000000 -0.809017
2
0 0 1 2 0 0 0 1
0 1 3 2 0 0 0 1
"5_T" 0 18
4
0 4.497578 4.286638 -3.804243 0.000000 0.000000 -1
0 4.497578 3.617683 -3.804243 0.000000 1.000000 -1
0 2.228222 3.617683 -5.453026 1.000000 1.000000 -1
0 2.228222 4.286638 -5.453026 1.000000 0.000000 -1
1
0.587785 0.000000 -0.809017
2
0 0 1 2 0 0 0 1
0 0 2 3 0 0 0 1
"5_P" 0 19
4
0 4.654937 3.521349 -3.689915 0.000000 0.000000 -1
0 4.654937 0.168304 -3.689915 0.000000 1.000000 -1
0 2.070864 0.168304 -5.567354 1.000000 1.000000 -1
0 2.070864 3.521349 -5.567354 1.000000 0.000000 -1
1
0.587785 0.000000 -0.809017
2
0 0 1 2 0 0 0 1
0 0 2 3 0 0 0 1
"6" 0 5
4
0 -1.854102 0.000000 -5.706339 0.000000 0.781250 -1
0 -1.854102 4.678362 -5.706339 0.000000 0.000000 -1
0 1.854102 4.678362 -5.706339 0.667969 0.000000 -1
0 1.854102 0.000000 -5.706339 0.667969 0.781250 -1
1
0.000000 0.000000 -1.000000
2
0 0 1 2 0 0 0 1
0 0 2 3 0 0 0 1
"6_T" 0 20
4
0 1.402539 4.286638 -5.721307 0.000000 0.000000 -1
0 1.402539 3.617683 -5.721307 0.000000 1.000000 -1
0 -1.402539 3.617683 -5.721307 1.000000 1.000000 -1
0 -1.402539 4.286638 -5.721307 1.000000 0.000000 -1
1
0.000000 0.000000 -1.000000
2
0 0 1 2 0 0 0 1
0 0 2 3 0 0 0 1
"6_P" 0 21
4
0 1.597045 3.521349 -5.721307 0.000000 0.000000 -1
0 1.597045 0.168304 -5.721307 0.000000 1.000000 -1
0 -1.597044 0.168304 -5.721308 1.000000 1.000000 -1
0 -1.597044 3.521349 -5.721308 1.000000 0.000000 -1
1
0.000000 0.000000 -1.000000
2
0 0 1 2 0 0 0 1
0 0 2 3 0 0 0 1
"7" 0 6
4
0 -4.854102 0.000000 -3.526711 0.000000 0.781250 -1
0 -4.854102 4.678362 -3.526711 0.000000 0.000000 -1
0 -1.854102 0.000000 -5.706339 0.667969 0.781250 -1
0 -1.854102 4.678362 -5.706339 0.667969 0.000000 -1
1
-0.587785 0.000000 -0.809017
2
0 0 1 2 0 0 0 1
0 1 3 2 0 0 0 1
"7_T" 0 22
4
0 -2.228222 4.286638 -5.453026 0.000000 0.000000 -1
0 -2.228222 3.617683 -5.453026 0.000000 1.000000 -1
0 -4.497578 3.617683 -3.804243 1.000000 1.000000 -1
0 -4.497578 4.286638 -3.804243 1.000000 0.000000 -1
1
-0.587785 0.000000 -0.809017
2
0 0 1 2 0 0 0 1
0 0 2 3 0 0 0 1
"7_P" 0 23
4
0 -2.070863 3.521349 -5.567355 0.000000 0.000000 -1
0 -2.070863 0.168304 -5.567355 0.000000 1.000000 -1
0 -4.654936 0.168304 -3.689916 1.000000 1.000000 -1
0 -4.654936 3.521349 -3.689916 1.000000 0.000000 -1
1
-0.587785 0.000000 -0.809017
2
0 0 1 2 0 0 0 1
0 0 2 3 0 0 0 1
"8" 0 7
4
0 -6.000000 0.000000 0.000000 0.000000 0.781250 -1
0 -6.000000 4.678362 0.000000 0.000000 0.000000 -1
0 -4.854102 4.678362 -3.526711 0.667969 0.000000 -1
0 -4.854102 0.000000 -3.526711 0.667969 0.781250 -1
1
-0.951057 0.000000 -0.309017
2
0 0 1 2 0 0 0 1
0 0 2 3 0 0 0 1
"8_T" 0 24
4
0 -5.007878 4.286638 -3.101875 0.000000 0.000000 -1
0 -5.007878 3.617683 -3.101875 0.000000 1.000000 -1
0 -5.874695 3.617683 -0.434088 1.000000 1.000000 -1
0 -5.874695 4.286638 -0.434088 1.000000 0.000000 -1
1
-0.951056 0.000000 -0.309017
2
0 0 1 2 0 0 0 1
0 0 2 3 0 0 0 1
"8_P" 0 25
4
0 -4.947773 3.521349 -3.286862 0.000000 0.000000 -1
0 -4.947773 0.168304 -3.286862 0.000000 1.000000 -1
0 -5.934801 0.168304 -0.249102 1.000000 1.000000 -1
0 -5.934801 3.521349 -0.249102 1.000000 0.000000 -1
1
-0.951056 0.000000 -0.309017
2
0 0 1 2 0 0 0 1
0 0 2 3 0 0 0 1
"9" 0 8
4
0 -4.854102 0.000000 3.526711 0.667969 0.781250 -1
0 -4.854102 4.678362 3.526711 0.667969 0.000000 -1
0 -6.000000 0.000000 0.000000 0.000000 0.781250 -1
0 -6.000000 4.678362 0.000000 0.000000 0.000000 -1
1
-0.951057 0.000000 0.309017
2
0 0 1 2 0 0 0 1
0 1 3 2 0 0 0 1
"9_T" 0 26
4
0 -5.874695 4.286638 0.434087 0.000000 0.000000 -1
0 -5.874695 3.617683 0.434087 0.000000 1.000000 -1
0 -5.007878 3.617683 3.101875 1.000000 1.000000 -1
0 -5.007878 4.286638 3.101875 1.000000 0.000000 -1
1
-0.951057 0.000000 0.309017
2
0 0 1 2 0 0 0 1
0 0 2 3 0 0 0 1
"9_P" 0 27
4
0 -5.934801 3.521349 0.249101 0.000000 0.000000 -1
0 -5.934801 0.168304 0.249101 0.000000 1.000000 -1
0 -4.947773 0.168304 3.286861 1.000000 1.000000 -1
0 -4.947773 3.521349 3.286861 1.000000 0.000000 -1
1
-0.951057 0.000000 0.309017
2
0 0 1 2 0 0 0 1
0 0 2 3 0 0 0 1
"10" 0 9
4
0 -1.854102 0.000000 5.706339 0.667969 0.781250 -1
0 -1.854102 4.678362 5.706339 0.667969 0.000000 -1
0 -4.854102 4.678362 3.526711 0.000000 0.000000 -1
0 -4.854102 0.000000 3.526711 0.000000 0.781250 -1
1
-0.587785 0.000000 0.809017
2
0 0 1 2 0 0 0 1
0 0 2 3 0 0 0 1
"10_T" 0 28
4
0 -4.497578 4.286638 3.804243 0.000000 0.000000 -1
0 -4.497578 3.617683 3.804243 0.000000 1.000000 -1
0 -2.228223 3.617683 5.453026 1.000000 1.000000 -1
0 -2.228223 4.286638 5.453026 1.000000 0.000000 -1
1
-0.587785 0.000000 0.809017
2
0 0 1 2 0 0 0 1
0 0 2 3 0 0 0 1
"10_P" 1 29
4
1 -4.654937 3.521349 3.689915 0.000000 0.000000 -1
1 -4.654937 0.168304 3.689915 0.000000 1.000000 -1
1 -2.070865 0.168304 5.567354 1.000000 1.000000 -1
1 -2.070865 3.521349 5.567354 1.000000 0.000000 -1
1
-0.587785 0.000000 0.809017
2
1 0 1 2 0 0 0 1
1 0 2 3 0 0 0 1

Materials: 30
"1"
0.200000 0.200000 0.200000 1.000000
0.800000 0.800000 0.800000 1.000000
0.000000 0.000000 0.000000 1.000000
0.000000 0.000000 0.000000 1.000000
0.000000
1.000000
"..\Image\mapBack.png"
""
"2"
0.200000 0.200000 0.200000 1.000000
0.800000 0.800000 0.800000 1.000000
0.000000 0.000000 0.000000 1.000000
0.000000 0.000000 0.000000 1.000000
0.000000
1.000000
"..\Image\mapBack.png"
""
"3"
0.200000 0.200000 0.200000 1.000000
0.800000 0.800000 0.800000 1.000000
0.000000 0.000000 0.000000 1.000000
0.000000 0.000000 0.000000 1.000000
0.000000
1.000000
"..\Image\mapBack.png"
""
"4"
0.200000 0.200000 0.200000 1.000000
0.800000 0.800000 0.800000 1.000000
0.000000 0.000000 0.000000 1.000000
0.000000 0.000000 0.000000 1.000000
0.000000
1.000000
"..\Image\mapBack.png"
""
"5"
0.200000 0.200000 0.200000 1.000000
0.800000 0.800000 0.800000 1.000000
0.000000 0.000000 0.000000 1.000000
0.000000 0.000000 0.000000 1.000000
0.000000
1.000000
"..\Image\mapBack.png"
""
"6"
0.200000 0.200000 0.200000 1.000000
0.800000 0.800000 0.800000 1.000000
0.000000 0.000000 0.000000 1.000000
0.000000 0.000000 0.000000 1.000000
0.000000
1.000000
"..\Image\mapBack.png"
""
"7"
0.200000 0.200000 0.200000 1.000000
0.800000 0.800000 0.800000 1.000000
0.000000 0.000000 0.000000 1.000000
0.000000 0.000000 0.000000 1.000000
0.000000
1.000000
"..\Image\mapBack.png"
""
"8"
0.200000 0.200000 0.200000 1.000000
0.800000 0.800000 0.800000 1.000000
0.000000 0.000000 0.000000 1.000000
0.000000 0.000000 0.000000 1.000000
0.000000
1.000000
"..\Image\mapBack.png"
""
"9"
0.200000 0.200000 0.200000 1.000000
0.800000 0.800000 0.800000 1.000000
0.000000 0.000000 0.000000 1.000000
0.000000 0.000000 0.000000 1.000000
0.000000
1.000000
"..\Image\mapBack.png"
""
"10"
0.200000 0.200000 0.200000 1.000000
0.800000 0.800000 0.800000 1.000000
0.000000 0.000000 0.000000 1.000000
0.000000 0.000000 0.000000 1.000000
0.000000
1.000000
"..\Image\mapBack.png"
""
"1_T"
0.200000 0.200000 0.200000 1.000000
0.800000 0.800000 0.800000 1.000000
0.000000 0.000000 0.000000 1.000000
0.000000 0.000000 0.000000 1.000000
0.000000
1.000000
"..\Image\mapBack.png"
""
"1_P"
0.200000 0.200000 0.200000 1.000000
0.800000 0.800000 0.800000 1.000000
0.000000 0.000000 0.000000 1.000000
0.000000 0.000000 0.000000 1.000000
0.000000
1.000000
"..\Image\mapBack.png"
""
"2_T"
0.200000 0.200000 0.200000 1.000000
0.800000 0.800000 0.800000 1.000000
0.000000 0.000000 0.000000 1.000000
0.000000 0.000000 0.000000 1.000000
0.000000
1.000000
"..\Image\mapBack.png"
""
"2_P"
0.200000 0.200000 0.200000 1.000000
0.800000 0.800000 0.800000 1.000000
0.000000 0.000000 0.000000 1.000000
0.000000 0.000000 0.000000 1.000000
0.000000
1.000000
"..\Image\mapBack.png"
""
"3_T"
0.200000 0.200000 0.200000 1.000000
0.800000 0.800000 0.800000 1.000000
0.000000 0.000000 0.000000 1.000000
0.000000 0.000000 0.000000 1.000000
0.000000
1.000000
"..\Image\mapBack.png"
""
"3_P"
0.200000 0.200000 0.200000 1.000000
0.800000 0.800000 0.800000 1.000000
0.000000 0.000000 0.000000 1.000000
0.000000 0.000000 0.000000 1.000000
0.000000
1.000000
"..\Image\mapBack.png"
""
"4_T"
0.200000 0.200000 0.200000 1.000000
0.800000 0.800000 0.800000 1.000000
0.000000 0.000000 0.000000 1.000000
0.000000 0.000000 0.000000 1.000000
0.000000
1.000000
"..\Image\mapBack.png"
""
"4_P"
0.200000 0.200000 0.200000 1.000000
0.800000 0.800000 0.800000 1.000000
0.000000 0.000000 0.000000 1.000000
0.000000 0.000000 0.000000 1.000000
0.000000
1.000000
"..\Image\mapBack.png"
""
"5_T"
0.200000 0.200000 0.200000 1.000000
0.800000 0.800000 0.800000 1.000000
0.000000 0.000000 0.000000 1.000000
0.000000 0.000000 0.000000 1.000000
0.000000
1.000000
"..\Image\mapBack.png"
""
"5_P"
0.200000 0.200000 0.200000 1.000000
0.800000 0.800000 0.800000 1.000000
0.000000 0.000000 0.000000 1.000000
0.000000 0.000000 0.000000 1.000000
0.000000
1.000000
"..\Image\mapBack.png"
""
"6_T"
0.200000 0.200000 0.200000 1.000000
0.800000 0.800000 0.800000 1.000000
0.000000 0.000000 0.000000 1.000000
0.000000 0.000000 0.000000 1.000000
0.000000
1.000000
"..\Image\mapBack.png"
""
"6_P"
0.200000 0.200000 0.200000 1.000000
0.800000 0.800000 0.800000 1.000000
0.000000 0.000000 0.000000 1.000000
0.000000 0.000000 0.000000 1.000000
0.000000
1.000000
"..\Image\mapBack.png"
""
"7_T"
0.200000 0.200000 0.200000 1.000000
0.800000 0.800000 0.800000 1.000000
0.000000 0.000000 0.000000 1.000000
0.000000 0.000000 0.000000 1.000000
0.000000
1.000000
"..\Image\mapBack.png"
""
"7_P"
0.200000 0.200000 0.200000 1.000000
0.800000 0.800000 0.800000 1.000000
0.000000 0.000000 0.000000 1.000000
0.000000 0.000000 0.000000 1.000000
0.000000
1.000000
"..\Image\mapBack.png"
""
"8_T"
0.200000 0.200000 0.200000 1.000000
0.800000 0.800000 0.800000 1.000000
0.000000 0.000000 0.000000 1.000000
0.000000 0.000000 0.000000 1.000000
0.000000
1.000000
"..\Image\mapBack.png"
""
"8_P"
0.200000 0.200000 0.200000 1.000000
0.800000 0.800000 0.800000 1.000000
0.000000 0.000000 0.000000 1.000000
0.000000 0.000000 0.000000 1.000000
0.000000
1.000000
"..\Image\mapBack.png"
""
"9_T"
0.200000 0.200000 0.200000 1.000000
0.800000 0.800000 0.800000 1.000000
0.000000 0.000000 0.000000 1.000000
0.000000 0.000000 0.000000 1.000000
0.000000
1.000000
"..\Image\mapBack.png"
""
"9_P"
0.200000 0.200000 0.200000 1.000000
0.800000 0.800000 0.800000 1.000000
0.000000 0.000000 0.000000 1.000000
0.000000 0.000000 0.000000 1.000000
0.000000
1.000000
"..\Image\mapBack.png"
""
"10_T"
0.200000 0.200000 0.200000 1.000000
0.800000 0.800000 0.800000 1.000000
0.000000 0.000000 0.000000 1.000000
0.000000 0.000000 0.000000 1.000000
0.000000
1.000000
"..\Image\mapBack.png"
""
"10_P"
0.200000 0.200000 0.200000 1.000000
0.800000 0.800000 0.800000 1.000000
0.000000 0.000000 0.000000 1.000000
0.000000 0.000000 0.000000 1.000000
0.000000
1.000000
"..\Image\mapBack.png"
""

Bones: 0
GroupComments: 0
MaterialComments: 0
BoneComments: 0
ModelComment: 0
