// MilkShape 3D ASCII

Frames: 30
Frame: 1

Meshes: 1
"Regroup00" 0 0
42
0 5.067473 2.986872 0.000000 0.869320 0.512493 -1
0 4.757870 2.855454 1.255242 0.863435 0.512493 -1
0 1.261477 5.528144 0.000000 0.811354 0.502962 -1
0 -2.407943 20.597849 0.000000 0.887109 0.083842 -1
0 -5.186072 20.717621 0.000000 0.845707 0.008438 -1
0 -2.717548 20.466438 1.255242 0.881224 0.083842 -1
0 3.912017 2.496410 2.174140 0.847357 0.512493 -1
0 -3.563401 20.107395 2.174140 0.865145 0.083842 -1
0 2.756561 2.005948 2.510484 0.825394 0.512493 -1
0 -4.718858 19.616930 2.510484 0.843182 0.083842 -1
0 1.601104 1.515486 2.174140 0.803431 0.512493 -1
0 -5.874316 19.126469 2.174140 0.821219 0.083842 -1
0 0.755251 1.156443 1.255242 0.787352 0.512493 -1
0 -6.720168 18.767422 1.255242 0.805141 0.083842 -1
0 0.445648 1.025023 0.000000 0.781467 0.512493 -1
0 -7.029771 18.636009 0.000000 0.799256 0.083842 -1
0 0.755251 1.156443 -1.255242 0.787352 0.512493 -1
0 -6.720168 18.767422 -1.255242 0.805141 0.083842 -1
0 1.601104 1.515486 -2.174149 0.803431 0.512493 -1
0 -5.874316 19.126469 -2.174149 0.821219 0.083842 -1
0 2.756561 2.005948 -2.510484 0.825394 0.512493 -1
0 -4.718858 19.616930 -2.510484 0.843182 0.083842 -1
0 3.912017 2.496410 -2.174149 0.847357 0.512493 -1
0 -3.563401 20.107395 -2.174149 0.865145 0.083842 -1
0 4.757870 2.855454 -1.255242 0.863435 0.512493 -1
0 -2.717548 20.466438 -1.255242 0.881224 0.083842 -1
0 4.995258 2.956219 0.431489 0.867948 0.512493 -1
0 4.995258 2.956219 -0.431489 0.867948 0.512493 -1
0 7.357160 4.218588 0.431489 0.979434 0.538895 -1
0 7.357160 4.218588 -0.431489 0.979434 0.538895 -1
0 6.443959 6.169170 0.431490 0.978062 0.505368 -1
0 6.443959 6.169170 -0.431489 0.978062 0.505368 -1
0 1.864926 10.330819 0.431490 0.850668 0.482459 -1
0 1.864926 10.330819 -0.431489 0.850668 0.482459 -1
0 -2.030925 0.233582 0.431489 0.726909 0.363924 -1
0 0.517864 1.055677 -0.431489 0.778632 0.402412 -1
0 0.517864 1.055677 0.431489 0.778632 0.402412 -1
0 -2.030925 0.233582 -0.431489 0.726909 0.363924 -1
0 -2.799693 2.245474 0.431490 0.728282 0.330397 -1
0 -2.799693 2.245474 -0.431489 0.728282 0.330397 -1
0 -2.612468 8.430277 0.431490 0.776503 0.363108 -1
0 -2.612468 8.430277 -0.431489 0.776503 0.363108 -1
70
-0.555296 -0.831653 0.000000
-0.452184 -0.787884 -0.418053
0.390731 -0.920505 -0.000001
0.043072 0.999072 -0.000000
-0.390731 0.920505 0.000000
-0.009960 0.976562 0.215005
0.920505 0.390731 -0.000000
0.920505 0.390731 -0.000000
0.797180 0.338383 0.500000
0.797180 0.338383 0.500000
-0.170477 -0.668306 -0.724089
-0.154846 0.915062 0.372404
0.460252 0.195366 0.866025
0.460252 0.195366 0.866025
0.214343 -0.504960 -0.836105
-0.352761 0.831052 0.430015
-0.000000 -0.000000 1.000000
-0.000000 -0.000000 1.000000
0.599162 -0.341614 -0.724089
-0.550677 0.747041 0.372403
-0.460252 -0.195366 0.866025
-0.460253 -0.195366 0.866025
0.880870 -0.222036 -0.418053
-0.695560 0.685542 0.215008
-0.797180 -0.338383 0.500000
-0.797180 -0.338383 0.500000
0.983982 -0.178268 0.000000
-0.748591 0.663032 -0.000000
-0.920505 -0.390731 -0.000000
-0.920505 -0.390731 -0.000000
0.880871 -0.222036 0.418051
-0.695561 0.685542 -0.215007
-0.797182 -0.338384 -0.499998
-0.797182 -0.338384 -0.499998
0.599162 -0.341615 0.724088
-0.550676 0.747042 -0.372403
-0.460252 -0.195365 -0.866026
-0.460252 -0.195365 -0.866026
0.214343 -0.504960 0.836105
-0.352761 0.831052 -0.430015
-0.000000 -0.000000 -1.000000
-0.000000 -0.000000 -1.000000
-0.170476 -0.668307 0.724088
-0.154847 0.915062 -0.372403
0.460252 0.195365 -0.866026
0.460252 0.195365 -0.866026
-0.452185 -0.787885 0.418051
-0.009960 0.976562 -0.215004
0.797182 0.338383 -0.499998
0.797182 0.338383 -0.499998
0.471369 -0.881936 0.000000
0.905661 0.424002 0.000000
0.672575 0.740029 0.000000
-0.920505 -0.390731 0.000000
-0.000000 -0.000000 1.000000
0.000000 -0.000000 1.000000
0.000000 -0.000000 1.000000
-0.000000 0.000000 -1.000000
0.000000 0.000000 -1.000000
0.000000 0.000000 -1.000000
0.306970 -0.951719 0.000000
-0.934127 -0.356941 0.000000
-0.999542 0.030258 0.000000
0.920505 0.390731 0.000000
0.000000 -0.000000 1.000000
0.000000 -0.000000 1.000000
0.000000 -0.000000 1.000000
-0.000000 0.000000 -1.000000
-0.000000 0.000000 -1.000000
-0.000000 0.000000 -1.000000
72
1 0 1 2 0 1 2 2
1 3 4 5 3 4 5 2
1 0 3 1 6 7 8 1
1 3 5 1 7 9 8 1
1 1 6 2 1 10 2 2
1 5 4 7 5 4 11 2
1 1 5 7 8 9 12 1
1 1 7 6 8 12 13 1
1 6 8 2 10 14 2 2
1 7 4 9 11 4 15 2
1 6 7 8 13 12 16 1
1 7 9 8 12 17 16 1
1 8 10 2 14 18 2 2
1 9 4 11 15 4 19 2
1 8 9 11 16 17 20 1
1 8 11 10 16 20 21 1
1 10 12 2 18 22 2 2
1 11 4 13 19 4 23 2
1 10 11 12 21 20 24 1
1 11 13 12 20 25 24 1
1 12 14 2 22 26 2 2
1 13 4 15 23 4 27 2
1 12 13 15 24 25 28 1
1 12 15 14 24 28 29 1
1 14 16 2 26 30 2 2
1 15 4 17 27 4 31 2
1 14 15 16 29 28 32 1
1 15 17 16 28 33 32 1
1 16 18 2 30 34 2 2
1 17 4 19 31 4 35 2
1 16 17 19 32 33 36 1
1 16 19 18 32 36 37 1
1 18 20 2 34 38 2 2
1 19 4 21 35 4 39 2
1 18 19 20 37 36 40 1
1 19 21 20 36 41 40 1
1 20 22 2 38 42 2 2
1 21 4 23 39 4 43 2
1 20 21 23 40 41 44 1
1 20 23 22 40 44 45 1
1 22 24 2 42 46 2 2
1 23 4 25 43 4 47 2
1 22 23 24 45 44 48 1
1 23 25 24 44 49 48 1
1 24 0 2 46 0 2 2
1 25 4 3 47 4 3 2
1 24 25 3 48 49 7 1
1 24 3 0 48 7 6 1
1 26 27 28 50 50 50 1
1 27 29 28 50 50 50 1
1 28 29 30 51 51 51 2
1 29 31 30 51 51 51 2
1 30 31 32 52 52 52 1
1 31 33 32 52 52 52 1
1 32 33 26 53 53 53 2
1 33 27 26 53 53 53 2
1 32 26 30 54 55 55 3
1 26 28 30 55 56 55 3
1 27 33 29 57 58 58 3
1 33 31 29 58 59 58 3
1 34 35 36 60 60 60 1
1 34 37 35 60 60 60 1
1 38 37 34 61 61 61 2
1 38 39 37 61 61 61 2
1 40 39 38 62 62 62 1
1 40 41 39 62 62 62 1
1 36 41 40 63 63 63 2
1 36 35 41 63 63 63 2
1 38 36 40 64 64 65 3
1 38 34 36 64 66 64 3
1 37 41 35 67 67 68 3
1 37 39 41 67 69 67 3

Materials: 1
"Material02"
0.200000 0.200000 0.200000 1.000000
0.800000 0.800000 0.800000 1.000000
0.000000 0.000000 0.000000 1.000000
0.000000 0.000000 0.000000 1.000000
0.000000
1.000000
"..\Image\RunTimeItem.tga"
""

Bones: 0
GroupComments: 0
MaterialComments: 0
BoneComments: 0
ModelComment: 0
