// MilkShape 3D ASCII

Frames: 30
Frame: 1

Meshes: 1
"Cylinder03" 0 0
26
0 -0.022727 13.592656 -1.621212 0.133305 0.066481 -1
0 4.782385 11.602315 -1.621212 0.223741 0.103986 -1
0 -0.022727 6.797202 -1.621212 0.133305 0.194530 -1
0 -0.022727 13.592656 0.742424 0.133305 0.066481 -1
0 -0.022727 6.797202 0.742424 0.133305 0.194530 -1
0 4.782385 11.602315 0.742424 0.223741 0.103986 -1
0 -0.022727 13.592656 -0.439394 0.133305 0.066481 -1
0 4.782385 11.602315 -0.439394 0.223741 0.103986 -1
0 6.772728 6.797202 -1.621212 0.261201 0.194530 -1
0 6.772728 6.797202 0.742424 0.261201 0.194530 -1
0 6.772728 6.797202 -0.439394 0.261201 0.194530 -1
0 4.782385 1.992090 -1.621213 0.223741 0.285074 -1
0 4.782385 1.992090 0.742424 0.223741 0.285074 -1
0 4.782385 1.992090 -0.439394 0.223741 0.285074 -1
0 -0.022727 0.001747 -1.621213 0.133305 0.322578 -1
0 -0.022727 0.001747 0.742424 0.133305 0.322578 -1
0 -0.022727 0.001747 -0.439395 0.133305 0.322578 -1
0 -4.827839 1.992090 -1.621213 0.042870 0.285074 -1
0 -4.827839 1.992090 0.742424 0.042870 0.285074 -1
0 -4.827839 1.992090 -0.439394 0.042870 0.285074 -1
0 -6.818182 6.797202 -1.621212 0.005410 0.194530 -1
0 -6.818182 6.797202 0.742424 0.005410 0.194530 -1
0 -6.818182 6.797202 -0.439394 0.005410 0.194530 -1
0 -4.827839 11.602315 -1.621212 0.042870 0.103986 -1
0 -4.827839 11.602315 0.742424 0.042870 0.103986 -1
0 -4.827839 11.602315 -0.439394 0.042870 0.103986 -1
30
-0.000000 0.000000 -1.000000
0.000000 0.000000 -1.000000
-0.000000 0.000000 -1.000000
0.000000 -0.000000 1.000000
0.000000 -0.000000 1.000000
-0.000000 -0.000000 1.000000
-0.000000 1.000000 0.000000
0.707107 0.707107 0.000000
0.707107 0.707107 0.000000
-0.000000 1.000000 0.000000
0.000000 0.000000 -1.000000
0.000000 -0.000000 1.000000
1.000000 -0.000000 0.000000
1.000000 -0.000000 0.000000
-0.000000 0.000000 -1.000000
0.000000 -0.000000 1.000000
0.707107 -0.707107 0.000000
0.707107 -0.707107 0.000000
0.000000 0.000000 -1.000000
0.000000 -0.000000 1.000000
0.000000 -1.000000 0.000000
-0.000000 -1.000000 0.000000
0.000000 0.000000 -1.000000
-0.000000 -0.000000 1.000000
-0.707107 -0.707107 0.000000
-0.707107 -0.707107 0.000000
-1.000000 -0.000000 0.000000
-0.000000 0.000000 -1.000000
0.000000 -0.000000 1.000000
-0.707107 0.707107 0.000000
48
1 0 1 2 0 1 2 2
1 3 4 5 3 4 5 2
1 0 6 7 6 6 7 1
1 0 7 1 6 7 8 1
1 6 3 7 6 9 7 1
1 3 5 7 9 8 7 1
1 1 8 2 1 10 2 2
1 5 4 9 5 4 11 2
1 1 7 8 8 7 12 1
1 7 10 8 7 12 12 1
1 7 5 9 7 8 13 1
1 7 9 10 7 13 12 1
1 8 11 2 10 14 2 2
1 9 4 12 11 4 15 2
1 8 10 13 12 12 16 1
1 8 13 11 12 16 17 1
1 10 9 13 12 13 16 1
1 9 12 13 13 17 16 1
1 11 14 2 14 18 2 2
1 12 4 15 15 4 19 2
1 11 13 14 17 16 20 1
1 13 16 14 16 20 20 1
1 13 12 15 16 17 21 1
1 13 15 16 16 21 20 1
1 14 17 2 18 22 2 2
1 15 4 18 19 4 23 2
1 14 16 19 20 20 24 1
1 14 19 17 20 24 25 1
1 16 15 19 20 21 24 1
1 15 18 19 21 25 24 1
1 17 20 2 22 10 2 2
1 18 4 21 23 4 11 2
1 17 19 20 25 24 26 1
1 19 22 20 24 26 26 1
1 19 18 21 24 25 26 1
1 19 21 22 24 26 26 1
1 20 23 2 10 27 2 2
1 21 4 24 11 4 28 2
1 20 22 25 26 26 29 1
1 20 25 23 26 29 29 1
1 22 21 25 26 26 29 1
1 21 24 25 26 29 29 1
1 23 0 2 27 0 2 2
1 24 4 3 28 4 3 2
1 23 25 0 29 29 6 1
1 25 6 0 29 6 6 1
1 25 24 3 29 29 9 1
1 25 3 6 29 9 6 1

Materials: 1
"Material02"
0.200000 0.200000 0.200000 1.000000
0.341176 0.341176 0.341176 1.000000
0.235294 0.235294 0.235294 1.000000
0.000000 0.000000 0.000000 1.000000
0.000000
1.000000
"..\Image\RunTimeItem.tga"
""

Bones: 0
GroupComments: 0
MaterialComments: 0
BoneComments: 0
ModelComment: 0
