// MilkShape 3D ASCII

Frames: 30
Frame: 1

Meshes: 1
"Regroup00" 0 0
325
0 8.471230 2.545618 7.312233 0.168825 0.175258 -1
0 9.468191 1.548659 7.312233 0.250436 0.259279 -1
0 9.881153 2.545618 7.312233 0.284240 0.175258 -1
0 9.941681 1.075174 6.425922 0.289195 0.299184 -1
0 8.471230 2.545618 6.425922 0.168825 0.175258 -1
0 10.550755 2.545618 6.425922 0.339054 0.175258 -1
0 9.941681 1.075174 8.145631 0.289195 0.299184 -1
0 10.550755 2.545618 8.145631 0.339054 0.175258 -1
0 8.471230 1.135705 7.312233 0.168825 0.294082 -1
0 8.471230 0.466095 6.425922 0.168825 0.350515 -1
0 8.471230 0.466095 8.145631 0.168825 0.350515 -1
0 7.474269 1.548659 7.312233 0.087214 0.259279 -1
0 7.000785 1.075174 6.425922 0.048454 0.299184 -1
0 7.000785 1.075174 8.145631 0.048454 0.299184 -1
0 7.061318 2.545618 7.312233 0.053409 0.175258 -1
0 6.391708 2.545618 6.425922 -0.001405 0.175258 -1
0 6.391708 2.545618 8.145631 -0.001405 0.175258 -1
0 7.474269 3.542582 7.312233 0.087214 0.091236 -1
0 7.000785 4.016065 6.425922 0.048454 0.051332 -1
0 7.000785 4.016065 8.145631 0.048454 0.051332 -1
0 8.471230 3.955536 7.312233 0.168825 0.056433 -1
0 8.471230 4.625141 6.425922 0.168825 0.000000 -1
0 8.471230 4.625141 8.145631 0.168825 0.000000 -1
0 9.468191 3.542582 7.312233 0.250436 0.091236 -1
0 9.941681 4.016065 6.425922 0.289195 0.051332 -1
0 9.941681 4.016065 8.145631 0.289195 0.051332 -1
0 9.881153 2.545618 -7.312235 0.284240 0.175258 -1
0 9.468191 1.548659 -7.312235 0.250436 0.259279 -1
0 8.471230 2.545618 -7.312235 0.168825 0.175258 -1
0 10.550755 2.545618 -6.425922 0.339054 0.175258 -1
0 8.471230 2.545618 -6.425922 0.168825 0.175258 -1
0 9.941681 1.075174 -6.425922 0.289195 0.299184 -1
0 10.550755 2.545618 -8.145633 0.339054 0.175258 -1
0 9.941681 1.075174 -8.145633 0.289195 0.299184 -1
0 8.471230 1.135705 -7.312235 0.168825 0.294082 -1
0 8.471230 0.466095 -6.425922 0.168825 0.350515 -1
0 8.471230 0.466095 -8.145633 0.168825 0.350515 -1
0 7.474269 1.548659 -7.312235 0.087214 0.259279 -1
0 7.000785 1.075174 -6.425922 0.048454 0.299184 -1
0 7.000785 1.075174 -8.145633 0.048454 0.299184 -1
0 7.061318 2.545618 -7.312235 0.053409 0.175258 -1
0 6.391708 2.545618 -6.425922 -0.001405 0.175258 -1
0 6.391708 2.545618 -8.145633 -0.001405 0.175258 -1
0 7.474269 3.542582 -7.312235 0.087214 0.091236 -1
0 7.000785 4.016065 -6.425922 0.048454 0.051332 -1
0 7.000785 4.016065 -8.145633 0.048454 0.051332 -1
0 8.471230 3.955536 -7.312235 0.168825 0.056433 -1
0 8.471230 4.625141 -6.425922 0.168825 0.000000 -1
0 8.471230 4.625141 -8.145633 0.168825 0.000000 -1
0 9.468191 3.542582 -7.312235 0.250436 0.091236 -1
0 9.941681 4.016065 -6.425922 0.289195 0.051332 -1
0 9.941681 4.016065 -8.145633 0.289195 0.051332 -1
0 -9.716249 2.545618 7.312233 0.053610 0.175258 -1
0 -9.303299 1.548659 7.312233 0.087414 0.259279 -1
0 -8.306341 2.545618 7.312233 0.169025 0.175258 -1
0 -10.385864 2.545618 6.425922 -0.001204 0.175258 -1
0 -8.306341 2.545618 6.425922 0.169025 0.175258 -1
0 -9.776779 1.075174 6.425922 0.048655 0.299184 -1
0 -10.385864 2.545618 8.145631 -0.001204 0.175258 -1
0 -9.776779 1.075174 8.145631 0.048655 0.299184 -1
0 -8.306341 1.135705 7.312233 0.169025 0.294082 -1
0 -8.306341 0.466095 6.425922 0.169025 0.350515 -1
0 -8.306341 0.466095 8.145631 0.169025 0.350515 -1
0 -7.309379 1.548659 7.312233 0.250636 0.259279 -1
0 -6.835895 1.075174 6.425922 0.289396 0.299184 -1
0 -6.835895 1.075174 8.145631 0.289396 0.299184 -1
0 -6.896425 2.545618 7.312233 0.284441 0.175258 -1
0 -6.226815 2.545618 6.425922 0.339255 0.175258 -1
0 -6.226815 2.545618 8.145631 0.339255 0.175258 -1
0 -7.309379 3.542582 7.312233 0.250636 0.091236 -1
0 -6.835895 4.016065 6.425922 0.289396 0.051332 -1
0 -6.835895 4.016065 8.145631 0.289396 0.051332 -1
0 -8.306341 3.955536 7.312233 0.169025 0.056433 -1
0 -8.306341 4.625141 6.425922 0.169025 0.000000 -1
0 -8.306341 4.625141 8.145631 0.169025 0.000000 -1
0 -9.303299 3.542582 7.312233 0.087414 0.091236 -1
0 -9.776779 4.016065 6.425922 0.048655 0.051332 -1
0 -9.776779 4.016065 8.145631 0.048655 0.051332 -1
0 -8.306341 2.545618 -7.312235 0.169025 0.175258 -1
0 -9.303299 1.548659 -7.312235 0.087414 0.259279 -1
0 -9.716249 2.545618 -7.312235 0.053610 0.175258 -1
0 -9.776779 1.075174 -6.425922 0.048655 0.299184 -1
0 -8.306341 2.545618 -6.425922 0.169025 0.175258 -1
0 -10.385864 2.545618 -6.425922 -0.001204 0.175258 -1
0 -9.776779 1.075174 -8.145633 0.048655 0.299184 -1
0 -10.385864 2.545618 -8.145633 -0.001204 0.175258 -1
0 -8.306341 1.135705 -7.312235 0.169025 0.294082 -1
0 -8.306341 0.466095 -6.425922 0.169025 0.350515 -1
0 -8.306341 0.466095 -8.145633 0.169025 0.350515 -1
0 -7.309379 1.548659 -7.312235 0.250636 0.259279 -1
0 -6.835895 1.075174 -6.425922 0.289396 0.299184 -1
0 -6.835895 1.075174 -8.145633 0.289396 0.299184 -1
0 -6.896425 2.545618 -7.312235 0.284441 0.175258 -1
0 -6.226815 2.545618 -6.425922 0.339255 0.175258 -1
0 -6.226815 2.545618 -8.145633 0.339255 0.175258 -1
0 -7.309379 3.542582 -7.312235 0.250636 0.091236 -1
0 -6.835895 4.016065 -6.425922 0.289396 0.051332 -1
0 -6.835895 4.016065 -8.145633 0.289396 0.051332 -1
0 -8.306341 3.955536 -7.312235 0.169025 0.056433 -1
0 -8.306341 4.625141 -6.425922 0.169025 0.000000 -1
0 -8.306341 4.625141 -8.145633 0.169025 0.000000 -1
0 -9.303299 3.542582 -7.312235 0.087414 0.091236 -1
0 -9.776779 4.016065 -6.425922 0.048655 0.051332 -1
0 -9.776779 4.016065 -8.145633 0.048655 0.051332 -1
0 -5.996385 11.785440 6.454420 0.920836 0.526480 -1
0 -9.542366 1.816160 6.242883 0.986166 0.975078 -1
0 10.173307 8.989176 6.454420 0.622930 0.652306 -1
0 9.707262 1.816160 6.242883 0.631516 0.975078 -1
0 10.173307 8.989176 6.454420 0.559413 0.526049 -1
0 9.707262 1.816160 6.242883 0.207300 0.533757 -1
0 10.173307 8.989176 -6.454422 0.559413 0.996454 -1
0 9.707262 1.816160 -6.242886 0.207300 0.988745 -1
0 10.173307 8.989176 -6.454422 0.621730 0.652306 -1
0 9.707262 1.816160 -6.242886 0.630316 0.975078 -1
0 -5.996385 11.785440 -6.454422 0.919636 0.526480 -1
0 -9.542366 1.816160 -6.242886 0.984966 0.975078 -1
0 -5.996385 11.785440 -6.454422 0.989799 0.023832 -1
0 -9.542366 1.816160 -6.242886 0.676419 0.031106 -1
0 -5.996385 11.785440 6.454420 0.989799 0.467757 -1
0 -9.542366 1.816160 6.242883 0.676419 0.460483 -1
0 -5.996385 11.785440 -6.454422 0.354104 0.036364 -1
0 -5.996385 11.785440 6.454420 0.354104 0.472501 -1
0 10.173307 8.989176 -6.454422 0.661322 0.036364 -1
0 10.173307 8.989176 6.454420 0.661322 0.472501 -1
0 -9.542366 1.816160 6.242883 0.573172 0.068536 -1
0 -9.542366 1.816160 -6.242886 0.573172 0.453271 -1
0 9.707262 1.816160 6.242883 0.630390 0.068536 -1
0 9.707262 1.816160 -6.242886 0.630390 0.453271 -1
0 -9.616180 3.275079 -8.024055 0.936826 0.205391 -1
0 -11.012514 3.275079 -8.024055 0.958237 0.205391 -1
0 -10.237700 5.145654 -8.024055 0.946356 0.111574 -1
0 -9.250340 4.158289 -8.024055 0.931217 0.161095 -1
0 -11.012514 3.275079 -8.024055 0.893312 0.388909 -1
0 -11.012514 3.275079 -5.835677 0.939710 0.388909 -1
0 -10.237700 5.145654 -8.024055 0.893312 0.295092 -1
0 -10.237700 5.145654 -5.835677 0.939710 0.295092 -1
0 -8.367126 4.524133 -8.024055 0.917674 0.142746 -1
0 -8.367126 5.920468 -8.024055 0.917674 0.072714 -1
0 -10.237700 5.145654 -8.024055 0.888937 0.296990 -1
0 -10.237700 5.145654 -5.835677 0.888937 0.365172 -1
0 -8.367126 5.920468 -5.835677 0.917619 0.365172 -1
0 -8.367126 5.920468 -8.024055 0.917619 0.296990 -1
0 -6.496555 5.145654 -8.024055 0.888991 0.111574 -1
0 -7.483913 4.158289 -8.024055 0.904131 0.161095 -1
0 -6.496555 5.145654 -8.024055 0.946302 0.296990 -1
0 -6.496555 5.145654 -5.835677 0.946302 0.365172 -1
0 -7.118081 3.275079 -8.024055 0.898521 0.205391 -1
0 -5.721735 3.275079 -8.024055 0.877110 0.205391 -1
0 -6.496555 5.145654 -8.024055 0.938767 0.295035 -1
0 -6.496555 5.145654 -5.835677 0.892369 0.295035 -1
0 -5.721735 3.275079 -5.835677 0.892369 0.388852 -1
0 -5.721735 3.275079 -8.024055 0.938767 0.388852 -1
0 9.781075 3.275079 8.024053 0.900973 0.208990 -1
0 11.177408 3.275079 8.024053 0.879563 0.208990 -1
0 10.402592 5.145654 8.024053 0.891443 0.115173 -1
0 9.415236 4.158289 8.024053 0.906583 0.164693 -1
0 11.177408 3.275079 8.024053 0.892530 0.387295 -1
0 11.177408 3.275079 5.835675 0.938928 0.387295 -1
0 10.402592 5.145654 8.024053 0.892530 0.293478 -1
0 10.402592 5.145654 5.835675 0.938928 0.293478 -1
0 8.532019 4.524133 8.024053 0.920126 0.146345 -1
0 8.532019 5.920468 8.024053 0.920126 0.076313 -1
0 10.402592 5.145654 8.024053 0.948384 0.367084 -1
0 10.402592 5.145654 5.835675 0.948384 0.298902 -1
0 8.532019 5.920468 5.835675 0.919701 0.298902 -1
0 8.532019 5.920468 8.024053 0.919701 0.367084 -1
0 6.661447 5.145654 8.024053 0.948808 0.115173 -1
0 7.648810 4.158289 8.024053 0.933669 0.164693 -1
0 6.661447 5.145654 8.024053 0.891019 0.367084 -1
0 6.661447 5.145654 5.835675 0.891019 0.298902 -1
0 7.282968 3.275079 8.024053 0.939278 0.208990 -1
0 5.886630 3.275079 8.024053 0.960689 0.208990 -1
0 6.661447 5.145654 8.024053 0.939548 0.291977 -1
0 6.661447 5.145654 5.835675 0.893151 0.291977 -1
0 5.886630 3.275079 5.835675 0.893151 0.385794 -1
0 5.886630 3.275079 8.024053 0.939548 0.385794 -1
0 10.402592 5.145654 -8.024055 0.890444 0.115173 -1
0 11.177408 3.275079 -8.024055 0.878564 0.208990 -1
0 9.781075 3.275079 -8.024055 0.899974 0.208990 -1
0 9.415236 4.158289 -8.024055 0.905584 0.164693 -1
0 10.402592 5.145654 -8.024055 0.938767 0.295035 -1
0 11.177408 3.275079 -5.835677 0.892369 0.388852 -1
0 11.177408 3.275079 -8.024055 0.938767 0.388852 -1
0 10.402592 5.145654 -5.835677 0.892369 0.295035 -1
0 8.532019 4.524133 -8.024055 0.919127 0.146345 -1
0 8.532019 5.920468 -8.024055 0.919127 0.076313 -1
0 8.532019 5.920468 -5.835677 0.917941 0.365172 -1
0 10.402592 5.145654 -5.835677 0.946623 0.365172 -1
0 10.402592 5.145654 -8.024055 0.946623 0.296990 -1
0 8.532019 5.920468 -8.024055 0.917941 0.296990 -1
0 6.661447 5.145654 -8.024055 0.947810 0.115173 -1
0 7.648810 4.158289 -8.024055 0.932670 0.164693 -1
0 6.661447 5.145654 -8.024055 0.889258 0.296990 -1
0 6.661447 5.145654 -5.835677 0.889258 0.365172 -1
0 7.282968 3.275079 -8.024055 0.938279 0.208990 -1
0 5.886630 3.275079 -8.024055 0.959690 0.208990 -1
0 5.886630 3.275079 -5.835677 0.939710 0.388909 -1
0 6.661447 5.145654 -5.835677 0.939710 0.295092 -1
0 6.661447 5.145654 -8.024055 0.893312 0.295092 -1
0 5.886630 3.275079 -8.024055 0.893312 0.388909 -1
0 -10.237700 5.145654 8.024053 0.947355 0.111574 -1
0 -11.012514 3.275079 8.024053 0.959236 0.205391 -1
0 -9.616180 3.275079 8.024053 0.937825 0.205391 -1
0 -9.250340 4.158289 8.024053 0.932216 0.161094 -1
0 -10.237700 5.145654 8.024053 0.939548 0.291977 -1
0 -11.012514 3.275079 5.835675 0.893151 0.385794 -1
0 -11.012514 3.275079 8.024053 0.939548 0.385794 -1
0 -10.237700 5.145654 5.835675 0.893151 0.291977 -1
0 -8.367126 4.524133 8.024053 0.918673 0.142746 -1
0 -8.367126 5.920468 8.024053 0.918673 0.072714 -1
0 -8.367126 5.920468 5.835675 0.918499 0.300460 -1
0 -10.237700 5.145654 5.835675 0.889817 0.300460 -1
0 -10.237700 5.145654 8.024053 0.889817 0.368641 -1
0 -8.367126 5.920468 8.024053 0.918499 0.368641 -1
0 -6.496555 5.145654 8.024053 0.889990 0.111574 -1
0 -7.483913 4.158289 8.024053 0.905130 0.161094 -1
0 -6.496555 5.145654 8.024053 0.947182 0.368641 -1
0 -6.496555 5.145654 5.835675 0.947182 0.300460 -1
0 -7.118081 3.275079 8.024053 0.899520 0.205391 -1
0 -5.721735 3.275079 8.024053 0.878109 0.205391 -1
0 -5.721735 3.275079 5.835675 0.938928 0.387295 -1
0 -6.496555 5.145654 5.835675 0.938928 0.293478 -1
0 -6.496555 5.145654 8.024053 0.892530 0.293478 -1
0 -5.721735 3.275079 8.024053 0.892530 0.387295 -1
0 10.598818 6.834257 2.370743 0.200748 0.583517 -1
0 10.598818 6.377481 3.420983 0.189725 0.542301 -1
0 10.598818 5.274733 2.370743 0.163112 0.583517 -1
0 9.139902 6.186555 2.370743 0.808418 0.587661 -1
0 9.139902 5.274733 2.370743 0.808418 0.633392 -1
0 9.139902 5.919487 3.015500 0.822088 0.601055 -1
0 10.598818 6.834257 2.370743 0.924457 0.334142 -1
0 9.139902 6.186555 2.370743 0.902086 0.334142 -1
0 10.598818 6.377481 3.420983 0.924457 0.366864 -1
0 9.139902 5.919487 3.015500 0.902086 0.354230 -1
0 10.598818 5.274733 3.856008 0.163112 0.525228 -1
0 9.139902 5.274733 3.282567 0.827750 0.633392 -1
0 10.598818 6.377481 3.420983 0.888434 0.053392 -1
0 9.139902 5.919487 3.015500 0.910805 0.076362 -1
0 9.139902 5.274733 3.282567 0.910805 0.108700 -1
0 10.598818 5.274733 3.856008 0.888434 0.108700 -1
0 10.598818 4.171977 3.420983 0.136500 0.542301 -1
0 9.139902 4.629967 3.015500 0.822088 0.665729 -1
0 10.598818 4.171977 3.420983 0.888434 0.164007 -1
0 9.139902 4.629967 3.015500 0.910805 0.141037 -1
0 10.598818 3.715204 2.370743 0.125477 0.583517 -1
0 9.139902 4.362906 2.370743 0.808418 0.679124 -1
0 10.598818 4.171977 3.420983 0.924687 0.303078 -1
0 9.139902 4.629967 3.015500 0.902317 0.315712 -1
0 9.139902 4.362906 2.370743 0.902317 0.335800 -1
0 10.598818 3.715204 2.370743 0.924687 0.335800 -1
0 10.598818 4.171977 1.320502 0.136500 0.624734 -1
0 9.139902 4.629967 1.725986 0.794748 0.665729 -1
0 10.598818 4.171977 1.320502 0.924687 0.368522 -1
0 9.139902 4.629967 1.725986 0.902317 0.355888 -1
0 10.598818 5.274733 0.885478 0.163112 0.641807 -1
0 9.139902 5.274733 1.458918 0.789086 0.633392 -1
0 10.598818 4.171977 1.320502 0.887435 0.164007 -1
0 9.139902 4.629967 1.725986 0.909806 0.141037 -1
0 9.139902 5.274733 1.458918 0.909806 0.108700 -1
0 10.598818 5.274733 0.885478 0.887435 0.108700 -1
0 10.598818 6.377481 1.320502 0.189725 0.624734 -1
0 9.139902 5.919487 1.725986 0.794748 0.601055 -1
0 10.598818 6.377481 1.320502 0.887435 0.053392 -1
0 9.139902 5.919487 1.725986 0.909806 0.076363 -1
0 10.598818 6.377481 1.320502 0.924457 0.301421 -1
0 9.139902 5.919487 1.725986 0.902086 0.314054 -1
0 10.598818 5.274733 -2.370744 0.162680 0.581716 -1
0 10.598818 6.377481 -3.420985 0.189292 0.622933 -1
0 10.598818 6.834257 -2.370744 0.200315 0.581716 -1
0 9.139902 5.919487 -3.015501 0.793691 0.602613 -1
0 9.139902 5.274733 -2.370744 0.807361 0.634950 -1
0 9.139902 6.186555 -2.370744 0.807361 0.589218 -1
0 10.598818 6.377481 -3.420985 0.923577 0.301669 -1
0 9.139902 6.186555 -2.370744 0.901206 0.334390 -1
0 10.598818 6.834257 -2.370744 0.923577 0.334390 -1
0 9.139902 5.919487 -3.015501 0.901206 0.314302 -1
0 10.598818 5.274733 -3.856009 0.162680 0.640006 -1
0 9.139902 5.274733 -3.282569 0.788029 0.634950 -1
0 9.139902 5.274733 -3.282569 0.909806 0.108700 -1
0 9.139902 5.919487 -3.015501 0.909806 0.076363 -1
0 10.598818 6.377481 -3.420985 0.887435 0.053392 -1
0 10.598818 5.274733 -3.856009 0.887435 0.108700 -1
0 10.598818 4.171977 -3.420985 0.136067 0.622933 -1
0 9.139902 4.629967 -3.015501 0.793691 0.667287 -1
0 10.598818 4.171977 -3.420985 0.887435 0.164007 -1
0 9.139902 4.629967 -3.015501 0.909806 0.141037 -1
0 10.598818 3.715204 -2.370744 0.125044 0.581716 -1
0 9.139902 4.362906 -2.370744 0.807361 0.680682 -1
0 9.139902 4.362906 -2.370744 0.902317 0.333995 -1
0 9.139902 4.629967 -3.015501 0.902317 0.354083 -1
0 10.598818 4.171977 -3.420985 0.924687 0.366716 -1
0 10.598818 3.715204 -2.370744 0.924687 0.333995 -1
0 10.598818 4.171977 -1.320504 0.136067 0.540499 -1
0 9.139902 4.629967 -1.725987 0.821031 0.667287 -1
0 10.598818 4.171977 -1.320504 0.924687 0.301273 -1
0 9.139902 4.629967 -1.725987 0.902317 0.313906 -1
0 10.598818 5.274733 -0.885480 0.162680 0.523427 -1
0 9.139902 5.274733 -1.458920 0.826694 0.634950 -1
0 9.139902 5.274733 -1.458920 0.910805 0.108700 -1
0 9.139902 4.629967 -1.725987 0.910805 0.141037 -1
0 10.598818 4.171977 -1.320504 0.888434 0.164007 -1
0 10.598818 5.274733 -0.885480 0.888434 0.108700 -1
0 10.598818 6.377481 -1.320504 0.189292 0.540499 -1
0 9.139902 5.919487 -1.725987 0.821031 0.602613 -1
0 10.598818 6.377481 -1.320504 0.888434 0.053392 -1
0 9.139902 5.919487 -1.725987 0.910805 0.076362 -1
0 9.139902 5.919487 -1.725987 0.901206 0.354478 -1
0 10.598818 6.377481 -1.320504 0.923577 0.367112 -1
0 1.176636 13.122789 -0.000001 0.785347 0.912461 -1
0 2.878707 12.125734 1.702072 0.810636 0.945376 -1
0 3.583730 12.125734 -0.000001 0.821110 0.912461 -1
0 1.176636 12.125734 2.407093 0.785347 0.959010 -1
0 -0.525436 12.125734 1.702072 0.760059 0.945376 -1
0 -1.230459 12.125734 -0.000001 0.749584 0.912461 -1
0 -0.525436 12.125734 -1.702073 0.760059 0.879545 -1
0 1.176636 12.125734 -2.407094 0.785347 0.865911 -1
0 2.878707 12.125734 -1.702073 0.810636 0.879545 -1
0 4.580781 9.718637 -0.000001 0.835924 0.912461 -1
0 3.583730 9.718637 2.407093 0.821110 0.959010 -1
0 1.176636 9.718637 3.404144 0.785347 0.978292 -1
0 -1.230459 9.718637 2.407093 0.749584 0.959010 -1
0 -2.227509 9.718637 -0.000001 0.734770 0.912461 -1
0 -1.230459 9.718637 -2.407094 0.749584 0.865911 -1
0 1.176636 9.718637 -3.404145 0.785347 0.846630 -1
0 3.583730 9.718637 -2.407094 0.821110 0.865911 -1
174
0.000000 0.000000 1.000000
0.000000 0.000000 -1.000000
0.206551 -0.206547 0.956387
0.292103 -0.000000 0.956387
-0.779548 0.000000 0.626343
-0.551220 0.551225 0.626344
1.000000 -0.000000 0.000000
0.707107 -0.707106 0.000000
0.000001 0.779548 0.626343
-0.000000 -0.292106 0.956386
-0.000001 -1.000000 0.000000
-0.206550 -0.206550 0.956386
0.551224 0.551223 0.626342
-0.707107 -0.707107 0.000000
0.779548 0.000000 0.626342
-0.292106 -0.000000 0.956386
-1.000000 -0.000000 0.000000
-0.206549 0.206550 0.956386
0.551225 -0.551223 0.626341
-0.707107 0.707107 0.000000
0.000001 -0.779549 0.626341
-0.000000 0.292104 0.956386
-0.000001 1.000000 0.000000
0.206550 0.206547 0.956387
-0.551221 -0.551225 0.626344
0.707107 0.707107 0.000000
-0.779548 0.000000 -0.626343
0.292103 -0.000000 -0.956387
0.206551 -0.206547 -0.956387
-0.551220 0.551225 -0.626344
0.707107 -0.707106 0.000000
0.000001 0.779548 -0.626343
-0.000000 -0.292106 -0.956386
-0.000001 -1.000000 0.000000
-0.206550 -0.206550 -0.956386
0.551224 0.551223 -0.626342
0.779548 0.000000 -0.626342
-0.292106 -0.000000 -0.956386
-0.206549 0.206550 -0.956386
0.551225 -0.551223 -0.626341
-0.707107 0.707107 0.000000
0.000001 -0.779549 -0.626341
-0.000000 0.292104 -0.956386
-0.000001 1.000000 0.000000
0.206550 0.206547 -0.956387
-0.551221 -0.551225 -0.626344
0.779548 0.000000 0.626342
-0.292106 -0.000000 0.956386
-0.206549 -0.206552 0.956386
0.551226 0.551224 0.626341
-1.000000 -0.000000 0.000000
-0.707106 -0.707108 0.000000
0.000001 0.779548 0.626342
-0.000000 -0.292105 0.956386
-0.000001 -1.000000 0.000000
0.206550 -0.206550 0.956386
-0.551224 0.551224 0.626342
0.707106 -0.707107 0.000000
-0.779548 0.000000 0.626342
0.292105 -0.000000 0.956386
1.000000 -0.000000 0.000000
0.206548 0.206550 0.956386
-0.551225 -0.551224 0.626341
0.707106 0.707108 0.000000
0.000001 -0.779550 0.626341
-0.000000 0.292104 0.956387
-0.000001 1.000000 0.000000
-0.206548 0.206552 0.956386
0.551227 -0.551224 0.626340
-0.707106 0.707108 0.000000
-0.206549 -0.206552 -0.956386
-0.292106 -0.000000 -0.956386
0.779548 0.000000 -0.626342
0.551226 0.551224 -0.626341
0.000001 0.779548 -0.626342
-0.000000 -0.292105 -0.956386
0.206550 -0.206550 -0.956386
-0.551224 0.551224 -0.626342
-0.779548 0.000000 -0.626342
0.292105 -0.000000 -0.956386
0.206548 0.206550 -0.956386
-0.551225 -0.551224 -0.626341
0.707106 0.707108 0.000000
0.000001 -0.779550 -0.626341
-0.000000 0.292104 -0.956387
-0.206548 0.206552 -0.956386
0.551227 -0.551224 -0.626340
-0.003456 -0.019985 0.999794
-0.001728 -0.024732 0.999693
0.000000 -0.029478 0.999565
0.997896 -0.064835 0.000000
-0.005041 -0.029150 -0.999562
-0.002521 -0.025182 -0.999680
0.000000 -0.021214 -0.999775
-0.942174 0.335123 0.000000
0.170403 0.985374 0.000000
0.000000 -1.000000 0.000000
-0.923880 0.382682 0.000000
-0.382683 0.923880 0.000000
0.000000 1.000000 0.000000
0.382683 0.923880 0.000000
0.923879 0.382684 0.000000
0.923880 0.382683 0.000000
0.382683 0.923880 0.000000
-0.000000 1.000000 0.000000
-0.382683 0.923880 0.000000
-0.923880 0.382683 0.000000
1.000000 0.000000 0.000000
-1.000000 0.000000 0.000000
-0.405770 0.913975 -0.000000
-0.400023 0.916505 -0.000000
-0.372801 0.854136 0.362591
-0.368498 0.858864 0.355754
-0.348063 0.351389 0.869125
-0.352693 0.358093 0.864510
-0.371770 0.000002 0.928325
-0.365816 0.000001 0.930687
-0.348062 -0.351385 0.869127
-0.352691 -0.358088 0.864512
-0.372799 -0.854138 0.362586
-0.368495 -0.858869 0.355747
-0.400020 -0.916506 -0.000000
-0.405770 -0.913975 -0.000000
-0.372799 -0.854138 -0.362586
-0.368495 -0.858869 -0.355747
-0.348062 -0.351385 -0.869127
-0.352691 -0.358089 -0.864512
-0.371770 0.000002 -0.928325
-0.365815 0.000001 -0.930688
-0.348063 0.351389 -0.869125
-0.352693 0.358094 -0.864509
-0.372801 0.854136 -0.362591
-0.368498 0.858864 -0.355754
-0.372801 0.854136 -0.362591
-0.400023 0.916505 0.000000
-0.405770 0.913975 0.000000
-0.368498 0.858864 -0.355754
-0.371770 0.000002 -0.928325
-0.352693 0.358094 -0.864509
-0.348063 0.351389 -0.869125
-0.365815 0.000001 -0.930687
-0.348062 -0.351385 -0.869127
-0.352691 -0.358089 -0.864512
-0.400020 -0.916506 0.000000
-0.368495 -0.858869 -0.355747
-0.372799 -0.854138 -0.362586
-0.405770 -0.913975 0.000000
-0.372799 -0.854138 0.362586
-0.368494 -0.858869 0.355747
-0.371770 0.000002 0.928325
-0.352690 -0.358088 0.864513
-0.348062 -0.351385 0.869127
-0.365815 0.000001 0.930687
-0.348062 0.351388 0.869125
-0.352692 0.358093 0.864510
-0.368498 0.858864 0.355754
-0.372801 0.854136 0.362591
0.000000 1.000000 -0.000000
0.494177 0.715246 0.494178
0.790970 0.611855 -0.000000
0.000000 0.611855 0.790970
-0.494177 0.715246 0.494178
-0.790970 0.611855 -0.000000
-0.494177 0.715246 -0.494178
0.000000 0.611855 -0.790970
0.494177 0.715246 -0.494178
0.923880 0.382683 0.000000
0.653282 0.382683 0.653282
0.000000 0.382683 0.923880
-0.653282 0.382683 0.653282
-0.923880 0.382683 0.000000
-0.653282 0.382683 -0.653282
0.000000 0.382683 -0.923880
0.653282 0.382683 -0.653282
356
0 0 1 2 0 0 0 2
0 3 4 5 1 1 1 2
0 6 7 2 2 3 4 1
0 1 6 2 5 2 4 1
0 6 5 7 2 6 3 1
0 6 3 5 2 7 6 1
0 0 8 1 0 0 0 2
0 9 4 3 1 1 1 2
0 8 6 1 8 2 5 1
0 8 10 6 8 9 2 1
0 9 3 6 10 7 2 1
0 10 9 6 9 10 2 1
0 0 11 8 0 0 0 2
0 12 4 9 1 1 1 2
0 13 10 8 11 9 8 1
0 11 13 8 12 11 8 1
0 13 9 10 11 10 9 1
0 13 12 9 11 13 10 1
0 0 14 11 0 0 0 2
0 15 4 12 1 1 1 2
0 14 13 11 14 11 12 1
0 14 16 13 14 15 11 1
0 15 12 13 16 13 11 1
0 16 15 13 15 16 11 1
0 0 17 14 0 0 0 2
0 18 4 15 1 1 1 2
0 19 16 14 17 15 14 1
0 17 19 14 18 17 14 1
0 19 15 16 17 16 15 1
0 19 18 15 17 19 16 1
0 0 20 17 0 0 0 2
0 21 4 18 1 1 1 2
0 20 19 17 20 17 18 1
0 20 22 19 20 21 17 1
0 21 18 19 22 19 17 1
0 22 21 19 21 22 17 1
0 0 23 20 0 0 0 2
0 24 4 21 1 1 1 2
0 25 22 20 23 21 20 1
0 23 25 20 24 23 20 1
0 25 21 22 23 22 21 1
0 25 24 21 23 25 22 1
0 0 2 23 0 0 0 2
0 5 4 24 1 1 1 2
0 2 25 23 4 23 24 1
0 2 7 25 4 3 23 1
0 5 24 25 6 25 23 1
0 7 5 25 3 6 23 1
0 26 27 28 1 1 1 2
0 29 30 31 0 0 0 2
0 26 32 33 26 27 28 1
0 26 33 27 26 28 29 1
0 32 29 33 27 6 28 1
0 29 31 33 6 30 28 1
0 27 34 28 1 1 1 2
0 31 30 35 0 0 0 2
0 27 33 34 29 28 31 1
0 33 36 34 28 32 31 1
0 33 31 35 28 30 33 1
0 33 35 36 28 33 32 1
0 34 37 28 1 1 1 2
0 35 30 38 0 0 0 2
0 34 36 39 31 32 34 1
0 34 39 37 31 34 35 1
0 36 35 39 32 33 34 1
0 35 38 39 33 13 34 1
0 37 40 28 1 1 1 2
0 38 30 41 0 0 0 2
0 37 39 40 35 34 36 1
0 39 42 40 34 37 36 1
0 39 38 41 34 13 16 1
0 39 41 42 34 16 37 1
0 40 43 28 1 1 1 2
0 41 30 44 0 0 0 2
0 40 42 45 36 37 38 1
0 40 45 43 36 38 39 1
0 42 41 45 37 16 38 1
0 41 44 45 16 40 38 1
0 43 46 28 1 1 1 2
0 44 30 47 0 0 0 2
0 43 45 46 39 38 41 1
0 45 48 46 38 42 41 1
0 45 44 47 38 40 43 1
0 45 47 48 38 43 42 1
0 46 49 28 1 1 1 2
0 47 30 50 0 0 0 2
0 46 48 51 41 42 44 1
0 46 51 49 41 44 45 1
0 48 47 51 42 43 44 1
0 47 50 51 43 25 44 1
0 49 26 28 1 1 1 2
0 50 30 29 0 0 0 2
0 49 51 26 45 44 26 1
0 51 32 26 44 27 26 1
0 51 50 29 44 25 6 1
0 51 29 32 44 6 27 1
0 52 53 54 0 0 0 2
0 55 56 57 1 1 1 2
0 52 58 59 46 47 48 1
0 52 59 53 46 48 49 1
0 58 55 59 47 50 48 1
0 55 57 59 50 51 48 1
0 53 60 54 0 0 0 2
0 57 56 61 1 1 1 2
0 53 59 60 49 48 52 1
0 59 62 60 48 53 52 1
0 59 57 61 48 51 54 1
0 59 61 62 48 54 53 1
0 60 63 54 0 0 0 2
0 61 56 64 1 1 1 2
0 60 62 65 52 53 55 1
0 60 65 63 52 55 56 1
0 62 61 65 53 54 55 1
0 61 64 65 54 57 55 1
0 63 66 54 0 0 0 2
0 64 56 67 1 1 1 2
0 63 65 66 56 55 58 1
0 65 68 66 55 59 58 1
0 65 64 67 55 57 60 1
0 65 67 68 55 60 59 1
0 66 69 54 0 0 0 2
0 67 56 70 1 1 1 2
0 66 68 71 58 59 61 1
0 66 71 69 58 61 62 1
0 68 67 71 59 60 61 1
0 67 70 71 60 63 61 1
0 69 72 54 0 0 0 2
0 70 56 73 1 1 1 2
0 69 71 72 62 61 64 1
0 71 74 72 61 65 64 1
0 71 70 73 61 63 66 1
0 71 73 74 61 66 65 1
0 72 75 54 0 0 0 2
0 73 56 76 1 1 1 2
0 72 74 77 64 65 67 1
0 72 77 75 64 67 68 1
0 74 73 77 65 66 67 1
0 73 76 77 66 69 67 1
0 75 52 54 0 0 0 2
0 76 56 55 1 1 1 2
0 75 77 52 68 67 46 1
0 77 58 52 67 47 46 1
0 77 76 55 67 69 50 1
0 77 55 58 67 50 47 1
0 78 79 80 1 1 1 2
0 81 82 83 0 0 0 2
0 84 85 80 70 71 72 1
0 79 84 80 73 70 72 1
0 84 83 85 70 50 71 1
0 84 81 83 70 51 50 1
0 78 86 79 1 1 1 2
0 87 82 81 0 0 0 2
0 86 84 79 74 70 73 1
0 86 88 84 74 75 70 1
0 87 81 84 54 51 70 1
0 88 87 84 75 54 70 1
0 78 89 86 1 1 1 2
0 90 82 87 0 0 0 2
0 91 88 86 76 75 74 1
0 89 91 86 77 76 74 1
0 91 87 88 76 54 75 1
0 91 90 87 76 57 54 1
0 78 92 89 1 1 1 2
0 93 82 90 0 0 0 2
0 92 91 89 78 76 77 1
0 92 94 91 78 79 76 1
0 93 90 91 60 57 76 1
0 94 93 91 79 60 76 1
0 78 95 92 1 1 1 2
0 96 82 93 0 0 0 2
0 97 94 92 80 79 78 1
0 95 97 92 81 80 78 1
0 97 93 94 80 60 79 1
0 97 96 93 80 82 60 1
0 78 98 95 1 1 1 2
0 99 82 96 0 0 0 2
0 98 97 95 83 80 81 1
0 98 100 97 83 84 80 1
0 99 96 97 66 82 80 1
0 100 99 97 84 66 80 1
0 78 101 98 1 1 1 2
0 102 82 99 0 0 0 2
0 103 100 98 85 84 83 1
0 101 103 98 86 85 83 1
0 103 99 100 85 66 84 1
0 103 102 99 85 69 66 1
0 78 80 101 1 1 1 2
0 83 82 102 0 0 0 2
0 80 103 101 72 85 86 1
0 80 85 103 72 71 85 1
0 83 102 103 50 69 85 1
0 85 83 103 71 50 85 1
0 104 105 106 87 88 88 1
0 105 107 106 88 89 88 1
0 108 109 110 90 90 90 2
0 109 111 110 90 90 90 2
0 112 113 114 91 92 92 1
0 113 115 114 92 93 92 1
0 116 117 118 94 94 94 2
0 117 119 118 94 94 94 2
0 120 121 122 95 95 95 3
0 121 123 122 95 95 95 3
0 124 125 126 96 96 96 3
0 125 127 126 96 96 96 3
0 128 129 130 1 1 1 1
0 128 130 131 1 1 1 1
0 132 133 134 97 97 97 1
0 133 135 134 97 97 97 1
0 131 130 136 1 1 1 1
0 130 137 136 1 1 1 1
0 138 139 140 98 98 99 1
0 138 140 141 98 99 99 1
0 136 137 142 1 1 1 1
0 136 142 143 1 1 1 1
0 141 140 144 99 99 100 1
0 140 145 144 99 100 100 1
0 143 142 146 1 1 1 1
0 142 147 146 1 1 1 1
0 148 149 150 101 101 101 1
0 148 150 151 101 101 101 1
0 152 153 154 0 0 0 1
0 152 154 155 0 0 0 1
0 156 157 158 102 102 102 1
0 157 159 158 102 102 102 1
0 155 154 160 0 0 0 1
0 154 161 160 0 0 0 1
0 162 163 164 103 103 104 1
0 162 164 165 103 104 104 1
0 160 161 166 0 0 0 1
0 160 166 167 0 0 0 1
0 165 164 168 104 104 105 1
0 164 169 168 104 105 105 1
0 167 166 170 0 0 0 1
0 166 171 170 0 0 0 1
0 172 173 174 106 106 106 1
0 172 174 175 106 106 106 1
0 176 177 178 1 1 1 1
0 179 176 178 1 1 1 1
0 180 181 182 102 102 102 1
0 180 183 181 102 102 102 1
0 184 176 179 1 1 1 1
0 184 185 176 1 1 1 1
0 186 187 188 104 103 103 1
0 189 186 188 104 104 103 1
0 190 185 184 1 1 1 1
0 191 190 184 1 1 1 1
0 192 186 189 105 104 104 1
0 192 193 186 105 105 104 1
0 194 190 191 1 1 1 1
0 194 195 190 1 1 1 1
0 196 197 198 106 106 106 1
0 199 196 198 106 106 106 1
0 200 201 202 0 0 0 1
0 203 200 202 0 0 0 1
0 204 205 206 97 97 97 1
0 204 207 205 97 97 97 1
0 208 200 203 0 0 0 1
0 208 209 200 0 0 0 1
0 210 211 212 99 98 98 1
0 213 210 212 99 99 98 1
0 214 209 208 0 0 0 1
0 215 214 208 0 0 0 1
0 216 210 213 100 99 99 1
0 216 217 210 100 100 99 1
0 218 214 215 0 0 0 1
0 218 219 214 0 0 0 1
0 220 221 222 101 101 101 1
0 223 220 222 101 101 101 1
0 224 225 226 107 107 107 2
0 227 228 229 108 108 108 2
0 230 231 232 109 110 111 1
0 231 233 232 110 112 111 1
0 225 234 226 107 107 107 2
0 229 228 235 108 108 108 2
0 236 237 238 113 114 115 1
0 236 238 239 113 115 116 1
0 234 240 226 107 107 107 2
0 235 228 241 108 108 108 2
0 239 238 242 116 115 117 1
0 238 243 242 115 118 117 1
0 240 244 226 107 107 107 2
0 241 228 245 108 108 108 2
0 246 247 248 119 120 121 1
0 246 248 249 119 121 122 1
0 244 250 226 107 107 107 2
0 245 228 251 108 108 108 2
0 249 248 252 122 121 123 1
0 248 253 252 121 124 123 1
0 250 254 226 107 107 107 2
0 251 228 255 108 108 108 2
0 256 257 258 125 126 127 1
0 256 258 259 125 127 128 1
0 254 260 226 107 107 107 2
0 255 228 261 108 108 108 2
0 259 258 262 128 127 129 1
0 258 263 262 127 130 129 1
0 260 224 226 107 107 107 2
0 261 228 227 108 108 108 2
0 264 265 231 131 132 110 1
0 264 231 230 131 110 109 1
0 266 267 268 107 107 107 2
0 269 270 271 108 108 108 2
0 272 273 274 133 134 135 1
0 272 275 273 133 136 134 1
0 266 276 267 107 107 107 2
0 277 270 269 108 108 108 2
0 278 279 280 137 138 139 1
0 281 278 280 140 137 139 1
0 266 282 276 107 107 107 2
0 283 270 277 108 108 108 2
0 284 278 281 141 137 140 1
0 284 285 278 141 142 137 1
0 266 286 282 107 107 107 2
0 287 270 283 108 108 108 2
0 288 289 290 143 144 145 1
0 291 288 290 146 143 145 1
0 266 292 286 107 107 107 2
0 293 270 287 108 108 108 2
0 294 288 291 147 143 146 1
0 294 295 288 147 148 143 1
0 266 296 292 107 107 107 2
0 297 270 293 108 108 108 2
0 298 299 300 149 150 151 1
0 301 298 300 152 149 151 1
0 266 302 296 107 107 107 2
0 303 270 297 108 108 108 2
0 304 298 301 153 149 152 1
0 304 305 298 153 154 149 1
0 266 268 302 107 107 107 2
0 271 270 303 108 108 108 2
0 273 306 307 134 155 156 1
0 274 273 307 135 134 156 1
0 308 309 310 157 158 159 1
0 308 311 309 157 160 158 1
0 308 312 311 157 161 160 1
0 308 313 312 157 162 161 1
0 308 314 313 157 163 162 1
0 308 315 314 157 164 163 1
0 308 316 315 157 165 164 1
0 308 310 316 157 159 165 1
0 317 310 318 166 159 167 1
0 310 309 318 159 158 167 1
0 318 309 311 167 158 160 1
0 318 311 319 167 160 168 1
0 319 311 320 168 160 169 1
0 311 312 320 160 161 169 1
0 320 312 313 169 161 162 1
0 320 313 321 169 162 170 1
0 321 313 322 170 162 171 1
0 313 314 322 162 163 171 1
0 322 314 315 171 163 164 1
0 322 315 323 171 164 172 1
0 323 315 324 172 164 173 1
0 315 316 324 164 165 173 1
0 324 316 310 173 165 159 1
0 324 310 317 173 159 166 1

Materials: 1
"Material01"
0.200000 0.200000 0.200000 1.000000
0.800000 0.800000 0.800000 1.000000
0.000000 0.000000 0.000000 1.000000
0.000000 0.000000 0.000000 1.000000
0.000000
1.000000
"Ambulance.tga"
""

Bones: 0
GroupComments: 0
MaterialComments: 0
BoneComments: 0
ModelComment: 0
