// MilkShape 3D ASCII

Frames: 30
Frame: 1

Meshes: 1
"Regroup00" 1 0
407
1 -0.762025 2.122139 9.658161 0.800989 0.724467 -1
1 7.072912 2.351848 9.658161 0.664181 0.687323 -1
1 6.023229 2.351848 12.152073 0.678206 0.729884 -1
1 -0.626940 5.010960 9.860788 0.798280 0.726880 -1
1 6.158315 4.781250 12.354702 0.675497 0.732298 -1
1 7.207999 4.781250 9.860788 0.661473 0.689737 -1
1 3.155444 2.351848 13.977743 0.725129 0.770993 -1
1 3.290527 4.781250 14.180372 0.722421 0.773407 -1
1 -0.762025 2.351848 14.645985 0.792380 0.799636 -1
1 -0.626940 4.781250 14.848614 0.789672 0.802049 -1
1 -4.679493 2.351848 13.977743 0.861937 0.808137 -1
1 -4.544409 4.781250 14.180372 0.859229 0.810550 -1
1 -7.547281 2.351848 12.152073 0.915163 0.794219 -1
1 -7.412195 4.781250 12.354702 0.912455 0.796632 -1
1 -8.596962 2.351848 9.658161 0.937796 0.761610 -1
1 -8.461880 4.781250 9.860788 0.935088 0.764024 -1
1 -7.547281 2.351848 7.164250 0.923771 0.719049 -1
1 -7.412195 4.781250 7.366877 0.921063 0.721463 -1
1 -4.679493 2.351848 5.338581 0.876847 0.677940 -1
1 -4.544409 4.781250 5.541209 0.874139 0.680353 -1
1 -0.762025 2.351848 4.670339 0.809597 0.649297 -1
1 -0.626940 4.781250 4.872964 0.806888 0.651711 -1
1 3.155444 2.351848 5.338581 0.740039 0.640797 -1
1 3.290527 4.781250 5.541209 0.737331 0.643210 -1
1 6.023229 2.351848 7.164250 0.686814 0.654715 -1
1 6.158315 4.781250 7.366877 0.684105 0.657128 -1
1 12.808480 1.358405 9.658161 0.564031 0.660132 -1
1 10.990378 1.358405 13.977743 0.588322 0.733850 -1
1 6.023231 0.953150 17.139894 0.669598 0.805054 -1
1 -0.762025 0.953150 18.297327 0.786079 0.854664 -1
1 -7.547283 0.953150 17.139894 0.906555 0.869388 -1
1 -9.137300 2.033833 13.977743 0.939776 0.829270 -1
1 -10.955408 2.033833 9.658161 0.978978 0.772791 -1
1 -9.137300 2.033833 5.338580 0.954686 0.699073 -1
1 -7.547283 0.953150 2.176428 0.932379 0.643880 -1
1 -0.762025 0.953150 1.019003 0.815898 0.594270 -1
1 6.023231 0.953150 2.176428 0.695422 0.579546 -1
1 10.990378 1.358405 5.338580 0.603232 0.603653 -1
1 12.808480 1.358405 9.658161 0.593951 0.674692 -1
1 14.907847 2.215697 9.658161 0.605207 0.674692 -1
1 10.990378 1.358405 13.977743 0.584203 0.641052 -1
1 12.808480 2.215697 14.645985 0.593951 0.635848 -1
1 7.072912 1.810442 18.297327 0.563198 0.607412 -1
1 6.023231 0.953150 17.139894 0.557570 0.616426 -1
1 -0.762025 0.953150 18.297327 0.521188 0.607412 -1
1 -0.762025 1.810442 17.657631 0.521188 0.612394 -1
1 -8.596962 1.810442 18.297327 0.479179 0.607412 -1
1 -7.547283 0.953150 17.139894 0.484807 0.616426 -1
1 -9.137300 2.033833 13.977743 0.476282 0.641052 -1
1 -10.955408 2.891124 14.645985 0.466533 0.635848 -1
1 -13.054770 2.891124 9.658161 0.455277 0.674692 -1
1 -10.955408 2.033833 9.658161 0.466533 0.674692 -1
1 -10.955408 2.033833 9.658161 0.467173 0.673719 -1
1 -13.054770 2.891124 9.658161 0.455916 0.673719 -1
1 -9.137300 2.033833 5.338580 0.476921 0.640079 -1
1 -10.955408 2.891124 4.670339 0.467173 0.634875 -1
1 -8.596962 1.810442 1.019003 0.479818 0.606439 -1
1 -7.547283 0.953150 2.176428 0.485446 0.615453 -1
1 -0.762025 0.953150 1.019003 0.521828 0.606439 -1
1 -0.762025 1.810442 1.658690 0.521828 0.611421 -1
1 7.072912 1.810442 1.019003 0.563837 0.606439 -1
1 6.023231 0.953150 2.176428 0.558209 0.615453 -1
1 10.990378 1.358405 5.338580 0.584842 0.640079 -1
1 12.808480 2.215697 4.670339 0.594590 0.634875 -1
1 14.907847 2.215697 9.658161 0.605847 0.673719 -1
1 12.808480 1.358405 9.658161 0.594590 0.673719 -1
1 12.808480 3.072989 9.658161 0.593951 0.674692 -1
1 10.990376 3.072989 13.977743 0.584203 0.641052 -1
1 6.023229 2.667733 17.139894 0.557570 0.616426 -1
1 -0.762025 2.667733 18.297327 0.521188 0.607412 -1
1 -7.547281 2.667733 17.139894 0.484807 0.616426 -1
1 -9.137300 3.748414 13.977743 0.476282 0.641052 -1
1 -10.955408 3.748414 9.658161 0.466533 0.674692 -1
1 -10.955408 3.748414 9.658161 0.467173 0.673719 -1
1 -9.137300 3.748414 5.338581 0.476921 0.640079 -1
1 -7.547281 2.667733 2.176428 0.485446 0.615453 -1
1 -0.762025 2.667733 1.019003 0.521828 0.606439 -1
1 6.023229 2.667733 2.176428 0.558209 0.615453 -1
1 10.990376 3.072989 5.338581 0.584842 0.640079 -1
1 12.808480 3.072989 9.658161 0.594590 0.673719 -1
1 12.808480 3.072989 9.658161 0.564031 0.660132 -1
1 10.990376 3.072989 13.977743 0.588322 0.733850 -1
1 6.023229 2.667733 17.139894 0.669598 0.805054 -1
1 -0.762025 2.667733 18.297327 0.786079 0.854664 -1
1 -7.547281 2.667733 17.139894 0.906555 0.869388 -1
1 -9.137300 3.748414 13.977743 0.939776 0.829270 -1
1 -10.955408 3.748414 9.658161 0.978978 0.772791 -1
1 -9.137300 3.748414 5.338581 0.954686 0.699073 -1
1 -7.547281 2.667733 2.176428 0.932379 0.643880 -1
1 -0.762025 2.667733 1.019003 0.815898 0.594270 -1
1 6.023229 2.667733 2.176428 0.695422 0.579546 -1
1 10.990376 3.072989 5.338581 0.603232 0.603653 -1
1 7.388110 0.506257 1.880601 0.565527 0.613149 -1
1 7.091368 0.506257 2.596995 0.563936 0.618728 -1
1 6.374971 0.506257 1.880601 0.560095 0.613149 -1
1 7.039690 1.722022 1.880601 0.563659 0.613149 -1
1 6.374971 1.722022 1.880601 0.560095 0.613149 -1
1 6.844998 1.722022 2.350627 0.562615 0.616809 -1
1 7.039690 0.843970 1.880601 0.563659 0.613149 -1
1 6.844998 0.843970 2.350627 0.562615 0.616809 -1
1 6.374971 0.506257 2.893736 0.560095 0.621039 -1
1 6.374971 1.722022 2.545318 0.560095 0.618326 -1
1 6.374971 0.843970 2.545318 0.560095 0.618326 -1
1 5.658576 0.506257 2.596995 0.556254 0.618728 -1
1 5.904944 1.722022 2.350627 0.557575 0.616809 -1
1 5.904944 0.843970 2.350627 0.557575 0.616809 -1
1 5.361832 0.506257 1.880601 0.554663 0.613149 -1
1 5.710251 1.722022 1.880601 0.556531 0.613149 -1
1 5.710251 0.843970 1.880601 0.556531 0.613149 -1
1 5.658576 0.506257 1.164202 0.556254 0.607570 -1
1 5.904944 1.722022 1.410571 0.557575 0.609488 -1
1 5.904944 0.843970 1.410571 0.557575 0.609488 -1
1 6.374971 0.506257 0.867460 0.560095 0.605259 -1
1 6.374971 1.722022 1.215881 0.560095 0.607972 -1
1 6.374971 0.843970 1.215881 0.560095 0.607972 -1
1 7.091368 0.506257 1.164202 0.563936 0.607570 -1
1 6.844998 1.722022 1.410571 0.562615 0.609488 -1
1 6.844998 0.843970 1.410571 0.562615 0.609488 -1
1 -7.737485 0.506257 1.880601 0.484427 0.613149 -1
1 -8.453880 0.506257 2.596995 0.480585 0.618728 -1
1 -8.750624 0.506257 1.880601 0.478994 0.613149 -1
1 -8.207513 1.722022 2.350627 0.481906 0.616809 -1
1 -7.737485 1.722022 1.880601 0.484427 0.613149 -1
1 -8.402203 1.722022 1.880601 0.480862 0.613149 -1
1 -8.207513 0.843970 2.350627 0.481906 0.616809 -1
1 -8.402203 0.843970 1.880601 0.480862 0.613149 -1
1 -7.737485 0.506257 2.893736 0.484427 0.621039 -1
1 -7.737485 1.722022 2.545318 0.484427 0.618326 -1
1 -7.737485 0.843970 2.545318 0.484427 0.618326 -1
1 -7.021089 0.506257 2.596995 0.488268 0.618728 -1
1 -7.267457 1.722022 2.350627 0.486947 0.616809 -1
1 -7.267457 0.843970 2.350627 0.486947 0.616809 -1
1 -6.724349 0.506257 1.880601 0.489859 0.613149 -1
1 -7.072766 1.722022 1.880601 0.487991 0.613149 -1
1 -7.072766 0.843970 1.880601 0.487991 0.613149 -1
1 -7.021089 0.506257 1.164202 0.488268 0.607570 -1
1 -7.267457 1.722022 1.410571 0.486947 0.609488 -1
1 -7.267457 0.843970 1.410571 0.486947 0.609488 -1
1 -7.737485 0.506257 0.867460 0.484427 0.605259 -1
1 -7.737485 1.722022 1.215881 0.484427 0.607972 -1
1 -7.737485 0.843970 1.215881 0.484427 0.607972 -1
1 -8.453880 0.506257 1.164202 0.480585 0.607570 -1
1 -8.207513 1.722022 1.410571 0.481906 0.609488 -1
1 -8.207513 0.843970 1.410571 0.481906 0.609488 -1
1 -8.750624 0.506257 17.685553 0.478355 0.612176 -1
1 -8.453880 0.506257 16.969156 0.479946 0.617755 -1
1 -7.737485 0.506257 17.685553 0.483787 0.612176 -1
1 -8.402203 1.722022 17.685553 0.480223 0.612176 -1
1 -7.737485 1.722022 17.685553 0.483787 0.612176 -1
1 -8.207513 1.722022 17.215525 0.481267 0.615837 -1
1 -8.402203 0.843970 17.685553 0.480223 0.612176 -1
1 -8.207513 0.843970 17.215525 0.481267 0.615837 -1
1 -7.737485 0.506257 16.672417 0.483787 0.620066 -1
1 -7.737485 1.722022 17.020836 0.483787 0.617353 -1
1 -7.737485 0.843970 17.020836 0.483787 0.617353 -1
1 -7.021089 0.506257 16.969156 0.487628 0.617755 -1
1 -7.267457 1.722022 17.215525 0.486307 0.615837 -1
1 -7.267457 0.843970 17.215525 0.486307 0.615837 -1
1 -6.724349 0.506257 17.685553 0.489219 0.612176 -1
1 -7.072766 1.722022 17.685553 0.487351 0.612176 -1
1 -7.072766 0.843970 17.685553 0.487351 0.612176 -1
1 -7.021089 0.506257 18.401953 0.487628 0.606597 -1
1 -7.267457 1.722022 18.155584 0.486307 0.608516 -1
1 -7.267457 0.843970 18.155584 0.486307 0.608516 -1
1 -7.737485 0.506257 18.698692 0.483787 0.604286 -1
1 -7.737485 1.722022 18.350273 0.483787 0.607000 -1
1 -7.737485 0.843970 18.350273 0.483787 0.607000 -1
1 -8.453880 0.506257 18.401953 0.479946 0.606597 -1
1 -8.207513 1.722022 18.155584 0.481267 0.608516 -1
1 -8.207513 0.843970 18.155584 0.481267 0.608516 -1
1 6.374971 0.506257 17.685553 0.559456 0.612176 -1
1 7.091368 0.506257 16.969156 0.563297 0.617755 -1
1 7.388110 0.506257 17.685553 0.564888 0.612176 -1
1 6.844998 1.722022 17.215525 0.561976 0.615837 -1
1 6.374971 1.722022 17.685553 0.559456 0.612176 -1
1 7.039690 1.722022 17.685553 0.563020 0.612176 -1
1 6.844998 0.843970 17.215525 0.561976 0.615837 -1
1 7.039690 0.843970 17.685553 0.563020 0.612176 -1
1 6.374971 0.506257 16.672417 0.559456 0.620066 -1
1 6.374971 1.722022 17.020836 0.559456 0.617353 -1
1 6.374971 0.843970 17.020836 0.559456 0.617353 -1
1 5.658576 0.506257 16.969156 0.555615 0.617755 -1
1 5.904944 1.722022 17.215525 0.556935 0.615837 -1
1 5.904944 0.843970 17.215525 0.556935 0.615837 -1
1 5.361832 0.506257 17.685553 0.554023 0.612176 -1
1 5.710251 1.722022 17.685553 0.555892 0.612176 -1
1 5.710251 0.843970 17.685553 0.555892 0.612176 -1
1 5.658576 0.506257 18.401953 0.555615 0.606597 -1
1 5.904944 1.722022 18.155584 0.556935 0.608516 -1
1 5.904944 0.843970 18.155584 0.556935 0.608516 -1
1 6.374971 0.506257 18.698692 0.559456 0.604286 -1
1 6.374971 1.722022 18.350273 0.559456 0.607000 -1
1 6.374971 0.843970 18.350273 0.559456 0.607000 -1
1 7.091368 0.506257 18.401953 0.563297 0.606597 -1
1 6.844998 1.722022 18.155584 0.561976 0.608516 -1
1 6.844998 0.843970 18.155584 0.561976 0.608516 -1
1 -0.074012 4.626352 11.286063 0.444623 0.590226 -1
1 -1.366334 4.626352 11.274783 0.444623 0.590226 -1
1 -0.706559 4.626352 9.720452 0.444623 0.590226 -1
1 -0.074012 7.598223 11.286063 0.444623 0.590226 -1
1 -0.706559 7.598223 9.720452 0.444623 0.590226 -1
1 -1.366334 7.598223 11.274783 0.444623 0.590226 -1
1 -0.074012 4.626352 11.286063 0.444623 0.764411 -1
1 -1.366334 4.626352 11.274783 0.506822 0.764411 -1
1 -1.366334 7.598223 11.274783 0.506822 0.590226 -1
1 -2.272169 4.626352 10.353000 0.444623 0.590226 -1
1 -2.272169 7.598223 10.353000 0.444623 0.590226 -1
1 -2.272169 7.598223 10.353000 0.569021 0.590226 -1
1 -2.272169 4.626352 10.353000 0.569021 0.764411 -1
1 -2.260892 4.626352 9.060678 0.444623 0.590226 -1
1 -2.260892 7.598223 9.060678 0.444623 0.590226 -1
1 -2.260892 4.626352 9.060678 0.631220 0.764411 -1
1 -2.260892 7.598223 9.060678 0.631220 0.590226 -1
1 -1.339107 4.626352 8.154842 0.444623 0.590226 -1
1 -1.339107 7.598223 8.154842 0.444623 0.590226 -1
1 -1.339107 7.598223 8.154842 0.693419 0.590226 -1
1 -1.339107 4.626352 8.154842 0.693419 0.764411 -1
1 -0.046785 4.626352 8.166121 0.444623 0.590226 -1
1 -0.046785 7.598223 8.166121 0.444623 0.590226 -1
1 -0.046785 4.626352 8.166121 0.755618 0.764411 -1
1 -0.046785 7.598223 8.166121 0.755618 0.590226 -1
1 0.859052 4.626352 9.087904 0.444623 0.590226 -1
1 0.859052 7.598223 9.087904 0.444623 0.590226 -1
1 0.859052 7.598223 9.087904 0.817817 0.590226 -1
1 0.859052 4.626352 9.087904 0.817817 0.764411 -1
1 0.847772 4.626352 10.380227 0.444623 0.590226 -1
1 0.847772 7.598223 10.380227 0.444623 0.590226 -1
1 0.847772 4.626352 10.380227 0.880016 0.764411 -1
1 0.847772 7.598223 10.380227 0.880016 0.590226 -1
1 -0.074012 7.598223 11.286063 0.942215 0.590226 -1
1 -0.074012 4.626352 11.286063 0.942215 0.764411 -1
1 -6.298501 9.159329 6.819285 0.444623 0.590226 -1
1 -5.736321 6.195428 8.210730 0.444623 0.764411 -1
1 -1.707206 11.702726 18.183138 0.942215 0.590226 -1
1 -1.145026 9.954587 19.574574 0.942215 0.764411 -1
1 -1.707206 11.702726 18.183138 0.444623 0.590226 -1
1 -1.145026 9.954587 19.574574 0.444623 0.764411 -1
1 5.891922 11.702726 15.112889 0.942215 0.590226 -1
1 6.454104 9.954587 16.504332 0.942215 0.764411 -1
1 5.891922 11.702726 15.112889 0.444623 0.590226 -1
1 6.454104 9.954587 16.504332 0.444623 0.764411 -1
1 1.300625 9.159329 3.749041 0.942215 0.590226 -1
1 1.862805 6.195428 5.140485 0.942215 0.764411 -1
1 1.300625 9.159329 3.749041 0.444623 0.590226 -1
1 1.862805 6.195428 5.140485 0.444623 0.764411 -1
1 -6.298501 9.159329 6.819285 0.942215 0.590226 -1
1 -5.736321 6.195428 8.210730 0.942215 0.764411 -1
1 -6.298501 9.159329 6.819285 0.444623 0.764411 -1
1 -1.707206 11.702726 18.183138 0.942215 0.764411 -1
1 -5.736321 6.195428 8.210730 0.444623 0.590226 -1
1 -1.145026 9.954587 19.574574 0.942215 0.590226 -1
1 0.486994 7.456925 5.823097 0.030279 0.315608 -1
1 -0.071993 6.100219 4.439558 0.030279 0.234154 -1
1 -0.664195 6.341420 4.599293 0.041715 0.234154 -1
1 7.649113 13.302191 23.549969 0.029695 0.067669 -1
1 5.433284 11.317801 19.691086 0.041433 0.201754 -1
1 6.025487 11.076596 19.531353 0.029695 0.201754 -1
1 0.486994 7.456925 5.823097 0.041715 0.315608 -1
1 -0.964745 6.923725 4.528709 0.053152 0.234154 -1
1 7.649113 13.302191 23.549969 0.041433 0.067669 -1
1 5.132738 11.900106 19.620504 0.053170 0.201754 -1
1 0.486994 7.456925 5.823097 0.053152 0.315608 -1
1 -0.797577 7.506039 4.269158 0.064589 0.234154 -1
1 7.649113 13.302191 23.549969 0.053170 0.067669 -1
1 5.299904 12.482433 19.360952 0.064908 0.201754 -1
1 0.486994 7.456925 5.823097 0.064589 0.315608 -1
1 -0.260622 7.747250 3.972687 0.076025 0.234154 -1
1 7.649113 13.302191 23.549969 0.064908 0.067669 -1
1 5.836857 12.723631 19.064470 0.076645 0.201754 -1
1 0.486994 7.456925 5.823097 0.076025 0.315608 -1
1 0.331582 7.506039 3.812948 0.087462 0.234154 -1
1 7.649113 13.302191 23.549969 0.076645 0.067669 -1
1 6.429063 12.482433 18.904741 0.088383 0.201754 -1
1 0.486994 7.456925 5.823097 0.087462 0.315608 -1
1 0.632128 6.923725 3.883526 0.098898 0.234154 -1
1 7.649113 13.302191 23.549969 0.088383 0.067669 -1
1 6.729612 11.900106 18.975323 0.100120 0.201754 -1
1 0.486994 7.456925 5.823097 0.098898 0.315608 -1
1 0.464965 6.341420 4.143083 0.110335 0.234154 -1
1 7.649113 13.302191 23.549969 0.100120 0.067669 -1
1 6.562443 11.317801 19.234873 0.111858 0.201754 -1
1 0.486994 7.456925 5.823097 0.110335 0.315608 -1
1 -0.071993 6.100219 4.439558 0.121771 0.234154 -1
1 7.649113 13.302191 23.549969 0.111858 0.067669 -1
1 6.025487 11.076596 19.531353 0.123596 0.201754 -1
1 -0.071993 6.100219 4.439558 0.479936 0.285297 -1
1 6.025487 11.076596 19.531353 0.479936 0.098162 -1
1 5.433284 11.317801 19.691086 0.521870 0.098162 -1
1 -0.664195 6.341420 4.599293 0.521870 0.285297 -1
1 -0.964745 6.923725 4.528709 0.563804 0.285297 -1
1 5.132738 11.900106 19.620504 0.563804 0.098162 -1
1 5.299904 12.482433 19.360952 0.605738 0.098162 -1
1 -0.797577 7.506039 4.269158 0.605738 0.285297 -1
1 -0.260622 7.747250 3.972687 0.647673 0.285297 -1
1 5.836857 12.723631 19.064470 0.647673 0.098162 -1
1 6.429063 12.482433 18.904741 0.689607 0.098162 -1
1 0.331582 7.506039 3.812948 0.689607 0.285297 -1
1 0.632128 6.923725 3.883526 0.731541 0.285297 -1
1 6.729612 11.900106 18.975323 0.731541 0.098162 -1
1 6.562443 11.317801 19.234873 0.773475 0.098162 -1
1 0.464965 6.341420 4.143083 0.773475 0.285297 -1
1 -0.071993 6.100219 4.439558 0.815409 0.285297 -1
1 6.025487 11.076596 19.531353 0.815409 0.098162 -1
1 -1.642236 7.456925 6.683362 0.030279 0.315608 -1
1 -2.201221 6.100219 5.299823 0.030279 0.234154 -1
1 -2.793424 6.341420 5.459559 0.041715 0.234154 -1
1 5.519888 13.302191 24.410233 0.029695 0.067669 -1
1 3.304053 11.317801 20.551346 0.041433 0.201754 -1
1 3.896257 11.076596 20.391617 0.029695 0.201754 -1
1 -1.642236 7.456925 6.683362 0.041715 0.315608 -1
1 -3.093975 6.923725 5.388971 0.053152 0.234154 -1
1 5.519888 13.302191 24.410233 0.041433 0.067669 -1
1 3.003507 11.900106 20.480766 0.053170 0.201754 -1
1 -1.642236 7.456925 6.683362 0.053152 0.315608 -1
1 -2.926808 7.506039 5.129423 0.064589 0.234154 -1
1 5.519888 13.302191 24.410233 0.053170 0.067669 -1
1 3.170675 12.482433 20.221218 0.064908 0.201754 -1
1 -1.642236 7.456925 6.683362 0.064589 0.315608 -1
1 -2.389852 7.747250 4.832950 0.076025 0.234154 -1
1 5.519888 13.302191 24.410233 0.064908 0.067669 -1
1 3.707630 12.723631 19.924736 0.076645 0.201754 -1
1 -1.642236 7.456925 6.683362 0.076025 0.315608 -1
1 -1.797647 7.506039 4.673214 0.087462 0.234154 -1
1 5.519888 13.302191 24.410233 0.076645 0.067669 -1
1 4.299831 12.482433 19.765011 0.088383 0.201754 -1
1 -1.642236 7.456925 6.683362 0.087462 0.315608 -1
1 -1.497102 6.923725 4.743794 0.098898 0.234154 -1
1 5.519888 13.302191 24.410233 0.088383 0.067669 -1
1 4.600382 11.900106 19.835587 0.100120 0.201754 -1
1 -1.642236 7.456925 6.683362 0.098898 0.315608 -1
1 -1.664266 6.341420 5.003346 0.110335 0.234154 -1
1 5.519888 13.302191 24.410233 0.100120 0.067669 -1
1 4.433215 11.317801 20.095142 0.111858 0.201754 -1
1 -1.642236 7.456925 6.683362 0.110335 0.315608 -1
1 -2.201221 6.100219 5.299823 0.121771 0.234154 -1
1 5.519888 13.302191 24.410233 0.111858 0.067669 -1
1 3.896257 11.076596 20.391617 0.123596 0.201754 -1
1 -2.201221 6.100219 5.299823 0.479936 0.285297 -1
1 3.896257 11.076596 20.391617 0.479936 0.098162 -1
1 3.304053 11.317801 20.551346 0.521870 0.098162 -1
1 -2.793424 6.341420 5.459559 0.521870 0.285297 -1
1 -3.093975 6.923725 5.388971 0.563804 0.285297 -1
1 3.003507 11.900106 20.480766 0.563804 0.098162 -1
1 3.170675 12.482433 20.221218 0.605738 0.098162 -1
1 -2.926808 7.506039 5.129423 0.605738 0.285297 -1
1 -2.389852 7.747250 4.832950 0.647673 0.285297 -1
1 3.707630 12.723631 19.924736 0.647673 0.098162 -1
1 4.299831 12.482433 19.765011 0.689607 0.098162 -1
1 -1.797647 7.506039 4.673214 0.689607 0.285297 -1
1 -1.497102 6.923725 4.743794 0.731541 0.285297 -1
1 4.600382 11.900106 19.835587 0.731541 0.098162 -1
1 4.433215 11.317801 20.095142 0.773475 0.098162 -1
1 -1.664266 6.341420 5.003346 0.773475 0.285297 -1
1 -2.201221 6.100219 5.299823 0.815409 0.285297 -1
1 3.896257 11.076596 20.391617 0.815409 0.098162 -1
1 -3.896714 7.456925 7.594230 0.030279 0.315608 -1
1 -4.455699 6.100219 6.210692 0.030279 0.234154 -1
1 -5.047905 6.341420 6.370426 0.041715 0.234154 -1
1 3.265402 13.302191 25.321104 0.029695 0.067669 -1
1 1.049578 11.317801 21.462219 0.041433 0.201754 -1
1 1.641779 11.076596 21.302490 0.029695 0.201754 -1
1 -3.896714 7.456925 7.594230 0.041715 0.315608 -1
1 -5.348454 6.923725 6.299840 0.053152 0.234154 -1
1 3.265402 13.302191 25.321104 0.041433 0.067669 -1
1 0.749028 11.900106 21.391634 0.053170 0.201754 -1
1 -3.896714 7.456925 7.594230 0.053152 0.315608 -1
1 -5.181286 7.506039 6.040292 0.064589 0.234154 -1
1 3.265402 13.302191 25.321104 0.053170 0.067669 -1
1 0.916197 12.482433 21.132088 0.064908 0.201754 -1
1 -3.896714 7.456925 7.594230 0.064589 0.315608 -1
1 -4.644330 7.747250 5.743818 0.076025 0.234154 -1
1 3.265402 13.302191 25.321104 0.064908 0.067669 -1
1 1.453150 12.723631 20.835608 0.076645 0.201754 -1
1 -3.896714 7.456925 7.594230 0.076025 0.315608 -1
1 -4.052127 7.506039 5.584082 0.087462 0.234154 -1
1 3.265402 13.302191 25.321104 0.076645 0.067669 -1
1 2.045358 12.482433 20.675880 0.088383 0.201754 -1
1 -3.896714 7.456925 7.594230 0.087462 0.315608 -1
1 -3.751580 6.923725 5.654663 0.098898 0.234154 -1
1 3.265402 13.302191 25.321104 0.088383 0.067669 -1
1 2.345903 11.900106 20.746460 0.100120 0.201754 -1
1 -3.896714 7.456925 7.594230 0.098898 0.315608 -1
1 -3.918746 6.341420 5.914217 0.110335 0.234154 -1
1 3.265402 13.302191 25.321104 0.100120 0.067669 -1
1 2.178737 11.317801 21.006008 0.111858 0.201754 -1
1 -3.896714 7.456925 7.594230 0.110335 0.315608 -1
1 -4.455699 6.100219 6.210692 0.121771 0.234154 -1
1 3.265402 13.302191 25.321104 0.111858 0.067669 -1
1 1.641779 11.076596 21.302490 0.123596 0.201754 -1
1 -4.455699 6.100219 6.210692 0.479936 0.285297 -1
1 1.641779 11.076596 21.302490 0.479936 0.098162 -1
1 1.049578 11.317801 21.462219 0.521870 0.098162 -1
1 -5.047905 6.341420 6.370426 0.521870 0.285297 -1
1 -5.348454 6.923725 6.299840 0.563804 0.285297 -1
1 0.749028 11.900106 21.391634 0.563804 0.098162 -1
1 0.916197 12.482433 21.132088 0.605738 0.098162 -1
1 -5.181286 7.506039 6.040292 0.605738 0.285297 -1
1 -4.644330 7.747250 5.743818 0.647673 0.285297 -1
1 1.453150 12.723631 20.835608 0.647673 0.098162 -1
1 2.045358 12.482433 20.675880 0.689607 0.098162 -1
1 -4.052127 7.506039 5.584082 0.689607 0.285297 -1
1 -3.751580 6.923725 5.654663 0.731541 0.285297 -1
1 2.345903 11.900106 20.746460 0.731541 0.098162 -1
1 2.178737 11.317801 21.006008 0.773475 0.098162 -1
1 -3.918746 6.341420 5.914217 0.773475 0.285297 -1
1 -4.455699 6.100219 6.210692 0.815409 0.285297 -1
1 1.641779 11.076596 21.302490 0.815409 0.098162 -1
355
0.000000 -1.000000 -0.000000
-0.104365 -0.994539 0.000000
-0.061206 -0.996592 -0.055307
0.000000 1.000000 -0.000000
0.141441 0.981654 0.127868
0.205499 0.978657 0.001130
-0.056880 -0.979598 -0.192749
0.107215 0.939779 0.324531
0.000000 -0.987274 -0.159031
0.000221 0.956097 0.293051
0.038988 -0.981726 -0.186266
-0.110142 0.940776 0.320637
0.038499 -0.998795 -0.030425
-0.168627 0.975395 0.142020
0.079500 -0.996835 0.000000
-0.268030 0.963406 0.003090
0.038499 -0.998795 0.030425
-0.156261 0.979208 -0.129364
0.038988 -0.981726 0.186266
-0.097461 0.950032 -0.296547
0.000000 -0.987274 0.159032
0.000192 0.962848 -0.270044
-0.056880 -0.979598 0.192749
0.098681 0.948696 -0.300398
-0.061206 -0.996592 0.055307
0.135485 0.983362 -0.121007
-0.170666 -0.985329 0.000000
-0.146652 -0.975773 -0.162360
-0.090340 -0.938518 -0.333200
0.000000 -0.933830 -0.357717
0.063749 -0.932776 -0.354775
0.101889 -0.984144 -0.145186
0.133631 -0.991031 0.000000
0.101889 -0.984144 0.145186
0.063749 -0.932776 0.354775
0.000000 -0.933830 0.357717
-0.090339 -0.938518 0.333200
-0.146652 -0.975773 0.162360
0.373354 -0.914282 0.157144
0.921686 0.000000 0.387936
0.337805 -0.904146 0.261548
0.746363 -0.019748 0.665246
0.246661 -0.009508 0.969055
0.201457 -0.865596 0.458431
0.000000 -0.177633 0.984097
0.000000 -0.000000 1.000000
-0.407270 0.011316 0.913238
-0.375524 -0.874446 0.307125
-0.448765 -0.889138 0.089685
-0.886727 -0.022045 0.461767
-0.921686 0.000000 0.387936
-0.373354 -0.914282 0.157144
-0.373354 -0.914282 -0.157144
-0.921686 0.000000 -0.387936
-0.448765 -0.889138 -0.089685
-0.886727 -0.022045 -0.461767
-0.407269 0.011316 -0.913238
-0.375524 -0.874445 -0.307126
0.000000 -0.177634 -0.984097
0.000000 -0.000000 -1.000000
0.246660 -0.009508 -0.969055
0.201458 -0.865595 -0.458433
0.337805 -0.904146 -0.261548
0.746363 -0.019748 -0.665246
0.921686 0.000000 -0.387936
0.373354 -0.914282 -0.157144
0.373354 0.914283 0.157144
0.303076 0.900936 0.310578
0.153583 0.855554 0.494409
0.000000 0.177633 0.984097
-0.170092 0.859359 0.482255
-0.315594 0.902565 0.292877
-0.373354 0.914283 0.157144
-0.373354 0.914283 -0.157144
-0.315595 0.902565 -0.292877
-0.170093 0.859358 -0.482257
0.000000 0.177634 -0.984097
0.153583 0.855552 -0.494411
0.303076 0.900936 -0.310578
0.373354 0.914283 -0.157144
0.291806 0.956476 0.001686
0.254081 0.932446 0.256879
0.147946 0.864340 0.480653
0.000430 0.852617 0.522536
-0.153332 0.871118 0.466523
-0.306805 0.911491 0.273962
-0.382992 0.923740 0.004586
-0.281377 0.924670 -0.256540
-0.133127 0.888446 -0.439250
0.000375 0.876802 -0.480852
0.135042 0.884754 -0.446065
0.241401 0.939685 -0.242317
0.000000 -1.000000 0.000000
0.000000 1.000000 0.000000
0.695988 0.718054 0.000001
0.917595 0.397518 0.000001
0.648837 0.397517 0.648839
0.492138 0.718052 0.492140
1.000000 0.000000 0.000001
0.707106 0.000000 0.707108
-0.000000 0.718052 0.695990
0.000000 0.397516 0.917595
0.000000 0.000000 1.000000
-0.648836 0.397516 0.648839
-0.492138 0.718051 0.492141
-0.707105 0.000000 0.707108
-0.695988 0.718053 0.000001
-0.917595 0.397517 0.000001
-1.000000 0.000000 0.000001
-0.648836 0.397517 -0.648838
-0.492139 0.718052 -0.492139
-0.707105 0.000000 -0.707108
-0.000000 0.718054 -0.695988
0.000000 0.397518 -0.917594
0.000000 0.000000 -1.000000
0.648837 0.397518 -0.648838
0.492138 0.718053 -0.492138
0.707106 0.000000 -0.707107
-0.648837 0.397517 0.648838
-0.917594 0.397518 0.000001
-0.695988 0.718053 0.000001
-0.492139 0.718051 0.492141
-1.000000 0.000000 0.000001
-0.707107 0.000000 0.707107
-0.000000 0.718052 0.695990
-0.000000 0.397516 0.917595
0.648838 0.397516 0.648838
0.492139 0.718051 0.492139
0.707106 0.000000 0.707107
0.695990 0.718051 0.000001
0.917595 0.397516 0.000001
1.000000 0.000000 0.000001
0.648838 0.397517 -0.648837
0.492140 0.718052 -0.492138
0.707107 0.000000 -0.707107
-0.000000 0.718054 -0.695988
-0.000000 0.397518 -0.917594
-0.648838 0.397518 -0.648837
-0.492139 0.718051 -0.492139
-0.707107 0.000000 -0.707106
-0.695988 0.718053 -0.000001
-0.917594 0.397518 -0.000001
-0.648837 0.397517 -0.648838
-0.492139 0.718051 -0.492141
-1.000000 0.000000 -0.000001
-0.707106 0.000000 -0.707107
-0.000000 0.718052 -0.695989
-0.000000 0.397517 -0.917595
0.648837 0.397517 -0.648838
0.492139 0.718051 -0.492139
0.707106 0.000000 -0.707108
0.695991 0.718051 -0.000001
0.917595 0.397516 -0.000001
1.000000 0.000000 -0.000001
0.648838 0.397517 0.648838
0.492140 0.718051 0.492139
0.707107 0.000000 0.707107
-0.000000 0.718052 0.695990
0.000000 0.397517 0.917595
-0.648837 0.397518 0.648837
-0.492139 0.718051 0.492140
-0.707107 0.000000 0.707106
0.648836 0.397517 -0.648839
0.917595 0.397518 -0.000001
0.695988 0.718053 -0.000001
0.492138 0.718052 -0.492140
1.000000 0.000000 -0.000001
0.707105 0.000000 -0.707108
-0.000000 0.718052 -0.695989
0.000000 0.397517 -0.917595
-0.648835 0.397517 -0.648840
-0.492138 0.718051 -0.492141
-0.707104 0.000000 -0.707109
-0.695989 0.718053 -0.000001
-0.917595 0.397517 -0.000001
-1.000000 0.000000 -0.000001
-0.648836 0.397517 0.648839
-0.492139 0.718051 0.492140
-0.707105 0.000000 0.707108
-0.000000 0.718052 0.695989
0.000000 0.397517 0.917595
0.648837 0.397517 0.648838
0.492138 0.718052 0.492139
0.707106 0.000000 0.707107
-0.008728 0.000000 0.999962
-0.390732 0.000000 0.920505
-0.927184 0.000000 0.374607
-0.920505 0.000000 -0.390731
-0.920505 0.000000 -0.390731
-0.374607 0.000000 -0.927184
0.390731 0.000000 -0.920505
0.927184 0.000000 -0.374607
0.920505 0.000000 0.390731
0.700910 0.000000 0.713250
-0.927184 -0.000000 0.374607
-0.927184 -0.000001 0.374607
-0.927184 -0.000001 0.374607
0.284237 0.651369 0.703511
0.284237 0.651370 0.703511
0.284236 0.651370 0.703510
0.927184 0.000001 -0.374607
0.927184 0.000001 -0.374607
0.927184 -0.000000 -0.374607
-0.334207 -0.451728 -0.827192
-0.334207 -0.451728 -0.827192
-0.076116 0.979140 -0.188393
-0.076116 0.979140 -0.188393
-0.076116 0.979140 -0.188393
0.109846 -0.956042 0.271878
0.109846 -0.956042 0.271878
0.109846 -0.956042 0.271878
0.089218 0.692892 -0.715500
0.369845 0.486624 -0.791462
-0.191583 -0.823744 0.533612
-0.505754 -0.613888 0.606097
0.603476 0.218523 -0.766854
0.685444 -0.124841 -0.717343
-0.745075 -0.313179 0.588882
-0.849270 0.051670 0.525424
0.680313 -0.452341 -0.576681
0.509917 -0.736302 -0.444797
-0.827774 0.408872 0.384204
-0.658206 0.717238 0.228766
0.274730 -0.926706 -0.256396
-0.053926 -0.989584 -0.133475
-0.391221 0.919450 0.039469
-0.044484 0.992925 -0.110099
-0.375730 -0.926707 0.006407
-0.675786 -0.736301 0.034258
0.308837 0.919450 -0.243373
0.632388 0.717239 -0.292667
-0.889975 -0.452337 0.057755
-0.991376 -0.124840 -0.039863
0.862342 0.408872 -0.298645
0.975905 0.051668 -0.211992
-0.966806 0.218520 -0.132417
-0.815840 0.486623 -0.312413
0.945033 -0.313184 -0.093963
0.784838 -0.613890 0.084665
-0.561206 0.692892 -0.452712
0.508491 -0.823744 0.250763
-0.253632 -0.883510 0.393803
-0.253635 -0.883509 0.393804
-0.578172 -0.676211 0.456571
-0.578170 -0.676212 0.456571
-0.927184 -0.000003 0.374607
-0.927183 -0.000004 0.374608
-0.733065 0.676208 0.073204
-0.733066 0.676207 0.073204
-0.109525 0.956305 -0.271082
-0.109525 0.956305 -0.271082
0.578174 0.676208 -0.456571
0.578176 0.676207 -0.456572
0.927184 -0.000004 -0.374605
0.927185 -0.000007 -0.374605
0.733062 -0.676212 -0.073202
0.733061 -0.676212 -0.073201
0.456006 -0.883510 0.107091
0.456009 -0.883509 0.107089
0.089218 0.692892 -0.715500
0.369846 0.486623 -0.791462
-0.191586 -0.823743 0.533612
-0.505755 -0.613888 0.606097
0.603478 0.218520 -0.766853
0.685445 -0.124841 -0.717343
-0.745074 -0.313179 0.588883
-0.849269 0.051670 0.525425
0.680314 -0.452338 -0.576682
0.509918 -0.736301 -0.444798
-0.827774 0.408872 0.384206
-0.658206 0.717239 0.228766
0.274729 -0.926707 -0.256396
-0.053926 -0.989584 -0.133475
-0.391220 0.919451 0.039468
-0.044481 0.992925 -0.110100
-0.375729 -0.926707 0.006407
-0.675786 -0.736301 0.034258
0.308841 0.919449 -0.243374
0.632388 0.717239 -0.292669
-0.889975 -0.452337 0.057755
-0.991376 -0.124839 -0.039864
0.862340 0.408876 -0.298647
0.975904 0.051671 -0.211994
-0.966806 0.218521 -0.132417
-0.815841 0.486623 -0.312413
0.945033 -0.313182 -0.093965
0.784838 -0.613891 0.084665
-0.561209 0.692891 -0.452711
0.508488 -0.823746 0.250764
-0.253633 -0.883510 0.393803
-0.253637 -0.883508 0.393804
-0.578172 -0.676210 0.456571
-0.578170 -0.676212 0.456571
-0.927184 -0.000003 0.374607
-0.927183 -0.000005 0.374608
-0.733065 0.676208 0.073204
-0.733067 0.676206 0.073205
-0.109524 0.956305 -0.271083
-0.109522 0.956305 -0.271083
0.578175 0.676207 -0.456571
0.578177 0.676205 -0.456572
0.927184 -0.000003 -0.374606
0.927184 -0.000004 -0.374606
0.733062 -0.676211 -0.073202
0.733062 -0.676211 -0.073202
0.456006 -0.883510 0.107091
0.456007 -0.883510 0.107090
0.089219 0.692891 -0.715501
0.369846 0.486623 -0.791462
-0.191586 -0.823743 0.533612
-0.505755 -0.613888 0.606097
0.603477 0.218520 -0.766853
0.685444 -0.124841 -0.717343
-0.745075 -0.313180 0.588882
-0.849270 0.051670 0.525424
0.680314 -0.452340 -0.576682
0.509917 -0.736301 -0.444797
-0.827775 0.408872 0.384204
-0.658207 0.717238 0.228765
0.274729 -0.926707 -0.256395
-0.053927 -0.989584 -0.133475
-0.391222 0.919450 0.039468
-0.044484 0.992925 -0.110099
-0.375730 -0.926707 0.006407
-0.675786 -0.736301 0.034258
0.308837 0.919451 -0.243373
0.632390 0.717237 -0.292667
-0.889974 -0.452339 0.057756
-0.991376 -0.124839 -0.039864
0.862345 0.408868 -0.298645
0.975905 0.051668 -0.211991
-0.966805 0.218524 -0.132418
-0.815840 0.486624 -0.312413
0.945034 -0.313180 -0.093964
0.784839 -0.613888 0.084665
-0.561209 0.692891 -0.452710
0.508491 -0.823744 0.250764
-0.253633 -0.883510 0.393803
-0.253638 -0.883508 0.393805
-0.578172 -0.676210 0.456571
-0.578171 -0.676211 0.456571
-0.927184 -0.000002 0.374607
-0.927183 -0.000004 0.374608
-0.733065 0.676208 0.073204
-0.733066 0.676206 0.073205
-0.109525 0.956305 -0.271082
-0.109525 0.956305 -0.271082
0.578175 0.676207 -0.456571
0.578176 0.676206 -0.456572
0.927184 -0.000005 -0.374605
0.927185 -0.000007 -0.374605
0.733062 -0.676211 -0.073202
0.733061 -0.676212 -0.073202
0.456007 -0.883510 0.107090
0.456008 -0.883509 0.107090
452
1 0 1 2 0 1 2 1
1 3 4 5 3 4 5 1
1 0 2 6 0 2 6 1
1 3 7 4 3 7 4 1
1 0 6 8 0 6 8 1
1 3 9 7 3 9 7 1
1 0 8 10 0 8 10 1
1 3 11 9 3 11 9 1
1 0 10 12 0 10 12 1
1 3 13 11 3 13 11 1
1 0 12 14 0 12 14 1
1 3 15 13 3 15 13 1
1 0 14 16 0 14 16 1
1 3 17 15 3 17 15 1
1 0 16 18 0 16 18 1
1 3 19 17 3 19 17 1
1 0 18 20 0 18 20 1
1 3 21 19 3 21 19 1
1 0 20 22 0 20 22 1
1 3 23 21 3 23 21 1
1 0 22 24 0 22 24 1
1 3 25 23 3 25 23 1
1 0 24 1 0 24 1 1
1 3 5 25 3 5 25 1
1 1 26 27 1 26 27 1
1 1 27 2 1 27 2 1
1 2 27 6 2 27 6 1
1 27 28 6 27 28 6 1
1 6 28 29 6 28 29 1
1 6 29 8 6 29 8 1
1 8 29 10 8 29 10 1
1 29 30 10 29 30 10 1
1 10 30 31 10 30 31 1
1 10 31 12 10 31 12 1
1 12 31 14 12 31 14 1
1 31 32 14 31 32 14 1
1 14 32 33 14 32 33 1
1 14 33 16 14 33 16 1
1 16 33 18 16 33 18 1
1 33 34 18 33 34 18 1
1 18 34 35 18 34 35 1
1 18 35 20 18 35 20 1
1 20 35 22 20 35 22 1
1 35 36 22 35 36 22 1
1 22 36 37 22 36 37 1
1 22 37 24 22 37 24 1
1 24 37 1 24 37 1 1
1 37 26 1 37 26 1 1
1 38 39 40 38 39 40 1
1 39 41 40 39 41 40 1
1 40 41 42 40 41 42 1
1 40 42 43 40 42 43 1
1 43 42 44 43 42 44 1
1 42 45 44 42 45 44 1
1 44 45 46 44 45 46 1
1 44 46 47 44 46 47 1
1 47 46 48 47 46 48 1
1 46 49 48 46 49 48 1
1 48 49 50 48 49 50 1
1 48 50 51 48 50 51 1
1 52 53 54 52 53 54 1
1 53 55 54 53 55 54 1
1 54 55 56 54 55 56 1
1 54 56 57 54 56 57 1
1 57 56 58 57 56 58 1
1 56 59 58 56 59 58 1
1 58 59 60 58 59 60 1
1 58 60 61 58 60 61 1
1 61 60 62 61 60 62 1
1 60 63 62 60 63 62 1
1 62 63 64 62 63 64 1
1 62 64 65 62 64 65 1
1 39 66 67 39 66 67 1
1 39 67 41 39 67 41 1
1 41 67 42 41 67 42 1
1 67 68 42 67 68 42 1
1 42 68 69 42 68 69 1
1 42 69 45 42 69 45 1
1 45 69 46 45 69 46 1
1 69 70 46 69 70 46 1
1 46 70 71 46 70 71 1
1 46 71 49 46 71 49 1
1 49 71 50 49 71 50 1
1 71 72 50 71 72 50 1
1 53 73 74 53 73 74 1
1 53 74 55 53 74 55 1
1 55 74 56 55 74 56 1
1 74 75 56 74 75 56 1
1 56 75 76 56 75 76 1
1 56 76 59 56 76 59 1
1 59 76 60 59 76 60 1
1 76 77 60 76 77 60 1
1 60 77 78 60 77 78 1
1 60 78 63 60 78 63 1
1 63 78 64 63 78 64 1
1 78 79 64 78 79 64 1
1 80 5 81 80 5 81 1
1 5 4 81 5 4 81 1
1 81 4 7 81 4 7 1
1 81 7 82 81 7 82 1
1 82 7 83 82 7 83 1
1 7 9 83 7 9 83 1
1 83 9 11 83 9 11 1
1 83 11 84 83 11 84 1
1 84 11 85 84 11 85 1
1 11 13 85 11 13 85 1
1 85 13 15 85 13 15 1
1 85 15 86 85 15 86 1
1 86 15 87 86 15 87 1
1 15 17 87 15 17 87 1
1 87 17 19 87 17 19 1
1 87 19 88 87 19 88 1
1 88 19 89 88 19 89 1
1 19 21 89 19 21 89 1
1 89 21 23 89 21 23 1
1 89 23 90 89 23 90 1
1 90 23 91 90 23 91 1
1 23 25 91 23 25 91 1
1 91 25 5 91 25 5 1
1 91 5 80 91 5 80 1
1 92 93 94 92 92 92 2
1 95 96 97 93 93 93 2
1 92 98 99 94 95 96 1
1 92 99 93 94 96 97 1
1 98 95 99 95 98 96 1
1 95 97 99 98 99 96 1
1 93 100 94 92 92 92 2
1 97 96 101 93 93 93 2
1 93 99 100 97 96 100 1
1 99 102 100 96 101 100 1
1 99 97 101 96 99 102 1
1 99 101 102 96 102 101 1
1 100 103 94 92 92 92 2
1 101 96 104 93 93 93 2
1 100 102 105 100 101 103 1
1 100 105 103 100 103 104 1
1 102 101 105 101 102 103 1
1 101 104 105 102 105 103 1
1 103 106 94 92 92 92 2
1 104 96 107 93 93 93 2
1 103 105 106 104 103 106 1
1 105 108 106 103 107 106 1
1 105 104 107 103 105 108 1
1 105 107 108 103 108 107 1
1 106 109 94 92 92 92 2
1 107 96 110 93 93 93 2
1 106 108 111 106 107 109 1
1 106 111 109 106 109 110 1
1 108 107 111 107 108 109 1
1 107 110 111 108 111 109 1
1 109 112 94 92 92 92 2
1 110 96 113 93 93 93 2
1 109 111 112 110 109 112 1
1 111 114 112 109 113 112 1
1 111 110 113 109 111 114 1
1 111 113 114 109 114 113 1
1 112 115 94 92 92 92 2
1 113 96 116 93 93 93 2
1 112 114 117 112 113 115 1
1 112 117 115 112 115 116 1
1 114 113 117 113 114 115 1
1 113 116 117 114 117 115 1
1 115 92 94 92 92 92 2
1 116 96 95 93 93 93 2
1 115 117 92 116 115 94 1
1 117 98 92 115 95 94 1
1 117 116 95 115 117 98 1
1 117 95 98 115 98 95 1
1 118 119 120 92 92 92 2
1 121 122 123 93 93 93 2
1 124 125 120 118 119 120 1
1 119 124 120 121 118 120 1
1 124 123 125 118 122 119 1
1 124 121 123 118 123 122 1
1 118 126 119 92 92 92 2
1 127 122 121 93 93 93 2
1 126 124 119 124 118 121 1
1 126 128 124 124 125 118 1
1 127 121 124 102 123 118 1
1 128 127 124 125 102 118 1
1 118 129 126 92 92 92 2
1 130 122 127 93 93 93 2
1 131 128 126 126 125 124 1
1 129 131 126 127 126 124 1
1 131 127 128 126 102 125 1
1 131 130 127 126 128 102 1
1 118 132 129 92 92 92 2
1 133 122 130 93 93 93 2
1 132 131 129 129 126 127 1
1 132 134 131 129 130 126 1
1 133 130 131 131 128 126 1
1 134 133 131 130 131 126 1
1 118 135 132 92 92 92 2
1 136 122 133 93 93 93 2
1 137 134 132 132 130 129 1
1 135 137 132 133 132 129 1
1 137 133 134 132 131 130 1
1 137 136 133 132 134 131 1
1 118 138 135 92 92 92 2
1 139 122 136 93 93 93 2
1 138 137 135 135 132 133 1
1 138 140 137 135 136 132 1
1 139 136 137 114 134 132 1
1 140 139 137 136 114 132 1
1 118 141 138 92 92 92 2
1 142 122 139 93 93 93 2
1 143 140 138 137 136 135 1
1 141 143 138 138 137 135 1
1 143 139 140 137 114 136 1
1 143 142 139 137 139 114 1
1 118 120 141 92 92 92 2
1 123 122 142 93 93 93 2
1 120 143 141 120 137 138 1
1 120 125 143 120 119 137 1
1 123 142 143 122 139 137 1
1 125 123 143 119 122 137 1
1 144 145 146 92 92 92 2
1 147 148 149 93 93 93 2
1 144 150 151 140 141 142 1
1 144 151 145 140 142 143 1
1 150 147 151 141 144 142 1
1 147 149 151 144 145 142 1
1 145 152 146 92 92 92 2
1 149 148 153 93 93 93 2
1 145 151 152 143 142 146 1
1 151 154 152 142 147 146 1
1 151 149 153 142 145 114 1
1 151 153 154 142 114 147 1
1 152 155 146 92 92 92 2
1 153 148 156 93 93 93 2
1 152 154 157 146 147 148 1
1 152 157 155 146 148 149 1
1 154 153 157 147 114 148 1
1 153 156 157 114 150 148 1
1 155 158 146 92 92 92 2
1 156 148 159 93 93 93 2
1 155 157 158 149 148 151 1
1 157 160 158 148 152 151 1
1 157 156 159 148 150 153 1
1 157 159 160 148 153 152 1
1 158 161 146 92 92 92 2
1 159 148 162 93 93 93 2
1 158 160 163 151 152 154 1
1 158 163 161 151 154 155 1
1 160 159 163 152 153 154 1
1 159 162 163 153 156 154 1
1 161 164 146 92 92 92 2
1 162 148 165 93 93 93 2
1 161 163 164 155 154 157 1
1 163 166 164 154 158 157 1
1 163 162 165 154 156 102 1
1 163 165 166 154 102 158 1
1 164 167 146 92 92 92 2
1 165 148 168 93 93 93 2
1 164 166 169 157 158 159 1
1 164 169 167 157 159 160 1
1 166 165 169 158 102 159 1
1 165 168 169 102 161 159 1
1 167 144 146 92 92 92 2
1 168 148 147 93 93 93 2
1 167 169 144 160 159 140 1
1 169 150 144 159 141 140 1
1 169 168 147 159 161 144 1
1 169 147 150 159 144 141 1
1 170 171 172 92 92 92 2
1 173 174 175 93 93 93 2
1 176 177 172 162 163 164 1
1 171 176 172 165 162 164 1
1 176 175 177 162 166 163 1
1 176 173 175 162 167 166 1
1 170 178 171 92 92 92 2
1 179 174 173 93 93 93 2
1 178 176 171 168 162 165 1
1 178 180 176 168 169 162 1
1 179 173 176 114 167 162 1
1 180 179 176 169 114 162 1
1 170 181 178 92 92 92 2
1 182 174 179 93 93 93 2
1 183 180 178 170 169 168 1
1 181 183 178 171 170 168 1
1 183 179 180 170 114 169 1
1 183 182 179 170 172 114 1
1 170 184 181 92 92 92 2
1 185 174 182 93 93 93 2
1 184 183 181 173 170 171 1
1 184 186 183 173 174 170 1
1 185 182 183 175 172 170 1
1 186 185 183 174 175 170 1
1 170 187 184 92 92 92 2
1 188 174 185 93 93 93 2
1 189 186 184 176 174 173 1
1 187 189 184 177 176 173 1
1 189 185 186 176 175 174 1
1 189 188 185 176 178 175 1
1 170 190 187 92 92 92 2
1 191 174 188 93 93 93 2
1 190 189 187 179 176 177 1
1 190 192 189 179 180 176 1
1 191 188 189 102 178 176 1
1 192 191 189 180 102 176 1
1 170 193 190 92 92 92 2
1 194 174 191 93 93 93 2
1 195 192 190 181 180 179 1
1 193 195 190 182 181 179 1
1 195 191 192 181 102 180 1
1 195 194 191 181 183 102 1
1 170 172 193 92 92 92 2
1 175 174 194 93 93 93 2
1 172 195 193 164 181 182 1
1 172 177 195 164 163 181 1
1 175 194 195 166 183 181 1
1 177 175 195 163 166 181 1
1 196 197 198 92 92 92 2
1 199 200 201 93 93 93 2
1 202 199 203 184 184 185 1
1 199 204 203 184 185 185 1
1 197 205 198 92 92 92 2
1 201 200 206 93 93 93 2
1 203 204 207 185 185 186 1
1 203 207 208 185 186 186 1
1 205 209 198 92 92 92 2
1 206 200 210 93 93 93 2
1 208 207 211 186 186 187 1
1 207 212 211 186 188 187 1
1 209 213 198 92 92 92 2
1 210 200 214 93 93 93 2
1 211 212 215 187 188 189 1
1 211 215 216 187 189 189 1
1 213 217 198 92 92 92 2
1 214 200 218 93 93 93 2
1 216 215 219 189 189 190 1
1 215 220 219 189 190 190 1
1 217 221 198 92 92 92 2
1 218 200 222 93 93 93 2
1 219 220 223 190 190 191 1
1 219 223 224 190 191 191 1
1 221 225 198 92 92 92 2
1 222 200 226 93 93 93 2
1 224 223 227 191 191 192 1
1 223 228 227 191 192 192 1
1 225 196 198 92 92 92 2
1 226 200 199 93 93 93 2
1 227 228 229 192 192 193 1
1 227 229 230 192 193 193 1
1 231 232 233 194 195 195 1
1 232 234 233 195 196 195 1
1 235 236 237 197 198 198 2
1 236 238 237 198 199 198 2
1 239 240 241 200 201 201 1
1 240 242 241 201 202 201 1
1 243 244 245 203 204 204 2
1 244 246 245 204 204 204 2
1 243 247 237 205 206 206 3
1 247 248 237 206 207 206 3
1 249 244 250 208 209 209 3
1 244 238 250 209 210 209 3
1 251 252 253 211 211 212 1
1 254 255 256 213 214 213 1
1 257 253 258 215 212 216 1
1 259 260 255 217 218 214 1
1 261 258 262 219 216 220 1
1 263 264 260 221 222 218 1
1 265 262 266 223 220 224 1
1 267 268 264 225 226 222 1
1 269 266 270 227 224 228 1
1 271 272 268 229 230 226 1
1 273 270 274 231 228 232 1
1 275 276 272 233 234 230 1
1 277 274 278 235 232 236 1
1 279 280 276 237 238 234 1
1 281 278 282 239 236 239 1
1 283 284 280 240 240 238 1
1 285 286 287 241 242 243 1
1 285 287 288 241 243 244 1
1 288 287 289 244 243 245 1
1 287 290 289 243 246 245 1
1 289 290 291 245 246 247 1
1 289 291 292 245 247 248 1
1 292 291 293 248 247 249 1
1 291 294 293 247 250 249 1
1 293 294 295 249 250 251 1
1 293 295 296 249 251 252 1
1 296 295 297 252 251 253 1
1 295 298 297 251 254 253 1
1 297 298 299 253 254 255 1
1 297 299 300 253 255 256 1
1 300 299 301 256 255 257 1
1 299 302 301 255 258 257 1
1 303 304 305 259 259 260 1
1 306 307 308 261 262 261 1
1 309 305 310 263 260 264 1
1 311 312 307 265 266 262 1
1 313 310 314 267 264 268 1
1 315 316 312 269 270 266 1
1 317 314 318 271 268 272 1
1 319 320 316 273 274 270 1
1 321 318 322 275 272 276 1
1 323 324 320 277 278 274 1
1 325 322 326 279 276 280 1
1 327 328 324 281 282 278 1
1 329 326 330 283 280 284 1
1 331 332 328 285 286 282 1
1 333 330 334 287 284 287 1
1 335 336 332 288 288 286 1
1 337 338 339 289 290 291 1
1 337 339 340 289 291 292 1
1 340 339 341 292 291 293 1
1 339 342 341 291 294 293 1
1 341 342 343 293 294 295 1
1 341 343 344 293 295 296 1
1 344 343 345 296 295 297 1
1 343 346 345 295 298 297 1
1 345 346 347 297 298 299 1
1 345 347 348 297 299 300 1
1 348 347 349 300 299 301 1
1 347 350 349 299 302 301 1
1 349 350 351 301 302 303 1
1 349 351 352 301 303 304 1
1 352 351 353 304 303 305 1
1 351 354 353 303 306 305 1
1 355 356 357 307 307 308 1
1 358 359 360 309 310 309 1
1 361 357 362 311 308 312 1
1 363 364 359 313 314 310 1
1 365 362 366 315 312 316 1
1 367 368 364 317 318 314 1
1 369 366 370 319 316 320 1
1 371 372 368 321 322 318 1
1 373 370 374 323 320 324 1
1 375 376 372 325 326 322 1
1 377 374 378 327 324 328 1
1 379 380 376 329 330 326 1
1 381 378 382 331 328 332 1
1 383 384 380 333 334 330 1
1 385 382 386 335 332 335 1
1 387 388 384 336 336 334 1
1 389 390 391 337 338 339 1
1 389 391 392 337 339 340 1
1 392 391 393 340 339 341 1
1 391 394 393 339 342 341 1
1 393 394 395 341 342 343 1
1 393 395 396 341 343 344 1
1 396 395 397 344 343 345 1
1 395 398 397 343 346 345 1
1 397 398 399 345 346 347 1
1 397 399 400 345 347 348 1
1 400 399 401 348 347 349 1
1 399 402 401 347 350 349 1
1 401 402 403 349 350 351 1
1 401 403 404 349 351 352 1
1 404 403 405 352 351 353 1
1 403 406 405 351 354 353 1

Materials: 1
"Material01"
0.325490 0.325490 0.325490 1.000000
0.341176 0.341176 0.341176 1.000000
0.490196 0.490196 0.490196 1.000000
0.082353 0.082353 0.082353 1.000000
16.000000
1.000000
"..\L6\XTank.tga"
""

Bones: 0
GroupComments: 0
MaterialComments: 0
BoneComments: 0
ModelComment: 0
