// MilkShape 3D ASCII

Frames: 30
Frame: 1

Meshes: 1
"Regroup00" 0 0
392
0 8.610167 2.181587 5.093763 0.169129 0.477444 -1
0 9.607130 1.184628 5.093763 0.240147 0.550738 -1
0 10.020082 2.181587 5.093763 0.269564 0.477444 -1
0 10.080614 0.711143 4.207456 0.273876 0.585548 -1
0 8.610167 2.181587 4.207456 0.169129 0.477444 -1
0 10.689684 2.181587 4.207456 0.317264 0.477444 -1
0 10.080614 0.711143 5.927165 0.273876 0.585548 -1
0 10.689684 2.181587 5.927165 0.317264 0.477444 -1
0 8.610167 0.771671 5.093763 0.169129 0.581098 -1
0 8.610167 0.102070 4.207456 0.169129 0.630326 -1
0 8.610167 0.102070 5.927165 0.169129 0.630326 -1
0 7.613207 1.184628 5.093763 0.098110 0.550738 -1
0 7.139727 0.711143 4.207456 0.064381 0.585548 -1
0 7.139727 0.711143 5.927165 0.064381 0.585548 -1
0 7.200254 2.181587 5.093763 0.068693 0.477444 -1
0 6.530641 2.181587 4.207456 0.020993 0.477444 -1
0 6.530641 2.181587 5.927165 0.020993 0.477444 -1
0 7.613207 3.178551 5.093763 0.098110 0.404149 -1
0 7.139727 3.652031 4.207456 0.064381 0.369340 -1
0 7.139727 3.652031 5.927165 0.064381 0.369340 -1
0 8.610167 3.591507 5.093763 0.169129 0.373790 -1
0 8.610167 4.261112 4.207456 0.169129 0.324561 -1
0 8.610167 4.261112 5.927165 0.169129 0.324561 -1
0 9.607130 3.178551 5.093763 0.240147 0.404149 -1
0 10.080614 3.652031 4.207456 0.273876 0.369340 -1
0 10.080614 3.652031 5.927165 0.273876 0.369340 -1
0 10.020082 2.181587 -9.530700 0.269564 0.477444 -1
0 9.607130 1.184628 -9.530700 0.240147 0.550738 -1
0 8.610167 2.181587 -9.530700 0.169129 0.477444 -1
0 10.689684 2.181587 -8.644389 0.317264 0.477444 -1
0 8.610167 2.181587 -8.644389 0.169129 0.477444 -1
0 10.080614 0.711143 -8.644389 0.273876 0.585548 -1
0 10.689684 2.181587 -10.364101 0.317264 0.477444 -1
0 10.080614 0.711143 -10.364101 0.273876 0.585548 -1
0 8.610167 0.771671 -9.530700 0.169129 0.581098 -1
0 8.610167 0.102070 -8.644389 0.169129 0.630326 -1
0 8.610167 0.102070 -10.364101 0.169129 0.630326 -1
0 7.613207 1.184628 -9.530700 0.098110 0.550738 -1
0 7.139727 0.711143 -8.644389 0.064381 0.585548 -1
0 7.139727 0.711143 -10.364101 0.064381 0.585548 -1
0 7.200254 2.181587 -9.530700 0.068693 0.477444 -1
0 6.530641 2.181587 -8.644389 0.020993 0.477444 -1
0 6.530641 2.181587 -10.364101 0.020993 0.477444 -1
0 7.613207 3.178551 -9.530700 0.098110 0.404149 -1
0 7.139727 3.652031 -8.644389 0.064381 0.369340 -1
0 7.139727 3.652031 -10.364101 0.064381 0.369340 -1
0 8.610167 3.591507 -9.530700 0.169129 0.373790 -1
0 8.610167 4.261112 -8.644389 0.169129 0.324561 -1
0 8.610167 4.261112 -10.364101 0.169129 0.324561 -1
0 9.607130 3.178551 -9.530700 0.240147 0.404149 -1
0 10.080614 3.652031 -8.644389 0.273876 0.369340 -1
0 10.080614 3.652031 -10.364101 0.273876 0.369340 -1
0 4.354988 2.181587 5.093763 0.167646 0.477444 -1
0 5.351947 1.184628 5.093763 0.238665 0.550738 -1
0 5.764901 2.181587 5.093763 0.268082 0.477444 -1
0 5.825429 0.711143 4.207456 0.272393 0.585548 -1
0 4.354988 2.181587 4.207456 0.167646 0.477444 -1
0 6.434510 2.181587 4.207456 0.315781 0.477444 -1
0 5.825429 0.711143 5.927165 0.272393 0.585548 -1
0 6.434510 2.181587 5.927165 0.315781 0.477444 -1
0 4.354988 0.771671 5.093763 0.167646 0.581098 -1
0 4.354988 0.102070 4.207456 0.167646 0.630326 -1
0 4.354988 0.102070 5.927165 0.167646 0.630326 -1
0 3.358025 1.184628 5.093763 0.096627 0.550738 -1
0 2.884541 0.711143 4.207456 0.062899 0.585548 -1
0 2.884541 0.711143 5.927165 0.062899 0.585548 -1
0 2.945071 2.181587 5.093763 0.067211 0.477444 -1
0 2.275461 2.181587 4.207456 0.019511 0.477444 -1
0 2.275461 2.181587 5.927165 0.019511 0.477444 -1
0 3.358025 3.178551 5.093763 0.096627 0.404149 -1
0 2.884541 3.652031 4.207456 0.062899 0.369340 -1
0 2.884541 3.652031 5.927165 0.062899 0.369340 -1
0 4.354988 3.591507 5.093763 0.167646 0.373790 -1
0 4.354988 4.261112 4.207456 0.167646 0.324561 -1
0 4.354988 4.261112 5.927165 0.167646 0.324561 -1
0 5.351947 3.178551 5.093763 0.238665 0.404149 -1
0 5.825429 3.652031 4.207456 0.272393 0.369340 -1
0 5.825429 3.652031 5.927165 0.272393 0.369340 -1
0 5.764901 2.181587 -9.530700 0.268082 0.477444 -1
0 5.351947 1.184628 -9.530700 0.238665 0.550738 -1
0 4.354988 2.181587 -9.530700 0.167646 0.477444 -1
0 6.434510 2.181587 -8.644389 0.315781 0.477444 -1
0 4.354988 2.181587 -8.644389 0.167646 0.477444 -1
0 5.825429 0.711143 -8.644389 0.272393 0.585548 -1
0 6.434510 2.181587 -10.364101 0.315781 0.477444 -1
0 5.825429 0.711143 -10.364101 0.272393 0.585548 -1
0 4.354988 0.771671 -9.530700 0.167646 0.581098 -1
0 4.354988 0.102070 -8.644389 0.167646 0.630326 -1
0 4.354988 0.102070 -10.364101 0.167646 0.630326 -1
0 3.358025 1.184628 -9.530700 0.096627 0.550738 -1
0 2.884541 0.711143 -8.644389 0.062899 0.585548 -1
0 2.884541 0.711143 -10.364101 0.062899 0.585548 -1
0 2.945071 2.181587 -9.530700 0.067211 0.477444 -1
0 2.275461 2.181587 -8.644389 0.019511 0.477444 -1
0 2.275461 2.181587 -10.364101 0.019511 0.477444 -1
0 3.358025 3.178551 -9.530700 0.096627 0.404149 -1
0 2.884541 3.652031 -8.644389 0.062899 0.369340 -1
0 2.884541 3.652031 -10.364101 0.062899 0.369340 -1
0 4.354988 3.591507 -9.530700 0.167646 0.373790 -1
0 4.354988 4.261112 -8.644389 0.167646 0.324561 -1
0 4.354988 4.261112 -10.364101 0.167646 0.324561 -1
0 5.351947 3.178551 -9.530700 0.238665 0.404149 -1
0 5.825429 3.652031 -8.644389 0.272393 0.369340 -1
0 5.825429 3.652031 -10.364101 0.272393 0.369340 -1
0 -9.577318 2.181587 5.093763 0.068115 0.477444 -1
0 -9.164360 1.184628 5.093763 0.097532 0.550738 -1
0 -8.167404 2.181587 5.093763 0.168550 0.477444 -1
0 -10.246922 2.181587 4.207456 0.020415 0.477444 -1
0 -8.167404 2.181587 4.207456 0.168550 0.477444 -1
0 -9.637842 0.711143 4.207456 0.063803 0.585548 -1
0 -10.246922 2.181587 5.927165 0.020415 0.477444 -1
0 -9.637842 0.711143 5.927165 0.063803 0.585548 -1
0 -8.167404 0.771671 5.093763 0.168550 0.581098 -1
0 -8.167404 0.102070 4.207456 0.168550 0.630326 -1
0 -8.167404 0.102070 5.927165 0.168550 0.630326 -1
0 -7.170442 1.184628 5.093763 0.239569 0.550738 -1
0 -6.696958 0.711143 4.207456 0.273298 0.585548 -1
0 -6.696958 0.711143 5.927165 0.273298 0.585548 -1
0 -6.757486 2.181587 5.093763 0.268986 0.477444 -1
0 -6.087879 2.181587 4.207456 0.316686 0.477444 -1
0 -6.087879 2.181587 5.927165 0.316686 0.477444 -1
0 -7.170442 3.178551 5.093763 0.239569 0.404149 -1
0 -6.696958 3.652031 4.207456 0.273298 0.369340 -1
0 -6.696958 3.652031 5.927165 0.273298 0.369340 -1
0 -8.167404 3.591507 5.093763 0.168550 0.373790 -1
0 -8.167404 4.261112 4.207456 0.168550 0.324561 -1
0 -8.167404 4.261112 5.927165 0.168550 0.324561 -1
0 -9.164360 3.178551 5.093763 0.097532 0.404149 -1
0 -9.637842 3.652031 4.207456 0.063803 0.369340 -1
0 -9.637842 3.652031 5.927165 0.063803 0.369340 -1
0 -8.167404 2.181587 -9.530700 0.168550 0.477444 -1
0 -9.164360 1.184628 -9.530700 0.097532 0.550738 -1
0 -9.577318 2.181587 -9.530700 0.068115 0.477444 -1
0 -9.637842 0.711143 -8.644389 0.063803 0.585548 -1
0 -8.167404 2.181587 -8.644389 0.168550 0.477444 -1
0 -10.246922 2.181587 -8.644389 0.020415 0.477444 -1
0 -9.637842 0.711143 -10.364101 0.063803 0.585548 -1
0 -10.246922 2.181587 -10.364101 0.020415 0.477444 -1
0 -8.167404 0.771671 -9.530700 0.168550 0.581098 -1
0 -8.167404 0.102070 -8.644389 0.168550 0.630326 -1
0 -8.167404 0.102070 -10.364101 0.168550 0.630326 -1
0 -7.170442 1.184628 -9.530700 0.239569 0.550738 -1
0 -6.696958 0.711143 -8.644389 0.273298 0.585548 -1
0 -6.696958 0.711143 -10.364101 0.273298 0.585548 -1
0 -6.757486 2.181587 -9.530700 0.268986 0.477444 -1
0 -6.087879 2.181587 -8.644389 0.316686 0.477444 -1
0 -6.087879 2.181587 -10.364101 0.316686 0.477444 -1
0 -7.170442 3.178551 -9.530700 0.239569 0.404149 -1
0 -6.696958 3.652031 -8.644389 0.273298 0.369340 -1
0 -6.696958 3.652031 -10.364101 0.273298 0.369340 -1
0 -8.167404 3.591507 -9.530700 0.168550 0.373790 -1
0 -8.167404 4.261112 -8.644389 0.168550 0.324561 -1
0 -8.167404 4.261112 -10.364101 0.168550 0.324561 -1
0 -9.164360 3.178551 -9.530700 0.097532 0.404149 -1
0 -9.637842 3.652031 -8.644389 0.063803 0.369340 -1
0 -9.637842 3.652031 -10.364101 0.063803 0.369340 -1
0 -13.638344 6.193947 5.849555 0.215891 0.296952 -1
0 -9.403427 2.962086 4.024415 0.310181 0.088932 -1
0 14.081120 6.193947 5.849555 0.833066 0.296952 -1
0 9.846197 2.962086 4.024415 0.738775 0.088932 -1
0 14.081120 6.193947 5.849555 0.826949 0.294014 -1
0 9.846197 2.962086 4.024415 0.757776 0.147397 -1
0 14.081120 6.193947 -10.286495 0.215392 0.294014 -1
0 9.846197 2.962086 -8.461354 0.284565 0.147397 -1
0 14.081120 6.193947 -10.286495 0.819422 0.298735 -1
0 9.846197 2.962086 -8.461354 0.727216 0.088208 -1
0 -13.638344 6.193947 -10.286495 0.215891 0.298735 -1
0 -9.403427 2.962086 -8.461354 0.308097 0.088208 -1
0 -13.638344 6.193947 -10.286495 0.830841 0.292715 -1
0 -9.403427 2.962086 -8.461354 0.760942 0.157377 -1
0 -13.638344 6.193947 5.849555 0.212864 0.292715 -1
0 -9.403427 2.962086 4.024415 0.282763 0.157377 -1
0 -9.403427 2.962086 4.024415 0.373996 0.221710 -1
0 -9.403427 2.962086 -8.461354 0.373996 0.102663 -1
0 9.846197 2.962086 4.024415 0.485553 0.221710 -1
0 9.846197 2.962086 -8.461354 0.485553 0.102663 -1
0 -9.477242 2.991482 -10.242523 0.306490 0.293663 -1
0 -10.873579 2.991482 -10.242523 0.276087 0.293663 -1
0 -10.098761 4.347610 -10.242523 0.292958 0.293663 -1
0 -9.111403 3.631798 -10.242523 0.314455 0.293663 -1
0 -10.873579 2.991482 -10.242523 0.632348 0.216994 -1
0 -10.873579 2.991482 -8.054146 0.632348 0.102323 -1
0 -10.098761 4.347610 -10.242523 0.611204 0.216994 -1
0 -10.098761 4.347610 -8.054146 0.611204 0.102323 -1
0 -8.228191 3.897022 -10.242523 0.333685 0.293663 -1
0 -8.228191 4.909340 -10.242523 0.333685 0.293663 -1
0 -8.228191 4.909340 -8.054146 0.560158 0.102323 -1
0 -8.228191 4.909340 -10.242523 0.560158 0.216994 -1
0 -6.357616 4.347610 -10.242523 0.374413 0.293663 -1
0 -7.344978 3.631798 -10.242523 0.352915 0.293663 -1
0 -6.357616 4.347610 -10.242523 0.509112 0.216994 -1
0 -6.357616 4.347610 -8.054146 0.509112 0.102323 -1
0 -6.979138 2.991482 -10.242523 0.360880 0.293663 -1
0 -5.582801 2.991482 -10.242523 0.391283 0.293663 -1
0 -5.582801 2.991482 -8.054146 0.487968 0.102323 -1
0 -5.582801 2.991482 -10.242523 0.487968 0.216994 -1
0 9.920008 2.991482 5.805586 0.749115 0.203282 -1
0 11.316347 2.991482 5.805586 0.787220 0.203282 -1
0 10.541525 4.347610 5.805586 0.766076 0.203282 -1
0 9.554174 3.631798 5.805586 0.739132 0.203282 -1
0 11.316347 2.991482 3.617207 0.787220 0.088611 -1
0 10.541525 4.347610 3.617207 0.766076 0.088611 -1
0 8.670954 3.897022 5.805586 0.715030 0.203282 -1
0 8.670954 4.909340 5.805586 0.715030 0.203282 -1
0 8.670954 4.909340 3.617207 0.715030 0.088611 -1
0 6.800386 4.347610 5.805586 0.663984 0.203282 -1
0 7.787748 3.631798 5.805586 0.690928 0.203282 -1
0 6.800386 4.347610 3.617207 0.663984 0.088611 -1
0 7.421907 2.991482 5.805586 0.680945 0.203282 -1
0 6.025565 2.991482 5.805586 0.642840 0.203282 -1
0 6.025565 2.991482 3.617207 0.642840 0.088611 -1
0 5.786407 2.991482 5.805586 0.636313 0.203282 -1
0 5.966975 2.991482 5.805586 0.641241 0.203282 -1
0 6.772657 4.347610 5.805586 0.663227 0.203282 -1
0 5.785296 3.631798 5.805586 0.636283 0.203282 -1
0 5.966975 2.991482 3.617207 0.641241 0.088611 -1
0 6.772657 4.347610 3.617207 0.663227 0.088611 -1
0 4.902080 3.897022 5.805586 0.612181 0.203282 -1
0 4.902080 4.909340 5.805586 0.612181 0.203282 -1
0 4.902080 4.909340 3.617207 0.612181 0.088611 -1
0 3.031510 4.347610 5.805586 0.561135 0.203282 -1
0 4.018870 3.631798 5.805586 0.588079 0.203282 -1
0 3.031510 4.347610 3.617207 0.561135 0.088611 -1
0 3.653031 2.991482 5.805586 0.578096 0.203282 -1
0 2.256691 2.991482 5.805586 0.539991 0.203282 -1
0 2.256691 2.991482 3.617207 0.539991 0.088611 -1
0 10.541525 4.347610 -10.242523 0.742355 0.293663 -1
0 11.316347 2.991482 -10.242523 0.759225 0.293663 -1
0 9.920008 2.991482 -10.242523 0.728823 0.293663 -1
0 9.554174 3.631798 -10.242523 0.720858 0.293663 -1
0 10.541525 4.347610 -10.242523 0.766076 0.087926 -1
0 11.316347 2.991482 -8.054146 0.787220 0.202597 -1
0 11.316347 2.991482 -10.242523 0.787220 0.087926 -1
0 10.541525 4.347610 -8.054146 0.766076 0.202597 -1
0 8.670954 3.897022 -10.242523 0.701627 0.293663 -1
0 8.670954 4.909340 -10.242523 0.701627 0.293663 -1
0 8.670954 4.909340 -8.054146 0.715030 0.202597 -1
0 8.670954 4.909340 -10.242523 0.715030 0.087926 -1
0 6.800386 4.347610 -10.242523 0.660900 0.293663 -1
0 7.787748 3.631798 -10.242523 0.682397 0.293663 -1
0 6.800386 4.347610 -10.242523 0.663984 0.087926 -1
0 6.800386 4.347610 -8.054146 0.663984 0.202597 -1
0 7.421907 2.991482 -10.242523 0.674432 0.293663 -1
0 6.025565 2.991482 -10.242523 0.644030 0.293663 -1
0 6.025565 2.991482 -8.054146 0.642840 0.202597 -1
0 6.025565 2.991482 -10.242523 0.642840 0.087926 -1
0 6.772657 4.347610 -10.242523 0.660296 0.293663 -1
0 5.966975 2.991482 -10.242523 0.642754 0.293663 -1
0 5.786407 2.991482 -10.242523 0.638823 0.293663 -1
0 5.785296 3.631798 -10.242523 0.638799 0.293663 -1
0 6.772657 4.347610 -10.242523 0.663227 0.087926 -1
0 5.966975 2.991482 -8.054146 0.641241 0.202597 -1
0 5.966975 2.991482 -10.242523 0.641241 0.087926 -1
0 6.772657 4.347610 -8.054146 0.663227 0.202597 -1
0 4.902080 3.897022 -10.242523 0.619568 0.293663 -1
0 4.902080 4.909340 -10.242523 0.619568 0.293663 -1
0 4.902080 4.909340 -8.054146 0.612181 0.202597 -1
0 4.902080 4.909340 -10.242523 0.612181 0.087926 -1
0 3.031510 4.347610 -10.242523 0.578841 0.293663 -1
0 4.018870 3.631798 -10.242523 0.600338 0.293663 -1
0 3.031510 4.347610 -10.242523 0.561135 0.087926 -1
0 3.031510 4.347610 -8.054146 0.561135 0.202597 -1
0 3.653031 2.991482 -10.242523 0.592373 0.293663 -1
0 2.256691 2.991482 -10.242523 0.561971 0.293663 -1
0 2.256691 2.991482 -8.054146 0.539991 0.202597 -1
0 2.256691 2.991482 -10.242523 0.539991 0.087926 -1
0 -10.098761 4.347610 5.805586 0.611204 0.102891 -1
0 -10.873579 2.991482 5.805586 0.632348 0.102891 -1
0 -9.477242 2.991482 5.805586 0.594243 0.102891 -1
0 -9.111403 3.631798 5.805586 0.584260 0.102891 -1
0 -10.873579 2.991482 3.617207 0.632348 0.217562 -1
0 -10.098761 4.347610 3.617207 0.611204 0.217562 -1
0 -8.228191 3.897022 5.805586 0.560158 0.102891 -1
0 -8.228191 4.909340 5.805586 0.560158 0.102891 -1
0 -8.228191 4.909340 3.617207 0.560158 0.217562 -1
0 -6.357616 4.347610 5.805586 0.509112 0.102891 -1
0 -7.344978 3.631798 5.805586 0.536056 0.102891 -1
0 -6.357616 4.347610 3.617207 0.509112 0.217562 -1
0 -6.979138 2.991482 5.805586 0.526073 0.102891 -1
0 -5.582801 2.991482 5.805586 0.487968 0.102891 -1
0 -5.582801 2.991482 3.617207 0.487968 0.217562 -1
0 14.506634 7.422775 3.070113 0.750164 0.274741 -1
0 14.506634 7.091621 4.120356 0.714423 0.274741 -1
0 14.506634 6.292149 3.070113 0.750164 0.274741 -1
0 13.047712 6.953201 3.070113 0.750164 0.213439 -1
0 13.047712 6.292149 3.070113 0.750164 0.213439 -1
0 13.047712 6.759583 3.714871 0.728222 0.213439 -1
0 14.506634 6.292149 4.555380 0.699619 0.274741 -1
0 13.047712 6.292149 3.981937 0.719134 0.213439 -1
0 14.506634 5.492672 4.120356 0.714423 0.274741 -1
0 13.047712 5.824711 3.714871 0.728222 0.213439 -1
0 14.506634 5.161518 3.070113 0.750164 0.274741 -1
0 13.047712 5.631092 3.070113 0.750164 0.213439 -1
0 14.506634 5.492672 2.019875 0.785905 0.274741 -1
0 13.047712 5.824711 2.425356 0.772106 0.213439 -1
0 14.506634 6.292149 1.584850 0.800709 0.274741 -1
0 13.047712 6.292149 2.158289 0.781195 0.213439 -1
0 14.506634 7.091621 2.019875 0.785905 0.274741 -1
0 13.047712 6.759583 2.425356 0.772106 0.213439 -1
0 14.506634 6.292149 -7.507050 0.750397 0.274741 -1
0 14.506634 7.091621 -8.557291 0.786138 0.274741 -1
0 14.506634 7.422775 -7.507050 0.750397 0.274741 -1
0 13.047712 6.759583 -8.151808 0.772339 0.213439 -1
0 13.047712 6.292149 -7.507050 0.750397 0.213439 -1
0 13.047712 6.953201 -7.507050 0.750397 0.213439 -1
0 14.506634 6.292149 -8.992315 0.800942 0.274741 -1
0 13.047712 6.292149 -8.418875 0.781427 0.213439 -1
0 14.506634 5.492672 -8.557291 0.786138 0.274741 -1
0 13.047712 5.824711 -8.151808 0.772339 0.213439 -1
0 14.506634 5.161518 -7.507050 0.750397 0.274741 -1
0 13.047712 5.631092 -7.507050 0.750397 0.213439 -1
0 14.506634 5.492672 -6.456810 0.714656 0.274741 -1
0 13.047712 5.824711 -6.862294 0.728455 0.213439 -1
0 14.506634 6.292149 -6.021786 0.699851 0.274741 -1
0 13.047712 6.292149 -6.595226 0.719366 0.213439 -1
0 14.506634 7.091621 -6.456810 0.714656 0.274741 -1
0 13.047712 6.759583 -6.862294 0.728455 0.213439 -1
0 -1.599869 13.195839 -0.487487 0.438671 0.226644 -1
0 -6.043365 9.026371 2.610122 0.212278 0.291725 -1
0 2.650515 13.195839 -0.487487 0.655226 0.226644 -1
0 7.094015 9.026371 2.610122 0.881620 0.291725 -1
0 2.650515 13.195839 -0.487487 0.432026 0.226662 -1
0 7.094015 9.026371 2.610122 0.213287 0.294331 -1
0 2.650515 13.195839 -3.949450 0.676494 0.226662 -1
0 7.094015 9.026371 -7.047060 0.895233 0.294331 -1
0 2.650515 13.195839 -3.949450 0.438671 0.226725 -1
0 7.094015 9.026371 -7.047060 0.212278 0.291807 -1
0 -1.599869 13.195839 -3.949450 0.655226 0.226725 -1
0 -6.043365 9.026371 -7.047060 0.881619 0.291807 -1
0 -1.599869 13.195839 -3.949450 0.430184 0.226662 -1
0 -6.043365 9.026371 -7.047060 0.211444 0.294331 -1
0 -1.599869 13.195839 -0.487487 0.674651 0.226662 -1
0 -6.043365 9.026371 2.610122 0.893390 0.294331 -1
0 -1.599869 13.195839 -3.949450 0.372797 0.102269 -1
0 -1.599869 13.195839 -0.487487 0.372797 0.222569 -1
0 2.650515 13.195839 -3.949450 0.484354 0.102269 -1
0 2.650515 13.195839 -0.487487 0.484354 0.222569 -1
0 -6.043365 9.026371 2.610122 0.373809 0.103835 -1
0 -6.043365 9.026371 -7.047060 0.373809 0.227895 -1
0 7.094015 9.026371 2.610122 0.483761 0.103835 -1
0 7.094015 9.026371 -7.047060 0.483761 0.227895 -1
0 19.369703 11.415048 -2.218469 0.486155 0.106515 -1
0 19.369703 11.186173 -1.743206 0.486155 0.106515 -1
0 19.369703 10.807160 -2.218469 0.486155 0.106515 -1
0 0.646897 11.415048 -2.218469 0.486155 0.106515 -1
0 0.646897 10.807160 -2.218469 0.486155 0.106515 -1
0 0.646897 11.186173 -1.743206 0.486155 0.106515 -1
0 19.369703 11.415048 -2.218469 0.370585 0.106515 -1
0 19.369703 11.186173 -1.743206 0.370585 0.123164 -1
0 0.646897 11.186173 -1.743206 0.486155 0.123164 -1
0 19.369703 10.671899 -1.625826 0.486155 0.106515 -1
0 0.646897 10.671899 -1.625826 0.486155 0.106515 -1
0 0.646897 10.671899 -1.625826 0.486155 0.139812 -1
0 19.369703 10.671899 -1.625826 0.370585 0.139812 -1
0 19.369703 10.259477 -1.954718 0.486155 0.106515 -1
0 0.646897 10.259477 -1.954718 0.486155 0.106515 -1
0 19.369703 10.259477 -1.954718 0.370585 0.156461 -1
0 0.646897 10.259477 -1.954718 0.486155 0.156461 -1
0 19.369703 10.259477 -2.482219 0.486155 0.106515 -1
0 0.646897 10.259477 -2.482219 0.486155 0.106515 -1
0 0.646897 10.259477 -2.482219 0.486155 0.173110 -1
0 19.369703 10.259477 -2.482219 0.370585 0.173110 -1
0 19.369703 10.671899 -2.811110 0.486155 0.106515 -1
0 0.646897 10.671899 -2.811110 0.486155 0.106515 -1
0 19.369703 10.671899 -2.811110 0.370585 0.189759 -1
0 0.646897 10.671899 -2.811110 0.486155 0.189759 -1
0 19.369703 11.186173 -2.693730 0.486155 0.106515 -1
0 0.646897 11.186173 -2.693730 0.486155 0.106515 -1
0 0.646897 11.186173 -2.693730 0.486155 0.206407 -1
0 19.369703 11.186173 -2.693730 0.370585 0.206407 -1
0 19.369703 11.415048 -2.218469 0.370585 0.223056 -1
0 0.646897 11.415048 -2.218469 0.486155 0.223056 -1
0 14.081120 6.153069 5.849555 0.904973 0.287472 -1
0 -9.403427 9.152000 4.024415 0.305254 0.065941 -1
0 -13.638344 6.153069 5.849555 0.197108 0.287472 -1
0 0.849530 9.152000 4.024415 0.567081 0.065941 -1
0 14.081120 6.153069 -10.286495 0.744572 0.297708 -1
0 0.849530 9.152000 4.024415 0.294009 0.068385 -1
0 14.081120 6.153069 5.849555 0.236546 0.297708 -1
0 0.849530 9.152000 -8.461354 0.687109 0.068385 -1
0 -13.638344 6.153069 -10.286495 0.197108 0.285945 -1
0 0.849530 9.152000 -8.461354 0.567081 0.064414 -1
0 14.081120 6.153069 -10.286495 0.904973 0.285945 -1
0 -9.403427 9.152000 -8.461354 0.305254 0.064414 -1
0 -13.638344 6.153069 5.849555 0.259531 0.295833 -1
0 -9.403427 9.152000 -8.461354 0.752089 0.064003 -1
0 -13.638344 6.153069 -10.286495 0.814908 0.295833 -1
0 -9.403427 9.152000 4.024415 0.322349 0.064003 -1
0 0.849530 9.152000 4.024415 0.376375 0.220523 -1
0 -9.403427 9.152000 -8.461354 0.483919 0.101476 -1
0 -9.403427 9.152000 4.024415 0.376375 0.101476 -1
0 0.849530 9.152000 -8.461354 0.483919 0.220523 -1
219
0.000000 0.000000 1.000000
0.000000 0.000000 -1.000000
0.206547 -0.206547 0.956387
0.292103 0.000000 0.956387
-0.779552 0.000000 0.626338
-0.551226 0.551225 0.626340
1.000000 0.000000 0.000000
0.707107 -0.707106 0.000000
0.000001 0.779552 0.626338
-0.000000 -0.292102 0.956387
-0.000001 -1.000000 0.000000
-0.206546 -0.206551 0.956387
0.551227 0.551225 0.626338
-0.707105 -0.707109 0.000000
0.779550 0.000000 0.626340
-0.292105 0.000000 0.956386
-1.000000 0.000000 0.000000
-0.206548 0.206550 0.956386
0.551228 -0.551226 0.626337
-0.707106 0.707107 0.000000
0.000001 -0.779552 0.626338
-0.000000 0.292102 0.956387
-0.000001 1.000000 0.000000
0.206549 0.206546 0.956387
-0.551227 -0.551225 0.626338
0.707109 0.707105 0.000000
-0.779552 0.000000 -0.626338
0.292103 0.000000 -0.956387
0.206547 -0.206547 -0.956387
-0.551226 0.551225 -0.626340
0.000001 0.779552 -0.626338
-0.000000 -0.292102 -0.956387
-0.206546 -0.206551 -0.956387
0.551227 0.551225 -0.626338
-0.707105 -0.707109 0.000000
0.779550 0.000000 -0.626340
-0.292105 0.000000 -0.956386
-0.206548 0.206550 -0.956386
0.551228 -0.551226 -0.626337
0.000001 -0.779552 -0.626338
-0.000000 0.292102 -0.956387
0.206549 0.206546 -0.956387
-0.551227 -0.551225 -0.626338
0.206547 -0.206549 0.956387
0.292104 0.000000 0.956387
-0.779550 0.000000 0.626339
-0.551226 0.551225 0.626339
0.707105 -0.707108 0.000000
-0.000001 0.779552 0.626338
0.000000 -0.292102 0.956387
0.000001 -1.000000 0.000000
-0.206547 -0.206549 0.956387
0.551225 0.551225 0.626340
-0.707105 -0.707108 0.000000
0.779550 0.000000 0.626340
-0.292104 0.000000 0.956387
-0.206548 0.206548 0.956387
0.551226 -0.551226 0.626338
-0.707107 0.707107 0.000000
-0.000001 -0.779551 0.626338
0.000000 0.292103 0.956387
0.000001 1.000000 0.000000
0.206548 0.206549 0.956387
-0.551227 -0.551226 0.626338
0.707107 0.707107 0.000000
-0.779550 0.000000 -0.626339
0.292104 0.000000 -0.956387
0.206547 -0.206549 -0.956387
-0.551226 0.551225 -0.626339
0.707105 -0.707108 0.000000
-0.000001 0.779552 -0.626338
0.000000 -0.292102 -0.956387
0.000001 -1.000000 0.000000
-0.206547 -0.206549 -0.956387
0.551225 0.551225 -0.626340
0.779550 0.000000 -0.626340
-0.292104 0.000000 -0.956387
-0.206548 0.206548 -0.956387
0.551226 -0.551226 -0.626338
-0.000001 -0.779551 -0.626338
0.000000 0.292103 -0.956387
0.206548 0.206549 -0.956387
-0.551227 -0.551226 -0.626338
0.779551 0.000000 0.626338
-0.292102 0.000000 0.956387
-0.206547 -0.206548 0.956387
0.551226 0.551226 0.626339
-0.707106 -0.707107 0.000000
0.000001 0.779551 0.626338
-0.000000 -0.292102 0.956387
-0.000001 -1.000000 0.000000
0.206547 -0.206549 0.956387
-0.551225 0.551225 0.626340
0.707106 -0.707108 0.000000
-0.779550 0.000000 0.626340
0.292103 0.000000 0.956387
0.206548 0.206548 0.956387
-0.551226 -0.551226 0.626338
0.707107 0.707106 0.000000
0.000001 -0.779551 0.626338
-0.000000 0.292102 0.956387
-0.000001 1.000000 0.000000
-0.206548 0.206547 0.956387
0.551227 -0.551226 0.626338
-0.707108 0.707106 0.000000
-0.206547 -0.206548 -0.956387
-0.292102 0.000000 -0.956387
0.779551 0.000000 -0.626338
0.551226 0.551226 -0.626339
0.000001 0.779551 -0.626338
-0.000000 -0.292102 -0.956387
0.206547 -0.206549 -0.956387
-0.551225 0.551225 -0.626340
0.707106 -0.707108 0.000000
-0.779550 0.000000 -0.626340
0.292103 0.000000 -0.956387
0.206548 0.206548 -0.956387
-0.551226 -0.551226 -0.626338
0.707107 0.707106 0.000000
0.000001 -0.779551 -0.626338
-0.000000 0.292102 -0.956387
-0.000001 1.000000 0.000000
-0.206548 0.206547 -0.956387
0.551227 -0.551226 -0.626338
0.000000 -0.491738 0.870743
0.606667 -0.794956 0.000000
0.000000 -0.491738 -0.870743
0.000000 -0.491738 -0.870743
-0.606668 -0.794956 0.000000
0.000000 -1.000000 0.000000
-0.868274 0.496085 0.000000
-0.622335 0.782751 0.000000
-0.000000 1.000000 0.000000
0.622335 0.782751 0.000000
0.868275 0.496083 0.000000
0.613962 0.350786 0.707107
0.423491 0.532654 0.732758
0.868273 0.496087 0.000000
0.622334 0.782752 0.000000
-0.000000 0.691685 0.722199
-0.000000 1.000000 0.000000
-0.423492 0.532654 0.732758
-0.622334 0.782752 0.000000
-0.613962 0.350786 0.707107
-0.868273 0.496086 0.000000
0.607915 -0.361165 0.707107
0.488506 0.190315 0.851553
0.859721 -0.510764 0.000000
0.931785 0.363010 0.000000
-0.000000 0.691685 0.722199
-0.000001 1.000000 0.000000
-0.423492 0.532654 0.732758
-0.622334 0.782751 0.000000
-0.613962 0.350785 0.707107
-0.868274 0.496085 0.000000
-0.000000 1.000000 0.000000
-0.000001 1.000000 0.000000
-0.868274 0.496085 0.000000
-0.423492 0.532654 0.732758
-0.613963 0.350785 0.707107
-0.000000 0.691685 0.722199
-0.000000 1.000000 0.000000
0.423492 0.532653 0.732758
0.613963 0.350784 0.707107
-0.306385 0.951908 -0.000001
-0.301696 0.953404 -0.000000
-0.331372 0.735099 0.591458
-0.331075 0.740549 0.584788
-0.371759 0.000001 0.928329
-0.365816 0.000001 0.930687
-0.331372 -0.735098 0.591459
-0.331076 -0.740548 0.584789
-0.301696 -0.953404 -0.000000
-0.306385 -0.951908 -0.000001
-0.331371 -0.735098 -0.591459
-0.331074 -0.740548 -0.584789
-0.371757 0.000001 -0.928330
-0.365813 0.000001 -0.930688
-0.331370 0.735099 -0.591458
-0.331074 0.740549 -0.584787
-0.331371 0.735099 -0.591458
-0.301696 0.953404 0.000000
-0.306385 0.951908 0.000000
-0.331075 0.740550 -0.584787
-0.371758 0.000001 -0.928330
-0.365814 0.000001 -0.930688
-0.331371 -0.735098 -0.591459
-0.331075 -0.740548 -0.584788
-0.301696 -0.953404 0.000000
-0.306385 -0.951908 0.000000
-0.331371 -0.735098 0.591459
-0.331075 -0.740549 0.584788
-0.371758 0.000001 0.928330
-0.365814 0.000001 0.930688
-0.331371 0.735099 0.591458
-0.331075 0.740550 0.584786
0.000000 0.596360 0.802717
0.000000 0.596360 0.802717
0.684263 0.729235 0.000000
0.684263 0.729235 0.000000
0.000000 0.596360 -0.802717
0.000000 0.596360 -0.802717
-0.684263 0.729235 0.000000
0.000000 1.000000 0.000000
0.000000 0.900969 0.433884
0.000000 0.623490 0.781831
0.000000 -0.222518 0.974929
0.000000 -0.900968 0.433887
0.000000 -0.900968 -0.433886
0.000000 -0.900968 -0.433887
0.000000 -0.222518 -0.974929
0.000000 0.623490 -0.781832
0.000000 0.900969 -0.433884
0.000000 0.519885 0.854236
0.221043 0.975264 0.000000
0.221043 0.975264 0.000000
0.000000 0.519885 -0.854236
0.000000 0.519885 -0.854236
-0.577915 0.816097 0.000000
508
0 0 1 2 0 0 0 2
0 3 4 5 1 1 1 2
0 6 7 2 2 3 4 1
0 1 6 2 5 2 4 1
0 6 5 7 2 6 3 1
0 6 3 5 2 7 6 1
0 0 8 1 0 0 0 2
0 9 4 3 1 1 1 2
0 8 6 1 8 2 5 1
0 8 10 6 8 9 2 1
0 9 3 6 10 7 2 1
0 10 9 6 9 10 2 1
0 0 11 8 0 0 0 2
0 12 4 9 1 1 1 2
0 13 10 8 11 9 8 1
0 11 13 8 12 11 8 1
0 13 9 10 11 10 9 1
0 13 12 9 11 13 10 1
0 0 14 11 0 0 0 2
0 15 4 12 1 1 1 2
0 14 13 11 14 11 12 1
0 14 16 13 14 15 11 1
0 15 12 13 16 13 11 1
0 16 15 13 15 16 11 1
0 0 17 14 0 0 0 2
0 18 4 15 1 1 1 2
0 19 16 14 17 15 14 1
0 17 19 14 18 17 14 1
0 19 15 16 17 16 15 1
0 19 18 15 17 19 16 1
0 0 20 17 0 0 0 2
0 21 4 18 1 1 1 2
0 20 19 17 20 17 18 1
0 20 22 19 20 21 17 1
0 21 18 19 22 19 17 1
0 22 21 19 21 22 17 1
0 0 23 20 0 0 0 2
0 24 4 21 1 1 1 2
0 25 22 20 23 21 20 1
0 23 25 20 24 23 20 1
0 25 21 22 23 22 21 1
0 25 24 21 23 25 22 1
0 0 2 23 0 0 0 2
0 5 4 24 1 1 1 2
0 2 25 23 4 23 24 1
0 2 7 25 4 3 23 1
0 5 24 25 6 25 23 1
0 7 5 25 3 6 23 1
0 26 27 28 1 1 1 2
0 29 30 31 0 0 0 2
0 26 32 33 26 27 28 1
0 26 33 27 26 28 29 1
0 32 29 33 27 6 28 1
0 29 31 33 6 7 28 1
0 27 34 28 1 1 1 2
0 31 30 35 0 0 0 2
0 27 33 34 29 28 30 1
0 33 36 34 28 31 30 1
0 33 31 35 28 7 10 1
0 33 35 36 28 10 31 1
0 34 37 28 1 1 1 2
0 35 30 38 0 0 0 2
0 34 36 39 30 31 32 1
0 34 39 37 30 32 33 1
0 36 35 39 31 10 32 1
0 35 38 39 10 34 32 1
0 37 40 28 1 1 1 2
0 38 30 41 0 0 0 2
0 37 39 40 33 32 35 1
0 39 42 40 32 36 35 1
0 39 38 41 32 34 16 1
0 39 41 42 32 16 36 1
0 40 43 28 1 1 1 2
0 41 30 44 0 0 0 2
0 40 42 45 35 36 37 1
0 40 45 43 35 37 38 1
0 42 41 45 36 16 37 1
0 41 44 45 16 19 37 1
0 43 46 28 1 1 1 2
0 44 30 47 0 0 0 2
0 43 45 46 38 37 39 1
0 45 48 46 37 40 39 1
0 45 44 47 37 19 22 1
0 45 47 48 37 22 40 1
0 46 49 28 1 1 1 2
0 47 30 50 0 0 0 2
0 46 48 51 39 40 41 1
0 46 51 49 39 41 42 1
0 48 47 51 40 22 41 1
0 47 50 51 22 25 41 1
0 49 26 28 1 1 1 2
0 50 30 29 0 0 0 2
0 49 51 26 42 41 26 1
0 51 32 26 41 27 26 1
0 51 50 29 41 25 6 1
0 51 29 32 41 6 27 1
0 52 53 54 0 0 0 2
0 55 56 57 1 1 1 2
0 58 59 54 43 44 45 1
0 53 58 54 46 43 45 1
0 58 57 59 43 6 44 1
0 58 55 57 43 47 6 1
0 52 60 53 0 0 0 2
0 61 56 55 1 1 1 2
0 60 58 53 48 43 46 1
0 60 62 58 48 49 43 1
0 61 55 58 50 47 43 1
0 62 61 58 49 50 43 1
0 52 63 60 0 0 0 2
0 64 56 61 1 1 1 2
0 65 62 60 51 49 48 1
0 63 65 60 52 51 48 1
0 65 61 62 51 50 49 1
0 65 64 61 51 53 50 1
0 52 66 63 0 0 0 2
0 67 56 64 1 1 1 2
0 66 65 63 54 51 52 1
0 66 68 65 54 55 51 1
0 67 64 65 16 53 51 1
0 68 67 65 55 16 51 1
0 52 69 66 0 0 0 2
0 70 56 67 1 1 1 2
0 71 68 66 56 55 54 1
0 69 71 66 57 56 54 1
0 71 67 68 56 16 55 1
0 71 70 67 56 58 16 1
0 52 72 69 0 0 0 2
0 73 56 70 1 1 1 2
0 72 71 69 59 56 57 1
0 72 74 71 59 60 56 1
0 73 70 71 61 58 56 1
0 74 73 71 60 61 56 1
0 52 75 72 0 0 0 2
0 76 56 73 1 1 1 2
0 77 74 72 62 60 59 1
0 75 77 72 63 62 59 1
0 77 73 74 62 61 60 1
0 77 76 73 62 64 61 1
0 52 54 75 0 0 0 2
0 57 56 76 1 1 1 2
0 54 77 75 45 62 63 1
0 54 59 77 45 44 62 1
0 57 76 77 6 64 62 1
0 59 57 77 44 6 62 1
0 78 79 80 1 1 1 2
0 81 82 83 0 0 0 2
0 78 84 85 65 66 67 1
0 78 85 79 65 67 68 1
0 84 81 85 66 6 67 1
0 81 83 85 6 69 67 1
0 79 86 80 1 1 1 2
0 83 82 87 0 0 0 2
0 79 85 86 68 67 70 1
0 85 88 86 67 71 70 1
0 85 83 87 67 69 72 1
0 85 87 88 67 72 71 1
0 86 89 80 1 1 1 2
0 87 82 90 0 0 0 2
0 86 88 91 70 71 73 1
0 86 91 89 70 73 74 1
0 88 87 91 71 72 73 1
0 87 90 91 72 53 73 1
0 89 92 80 1 1 1 2
0 90 82 93 0 0 0 2
0 89 91 92 74 73 75 1
0 91 94 92 73 76 75 1
0 91 90 93 73 53 16 1
0 91 93 94 73 16 76 1
0 92 95 80 1 1 1 2
0 93 82 96 0 0 0 2
0 92 94 97 75 76 77 1
0 92 97 95 75 77 78 1
0 94 93 97 76 16 77 1
0 93 96 97 16 58 77 1
0 95 98 80 1 1 1 2
0 96 82 99 0 0 0 2
0 95 97 98 78 77 79 1
0 97 100 98 77 80 79 1
0 97 96 99 77 58 61 1
0 97 99 100 77 61 80 1
0 98 101 80 1 1 1 2
0 99 82 102 0 0 0 2
0 98 100 103 79 80 81 1
0 98 103 101 79 81 82 1
0 100 99 103 80 61 81 1
0 99 102 103 61 64 81 1
0 101 78 80 1 1 1 2
0 102 82 81 0 0 0 2
0 101 103 78 82 81 65 1
0 103 84 78 81 66 65 1
0 103 102 81 81 64 6 1
0 103 81 84 81 6 66 1
0 104 105 106 0 0 0 2
0 107 108 109 1 1 1 2
0 104 110 111 83 84 85 1
0 104 111 105 83 85 86 1
0 110 107 111 84 16 85 1
0 107 109 111 16 87 85 1
0 105 112 106 0 0 0 2
0 109 108 113 1 1 1 2
0 105 111 112 86 85 88 1
0 111 114 112 85 89 88 1
0 111 109 113 85 87 90 1
0 111 113 114 85 90 89 1
0 112 115 106 0 0 0 2
0 113 108 116 1 1 1 2
0 112 114 117 88 89 91 1
0 112 117 115 88 91 92 1
0 114 113 117 89 90 91 1
0 113 116 117 90 93 91 1
0 115 118 106 0 0 0 2
0 116 108 119 1 1 1 2
0 115 117 118 92 91 94 1
0 117 120 118 91 95 94 1
0 117 116 119 91 93 6 1
0 117 119 120 91 6 95 1
0 118 121 106 0 0 0 2
0 119 108 122 1 1 1 2
0 118 120 123 94 95 96 1
0 118 123 121 94 96 97 1
0 120 119 123 95 6 96 1
0 119 122 123 6 98 96 1
0 121 124 106 0 0 0 2
0 122 108 125 1 1 1 2
0 121 123 124 97 96 99 1
0 123 126 124 96 100 99 1
0 123 122 125 96 98 101 1
0 123 125 126 96 101 100 1
0 124 127 106 0 0 0 2
0 125 108 128 1 1 1 2
0 124 126 129 99 100 102 1
0 124 129 127 99 102 103 1
0 126 125 129 100 101 102 1
0 125 128 129 101 104 102 1
0 127 104 106 0 0 0 2
0 128 108 107 1 1 1 2
0 127 129 104 103 102 83 1
0 129 110 104 102 84 83 1
0 129 128 107 102 104 16 1
0 129 107 110 102 16 84 1
0 130 131 132 1 1 1 2
0 133 134 135 0 0 0 2
0 136 137 132 105 106 107 1
0 131 136 132 108 105 107 1
0 136 135 137 105 16 106 1
0 136 133 135 105 87 16 1
0 130 138 131 1 1 1 2
0 139 134 133 0 0 0 2
0 138 136 131 109 105 108 1
0 138 140 136 109 110 105 1
0 139 133 136 90 87 105 1
0 140 139 136 110 90 105 1
0 130 141 138 1 1 1 2
0 142 134 139 0 0 0 2
0 143 140 138 111 110 109 1
0 141 143 138 112 111 109 1
0 143 139 140 111 90 110 1
0 143 142 139 111 113 90 1
0 130 144 141 1 1 1 2
0 145 134 142 0 0 0 2
0 144 143 141 114 111 112 1
0 144 146 143 114 115 111 1
0 145 142 143 6 113 111 1
0 146 145 143 115 6 111 1
0 130 147 144 1 1 1 2
0 148 134 145 0 0 0 2
0 149 146 144 116 115 114 1
0 147 149 144 117 116 114 1
0 149 145 146 116 6 115 1
0 149 148 145 116 118 6 1
0 130 150 147 1 1 1 2
0 151 134 148 0 0 0 2
0 150 149 147 119 116 117 1
0 150 152 149 119 120 116 1
0 151 148 149 121 118 116 1
0 152 151 149 120 121 116 1
0 130 153 150 1 1 1 2
0 154 134 151 0 0 0 2
0 155 152 150 122 120 119 1
0 153 155 150 123 122 119 1
0 155 151 152 122 121 120 1
0 155 154 151 122 104 121 1
0 130 132 153 1 1 1 2
0 135 134 154 0 0 0 2
0 132 155 153 107 122 123 1
0 132 137 155 107 106 122 1
0 135 154 155 16 104 122 1
0 137 135 155 106 16 122 1
0 156 157 158 124 124 124 1
0 157 159 158 124 124 124 1
0 160 161 162 125 125 125 2
0 161 163 162 125 125 125 2
0 164 165 166 126 126 126 1
0 165 167 166 126 127 126 1
0 168 169 170 128 128 128 2
0 169 171 170 128 128 128 2
0 172 173 174 129 129 129 3
0 173 175 174 129 129 129 3
0 176 177 178 1 1 1 1
0 176 178 179 1 1 1 1
0 180 181 182 130 130 131 1
0 181 183 182 130 131 131 1
0 179 178 184 1 1 1 1
0 178 185 184 1 1 1 1
0 182 183 186 131 131 132 1
0 182 186 187 131 132 132 1
0 184 185 188 1 1 1 1
0 184 188 189 1 1 1 1
0 187 186 190 132 132 133 1
0 186 191 190 132 133 133 1
0 189 188 192 1 1 1 1
0 188 193 192 1 1 1 1
0 190 191 194 133 133 134 1
0 190 194 195 133 134 134 1
0 196 197 198 0 135 136 1
0 196 198 199 0 136 0 1
0 197 200 198 135 137 136 1
0 200 201 198 137 138 136 1
0 199 198 202 0 136 0 1
0 198 203 202 136 139 0 1
0 198 201 204 136 138 140 1
0 198 204 203 136 140 139 1
0 202 203 205 0 139 141 1
0 202 205 206 0 141 0 1
0 203 204 205 139 140 141 1
0 204 207 205 140 142 141 1
0 206 205 208 0 141 0 1
0 205 209 208 141 143 0 1
0 205 207 210 141 142 144 1
0 205 210 209 141 144 143 1
0 211 212 213 0 145 146 1
0 211 213 214 0 146 0 1
0 212 215 213 145 147 146 1
0 215 216 213 147 148 146 1
0 214 213 217 0 146 0 1
0 213 218 217 146 149 0 1
0 213 216 219 146 148 150 1
0 213 219 218 146 150 149 1
0 217 218 220 0 149 151 1
0 217 220 221 0 151 0 1
0 218 219 220 149 150 151 1
0 219 222 220 150 152 151 1
0 221 220 223 0 151 0 1
0 220 224 223 151 153 0 1
0 220 222 225 151 152 154 1
0 220 225 224 151 154 153 1
0 226 227 228 1 1 1 1
0 229 226 228 1 1 1 1
0 230 231 232 138 137 137 1
0 230 233 231 138 138 137 1
0 234 226 229 1 1 1 1
0 234 235 226 1 1 1 1
0 236 233 230 155 138 138 1
0 237 236 230 155 155 138 1
0 238 235 234 1 1 1 1
0 239 238 234 1 1 1 1
0 240 236 237 142 155 155 1
0 240 241 236 142 142 155 1
0 242 238 239 1 1 1 1
0 242 243 238 1 1 1 1
0 244 241 240 144 142 142 1
0 245 244 240 144 144 142 1
0 246 247 248 1 1 1 1
0 249 246 248 1 1 1 1
0 250 251 252 148 147 147 1
0 250 253 251 148 148 147 1
0 254 246 249 1 1 1 1
0 254 255 246 1 1 1 1
0 256 253 250 156 148 148 1
0 257 256 250 156 156 148 1
0 258 255 254 1 1 1 1
0 259 258 254 1 1 1 1
0 260 256 257 152 156 156 1
0 260 261 256 152 152 156 1
0 262 258 259 1 1 1 1
0 262 263 258 1 1 1 1
0 264 261 260 157 152 152 1
0 265 264 260 157 157 152 1
0 266 267 268 158 159 0 1
0 269 266 268 0 158 0 1
0 266 270 267 158 130 159 1
0 266 271 270 158 131 130 1
0 272 266 269 0 158 0 1
0 272 273 266 0 160 158 1
0 274 271 266 161 131 158 1
0 273 274 266 160 161 158 1
0 275 273 272 162 160 0 1
0 276 275 272 0 162 0 1
0 275 274 273 162 161 160 1
0 275 277 274 162 133 161 1
0 278 275 276 0 162 0 1
0 278 279 275 0 163 162 1
0 280 277 275 134 133 162 1
0 279 280 275 163 134 162 1
0 281 282 283 6 6 6 2
0 284 285 286 16 16 16 2
0 281 284 282 164 165 166 1
0 284 286 282 165 167 166 1
0 282 287 283 6 6 6 2
0 286 285 288 16 16 16 2
0 282 286 288 166 167 168 1
0 282 288 287 166 168 169 1
0 287 289 283 6 6 6 2
0 288 285 290 16 16 16 2
0 287 288 289 169 168 170 1
0 288 290 289 168 171 170 1
0 289 291 283 6 6 6 2
0 290 285 292 16 16 16 2
0 289 290 292 170 171 172 1
0 289 292 291 170 172 173 1
0 291 293 283 6 6 6 2
0 292 285 294 16 16 16 2
0 291 292 293 173 172 174 1
0 292 294 293 172 175 174 1
0 293 295 283 6 6 6 2
0 294 285 296 16 16 16 2
0 293 294 296 174 175 176 1
0 293 296 295 174 176 177 1
0 295 297 283 6 6 6 2
0 296 285 298 16 16 16 2
0 295 296 297 177 176 178 1
0 296 298 297 176 179 178 1
0 297 281 283 6 6 6 2
0 298 285 284 16 16 16 2
0 297 298 284 178 179 165 1
0 297 284 281 178 165 164 1
0 299 300 301 6 6 6 2
0 302 303 304 16 16 16 2
0 300 304 301 180 181 182 1
0 300 302 304 180 183 181 1
0 299 305 300 6 6 6 2
0 306 303 302 16 16 16 2
0 306 302 300 184 183 180 1
0 305 306 300 185 184 180 1
0 299 307 305 6 6 6 2
0 308 303 306 16 16 16 2
0 307 306 305 186 184 185 1
0 307 308 306 186 187 184 1
0 299 309 307 6 6 6 2
0 310 303 308 16 16 16 2
0 310 308 307 188 187 186 1
0 309 310 307 189 188 186 1
0 299 311 309 6 6 6 2
0 312 303 310 16 16 16 2
0 311 310 309 190 188 189 1
0 311 312 310 190 191 188 1
0 299 313 311 6 6 6 2
0 314 303 312 16 16 16 2
0 314 312 311 192 191 190 1
0 313 314 311 193 192 190 1
0 299 315 313 6 6 6 2
0 316 303 314 16 16 16 2
0 315 314 313 194 192 193 1
0 315 316 314 194 195 192 1
0 299 301 315 6 6 6 2
0 304 303 316 16 16 16 2
0 304 316 315 181 195 194 1
0 301 304 315 182 181 194 1
0 317 318 319 196 197 197 1
0 318 320 319 197 197 197 1
0 321 322 323 198 199 199 2
0 322 324 323 199 199 199 2
0 325 326 327 200 201 201 1
0 326 328 327 201 201 201 1
0 329 330 331 202 202 202 2
0 330 332 331 202 202 202 2
0 333 334 335 203 203 203 3
0 334 336 335 203 203 203 3
0 337 338 339 129 129 129 3
0 338 340 339 129 129 129 3
0 341 342 343 6 6 6 2
0 344 345 346 16 16 16 2
0 347 344 348 204 204 205 1
0 344 349 348 204 205 205 1
0 342 350 343 6 6 6 2
0 346 345 351 16 16 16 2
0 348 349 352 205 205 206 1
0 348 352 353 205 206 206 1
0 350 354 343 6 6 6 2
0 351 345 355 16 16 16 2
0 353 352 356 206 206 207 1
0 352 357 356 206 207 207 1
0 354 358 343 6 6 6 2
0 355 345 359 16 16 16 2
0 356 357 360 207 207 208 1
0 356 360 361 207 208 209 1
0 358 362 343 6 6 6 2
0 359 345 363 16 16 16 2
0 361 360 364 209 208 210 1
0 360 365 364 208 210 210 1
0 362 366 343 6 6 6 2
0 363 345 367 16 16 16 2
0 364 365 368 210 210 211 1
0 364 368 369 210 211 211 1
0 366 341 343 6 6 6 2
0 367 345 344 16 16 16 2
0 369 368 370 211 211 212 1
0 368 371 370 211 212 212 1
0 372 373 374 213 213 213 1
0 372 375 373 213 213 213 1
0 376 377 378 214 214 215 2
0 376 379 377 214 214 214 2
0 380 381 382 216 216 216 1
0 380 383 381 216 217 216 1
0 384 385 386 218 218 218 2
0 384 387 385 218 218 218 2
0 388 389 390 203 203 203 3
0 388 391 389 203 203 203 3

Materials: 1
"Material01"
0.325490 0.325490 0.325490 1.000000
0.341176 0.341176 0.341176 1.000000
0.490196 0.490196 0.490196 1.000000
0.082353 0.082353 0.082353 1.000000
16.000000
1.000000
"XTank.tga"
""

Bones: 0
GroupComments: 0
MaterialComments: 0
BoneComments: 0
ModelComment: 0
