// MilkShape 3D ASCII

Frames: 30
Frame: 1

Meshes: 2
"Regroup01" 1 0
168
1 5.939189 0.176746 -0.017796 0.526750 0.534843 -1
1 5.795853 0.176746 0.517141 0.524608 0.534843 -1
1 4.869315 1.807403 -0.017796 0.510758 0.501677 -1
1 5.939189 8.330030 -0.017796 0.525743 0.292360 -1
1 4.869315 13.221994 -0.017796 0.509751 0.192864 -1
1 5.795853 8.330030 0.517141 0.523601 0.292360 -1
1 5.404252 0.176746 0.908740 0.518754 0.534843 -1
1 5.404252 8.330030 0.908740 0.517747 0.292360 -1
1 4.869315 0.176746 1.052078 0.510758 0.534843 -1
1 4.869315 8.330030 1.052078 0.509751 0.292360 -1
1 4.334378 0.176746 0.908740 0.502761 0.534843 -1
1 4.334378 8.330030 0.908740 0.501754 0.292360 -1
1 3.942777 0.176746 0.517141 0.496908 0.534843 -1
1 3.942777 8.330030 0.517141 0.495901 0.292360 -1
1 3.799441 0.176746 -0.017796 0.494765 0.534843 -1
1 3.799441 8.330030 -0.017796 0.493758 0.292360 -1
1 3.942777 0.176746 -0.552733 0.496908 0.534843 -1
1 3.942777 8.330030 -0.552733 0.495901 0.292360 -1
1 4.334378 0.176746 -0.944337 0.502761 0.534843 -1
1 4.334378 8.330030 -0.944337 0.501754 0.292360 -1
1 4.869315 0.176746 -1.087670 0.510758 0.534843 -1
1 4.869315 8.330030 -1.087670 0.509751 0.292360 -1
1 5.404252 0.176746 -0.944337 0.518754 0.534843 -1
1 5.404252 8.330030 -0.944337 0.517747 0.292360 -1
1 5.795853 0.176746 -0.552733 0.524608 0.534843 -1
1 5.795853 8.330030 -0.552733 0.523601 0.292360 -1
1 6.336906 9.043440 -0.005913 0.531688 0.277850 -1
1 6.140286 9.043440 0.727883 0.528749 0.277850 -1
1 4.869315 10.674095 -0.005913 0.509751 0.244685 -1
1 6.336906 17.196724 -0.005913 0.531688 0.112022 -1
1 4.869315 22.190611 -0.005913 0.510758 0.087108 -1
1 6.140286 17.196724 0.727883 0.528749 0.112022 -1
1 5.603111 9.043440 1.265057 0.520720 0.277850 -1
1 5.603111 17.196724 1.265057 0.520720 0.112022 -1
1 4.869315 9.043440 1.461679 0.509751 0.277850 -1
1 4.869315 17.196724 1.461679 0.509751 0.112022 -1
1 4.135519 9.043440 1.265057 0.498782 0.277850 -1
1 4.135519 17.196724 1.265057 0.498782 0.112022 -1
1 3.598343 9.043440 0.727883 0.490752 0.277850 -1
1 3.598343 17.196724 0.727883 0.490752 0.112022 -1
1 3.401724 9.043440 -0.005913 0.487813 0.277850 -1
1 3.401724 17.196724 -0.005913 0.487813 0.112022 -1
1 3.598343 9.043440 -0.739708 0.490752 0.277850 -1
1 3.598343 17.196724 -0.739708 0.490752 0.112022 -1
1 4.135519 9.043440 -1.276887 0.498782 0.277850 -1
1 4.135519 17.196724 -1.276887 0.498782 0.112022 -1
1 4.869315 9.043440 -1.473504 0.509751 0.277850 -1
1 4.869315 17.196724 -1.473504 0.509751 0.112022 -1
1 5.603111 9.043440 -1.276887 0.520720 0.277850 -1
1 5.603111 17.196724 -1.276887 0.520720 0.112022 -1
1 6.140286 9.043440 -0.739708 0.528749 0.277850 -1
1 6.140286 17.196724 -0.739708 0.528749 0.112022 -1
1 6.291044 9.043440 0.246330 0.531003 0.277850 -1
1 6.291044 9.043440 -0.258155 0.531003 0.277850 -1
1 7.850360 9.145357 0.246330 0.554312 0.275778 -1
1 7.850360 9.145357 -0.258155 0.554312 0.275778 -1
1 7.804498 10.062601 0.246330 0.553626 0.257122 -1
1 7.804498 10.062601 -0.258155 0.553626 0.257122 -1
1 6.291044 12.457630 0.246330 0.531003 0.208410 -1
1 6.291044 12.457630 -0.258155 0.531003 0.208410 -1
1 1.888270 9.145357 0.246330 0.465190 0.275778 -1
1 3.447586 9.043440 -0.258155 0.488498 0.277850 -1
1 3.447586 9.043440 0.246330 0.488498 0.277850 -1
1 1.888270 9.145357 -0.258155 0.465190 0.275778 -1
1 1.934132 10.062601 0.246330 0.465875 0.257122 -1
1 1.934132 10.062601 -0.258155 0.465875 0.257122 -1
1 3.447586 12.457630 0.246330 0.488498 0.208410 -1
1 3.447586 12.457630 -0.258155 0.488498 0.208410 -1
1 5.096706 9.043440 -1.431828 0.513150 0.277850 -1
1 4.592298 9.043440 -1.423024 0.505610 0.277850 -1
1 5.069493 9.145357 -2.990909 0.512743 0.275778 -1
1 4.565084 9.145357 -2.982104 0.505203 0.275778 -1
1 5.070294 10.062601 -2.945053 0.512755 0.257122 -1
1 4.565885 10.062601 -2.936249 0.505215 0.257122 -1
1 5.096706 12.457630 -1.431828 0.513150 0.208410 -1
1 4.592298 12.457630 -1.423024 0.505610 0.208410 -1
1 5.173545 9.145357 2.970278 0.514298 0.275778 -1
1 4.641923 9.043440 1.420003 0.506352 0.277850 -1
1 5.146332 9.043440 1.411199 0.513892 0.277850 -1
1 4.669137 9.145357 2.979083 0.506758 0.275778 -1
1 5.172745 10.062601 2.924423 0.514286 0.257122 -1
1 4.668336 10.062601 2.933227 0.506746 0.257122 -1
1 5.146332 12.457630 1.411199 0.513892 0.208410 -1
1 4.641924 12.457630 1.420003 0.506352 0.208410 -1
1 2.739025 0.176746 -0.017796 0.478914 0.534843 -1
1 2.595689 0.176746 0.517141 0.476771 0.534843 -1
1 1.669151 1.807403 -0.017796 0.462921 0.501677 -1
1 2.739025 8.330030 -0.017796 0.477907 0.292360 -1
1 1.669151 13.221994 -0.017796 0.461914 0.192864 -1
1 2.595689 8.330030 0.517141 0.475764 0.292360 -1
1 2.204087 0.176746 0.908740 0.470918 0.534843 -1
1 2.204087 8.330030 0.908740 0.469910 0.292360 -1
1 1.669151 0.176746 1.052078 0.462921 0.534843 -1
1 1.669151 8.330030 1.052078 0.461914 0.292360 -1
1 1.134214 0.176746 0.908740 0.454925 0.534843 -1
1 1.134214 8.330030 0.908740 0.453918 0.292360 -1
1 0.742614 0.176746 0.517141 0.449071 0.534843 -1
1 0.742614 8.330030 0.517141 0.448064 0.292360 -1
1 0.599278 0.176746 -0.017796 0.446929 0.534843 -1
1 0.599278 8.330030 -0.017796 0.445922 0.292360 -1
1 0.742614 0.176746 -0.552733 0.449071 0.534843 -1
1 0.742614 8.330030 -0.552733 0.448064 0.292360 -1
1 1.134214 0.176746 -0.944337 0.454925 0.534843 -1
1 1.134214 8.330030 -0.944337 0.453918 0.292360 -1
1 1.669151 0.176746 -1.087670 0.462921 0.534843 -1
1 1.669151 8.330030 -1.087670 0.461914 0.292360 -1
1 2.204087 0.176746 -0.944337 0.470918 0.534843 -1
1 2.204087 8.330030 -0.944337 0.469910 0.292360 -1
1 2.595689 0.176746 -0.552733 0.476771 0.534843 -1
1 2.595689 8.330030 -0.552733 0.475764 0.292360 -1
1 3.136742 9.043440 -0.005913 0.483852 0.277850 -1
1 2.940122 9.043440 0.727883 0.480913 0.277850 -1
1 1.669151 10.674095 -0.005913 0.461914 0.244685 -1
1 3.136742 17.196724 -0.005913 0.483852 0.112022 -1
1 1.669151 22.190611 -0.005913 0.462921 0.087108 -1
1 2.940122 17.196724 0.727883 0.480913 0.112022 -1
1 2.402946 9.043440 1.265057 0.472883 0.277850 -1
1 2.402946 17.196724 1.265057 0.472883 0.112022 -1
1 1.669151 9.043440 1.461679 0.461914 0.277850 -1
1 1.669151 17.196724 1.461679 0.461914 0.112022 -1
1 0.935355 9.043440 1.265057 0.450945 0.277850 -1
1 0.935355 17.196724 1.265057 0.450945 0.112022 -1
1 0.398182 9.043440 0.727883 0.442915 0.277850 -1
1 0.398182 17.196724 0.727883 0.442915 0.112022 -1
1 0.201562 9.043440 -0.005913 0.439976 0.277850 -1
1 0.201562 17.196724 -0.005913 0.439976 0.112022 -1
1 0.398182 9.043440 -0.739708 0.442915 0.277850 -1
1 0.398182 17.196724 -0.739708 0.442915 0.112022 -1
1 0.935355 9.043440 -1.276887 0.450945 0.277850 -1
1 0.935355 17.196724 -1.276887 0.450945 0.112022 -1
1 1.669151 9.043440 -1.473504 0.461914 0.277850 -1
1 1.669151 17.196724 -1.473504 0.461914 0.112022 -1
1 2.402946 9.043440 -1.276887 0.472883 0.277850 -1
1 2.402946 17.196724 -1.276887 0.472883 0.112022 -1
1 2.940122 9.043440 -0.739708 0.480913 0.277850 -1
1 2.940122 17.196724 -0.739708 0.480913 0.112022 -1
1 3.090879 9.043440 0.246330 0.483166 0.277850 -1
1 3.090879 9.043440 -0.258155 0.483166 0.277850 -1
1 4.650195 9.145357 0.246330 0.506475 0.275778 -1
1 4.650195 9.145357 -0.258155 0.506475 0.275778 -1
1 4.604333 10.062601 0.246330 0.505790 0.257122 -1
1 4.604333 10.062601 -0.258155 0.505790 0.257122 -1
1 3.090879 12.457630 0.246330 0.483166 0.208410 -1
1 3.090879 12.457630 -0.258155 0.483166 0.208410 -1
1 -1.311891 9.145357 0.246330 0.417353 0.275778 -1
1 0.247424 9.043440 -0.258155 0.440662 0.277850 -1
1 0.247424 9.043440 0.246330 0.440662 0.277850 -1
1 -1.311891 9.145357 -0.258155 0.417353 0.275778 -1
1 -1.266028 10.062601 0.246330 0.418039 0.257122 -1
1 -1.266028 10.062601 -0.258155 0.418039 0.257122 -1
1 0.247424 12.457630 0.246330 0.440662 0.208410 -1
1 0.247424 12.457630 -0.258155 0.440662 0.208410 -1
1 1.896542 9.043440 -1.431828 0.465313 0.277850 -1
1 1.392134 9.043440 -1.423024 0.457773 0.277850 -1
1 1.869328 9.145357 -2.990909 0.464906 0.275778 -1
1 1.364920 9.145357 -2.982104 0.457366 0.275778 -1
1 1.870129 10.062601 -2.945053 0.464918 0.257122 -1
1 1.365721 10.062601 -2.936249 0.457378 0.257122 -1
1 1.896542 12.457630 -1.431828 0.465313 0.208410 -1
1 1.392134 12.457630 -1.423024 0.457773 0.208410 -1
1 1.973381 9.145357 2.970278 0.466462 0.275778 -1
1 1.441759 9.043440 1.420003 0.458515 0.277850 -1
1 1.946167 9.043440 1.411199 0.466055 0.277850 -1
1 1.468973 9.145357 2.979083 0.458922 0.275778 -1
1 1.972580 10.062601 2.924423 0.466450 0.257122 -1
1 1.468172 10.062601 2.933227 0.458910 0.257122 -1
1 1.946167 12.457630 1.411199 0.466055 0.208410 -1
1 1.441759 12.457630 1.420003 0.458515 0.208410 -1
244
-0.836105 -0.548569 0.000000
-0.724088 -0.548569 -0.418053
-0.000000 -1.000000 -0.000001
0.976910 0.213651 0.000000
0.000000 1.000000 0.000002
0.846029 0.213651 0.488456
1.000000 0.000000 0.000000
0.866025 0.000000 0.500001
-0.418053 -0.548568 -0.724089
0.488456 0.213650 0.846029
0.500000 0.000000 0.866025
0.000000 -0.548569 -0.836105
0.000000 0.213651 0.976910
0.000000 0.000000 1.000000
0.418053 -0.548568 -0.724089
-0.488455 0.213650 0.846029
-0.500000 0.000000 0.866025
0.724088 -0.548569 -0.418053
-0.846029 0.213651 0.488456
-0.866025 0.000000 0.500001
0.836105 -0.548569 0.000000
-0.976910 0.213651 0.000000
-1.000000 0.000000 0.000000
0.724089 -0.548569 0.418051
-0.846030 0.213651 -0.488454
-0.866026 0.000000 -0.499999
0.418052 -0.548570 0.724088
-0.488454 0.213651 -0.846029
-0.499999 0.000000 -0.866026
-0.499999 0.000000 -0.866026
0.000000 -0.548569 0.836105
0.000000 0.213651 -0.976910
0.000000 0.000000 -1.000000
-0.418052 -0.548570 0.724088
0.488455 0.213651 -0.846029
0.499999 0.000000 -0.866026
0.499999 0.000000 -0.866026
-0.724089 -0.548569 0.418051
0.846030 0.213651 -0.488454
0.866026 0.000000 -0.499998
0.866026 0.000000 -0.499999
-0.743294 -0.668965 0.000000
-0.643711 -0.668965 -0.371647
-0.000000 -1.000000 -0.000001
0.959428 0.281954 -0.000000
0.000000 1.000000 0.000001
0.830889 0.281954 0.479715
1.000000 0.000000 -0.000000
0.866025 0.000000 0.500001
-0.371647 -0.668965 -0.643711
0.479714 0.281954 0.830889
0.500001 0.000000 0.866025
0.000000 -0.668965 -0.743294
0.000000 0.281954 0.959428
0.371647 -0.668965 -0.643711
-0.479714 0.281954 0.830889
-0.500000 0.000000 0.866025
0.643711 -0.668965 -0.371647
-0.830888 0.281954 0.479715
-0.866025 0.000000 0.500001
-0.866025 0.000000 0.500001
0.743294 -0.668965 0.000000
-0.959428 0.281954 -0.000000
-1.000000 0.000000 -0.000000
0.643712 -0.668965 0.371646
-0.830890 0.281954 -0.479712
-0.866026 0.000000 -0.499998
-0.866026 0.000000 -0.499998
0.371646 -0.668966 0.643711
-0.479713 0.281955 -0.830889
-0.500000 0.000000 -0.866026
0.000000 -0.668965 0.743294
0.000000 0.281954 -0.959428
-0.371646 -0.668966 0.643711
0.479714 0.281955 -0.830889
0.500000 0.000000 -0.866026
0.500000 0.000000 -0.866026
-0.643712 -0.668965 0.371646
0.830890 0.281954 -0.479712
0.866026 0.000000 -0.499998
0.866026 0.000000 -0.499998
0.065221 -0.997871 0.000000
0.998752 0.049937 0.000000
0.998752 0.049937 0.000000
0.845361 0.534196 0.000000
-0.000000 -0.000000 1.000000
-0.000000 -0.000000 1.000000
0.000000 -0.000000 1.000000
-0.000000 0.000000 -1.000000
0.000000 0.000000 -1.000000
0.000000 0.000000 -1.000000
-0.065221 -0.997871 0.000000
-0.998752 0.049937 0.000000
-0.998752 0.049937 0.000000
-0.845361 0.534196 0.000000
0.000000 -0.000000 1.000000
0.000000 -0.000000 1.000000
-0.000000 -0.000000 1.000000
-0.000000 0.000000 -1.000000
0.000000 0.000000 -1.000000
-0.000000 0.000000 -1.000000
-0.001138 -0.997871 -0.065211
-0.001138 -0.997871 -0.065211
-0.001138 -0.997871 -0.065211
-0.017432 0.049938 -0.998600
-0.017431 0.049938 -0.998600
-0.017431 0.049938 -0.998600
-0.014754 0.534196 -0.845232
-0.014753 0.534196 -0.845232
-0.014753 0.534196 -0.845232
0.999848 0.000000 -0.017452
0.999848 -0.000000 -0.017452
0.999848 -0.000001 -0.017452
-0.999848 0.000000 0.017452
-0.999848 0.000000 0.017452
-0.999848 0.000000 0.017452
0.001138 -0.997871 0.065211
0.001138 -0.997871 0.065211
0.001138 -0.997871 0.065211
0.017432 0.049938 0.998600
0.017433 0.049937 0.998600
0.017430 0.049938 0.998600
0.014753 0.534196 0.845232
0.014753 0.534196 0.845232
0.014753 0.534196 0.845232
0.999848 -0.000000 -0.017452
0.999848 -0.000000 -0.017452
0.999848 -0.000000 -0.017452
-0.999848 -0.000000 0.017452
-0.999848 0.000000 0.017452
-0.999848 -0.000000 0.017451
-0.836105 -0.548569 0.000000
-0.724088 -0.548569 -0.418054
0.000001 -1.000000 -0.000001
0.976910 0.213651 0.000000
-0.000001 1.000000 0.000002
0.846028 0.213651 0.488456
0.866025 0.000000 0.500001
-0.418053 -0.548568 -0.724089
0.488456 0.213650 0.846029
0.500000 0.000000 0.866025
-0.000000 -0.548569 -0.836105
0.000000 0.213651 0.976910
0.418054 -0.548568 -0.724088
-0.488456 0.213650 0.846028
-0.500001 0.000000 0.866025
-0.500001 0.000000 0.866025
0.724089 -0.548568 -0.418053
-0.846029 0.213650 0.488455
-0.866025 0.000000 0.500000
0.836106 -0.548568 0.000000
-0.976910 0.213650 0.000000
0.724090 -0.548568 0.418051
-0.846030 0.213650 -0.488453
-0.866027 0.000000 -0.499998
0.418053 -0.548570 0.724088
-0.488455 0.213651 -0.846029
-0.500000 0.000000 -0.866025
0.000000 -0.548569 0.836105
0.000000 0.213651 -0.976910
0.488455 0.213651 -0.846029
0.499999 0.000000 -0.866026
-0.724089 -0.548569 0.418052
0.846030 0.213651 -0.488454
0.866026 0.000000 -0.499999
-0.743294 -0.668965 0.000000
-0.643711 -0.668965 -0.371648
0.000000 -1.000000 -0.000001
0.959428 0.281954 -0.000000
-0.000001 1.000000 0.000001
0.830888 0.281954 0.479715
1.000000 0.000000 -0.000000
0.866025 0.000000 0.500001
-0.371647 -0.668965 -0.643712
0.479714 0.281954 0.830889
0.500000 0.000000 0.866025
0.000000 -0.668965 -0.743294
0.371648 -0.668965 -0.643711
-0.479715 0.281954 0.830888
0.643712 -0.668965 -0.371647
-0.830889 0.281954 0.479714
-0.866026 0.000000 0.500000
0.743294 -0.668964 0.000000
-0.959428 0.281954 -0.000000
-1.000000 0.000000 -0.000000
0.643713 -0.668965 0.371645
-0.830890 0.281954 -0.479711
-0.866027 0.000000 -0.499997
-0.866027 0.000000 -0.499997
0.371647 -0.668966 0.643710
-0.479714 0.281955 -0.830888
-0.500001 0.000000 -0.866025
0.000000 -0.668965 0.743294
-0.371646 -0.668966 0.643711
0.479713 0.281955 -0.830889
0.500000 0.000000 -0.866026
-0.643712 -0.668965 0.371646
0.830890 0.281954 -0.479712
0.866026 0.000000 -0.499999
0.998752 0.049938 0.000000
0.998752 0.049938 0.000000
0.845361 0.534196 0.000000
-0.000000 -0.000000 1.000000
-0.000000 -0.000000 1.000000
0.000000 0.000000 -1.000000
0.000000 0.000000 -1.000000
-0.065221 -0.997871 0.000000
-0.998752 0.049938 0.000000
-0.845361 0.534195 0.000000
0.000000 -0.000000 1.000000
0.000000 -0.000000 1.000000
-0.000000 -0.000000 1.000000
-0.000000 0.000000 -1.000000
0.000000 0.000000 -1.000000
-0.000000 0.000000 -1.000000
-0.001138 -0.997871 -0.065211
-0.001138 -0.997871 -0.065211
-0.001138 -0.997871 -0.065211
-0.017432 0.049938 -0.998600
-0.017431 0.049938 -0.998600
-0.017431 0.049938 -0.998600
-0.014754 0.534196 -0.845232
-0.014753 0.534196 -0.845232
0.999848 -0.000000 -0.017452
0.999848 -0.000000 -0.017452
0.999848 -0.000001 -0.017452
-0.999848 0.000000 0.017452
-0.999848 -0.000000 0.017452
-0.999848 -0.000000 0.017452
0.001138 -0.997871 0.065211
0.001138 -0.997871 0.065211
0.001138 -0.997871 0.065211
0.017432 0.049938 0.998600
0.017433 0.049937 0.998600
0.017430 0.049938 0.998600
0.014753 0.534196 0.845232
0.014753 0.534196 0.845232
0.014753 0.534196 0.845232
0.999848 -0.000000 -0.017452
0.999848 -0.000000 -0.017452
0.999848 -0.000000 -0.017452
-0.999848 -0.000000 0.017452
-0.999848 0.000000 0.017452
-0.999848 -0.000001 0.017451
280
1 0 1 2 0 1 2 2
1 3 4 5 3 4 5 2
1 0 3 1 6 6 7 1
1 3 5 1 6 7 7 1
1 1 6 2 1 8 2 2
1 5 4 7 5 4 9 2
1 1 5 7 7 7 10 1
1 1 7 6 7 10 10 1
1 6 8 2 8 11 2 2
1 7 4 9 9 4 12 2
1 6 7 8 10 10 13 1
1 7 9 8 10 13 13 1
1 8 10 2 11 14 2 2
1 9 4 11 12 4 15 2
1 8 9 11 13 13 16 1
1 8 11 10 13 16 16 1
1 10 12 2 14 17 2 2
1 11 4 13 15 4 18 2
1 10 11 12 16 16 19 1
1 11 13 12 16 19 19 1
1 12 14 2 17 20 2 2
1 13 4 15 18 4 21 2
1 12 13 15 19 19 22 1
1 12 15 14 19 22 22 1
1 14 16 2 20 23 2 2
1 15 4 17 21 4 24 2
1 14 15 16 22 22 25 1
1 15 17 16 22 25 25 1
1 16 18 2 23 26 2 2
1 17 4 19 24 4 27 2
1 16 17 19 25 25 28 1
1 16 19 18 25 28 29 1
1 18 20 2 26 30 2 2
1 19 4 21 27 4 31 2
1 18 19 20 29 28 32 1
1 19 21 20 28 32 32 1
1 20 22 2 30 33 2 2
1 21 4 23 31 4 34 2
1 20 21 23 32 32 35 1
1 20 23 22 32 35 36 1
1 22 24 2 33 37 2 2
1 23 4 25 34 4 38 2
1 22 23 24 36 35 39 1
1 23 25 24 35 40 39 1
1 24 0 2 37 0 2 2
1 25 4 3 38 4 3 2
1 24 25 3 39 40 6 1
1 24 3 0 39 6 6 1
1 26 27 28 41 42 43 2
1 29 30 31 44 45 46 2
1 26 29 27 47 47 48 1
1 29 31 27 47 48 48 1
1 27 32 28 42 49 43 2
1 31 30 33 46 45 50 2
1 27 31 33 48 48 51 1
1 27 33 32 48 51 51 1
1 32 34 28 49 52 43 2
1 33 30 35 50 45 53 2
1 32 33 34 51 51 13 1
1 33 35 34 51 13 13 1
1 34 36 28 52 54 43 2
1 35 30 37 53 45 55 2
1 34 35 37 13 13 56 1
1 34 37 36 13 56 56 1
1 36 38 28 54 57 43 2
1 37 30 39 55 45 58 2
1 36 37 38 56 56 59 1
1 37 39 38 56 60 59 1
1 38 40 28 57 61 43 2
1 39 30 41 58 45 62 2
1 38 39 41 59 60 63 1
1 38 41 40 59 63 63 1
1 40 42 28 61 64 43 2
1 41 30 43 62 45 65 2
1 40 41 42 63 63 66 1
1 41 43 42 63 67 66 1
1 42 44 28 64 68 43 2
1 43 30 45 65 45 69 2
1 42 43 45 66 67 70 1
1 42 45 44 66 70 70 1
1 44 46 28 68 71 43 2
1 45 30 47 69 45 72 2
1 44 45 46 70 70 32 1
1 45 47 46 70 32 32 1
1 46 48 28 71 73 43 2
1 47 30 49 72 45 74 2
1 46 47 49 32 32 75 1
1 46 49 48 32 75 76 1
1 48 50 28 73 77 43 2
1 49 30 51 74 45 78 2
1 48 49 50 76 75 79 1
1 49 51 50 75 80 79 1
1 50 26 28 77 41 43 2
1 51 30 29 78 45 44 2
1 50 51 29 79 80 47 1
1 50 29 26 79 47 47 1
1 52 53 54 81 81 81 1
1 53 55 54 81 81 81 1
1 54 55 56 82 83 83 2
1 55 57 56 83 83 83 2
1 56 57 58 84 84 84 1
1 57 59 58 84 84 84 1
1 58 59 52 22 22 22 2
1 59 53 52 22 22 22 2
1 58 52 56 85 86 86 3
1 52 54 56 86 87 86 3
1 53 59 55 88 89 89 3
1 59 57 55 89 90 89 3
1 60 61 62 91 91 91 1
1 60 63 61 91 91 91 1
1 64 63 60 92 92 93 2
1 64 65 63 92 92 92 2
1 66 65 64 94 94 94 1
1 66 67 65 94 94 94 1
1 62 67 66 6 6 6 2
1 62 61 67 6 6 6 2
1 64 62 66 95 95 96 3
1 64 60 62 95 97 95 3
1 63 67 61 98 98 99 3
1 63 65 67 98 100 98 3
1 68 69 70 101 102 102 1
1 69 71 70 102 103 102 1
1 70 71 72 104 105 105 2
1 71 73 72 105 106 105 2
1 72 73 74 107 108 108 1
1 73 75 74 108 109 108 1
1 74 68 72 110 111 111 3
1 68 70 72 111 112 111 3
1 69 75 71 113 114 114 3
1 75 73 71 114 115 114 3
1 76 77 78 116 116 117 1
1 76 79 77 116 118 116 1
1 80 79 76 119 119 120 2
1 80 81 79 119 121 119 2
1 82 81 80 122 122 123 1
1 82 83 81 122 124 122 1
1 80 78 82 125 125 126 3
1 80 76 78 125 127 125 3
1 79 83 77 128 128 129 3
1 79 81 83 128 130 128 3
1 84 85 86 131 132 133 2
1 87 88 89 134 135 136 2
1 84 87 85 6 6 137 1
1 87 89 85 6 137 137 1
1 85 90 86 132 138 133 2
1 89 88 91 136 135 139 2
1 85 89 91 137 137 140 1
1 85 91 90 137 140 140 1
1 90 92 86 138 141 133 2
1 91 88 93 139 135 142 2
1 90 91 92 140 140 13 1
1 91 93 92 140 13 13 1
1 92 94 86 141 143 133 2
1 93 88 95 142 135 144 2
1 92 93 95 13 13 145 1
1 92 95 94 13 145 146 1
1 94 96 86 143 147 133 2
1 95 88 97 144 135 148 2
1 94 95 96 146 145 149 1
1 95 97 96 145 149 149 1
1 96 98 86 147 150 133 2
1 97 88 99 148 135 151 2
1 96 97 99 149 149 22 1
1 96 99 98 149 22 22 1
1 98 100 86 150 152 133 2
1 99 88 101 151 135 153 2
1 98 99 100 22 22 154 1
1 99 101 100 22 154 154 1
1 100 102 86 152 155 133 2
1 101 88 103 153 135 156 2
1 100 101 103 154 154 157 1
1 100 103 102 154 157 157 1
1 102 104 86 155 158 133 2
1 103 88 105 156 135 159 2
1 102 103 104 157 157 32 1
1 103 105 104 157 32 32 1
1 104 106 86 158 33 133 2
1 105 88 107 159 135 160 2
1 104 105 107 32 32 161 1
1 104 107 106 32 161 36 1
1 106 108 86 33 162 133 2
1 107 88 109 160 135 163 2
1 106 107 108 36 161 164 1
1 107 109 108 161 164 164 1
1 108 84 86 162 131 133 2
1 109 88 87 163 135 134 2
1 108 109 87 164 164 6 1
1 108 87 84 164 6 6 1
1 110 111 112 165 166 167 2
1 113 114 115 168 169 170 2
1 110 113 111 171 171 172 1
1 113 115 111 171 7 172 1
1 111 116 112 166 173 167 2
1 115 114 117 170 169 174 2
1 111 115 117 172 7 175 1
1 111 117 116 172 175 175 1
1 116 118 112 173 176 167 2
1 117 114 119 174 169 53 2
1 116 117 118 175 175 13 1
1 117 119 118 175 13 13 1
1 118 120 112 176 177 167 2
1 119 114 121 53 169 178 2
1 118 119 121 13 13 145 1
1 118 121 120 13 145 146 1
1 120 122 112 177 179 167 2
1 121 114 123 178 169 180 2
1 120 121 122 146 145 181 1
1 121 123 122 145 181 181 1
1 122 124 112 179 182 167 2
1 123 114 125 180 169 183 2
1 122 123 125 181 181 184 1
1 122 125 124 181 184 184 1
1 124 126 112 182 185 167 2
1 125 114 127 183 169 186 2
1 124 125 126 184 184 187 1
1 125 127 126 184 188 187 1
1 126 128 112 185 189 167 2
1 127 114 129 186 169 190 2
1 126 127 129 187 188 191 1
1 126 129 128 187 191 191 1
1 128 130 112 189 192 167 2
1 129 114 131 190 169 72 2
1 128 129 130 191 191 32 1
1 129 131 130 191 32 32 1
1 130 132 112 192 193 167 2
1 131 114 133 72 169 194 2
1 130 131 133 32 32 195 1
1 130 133 132 32 195 195 1
1 132 134 112 193 196 167 2
1 133 114 135 194 169 197 2
1 132 133 134 195 195 198 1
1 133 135 134 195 40 198 1
1 134 110 112 196 165 167 2
1 135 114 113 197 169 168 2
1 134 135 113 198 40 171 1
1 134 113 110 198 171 171 1
1 136 137 138 81 81 81 1
1 137 139 138 81 81 81 1
1 138 139 140 199 200 200 2
1 139 141 140 200 200 200 2
1 140 141 142 201 201 201 1
1 141 143 142 201 201 201 1
1 142 143 136 22 22 22 2
1 143 137 136 22 22 22 2
1 142 136 140 202 203 203 3
1 136 138 140 203 87 203 3
1 137 143 139 88 204 204 3
1 143 141 139 204 205 204 3
1 144 145 146 206 206 206 1
1 144 147 145 206 206 206 1
1 148 147 144 207 207 207 2
1 148 149 147 207 207 207 2
1 150 149 148 208 208 208 1
1 150 151 149 208 208 208 1
1 146 151 150 6 6 6 2
1 146 145 151 6 6 6 2
1 148 146 150 209 209 210 3
1 148 144 146 209 211 209 3
1 147 151 145 212 212 213 3
1 147 149 151 212 214 212 3
1 152 153 154 215 216 216 1
1 153 155 154 216 217 216 1
1 154 155 156 218 219 219 2
1 155 157 156 219 220 219 2
1 156 157 158 221 222 222 1
1 157 159 158 222 109 222 1
1 158 152 156 223 224 224 3
1 152 154 156 224 225 224 3
1 153 159 155 226 227 227 3
1 159 157 155 227 228 227 3
1 160 161 162 229 229 230 1
1 160 163 161 229 231 229 1
1 164 163 160 232 232 233 2
1 164 165 163 232 234 232 2
1 166 165 164 235 235 236 1
1 166 167 165 235 237 235 1
1 164 162 166 238 238 239 3
1 164 160 162 238 240 238 3
1 163 167 161 241 241 242 3
1 163 165 167 241 243 241 3
"Duplicate01" 1 0
168
1 -0.599273 0.176746 -0.017796 0.526750 0.534843 -1
1 -0.742608 0.176746 0.517141 0.524608 0.534843 -1
1 -1.669147 1.807403 -0.017796 0.510758 0.501677 -1
1 -0.599273 8.330030 -0.017796 0.525743 0.292360 -1
1 -1.669147 13.221994 -0.017796 0.509751 0.192864 -1
1 -0.742608 8.330030 0.517141 0.523601 0.292360 -1
1 -1.134210 0.176746 0.908740 0.518754 0.534843 -1
1 -1.134210 8.330030 0.908740 0.517747 0.292360 -1
1 -1.669147 0.176746 1.052078 0.510758 0.534843 -1
1 -1.669147 8.330030 1.052078 0.509751 0.292360 -1
1 -2.204085 0.176746 0.908740 0.502761 0.534843 -1
1 -2.204085 8.330030 0.908740 0.501754 0.292360 -1
1 -2.595687 0.176746 0.517141 0.496908 0.534843 -1
1 -2.595687 8.330030 0.517141 0.495901 0.292360 -1
1 -2.739022 0.176746 -0.017796 0.494765 0.534843 -1
1 -2.739022 8.330030 -0.017796 0.493758 0.292360 -1
1 -2.595687 0.176746 -0.552733 0.496908 0.534843 -1
1 -2.595687 8.330030 -0.552733 0.495901 0.292360 -1
1 -2.204085 0.176746 -0.944337 0.502761 0.534843 -1
1 -2.204085 8.330030 -0.944337 0.501754 0.292360 -1
1 -1.669147 0.176746 -1.087670 0.510758 0.534843 -1
1 -1.669147 8.330030 -1.087670 0.509751 0.292360 -1
1 -1.134210 0.176746 -0.944337 0.518754 0.534843 -1
1 -1.134210 8.330030 -0.944337 0.517747 0.292360 -1
1 -0.742608 0.176746 -0.552733 0.524608 0.534843 -1
1 -0.742608 8.330030 -0.552733 0.523601 0.292360 -1
1 -0.201555 9.043440 -0.005913 0.531688 0.277850 -1
1 -0.398175 9.043440 0.727883 0.528749 0.277850 -1
1 -1.669147 10.674095 -0.005913 0.509751 0.244685 -1
1 -0.201555 17.196724 -0.005913 0.531688 0.112022 -1
1 -1.669147 22.190611 -0.005913 0.510758 0.087108 -1
1 -0.398175 17.196724 0.727883 0.528749 0.112022 -1
1 -0.935350 9.043440 1.265057 0.520720 0.277850 -1
1 -0.935350 17.196724 1.265057 0.520720 0.112022 -1
1 -1.669147 9.043440 1.461679 0.509751 0.277850 -1
1 -1.669147 17.196724 1.461679 0.509751 0.112022 -1
1 -2.402944 9.043440 1.265057 0.498782 0.277850 -1
1 -2.402944 17.196724 1.265057 0.498782 0.112022 -1
1 -2.940120 9.043440 0.727883 0.490752 0.277850 -1
1 -2.940120 17.196724 0.727883 0.490752 0.112022 -1
1 -3.136740 9.043440 -0.005913 0.487813 0.277850 -1
1 -3.136740 17.196724 -0.005913 0.487813 0.112022 -1
1 -2.940120 9.043440 -0.739708 0.490752 0.277850 -1
1 -2.940120 17.196724 -0.739708 0.490752 0.112022 -1
1 -2.402944 9.043440 -1.276887 0.498782 0.277850 -1
1 -2.402944 17.196724 -1.276887 0.498782 0.112022 -1
1 -1.669147 9.043440 -1.473504 0.509751 0.277850 -1
1 -1.669147 17.196724 -1.473504 0.509751 0.112022 -1
1 -0.935350 9.043440 -1.276887 0.520720 0.277850 -1
1 -0.935350 17.196724 -1.276887 0.520720 0.112022 -1
1 -0.398175 9.043440 -0.739708 0.528749 0.277850 -1
1 -0.398175 17.196724 -0.739708 0.528749 0.112022 -1
1 -0.247417 9.043440 0.246330 0.531003 0.277850 -1
1 -0.247417 9.043440 -0.258155 0.531003 0.277850 -1
1 1.311897 9.145357 0.246330 0.554312 0.275778 -1
1 1.311897 9.145357 -0.258155 0.554312 0.275778 -1
1 1.266034 10.062601 0.246330 0.553626 0.257122 -1
1 1.266034 10.062601 -0.258155 0.553626 0.257122 -1
1 -0.247417 12.457630 0.246330 0.531003 0.208410 -1
1 -0.247417 12.457630 -0.258155 0.531003 0.208410 -1
1 -4.650193 9.145357 0.246330 0.465190 0.275778 -1
1 -3.090878 9.043440 -0.258155 0.488498 0.277850 -1
1 -3.090878 9.043440 0.246330 0.488498 0.277850 -1
1 -4.650193 9.145357 -0.258155 0.465190 0.275778 -1
1 -4.604331 10.062601 0.246330 0.465875 0.257122 -1
1 -4.604331 10.062601 -0.258155 0.465875 0.257122 -1
1 -3.090878 12.457630 0.246330 0.488498 0.208410 -1
1 -3.090878 12.457630 -0.258155 0.488498 0.208410 -1
1 -1.441755 9.043440 -1.431828 0.513150 0.277850 -1
1 -1.946165 9.043440 -1.423024 0.505610 0.277850 -1
1 -1.468969 9.145357 -2.990909 0.512743 0.275778 -1
1 -1.973378 9.145357 -2.982104 0.505203 0.275778 -1
1 -1.468168 10.062601 -2.945053 0.512755 0.257122 -1
1 -1.972578 10.062601 -2.936249 0.505215 0.257122 -1
1 -1.441755 12.457630 -1.431828 0.513150 0.208410 -1
1 -1.946165 12.457630 -1.423024 0.505610 0.208410 -1
1 -1.364916 9.145357 2.970278 0.514298 0.275778 -1
1 -1.896540 9.043440 1.420003 0.506352 0.277850 -1
1 -1.392130 9.043440 1.411199 0.513892 0.277850 -1
1 -1.869326 9.145357 2.979083 0.506758 0.275778 -1
1 -1.365717 10.062601 2.924423 0.514286 0.257122 -1
1 -1.870127 10.062601 2.933227 0.506746 0.257122 -1
1 -1.392130 12.457630 1.411199 0.513892 0.208410 -1
1 -1.896539 12.457630 1.420003 0.506352 0.208410 -1
1 -3.799438 0.176746 -0.017796 0.478914 0.534843 -1
1 -3.942775 0.176746 0.517141 0.476771 0.534843 -1
1 -4.869312 1.807403 -0.017796 0.462921 0.501677 -1
1 -3.799438 8.330030 -0.017796 0.477907 0.292360 -1
1 -4.869312 13.221994 -0.017796 0.461914 0.192864 -1
1 -3.942775 8.330030 0.517141 0.475764 0.292360 -1
1 -4.334376 0.176746 0.908740 0.470918 0.534843 -1
1 -4.334376 8.330030 0.908740 0.469910 0.292360 -1
1 -4.869312 0.176746 1.052078 0.462921 0.534843 -1
1 -4.869312 8.330030 1.052078 0.461914 0.292360 -1
1 -5.404252 0.176746 0.908740 0.454925 0.534843 -1
1 -5.404252 8.330030 0.908740 0.453918 0.292360 -1
1 -5.795852 0.176746 0.517141 0.449071 0.534843 -1
1 -5.795852 8.330030 0.517141 0.448064 0.292360 -1
1 -5.939189 0.176746 -0.017796 0.446929 0.534843 -1
1 -5.939189 8.330030 -0.017796 0.445922 0.292360 -1
1 -5.795852 0.176746 -0.552733 0.449071 0.534843 -1
1 -5.795852 8.330030 -0.552733 0.448064 0.292360 -1
1 -5.404252 0.176746 -0.944337 0.454925 0.534843 -1
1 -5.404252 8.330030 -0.944337 0.453918 0.292360 -1
1 -4.869312 0.176746 -1.087670 0.462921 0.534843 -1
1 -4.869312 8.330030 -1.087670 0.461914 0.292360 -1
1 -4.334376 0.176746 -0.944337 0.470918 0.534843 -1
1 -4.334376 8.330030 -0.944337 0.469910 0.292360 -1
1 -3.942775 0.176746 -0.552733 0.476771 0.534843 -1
1 -3.942775 8.330030 -0.552733 0.475764 0.292360 -1
1 -3.401722 9.043440 -0.005913 0.483852 0.277850 -1
1 -3.598342 9.043440 0.727883 0.480913 0.277850 -1
1 -4.869312 10.674095 -0.005913 0.461914 0.244685 -1
1 -3.401722 17.196724 -0.005913 0.483852 0.112022 -1
1 -4.869312 22.190611 -0.005913 0.462921 0.087108 -1
1 -3.598342 17.196724 0.727883 0.480913 0.112022 -1
1 -4.135517 9.043440 1.265057 0.472883 0.277850 -1
1 -4.135517 17.196724 1.265057 0.472883 0.112022 -1
1 -4.869312 9.043440 1.461679 0.461914 0.277850 -1
1 -4.869312 17.196724 1.461679 0.461914 0.112022 -1
1 -5.603110 9.043440 1.265057 0.450945 0.277850 -1
1 -5.603110 17.196724 1.265057 0.450945 0.112022 -1
1 -6.140285 9.043440 0.727883 0.442915 0.277850 -1
1 -6.140285 17.196724 0.727883 0.442915 0.112022 -1
1 -6.336905 9.043440 -0.005913 0.439976 0.277850 -1
1 -6.336905 17.196724 -0.005913 0.439976 0.112022 -1
1 -6.140285 9.043440 -0.739708 0.442915 0.277850 -1
1 -6.140285 17.196724 -0.739708 0.442915 0.112022 -1
1 -5.603110 9.043440 -1.276887 0.450945 0.277850 -1
1 -5.603110 17.196724 -1.276887 0.450945 0.112022 -1
1 -4.869312 9.043440 -1.473504 0.461914 0.277850 -1
1 -4.869312 17.196724 -1.473504 0.461914 0.112022 -1
1 -4.135517 9.043440 -1.276887 0.472883 0.277850 -1
1 -4.135517 17.196724 -1.276887 0.472883 0.112022 -1
1 -3.598342 9.043440 -0.739708 0.480913 0.277850 -1
1 -3.598342 17.196724 -0.739708 0.480913 0.112022 -1
1 -3.447584 9.043440 0.246330 0.483166 0.277850 -1
1 -3.447584 9.043440 -0.258155 0.483166 0.277850 -1
1 -1.888268 9.145357 0.246330 0.506475 0.275778 -1
1 -1.888268 9.145357 -0.258155 0.506475 0.275778 -1
1 -1.934130 10.062601 0.246330 0.505790 0.257122 -1
1 -1.934130 10.062601 -0.258155 0.505790 0.257122 -1
1 -3.447584 12.457630 0.246330 0.483166 0.208410 -1
1 -3.447584 12.457630 -0.258155 0.483166 0.208410 -1
1 -7.850360 9.145357 0.246330 0.417353 0.275778 -1
1 -6.291045 9.043440 -0.258155 0.440662 0.277850 -1
1 -6.291045 9.043440 0.246330 0.440662 0.277850 -1
1 -7.850360 9.145357 -0.258155 0.417353 0.275778 -1
1 -7.804498 10.062601 0.246330 0.418039 0.257122 -1
1 -7.804498 10.062601 -0.258155 0.418039 0.257122 -1
1 -6.291045 12.457630 0.246330 0.440662 0.208410 -1
1 -6.291045 12.457630 -0.258155 0.440662 0.208410 -1
1 -4.641922 9.043440 -1.431828 0.465313 0.277850 -1
1 -5.146331 9.043440 -1.423024 0.457773 0.277850 -1
1 -4.669135 9.145357 -2.990909 0.464906 0.275778 -1
1 -5.173545 9.145357 -2.982104 0.457366 0.275778 -1
1 -4.668334 10.062601 -2.945053 0.464918 0.257122 -1
1 -5.172744 10.062601 -2.936249 0.457378 0.257122 -1
1 -4.641921 12.457630 -1.431828 0.465313 0.208410 -1
1 -5.146331 12.457630 -1.423024 0.457773 0.208410 -1
1 -4.565083 9.145357 2.970278 0.466462 0.275778 -1
1 -5.096705 9.043440 1.420003 0.458515 0.277850 -1
1 -4.592297 9.043440 1.411199 0.466055 0.277850 -1
1 -5.069491 9.145357 2.979083 0.458922 0.275778 -1
1 -4.565883 10.062601 2.924423 0.466450 0.257122 -1
1 -5.070292 10.062601 2.933227 0.458910 0.257122 -1
1 -4.592297 12.457630 1.411199 0.466055 0.208410 -1
1 -5.096705 12.457630 1.420003 0.458515 0.208410 -1
247
-0.836105 -0.548569 0.000000
-0.724088 -0.548569 -0.418053
-0.000000 -1.000000 -0.000001
0.976910 0.213651 0.000000
0.000000 1.000000 0.000002
0.846029 0.213651 0.488456
1.000000 0.000000 0.000000
0.866025 0.000000 0.500000
0.866025 0.000000 0.500001
-0.418053 -0.548568 -0.724089
0.488455 0.213650 0.846029
0.500000 0.000000 0.866025
-0.000000 -0.548569 -0.836105
0.000000 0.213651 0.976910
0.000000 0.000000 1.000000
0.418053 -0.548568 -0.724089
-0.488455 0.213650 0.846029
-0.500000 0.000000 0.866025
-0.500000 0.000000 0.866025
0.724088 -0.548569 -0.418053
-0.846029 0.213651 0.488456
-0.866025 0.000000 0.500001
0.836105 -0.548569 0.000000
-0.976910 0.213651 0.000000
-1.000000 0.000000 0.000000
0.724089 -0.548569 0.418051
-0.846030 0.213651 -0.488454
-0.866026 0.000000 -0.499998
-0.866026 0.000000 -0.499998
0.418052 -0.548570 0.724088
-0.488454 0.213651 -0.846029
-0.499999 0.000000 -0.866026
-0.499999 0.000000 -0.866026
0.000000 -0.548569 0.836105
0.000000 0.213651 -0.976910
0.000000 0.000000 -1.000000
-0.418052 -0.548570 0.724088
0.488454 0.213651 -0.846029
0.499999 0.000000 -0.866026
-0.724089 -0.548569 0.418051
0.846030 0.213651 -0.488453
0.866026 0.000000 -0.499998
-0.743294 -0.668965 0.000000
-0.643711 -0.668965 -0.371647
-0.000000 -1.000000 -0.000001
0.959428 0.281954 -0.000000
0.000000 1.000000 0.000001
0.830888 0.281954 0.479715
1.000000 0.000000 -0.000000
0.866025 0.000000 0.500001
0.866025 0.000000 0.500001
-0.371647 -0.668965 -0.643711
0.479714 0.281954 0.830889
0.500000 0.000000 0.866025
0.000000 -0.668965 -0.743294
-0.000000 0.281954 0.959428
-0.000000 0.000000 1.000000
0.371647 -0.668965 -0.643712
-0.479714 0.281954 0.830889
0.643711 -0.668965 -0.371648
-0.830888 0.281954 0.479715
-0.866025 0.000000 0.500001
0.743294 -0.668965 0.000000
-0.959428 0.281954 -0.000000
-1.000000 0.000000 -0.000000
0.643712 -0.668965 0.371646
-0.830890 0.281954 -0.479713
-0.866026 0.000000 -0.499999
-0.866026 0.000000 -0.499999
0.371646 -0.668966 0.643711
-0.479713 0.281955 -0.830889
-0.499999 0.000000 -0.866026
-0.499999 0.000000 -0.866026
0.000000 -0.668965 0.743294
-0.000000 0.281954 -0.959428
-0.000000 0.000000 -1.000000
-0.371646 -0.668966 0.643711
0.479714 0.281955 -0.830889
0.500000 0.000000 -0.866026
-0.643712 -0.668965 0.371646
0.830890 0.281954 -0.479712
0.866026 0.000000 -0.499998
0.065221 -0.997871 0.000000
0.998752 0.049938 0.000000
0.998752 0.049938 0.000000
0.845361 0.534195 0.000000
-0.000000 -0.000000 1.000000
-0.000000 -0.000000 1.000000
0.000000 -0.000000 1.000000
-0.000000 0.000000 -1.000000
0.000000 0.000000 -1.000000
0.000000 0.000000 -1.000000
-0.065221 -0.997871 0.000000
-0.998752 0.049938 0.000000
-0.998752 0.049938 0.000000
-0.845361 0.534196 0.000000
0.000000 -0.000000 1.000000
0.000000 -0.000000 1.000000
-0.000000 -0.000000 1.000000
-0.000000 0.000000 -1.000000
0.000000 0.000000 -1.000000
-0.000000 0.000000 -1.000000
-0.001138 -0.997871 -0.065211
-0.001138 -0.997871 -0.065211
-0.001138 -0.997871 -0.065211
-0.017432 0.049938 -0.998600
-0.017431 0.049938 -0.998600
-0.017431 0.049938 -0.998600
-0.014754 0.534196 -0.845232
-0.014753 0.534196 -0.845232
-0.014753 0.534196 -0.845232
0.999848 0.000000 -0.017452
0.999848 -0.000000 -0.017452
0.999848 -0.000001 -0.017453
-0.999848 0.000000 0.017452
-0.999848 -0.000000 0.017452
-0.999848 -0.000000 0.017453
0.001138 -0.997871 0.065211
0.001138 -0.997871 0.065211
0.001138 -0.997871 0.065211
0.017432 0.049938 0.998600
0.017433 0.049937 0.998600
0.017430 0.049938 0.998600
0.014753 0.534196 0.845232
0.014753 0.534196 0.845232
0.014753 0.534196 0.845232
0.999848 0.000000 -0.017452
0.999848 -0.000000 -0.017452
0.999848 0.000001 -0.017453
-0.999848 -0.000000 0.017451
-0.999848 0.000000 0.017453
-0.999848 -0.000001 0.017450
-0.836105 -0.548569 0.000000
-0.724088 -0.548569 -0.418054
-0.000000 -1.000000 -0.000001
0.976910 0.213651 0.000000
0.000000 1.000000 0.000002
0.846028 0.213650 0.488456
0.866025 0.000000 0.500001
-0.418053 -0.548568 -0.724089
0.488455 0.213650 0.846029
0.500000 0.000000 0.866025
-0.000001 -0.548569 -0.836105
0.000001 0.213651 0.976910
0.000001 0.000000 1.000000
0.418053 -0.548569 -0.724088
-0.488456 0.213651 0.846029
-0.500001 0.000000 0.866025
0.724088 -0.548569 -0.418054
-0.846028 0.213651 0.488456
0.836105 -0.548570 0.000000
-0.976910 0.213651 0.000000
0.724089 -0.548569 0.418052
-0.846030 0.213651 -0.488454
-0.866026 0.000000 -0.499999
-0.866026 0.000000 -0.499999
0.418052 -0.548570 0.724088
-0.488455 0.213651 -0.846029
-0.500000 0.000000 -0.866026
-0.500000 0.000000 -0.866026
-0.000001 -0.548569 0.836105
0.000001 0.213651 -0.976910
0.000001 0.000000 -1.000000
-0.418052 -0.548569 0.724088
0.488454 0.213651 -0.846029
0.499999 0.000000 -0.866026
-0.724089 -0.548569 0.418052
0.846030 0.213650 -0.488454
0.866026 0.000000 -0.499999
-0.743294 -0.668965 0.000000
-0.643711 -0.668965 -0.371647
-0.000000 -1.000000 -0.000001
0.959428 0.281954 -0.000000
0.000001 1.000000 0.000001
0.830889 0.281954 0.479715
1.000000 0.000000 -0.000000
-0.371648 -0.668965 -0.643711
0.479715 0.281954 0.830889
0.500001 0.000000 0.866025
-0.000000 -0.668965 -0.743294
0.000000 0.281954 0.959428
0.000000 0.000000 1.000000
0.371647 -0.668965 -0.643711
-0.479714 0.281954 0.830889
-0.500001 0.000000 0.866025
0.643711 -0.668965 -0.371647
-0.830888 0.281954 0.479715
-0.866025 0.000000 0.500001
0.743293 -0.668966 0.000000
-0.959428 0.281955 -0.000000
-1.000000 0.000000 -0.000000
0.643712 -0.668965 0.371646
-0.830890 0.281954 -0.479712
-0.866026 0.000000 -0.499998
-0.866026 0.000000 -0.499998
0.371646 -0.668966 0.643710
-0.479714 0.281955 -0.830889
-0.500000 0.000000 -0.866025
-0.000000 -0.668965 0.743294
0.000000 0.281954 -0.959428
0.000000 0.000000 -1.000000
-0.371647 -0.668966 0.643711
0.479714 0.281955 -0.830889
0.500000 0.000000 -0.866025
0.500000 0.000000 -0.866025
-0.643712 -0.668965 0.371646
0.830890 0.281954 -0.479712
0.866026 0.000000 -0.499998
0.866026 0.000000 -0.499998
0.065221 -0.997871 0.000000
0.845361 0.534196 0.000000
-0.000000 -0.000000 1.000000
-0.000000 -0.000000 1.000000
0.000000 -0.000000 1.000000
-0.000000 0.000000 -1.000000
0.000000 0.000000 -1.000000
0.000000 0.000000 -1.000000
-0.065221 -0.997871 0.000000
-0.845361 0.534195 0.000000
0.000000 -0.000000 1.000000
0.000000 -0.000000 1.000000
-0.000000 -0.000000 1.000000
-0.000000 0.000000 -1.000000
0.000000 0.000000 -1.000000
-0.000000 0.000000 -1.000000
-0.001138 -0.997871 -0.065211
-0.001138 -0.997871 -0.065211
-0.017432 0.049938 -0.998600
-0.017431 0.049938 -0.998600
-0.017431 0.049938 -0.998600
0.999848 -0.000000 -0.017452
0.999848 -0.000001 -0.017452
0.999848 -0.000001 -0.017452
-0.999848 0.000000 0.017453
-0.999848 0.000000 0.017452
-0.999848 0.000001 0.017451
0.001138 -0.997871 0.065211
0.001138 -0.997871 0.065211
0.001138 -0.997871 0.065211
0.017432 0.049938 0.998600
0.017433 0.049937 0.998600
0.999848 -0.000000 -0.017453
0.999848 -0.000000 -0.017453
0.999848 -0.000000 -0.017453
-0.999848 -0.000000 0.017452
-0.999848 0.000000 0.017453
-0.999848 -0.000001 0.017451
280
1 0 1 2 0 1 2 2
1 3 4 5 3 4 5 2
1 0 3 1 6 6 7 1
1 3 5 1 6 8 7 1
1 1 6 2 1 9 2 2
1 5 4 7 5 4 10 2
1 1 5 7 7 8 11 1
1 1 7 6 7 11 11 1
1 6 8 2 9 12 2 2
1 7 4 9 10 4 13 2
1 6 7 8 11 11 14 1
1 7 9 8 11 14 14 1
1 8 10 2 12 15 2 2
1 9 4 11 13 4 16 2
1 8 9 11 14 14 17 1
1 8 11 10 14 17 18 1
1 10 12 2 15 19 2 2
1 11 4 13 16 4 20 2
1 10 11 12 18 17 21 1
1 11 13 12 17 21 21 1
1 12 14 2 19 22 2 2
1 13 4 15 20 4 23 2
1 12 13 15 21 21 24 1
1 12 15 14 21 24 24 1
1 14 16 2 22 25 2 2
1 15 4 17 23 4 26 2
1 14 15 16 24 24 27 1
1 15 17 16 24 28 27 1
1 16 18 2 25 29 2 2
1 17 4 19 26 4 30 2
1 16 17 19 27 28 31 1
1 16 19 18 27 31 32 1
1 18 20 2 29 33 2 2
1 19 4 21 30 4 34 2
1 18 19 20 32 31 35 1
1 19 21 20 31 35 35 1
1 20 22 2 33 36 2 2
1 21 4 23 34 4 37 2
1 20 21 23 35 35 38 1
1 20 23 22 35 38 38 1
1 22 24 2 36 39 2 2
1 23 4 25 37 4 40 2
1 22 23 24 38 38 41 1
1 23 25 24 38 41 41 1
1 24 0 2 39 0 2 2
1 25 4 3 40 4 3 2
1 24 25 3 41 41 6 1
1 24 3 0 41 6 6 1
1 26 27 28 42 43 44 2
1 29 30 31 45 46 47 2
1 26 29 27 48 48 49 1
1 29 31 27 48 50 49 1
1 27 32 28 43 51 44 2
1 31 30 33 47 46 52 2
1 27 31 33 49 50 53 1
1 27 33 32 49 53 53 1
1 32 34 28 51 54 44 2
1 33 30 35 52 46 55 2
1 32 33 34 53 53 56 1
1 33 35 34 53 56 56 1
1 34 36 28 54 57 44 2
1 35 30 37 55 46 58 2
1 34 35 37 56 56 18 1
1 34 37 36 56 18 18 1
1 36 38 28 57 59 44 2
1 37 30 39 58 46 60 2
1 36 37 38 18 18 61 1
1 37 39 38 18 61 61 1
1 38 40 28 59 62 44 2
1 39 30 41 60 46 63 2
1 38 39 41 61 61 64 1
1 38 41 40 61 64 64 1
1 40 42 28 62 65 44 2
1 41 30 43 63 46 66 2
1 40 41 42 64 64 67 1
1 41 43 42 64 68 67 1
1 42 44 28 65 69 44 2
1 43 30 45 66 46 70 2
1 42 43 45 67 68 71 1
1 42 45 44 67 71 72 1
1 44 46 28 69 73 44 2
1 45 30 47 70 46 74 2
1 44 45 46 72 71 75 1
1 45 47 46 71 75 75 1
1 46 48 28 73 76 44 2
1 47 30 49 74 46 77 2
1 46 47 49 75 75 78 1
1 46 49 48 75 78 78 1
1 48 50 28 76 79 44 2
1 49 30 51 77 46 80 2
1 48 49 50 78 78 81 1
1 49 51 50 78 81 81 1
1 50 26 28 79 42 44 2
1 51 30 29 80 46 45 2
1 50 51 29 81 81 48 1
1 50 29 26 81 48 48 1
1 52 53 54 82 82 82 1
1 53 55 54 82 82 82 1
1 54 55 56 83 84 84 2
1 55 57 56 84 84 84 2
1 56 57 58 85 85 85 1
1 57 59 58 85 85 85 1
1 58 59 52 24 24 24 2
1 59 53 52 24 24 24 2
1 58 52 56 86 87 87 3
1 52 54 56 87 88 87 3
1 53 59 55 89 90 90 3
1 59 57 55 90 91 90 3
1 60 61 62 92 92 92 1
1 60 63 61 92 92 92 1
1 64 63 60 93 93 94 2
1 64 65 63 93 93 93 2
1 66 65 64 95 95 95 1
1 66 67 65 95 95 95 1
1 62 67 66 6 6 6 2
1 62 61 67 6 6 6 2
1 64 62 66 96 96 97 3
1 64 60 62 96 98 96 3
1 63 67 61 99 99 100 3
1 63 65 67 99 101 99 3
1 68 69 70 102 103 103 1
1 69 71 70 103 104 103 1
1 70 71 72 105 106 106 2
1 71 73 72 106 107 106 2
1 72 73 74 108 109 109 1
1 73 75 74 109 110 109 1
1 74 68 72 111 112 112 3
1 68 70 72 112 113 112 3
1 69 75 71 114 115 115 3
1 75 73 71 115 116 115 3
1 76 77 78 117 117 118 1
1 76 79 77 117 119 117 1
1 80 79 76 120 120 121 2
1 80 81 79 120 122 120 2
1 82 81 80 123 123 124 1
1 82 83 81 123 125 123 1
1 80 78 82 126 126 127 3
1 80 76 78 126 128 126 3
1 79 83 77 129 129 130 3
1 79 81 83 129 131 129 3
1 84 85 86 132 133 134 2
1 87 88 89 135 136 137 2
1 84 87 85 6 6 138 1
1 87 89 85 6 138 138 1
1 85 90 86 133 139 134 2
1 89 88 91 137 136 140 2
1 85 89 91 138 138 141 1
1 85 91 90 138 141 53 1
1 90 92 86 139 142 134 2
1 91 88 93 140 136 143 2
1 90 91 92 53 141 144 1
1 91 93 92 141 144 144 1
1 92 94 86 142 145 134 2
1 93 88 95 143 136 146 2
1 92 93 95 144 144 147 1
1 92 95 94 144 147 147 1
1 94 96 86 145 148 134 2
1 95 88 97 146 136 149 2
1 94 95 96 147 147 61 1
1 95 97 96 147 61 61 1
1 96 98 86 148 150 134 2
1 97 88 99 149 136 151 2
1 96 97 99 61 61 24 1
1 96 99 98 61 24 24 1
1 98 100 86 150 152 134 2
1 99 88 101 151 136 153 2
1 98 99 100 24 24 154 1
1 99 101 100 24 155 154 1
1 100 102 86 152 156 134 2
1 101 88 103 153 136 157 2
1 100 101 103 154 155 158 1
1 100 103 102 154 158 159 1
1 102 104 86 156 160 134 2
1 103 88 105 157 136 161 2
1 102 103 104 159 158 162 1
1 103 105 104 158 162 162 1
1 104 106 86 160 163 134 2
1 105 88 107 161 136 164 2
1 104 105 107 162 162 165 1
1 104 107 106 162 165 165 1
1 106 108 86 163 166 134 2
1 107 88 109 164 136 167 2
1 106 107 108 165 165 168 1
1 107 109 108 165 168 168 1
1 108 84 86 166 132 134 2
1 109 88 87 167 136 135 2
1 108 109 87 168 168 6 1
1 108 87 84 168 6 6 1
1 110 111 112 169 170 171 2
1 113 114 115 172 173 174 2
1 110 113 111 175 175 49 1
1 113 115 111 175 49 49 1
1 111 116 112 170 176 171 2
1 115 114 117 174 173 177 2
1 111 115 117 49 49 178 1
1 111 117 116 49 178 178 1
1 116 118 112 176 179 171 2
1 117 114 119 177 173 180 2
1 116 117 118 178 178 181 1
1 117 119 118 178 181 181 1
1 118 120 112 179 182 171 2
1 119 114 121 180 173 183 2
1 118 119 121 181 181 184 1
1 118 121 120 181 184 184 1
1 120 122 112 182 185 171 2
1 121 114 123 183 173 186 2
1 120 121 122 184 184 187 1
1 121 123 122 184 187 187 1
1 122 124 112 185 188 171 2
1 123 114 125 186 173 189 2
1 122 123 125 187 187 190 1
1 122 125 124 187 190 190 1
1 124 126 112 188 191 171 2
1 125 114 127 189 173 192 2
1 124 125 126 190 190 193 1
1 125 127 126 190 194 193 1
1 126 128 112 191 195 171 2
1 127 114 129 192 173 196 2
1 126 127 129 193 194 197 1
1 126 129 128 193 197 197 1
1 128 130 112 195 198 171 2
1 129 114 131 196 173 199 2
1 128 129 130 197 197 200 1
1 129 131 130 197 200 200 1
1 130 132 112 198 201 171 2
1 131 114 133 199 173 202 2
1 130 131 133 200 200 203 1
1 130 133 132 200 203 204 1
1 132 134 112 201 205 171 2
1 133 114 135 202 173 206 2
1 132 133 134 204 203 207 1
1 133 135 134 203 208 207 1
1 134 110 112 205 169 171 2
1 135 114 113 206 173 172 2
1 134 135 113 207 208 175 1
1 134 113 110 207 175 175 1
1 136 137 138 209 209 209 1
1 137 139 138 209 209 209 1
1 138 139 140 83 84 84 2
1 139 141 140 84 84 84 2
1 140 141 142 210 210 210 1
1 141 143 142 210 210 210 1
1 142 143 136 24 24 24 2
1 143 137 136 24 24 24 2
1 142 136 140 211 212 212 3
1 136 138 140 212 213 212 3
1 137 143 139 214 215 215 3
1 143 141 139 215 216 215 3
1 144 145 146 217 217 217 1
1 144 147 145 217 217 217 1
1 148 147 144 93 93 94 2
1 148 149 147 93 93 93 2
1 150 149 148 218 218 218 1
1 150 151 149 218 218 218 1
1 146 151 150 6 6 6 2
1 146 145 151 6 6 6 2
1 148 146 150 219 219 220 3
1 148 144 146 219 221 219 3
1 147 151 145 222 222 223 3
1 147 149 151 222 224 222 3
1 152 153 154 225 103 103 1
1 153 155 154 103 226 103 1
1 154 155 156 227 228 228 2
1 155 157 156 228 229 228 2
1 156 157 158 108 109 109 1
1 157 159 158 109 110 109 1
1 158 152 156 230 231 231 3
1 152 154 156 231 232 231 3
1 153 159 155 233 234 234 3
1 159 157 155 234 235 234 3
1 160 161 162 236 236 237 1
1 160 163 161 236 238 236 1
1 164 163 160 239 239 240 2
1 164 165 163 239 122 239 2
1 166 165 164 123 123 124 1
1 166 167 165 123 125 123 1
1 164 162 166 241 241 242 3
1 164 160 162 241 243 241 3
1 163 167 161 244 244 245 3
1 163 165 167 244 246 244 3

Materials: 1
"Material02"
0.200000 0.200000 0.200000 1.000000
0.800000 0.800000 0.800000 1.000000
0.000000 0.000000 0.000000 1.000000
0.000000 0.000000 0.000000 1.000000
0.000000
1.000000
"..\Image\RunTimeItem.tga"
""

Bones: 0
GroupComments: 0
MaterialComments: 0
BoneComments: 0
ModelComment: 0
