// MilkShape 3D ASCII

Frames: 30
Frame: 1

Meshes: 1
"Regroup00" 0 0
417
0 8.272974 2.368294 8.209516 0.173609 0.794878 -1
0 9.269936 1.371331 8.209516 0.246608 0.867807 -1
0 9.682892 2.368294 8.209516 0.276846 0.794878 -1
0 9.743418 0.897848 7.323209 0.067959 0.902443 -1
0 8.272974 2.368294 7.323209 0.175629 0.794878 -1
0 10.352501 2.368294 7.323209 0.023361 0.794878 -1
0 9.743418 0.897848 9.042918 0.281278 0.902443 -1
0 10.352501 2.368294 9.042918 0.325876 0.794878 -1
0 9.743418 0.897848 9.042918 0.067959 0.902443 -1
0 10.352501 2.368294 9.042918 0.023361 0.794878 -1
0 8.272974 0.958377 8.209516 0.173609 0.898015 -1
0 8.272974 0.288770 7.323209 0.175629 0.946998 -1
0 8.272974 0.288770 9.042918 0.173609 0.946998 -1
0 8.272974 0.288770 9.042918 0.175629 0.946998 -1
0 7.276014 1.371331 8.209516 0.100609 0.867807 -1
0 6.802530 0.897848 7.323209 0.283299 0.902443 -1
0 6.802530 0.897848 9.042918 0.065939 0.902443 -1
0 6.802530 0.897848 9.042918 0.283299 0.902443 -1
0 6.863060 2.368294 8.209516 0.070371 0.794878 -1
0 6.193452 2.368294 7.323209 0.327897 0.794878 -1
0 6.193452 2.368294 9.042918 0.021341 0.794878 -1
0 6.193452 2.368294 9.042918 0.327897 0.794878 -1
0 7.276014 3.365252 8.209516 0.100609 0.721949 -1
0 6.802530 3.838736 7.323209 0.283299 0.687313 -1
0 6.802530 3.838736 9.042918 0.065939 0.687313 -1
0 6.802530 3.838736 9.042918 0.283299 0.687313 -1
0 8.272974 3.778207 8.209516 0.173609 0.691741 -1
0 8.272974 4.447816 7.323209 0.175629 0.642758 -1
0 8.272974 4.447816 9.042918 0.173609 0.642758 -1
0 8.272974 4.447816 9.042918 0.175629 0.642758 -1
0 9.269936 3.365252 8.209516 0.246608 0.721949 -1
0 9.743418 3.838736 7.323209 0.067959 0.687313 -1
0 9.743418 3.838736 9.042918 0.281278 0.687313 -1
0 9.743418 3.838736 9.042918 0.067959 0.687313 -1
0 9.682892 2.368294 -6.414946 0.072392 0.794878 -1
0 9.269936 1.371331 -6.414946 0.102629 0.867807 -1
0 8.272974 2.368294 -6.414946 0.175629 0.794878 -1
0 10.352501 2.368294 -5.528638 0.325876 0.794878 -1
0 8.272974 2.368294 -5.528638 0.173609 0.794878 -1
0 9.743418 0.897848 -5.528638 0.281278 0.902443 -1
0 10.352501 2.368294 -7.248346 0.023361 0.794878 -1
0 9.743418 0.897848 -7.248346 0.067959 0.902443 -1
0 10.352501 2.368294 -5.528638 0.023361 0.794878 -1
0 9.743418 0.897848 -5.528638 0.067959 0.902443 -1
0 8.272974 0.958377 -6.414946 0.175629 0.898015 -1
0 8.272974 0.288770 -5.528638 0.173609 0.946998 -1
0 8.272974 0.288770 -7.248346 0.175629 0.946998 -1
0 8.272974 0.288770 -5.528638 0.175629 0.946998 -1
0 7.276014 1.371331 -6.414946 0.248629 0.867807 -1
0 6.802530 0.897848 -5.528638 0.065939 0.902443 -1
0 6.802530 0.897848 -7.248346 0.283299 0.902443 -1
0 6.802530 0.897848 -5.528638 0.283299 0.902443 -1
0 6.863060 2.368294 -6.414946 0.278866 0.794878 -1
0 6.193452 2.368294 -5.528638 0.021341 0.794878 -1
0 6.193452 2.368294 -7.248346 0.327897 0.794878 -1
0 6.193452 2.368294 -5.528638 0.327897 0.794878 -1
0 7.276014 3.365252 -6.414946 0.248629 0.721949 -1
0 6.802530 3.838736 -5.528638 0.065939 0.687313 -1
0 6.802530 3.838736 -7.248346 0.283299 0.687313 -1
0 6.802530 3.838736 -5.528638 0.283299 0.687313 -1
0 8.272974 3.778207 -6.414946 0.175629 0.691741 -1
0 8.272974 4.447816 -5.528638 0.173609 0.642758 -1
0 8.272974 4.447816 -7.248346 0.175629 0.642758 -1
0 8.272974 4.447816 -5.528638 0.175629 0.642758 -1
0 9.269936 3.365252 -6.414946 0.102629 0.721949 -1
0 9.743418 3.838736 -5.528638 0.281278 0.687313 -1
0 9.743418 3.838736 -7.248346 0.067959 0.687313 -1
0 9.743418 3.838736 -5.528638 0.067959 0.687313 -1
0 4.017793 2.368294 8.209516 0.175776 0.794878 -1
0 5.014754 1.371331 8.209516 0.248776 0.867807 -1
0 5.427708 2.368294 8.209516 0.279013 0.794878 -1
0 5.488237 0.897848 7.323209 0.065792 0.902061 -1
0 4.017793 2.368294 7.323209 0.173462 0.794497 -1
0 6.097316 2.368294 7.323209 0.021194 0.794497 -1
0 5.488237 0.897848 9.042918 0.283446 0.902443 -1
0 6.097316 2.368294 9.042918 0.328044 0.794878 -1
0 5.488237 0.897848 9.042918 0.065792 0.902061 -1
0 6.097316 2.368294 9.042918 0.021194 0.794497 -1
0 4.017793 0.958377 8.209516 0.175776 0.898015 -1
0 4.017793 0.288770 7.323209 0.173462 0.946616 -1
0 4.017793 0.288770 9.042918 0.175776 0.946998 -1
0 4.017793 0.288770 9.042918 0.173462 0.946616 -1
0 3.020831 1.371331 8.209516 0.102776 0.867807 -1
0 2.547348 0.897848 7.323209 0.281131 0.902061 -1
0 2.547348 0.897848 9.042918 0.068106 0.902443 -1
0 2.547348 0.897848 9.042918 0.281131 0.902061 -1
0 2.607878 2.368294 8.209516 0.072538 0.794878 -1
0 1.938270 2.368294 7.323209 0.325729 0.794497 -1
0 1.938270 2.368294 9.042918 0.023508 0.794878 -1
0 1.938270 2.368294 9.042918 0.325729 0.794497 -1
0 3.020831 3.365252 8.209516 0.102776 0.721949 -1
0 2.547348 3.838736 7.323209 0.281131 0.686932 -1
0 2.547348 3.838736 9.042918 0.068106 0.687313 -1
0 2.547348 3.838736 9.042918 0.281131 0.686932 -1
0 4.017793 3.778207 8.209516 0.175776 0.691741 -1
0 4.017793 4.447816 7.323209 0.173462 0.642377 -1
0 4.017793 4.447816 9.042918 0.175776 0.642758 -1
0 4.017793 4.447816 9.042918 0.173462 0.642377 -1
0 5.014754 3.365252 8.209516 0.248776 0.721949 -1
0 5.488237 3.838736 7.323209 0.065792 0.686932 -1
0 5.488237 3.838736 9.042918 0.283446 0.687313 -1
0 5.488237 3.838736 9.042918 0.065792 0.686932 -1
0 5.427708 2.368294 -6.414946 0.070224 0.794497 -1
0 5.014754 1.371331 -6.414946 0.100462 0.867425 -1
0 4.017793 2.368294 -6.414946 0.173462 0.794497 -1
0 6.097316 2.368294 -5.528638 0.328044 0.794878 -1
0 4.017793 2.368294 -5.528638 0.175776 0.794878 -1
0 5.488237 0.897848 -5.528638 0.283446 0.902443 -1
0 6.097316 2.368294 -7.248346 0.021194 0.794497 -1
0 5.488237 0.897848 -7.248346 0.065792 0.902061 -1
0 6.097316 2.368294 -5.528638 0.021194 0.794497 -1
0 5.488237 0.897848 -5.528638 0.065792 0.902061 -1
0 4.017793 0.958377 -6.414946 0.173462 0.897634 -1
0 4.017793 0.288770 -5.528638 0.175776 0.946998 -1
0 4.017793 0.288770 -7.248346 0.173462 0.946616 -1
0 4.017793 0.288770 -5.528638 0.173462 0.946616 -1
0 3.020831 1.371331 -6.414946 0.246462 0.867425 -1
0 2.547348 0.897848 -5.528638 0.068106 0.902443 -1
0 2.547348 0.897848 -7.248346 0.281131 0.902061 -1
0 2.547348 0.897848 -5.528638 0.281131 0.902061 -1
0 2.607878 2.368294 -6.414946 0.276699 0.794497 -1
0 1.938270 2.368294 -5.528638 0.023508 0.794878 -1
0 1.938270 2.368294 -7.248346 0.325729 0.794497 -1
0 1.938270 2.368294 -5.528638 0.325729 0.794497 -1
0 3.020831 3.365252 -6.414946 0.246462 0.721568 -1
0 2.547348 3.838736 -5.528638 0.068106 0.687313 -1
0 2.547348 3.838736 -7.248346 0.281131 0.686932 -1
0 2.547348 3.838736 -5.528638 0.281131 0.686932 -1
0 4.017793 3.778207 -6.414946 0.173462 0.691359 -1
0 4.017793 4.447816 -5.528638 0.175776 0.642758 -1
0 4.017793 4.447816 -7.248346 0.173462 0.642377 -1
0 4.017793 4.447816 -5.528638 0.173462 0.642377 -1
0 5.014754 3.365252 -6.414946 0.100462 0.721568 -1
0 5.488237 3.838736 -5.528638 0.283446 0.687313 -1
0 5.488237 3.838736 -7.248346 0.065792 0.686932 -1
0 5.488237 3.838736 -5.528638 0.065792 0.686932 -1
0 -9.914507 2.368294 8.209516 0.070700 0.794878 -1
0 -9.501554 1.371331 8.209516 0.100937 0.867807 -1
0 -8.504597 2.368294 8.209516 0.173937 0.794878 -1
0 -10.584122 2.368294 7.323209 0.327568 0.793353 -1
0 -8.504597 2.368294 7.323209 0.175300 0.793353 -1
0 -9.975040 0.897848 7.323209 0.282970 0.900918 -1
0 -10.584122 2.368294 9.042918 0.021669 0.794878 -1
0 -9.975040 0.897848 9.042918 0.066267 0.902443 -1
0 -10.584122 2.368294 9.042918 0.330183 0.793734 -1
0 -10.584122 2.368294 7.323209 0.330183 0.793734 -1
0 -9.975040 0.897848 9.042918 0.285584 0.901299 -1
0 -9.975040 0.897848 7.323209 0.285584 0.901299 -1
0 -8.504597 0.958377 8.209516 0.173937 0.898015 -1
0 -8.504597 0.288770 7.323209 0.175300 0.945473 -1
0 -8.504597 0.288770 9.042918 0.173937 0.946998 -1
0 -9.975040 0.897848 9.042918 0.282970 0.900918 -1
0 -8.504597 0.288770 9.042918 0.175300 0.945473 -1
0 -7.507636 1.371331 8.209516 0.246937 0.867807 -1
0 -7.034148 0.897848 7.323209 0.067631 0.900918 -1
0 -7.034148 0.897848 9.042918 0.281607 0.902443 -1
0 -7.034148 0.897848 9.042918 0.067631 0.900918 -1
0 -7.094680 2.368294 8.209516 0.277174 0.794878 -1
0 -6.425076 2.368294 7.323209 0.023032 0.793353 -1
0 -6.425076 2.368294 9.042918 0.326205 0.794878 -1
0 -6.425076 2.368294 9.042918 0.023032 0.793353 -1
0 -7.507636 3.365252 8.209516 0.246937 0.721949 -1
0 -7.034148 3.838736 7.323209 0.067631 0.685788 -1
0 -7.034148 3.838736 9.042918 0.281607 0.687313 -1
0 -7.034148 3.838736 9.042918 0.067631 0.685788 -1
0 -8.504597 3.778207 8.209516 0.173937 0.691741 -1
0 -8.504597 4.447816 7.323209 0.175300 0.641233 -1
0 -8.504597 4.447816 9.042918 0.173937 0.642758 -1
0 -8.504597 4.447816 9.042918 0.175300 0.641233 -1
0 -9.501554 3.365252 8.209516 0.100937 0.721949 -1
0 -9.975040 3.838736 7.323209 0.282970 0.685788 -1
0 -9.975040 3.838736 9.042918 0.066267 0.687313 -1
0 -8.504597 4.447816 9.042918 0.177915 0.641614 -1
0 -8.504597 4.447816 7.323209 0.177915 0.641614 -1
0 -9.975040 3.838736 9.042918 0.285584 0.686169 -1
0 -9.975040 3.838736 7.323209 0.285584 0.686169 -1
0 -8.504597 2.368294 -6.414946 0.175300 0.793353 -1
0 -9.501554 1.371331 -6.414946 0.248300 0.866282 -1
0 -9.914507 2.368294 -6.414946 0.278538 0.793353 -1
0 -9.975040 0.897848 -5.528638 0.066267 0.902443 -1
0 -8.504597 2.368294 -5.528638 0.173937 0.794878 -1
0 -10.584122 2.368294 -5.528638 0.021669 0.794878 -1
0 -9.975040 0.897848 -7.248346 0.285584 0.901299 -1
0 -10.584122 2.368294 -7.248346 0.330183 0.793734 -1
0 -9.914507 2.368294 -6.414946 0.281152 0.793734 -1
0 -9.975040 0.897848 -7.248346 0.282970 0.900918 -1
0 -10.584122 2.368294 -5.528638 0.330183 0.793734 -1
0 -9.975040 0.897848 -5.528638 0.285584 0.901299 -1
0 -8.504597 0.958377 -6.414946 0.175300 0.896490 -1
0 -8.504597 0.288770 -5.528638 0.173937 0.946998 -1
0 -8.504597 0.288770 -7.248346 0.175300 0.945473 -1
0 -8.504597 0.288770 -5.528638 0.175300 0.945473 -1
0 -9.975040 0.897848 -5.528638 0.282970 0.900918 -1
0 -7.507636 1.371331 -6.414946 0.102300 0.866282 -1
0 -7.034148 0.897848 -5.528638 0.281607 0.902443 -1
0 -7.034148 0.897848 -7.248346 0.067631 0.900918 -1
0 -7.034148 0.897848 -5.528638 0.067631 0.900918 -1
0 -7.094680 2.368294 -6.414946 0.072063 0.793353 -1
0 -6.425076 2.368294 -5.528638 0.326205 0.794878 -1
0 -6.425076 2.368294 -7.248346 0.023032 0.793353 -1
0 -6.425076 2.368294 -5.528638 0.023032 0.793353 -1
0 -7.507636 3.365252 -6.414946 0.102300 0.720424 -1
0 -7.034148 3.838736 -5.528638 0.281607 0.687313 -1
0 -7.034148 3.838736 -7.248346 0.067631 0.685788 -1
0 -7.034148 3.838736 -5.528638 0.067631 0.685788 -1
0 -8.504597 3.778207 -6.414946 0.175300 0.690216 -1
0 -8.504597 4.447816 -5.528638 0.173937 0.642758 -1
0 -8.504597 4.447816 -7.248346 0.175300 0.641233 -1
0 -8.504597 4.447816 -5.528638 0.175300 0.641233 -1
0 -9.501554 3.365252 -6.414946 0.248300 0.720424 -1
0 -9.975040 3.838736 -5.528638 0.066267 0.687313 -1
0 -9.975040 3.838736 -7.248346 0.282970 0.685788 -1
0 -9.975040 3.838736 -7.248346 0.285584 0.686169 -1
0 -8.504597 4.447816 -5.528638 0.177915 0.641614 -1
0 -8.504597 4.447816 -7.248346 0.177915 0.641614 -1
0 -9.975040 3.838736 -5.528638 0.285584 0.686169 -1
0 -13.975542 8.933429 8.965312 0.225323 0.069866 -1
0 -9.740622 1.638834 7.140168 0.314467 0.292403 -1
0 13.743917 8.933429 8.965312 0.808806 0.069866 -1
0 9.509003 1.638834 7.140168 0.719663 0.292403 -1
0 13.743917 8.933429 8.965312 0.252812 0.070834 -1
0 9.509003 1.638834 7.140168 0.315646 0.290143 -1
0 13.743917 8.933429 -7.170741 0.808324 0.070834 -1
0 9.509003 1.638834 -5.345601 0.745490 0.290143 -1
0 13.743917 8.933429 -7.170741 0.236544 0.065586 -1
0 9.509003 1.638834 -5.345601 0.325688 0.288124 -1
0 -13.975542 8.933429 -7.170741 0.820026 0.065586 -1
0 -9.740622 1.638834 -5.345601 0.730883 0.288124 -1
0 -13.975542 8.933429 -7.170741 0.243316 0.067085 -1
0 -9.740622 1.638834 -5.345601 0.306150 0.286394 -1
0 -13.975542 8.933429 8.965312 0.798828 0.067085 -1
0 -9.740622 1.638834 7.140168 0.735994 0.286394 -1
0 -13.975542 8.933429 -7.170741 0.306510 0.061958 -1
0 -13.975542 8.933429 8.965312 0.306510 0.305066 -1
0 13.743917 8.933429 -7.170741 0.742020 0.061958 -1
0 13.743917 8.933429 8.965312 0.742020 0.305066 -1
0 -9.740622 1.638834 7.140168 0.303015 0.068189 -1
0 -9.740622 1.638834 -5.345601 0.303015 0.293932 -1
0 9.509003 1.638834 7.140168 0.736536 0.068189 -1
0 9.509003 1.638834 -5.345601 0.736536 0.293932 -1
0 -9.814440 3.097753 -7.126770 0.392923 0.112211 -1
0 -11.210775 3.097753 -7.126770 0.376229 0.112211 -1
0 -10.435961 4.968327 -7.126770 0.385492 0.112211 -1
0 -9.448595 3.980963 -7.126770 0.397297 0.112211 -1
0 -11.210775 3.097753 -4.938390 0.376229 0.218498 -1
0 -10.435961 4.968327 -4.938390 0.385492 0.218498 -1
0 -8.565382 4.346802 -7.126770 0.407857 0.112211 -1
0 -8.565382 5.743145 -7.126770 0.407857 0.112211 -1
0 -8.565382 5.743145 -4.938390 0.407857 0.218498 -1
0 -6.694814 4.968327 -7.126770 0.430221 0.112211 -1
0 -7.682172 3.980963 -7.126770 0.418416 0.112211 -1
0 -6.694814 4.968327 -4.938390 0.430221 0.218498 -1
0 -7.316331 3.097753 -7.126770 0.422790 0.112211 -1
0 -5.919993 3.097753 -7.126770 0.439484 0.112211 -1
0 -5.919993 3.097753 -4.938390 0.439484 0.218498 -1
0 9.582813 3.097753 8.921341 0.466869 0.216136 -1
0 10.979151 3.097753 8.921341 0.483563 0.216136 -1
0 10.204332 4.968327 8.921341 0.474299 0.216136 -1
0 9.216976 3.980963 8.921341 0.462495 0.216136 -1
0 10.979151 3.097753 6.732964 0.483563 0.109849 -1
0 10.204332 4.968327 6.732964 0.474299 0.109849 -1
0 8.333761 4.346802 8.921341 0.451935 0.216136 -1
0 8.333761 5.743145 8.921341 0.451935 0.216136 -1
0 8.333761 5.743145 6.732964 0.451935 0.109849 -1
0 6.463189 4.968327 8.921341 0.429571 0.216136 -1
0 7.450548 3.980963 8.921341 0.441376 0.216136 -1
0 6.463189 4.968327 6.732964 0.429571 0.109849 -1
0 7.084712 3.097753 8.921341 0.437002 0.216136 -1
0 5.688374 3.097753 8.921341 0.420308 0.216136 -1
0 5.688374 3.097753 6.732964 0.420308 0.109849 -1
0 5.449210 3.097753 8.921341 0.417448 0.216136 -1
0 5.629784 3.097753 8.921341 0.419607 0.216136 -1
0 6.435463 4.968327 8.921341 0.429240 0.216136 -1
0 5.448102 3.980963 8.921341 0.417435 0.216136 -1
0 5.629784 3.097753 6.732964 0.419607 0.109849 -1
0 6.435463 4.968327 6.732964 0.429240 0.109849 -1
0 4.564888 4.346802 8.921341 0.406876 0.216136 -1
0 4.564888 5.743145 8.921341 0.406876 0.216136 -1
0 4.564888 5.743145 6.732964 0.406876 0.109849 -1
0 2.694314 4.968327 8.921341 0.384511 0.216136 -1
0 3.681677 3.980963 8.921341 0.396316 0.216136 -1
0 2.694314 4.968327 6.732964 0.384511 0.109849 -1
0 3.315838 3.097753 8.921341 0.391942 0.216136 -1
0 1.919499 3.097753 8.921341 0.375248 0.216136 -1
0 1.919499 3.097753 6.732964 0.375248 0.109849 -1
0 10.204332 4.968327 -7.126770 0.474299 0.105716 -1
0 10.979151 3.097753 -7.126770 0.483563 0.105716 -1
0 9.582813 3.097753 -7.126770 0.466869 0.105716 -1
0 9.216976 3.980963 -7.126770 0.462495 0.105716 -1
0 10.979151 3.097753 -4.938390 0.483563 0.212002 -1
0 10.204332 4.968327 -4.938390 0.474299 0.212002 -1
0 8.333761 4.346802 -7.126770 0.451935 0.105716 -1
0 8.333761 5.743145 -7.126770 0.451935 0.105716 -1
0 8.333761 5.743145 -4.938390 0.451935 0.212002 -1
0 6.463189 4.968327 -7.126770 0.429571 0.105716 -1
0 7.450548 3.980963 -7.126770 0.441376 0.105716 -1
0 6.463189 4.968327 -4.938390 0.429571 0.212002 -1
0 7.084712 3.097753 -7.126770 0.437002 0.105716 -1
0 5.688374 3.097753 -7.126770 0.420308 0.105716 -1
0 5.688374 3.097753 -4.938390 0.420308 0.212002 -1
0 6.435463 4.968327 -7.126770 0.429240 0.105716 -1
0 5.629784 3.097753 -7.126770 0.419607 0.105716 -1
0 5.449210 3.097753 -7.126770 0.417448 0.105716 -1
0 5.448102 3.980963 -7.126770 0.417435 0.105716 -1
0 5.629784 3.097753 -4.938390 0.419607 0.212002 -1
0 6.435463 4.968327 -4.938390 0.429240 0.212002 -1
0 4.564888 4.346802 -7.126770 0.406876 0.105716 -1
0 4.564888 5.743145 -7.126770 0.406876 0.105716 -1
0 4.564888 5.743145 -4.938390 0.406876 0.212002 -1
0 2.694314 4.968327 -7.126770 0.384511 0.105716 -1
0 3.681677 3.980963 -7.126770 0.396316 0.105716 -1
0 2.694314 4.968327 -4.938390 0.384511 0.212002 -1
0 3.315838 3.097753 -7.126770 0.391942 0.105716 -1
0 1.919499 3.097753 -7.126770 0.375248 0.105716 -1
0 1.919499 3.097753 -4.938390 0.375248 0.212002 -1
0 -10.435961 4.968327 8.921341 0.384480 0.216136 -1
0 -11.210775 3.097753 8.921341 0.375216 0.216136 -1
0 -9.814440 3.097753 8.921341 0.391911 0.216136 -1
0 -9.448595 3.980963 8.921341 0.396284 0.216136 -1
0 -11.210775 3.097753 6.732964 0.375216 0.109849 -1
0 -10.435961 4.968327 6.732964 0.384480 0.109849 -1
0 -8.565382 4.346802 8.921341 0.406844 0.216136 -1
0 -8.565382 5.743145 8.921341 0.406844 0.216136 -1
0 -8.565382 5.743145 6.732964 0.406844 0.109849 -1
0 -6.694814 4.968327 8.921341 0.429208 0.216136 -1
0 -7.682172 3.980963 8.921341 0.417403 0.216136 -1
0 -6.694814 4.968327 6.732964 0.429208 0.109849 -1
0 -7.316331 3.097753 8.921341 0.421777 0.216136 -1
0 -5.919993 3.097753 8.921341 0.438472 0.216136 -1
0 -5.919993 3.097753 6.732964 0.438472 0.109849 -1
0 14.169439 9.210038 6.185868 0.117978 0.212312 -1
0 14.169439 8.753266 7.236109 0.117978 0.245019 -1
0 14.169439 7.650509 6.185868 0.117978 0.212312 -1
0 12.710518 8.562337 6.185868 0.091186 0.212312 -1
0 12.710518 7.650509 6.185868 0.091186 0.212312 -1
0 12.710518 8.295268 6.830625 0.091186 0.232391 -1
0 14.169439 7.650509 7.671135 0.117978 0.258566 -1
0 12.710518 7.650509 7.097692 0.091186 0.240708 -1
0 14.169439 6.547758 7.236109 0.117978 0.245019 -1
0 12.710518 7.005755 6.830625 0.091186 0.232391 -1
0 14.169439 6.090982 6.185868 0.117978 0.212312 -1
0 12.710518 6.738687 6.185868 0.091186 0.212312 -1
0 14.169439 6.547758 5.135629 0.117978 0.179606 -1
0 12.710518 7.005755 5.541109 0.091186 0.192233 -1
0 14.169439 7.650509 4.700604 0.117978 0.166058 -1
0 12.710518 7.650509 5.274044 0.091186 0.183916 -1
0 14.169439 8.753266 5.135629 0.117978 0.179606 -1
0 12.710518 8.295268 5.541109 0.091186 0.192233 -1
0 14.169439 7.650509 -4.391296 0.117175 0.217506 -1
0 14.169439 8.753266 -5.441535 0.117175 0.184800 -1
0 14.169439 9.210038 -4.391296 0.117175 0.217506 -1
0 12.710518 8.295268 -5.036053 0.090383 0.197427 -1
0 12.710518 7.650509 -4.391296 0.090383 0.217506 -1
0 12.710518 8.562337 -4.391296 0.090383 0.217506 -1
0 14.169439 7.650509 -5.876560 0.117175 0.171252 -1
0 12.710518 7.650509 -5.303120 0.090383 0.189110 -1
0 14.169439 6.547758 -5.441535 0.117175 0.184800 -1
0 12.710518 7.005755 -5.036053 0.090383 0.197427 -1
0 14.169439 6.090982 -4.391296 0.117175 0.217506 -1
0 12.710518 6.738687 -4.391296 0.090383 0.217506 -1
0 14.169439 6.547758 -3.341054 0.117175 0.250213 -1
0 12.710518 7.005755 -3.746539 0.090383 0.237585 -1
0 14.169439 7.650509 -2.906030 0.117175 0.263760 -1
0 12.710518 7.650509 -3.479471 0.090383 0.245902 -1
0 14.169439 8.753266 -3.341054 0.117175 0.250213 -1
0 12.710518 8.295268 -3.746539 0.090383 0.237585 -1
0 -1.937060 13.382546 2.628268 0.375412 0.104010 -1
0 -6.380562 9.213078 5.725876 0.375412 0.221804 -1
0 2.313321 13.382546 2.628268 0.485364 0.104010 -1
0 6.756826 9.213078 5.725876 0.485364 0.221804 -1
0 2.313321 13.382546 2.628268 0.375412 0.104010 -1
0 6.756826 9.213078 5.725876 0.375412 0.221804 -1
0 2.313321 13.382546 -0.833696 0.485364 0.104010 -1
0 6.756826 9.213078 -3.931305 0.485364 0.221804 -1
0 2.313321 13.382546 -0.833696 0.375412 0.104010 -1
0 6.756826 9.213078 -3.931305 0.375412 0.221804 -1
0 -1.937060 13.382546 -0.833696 0.485364 0.104010 -1
0 -6.380562 9.213078 -3.931305 0.485364 0.221804 -1
0 -1.937060 13.382546 -0.833696 0.375412 0.104010 -1
0 -6.380562 9.213078 -3.931305 0.375412 0.221804 -1
0 -1.937060 13.382546 2.628268 0.485364 0.104010 -1
0 -6.380562 9.213078 5.725876 0.485364 0.221804 -1
0 -1.937060 13.382546 2.628268 0.375412 0.221804 -1
0 2.313321 13.382546 2.628268 0.485364 0.221804 -1
0 -6.380562 9.213078 5.725876 0.375412 0.104010 -1
0 6.756826 9.213078 5.725876 0.485364 0.104010 -1
0 8.698490 11.601752 0.897286 0.991730 0.320753 -1
0 8.698490 11.372876 1.372548 0.991730 0.320753 -1
0 8.698490 10.993869 0.897286 0.991730 0.320753 -1
0 0.309704 11.601752 0.897286 0.991730 0.320753 -1
0 0.309704 10.993869 0.897286 0.991730 0.320753 -1
0 0.309704 11.372876 1.372548 0.991730 0.320753 -1
0 8.698490 11.601752 0.897286 0.468456 0.320753 -1
0 8.698490 11.372876 1.372548 0.468456 0.335969 -1
0 0.309704 11.372876 1.372548 0.991730 0.335969 -1
0 8.698490 10.858605 1.489928 0.991730 0.320753 -1
0 0.309704 10.858605 1.489928 0.991730 0.320753 -1
0 0.309704 10.858605 1.489928 0.991730 0.351186 -1
0 8.698490 10.858605 1.489928 0.468456 0.351186 -1
0 8.698490 10.446187 1.161037 0.991730 0.320753 -1
0 0.309704 10.446187 1.161037 0.991730 0.320753 -1
0 8.698490 10.446187 1.161037 0.468456 0.366402 -1
0 0.309704 10.446187 1.161037 0.991730 0.366402 -1
0 8.698490 10.446187 0.633536 0.991730 0.320753 -1
0 0.309704 10.446187 0.633536 0.991730 0.320753 -1
0 0.309704 10.446187 0.633536 0.991730 0.381619 -1
0 8.698490 10.446187 0.633536 0.468456 0.381619 -1
0 8.698490 10.858605 0.304644 0.991730 0.320753 -1
0 0.309704 10.858605 0.304644 0.991730 0.320753 -1
0 8.698490 10.858605 0.304644 0.468456 0.396836 -1
0 0.309704 10.858605 0.304644 0.991730 0.396836 -1
0 8.698490 11.372876 0.422024 0.991730 0.320753 -1
0 0.309704 11.372876 0.422024 0.991730 0.320753 -1
0 0.309704 11.372876 0.422024 0.991730 0.412052 -1
0 8.698490 11.372876 0.422024 0.468456 0.412052 -1
0 8.698490 11.601752 0.897286 0.468456 0.427269 -1
0 0.309704 11.601752 0.897286 0.991730 0.427269 -1
247
0.000000 0.000000 1.000000
0.000000 0.000000 -1.000000
-0.551225 0.551226 0.626339
-0.779550 -0.000000 0.626340
-0.779550 -0.000001 0.626339
-0.551226 0.551227 0.626338
0.707106 -0.707108 0.000000
1.000000 0.000001 0.000000
1.000000 0.000001 0.000000
0.000000 0.779551 0.626339
0.000000 0.779551 0.626339
0.000000 -1.000000 0.000000
0.551226 0.551225 0.626339
0.551226 0.551226 0.626339
-0.707107 -0.707107 0.000000
0.779550 -0.000001 0.626339
0.779550 -0.000000 0.626340
-1.000000 0.000001 0.000000
0.551226 -0.551225 0.626339
0.551226 -0.551226 0.626339
-0.707107 0.707107 0.000000
0.000000 -0.779550 0.626340
0.000000 -0.779550 0.626340
0.000000 1.000000 0.000000
-0.551225 -0.551226 0.626339
-0.551225 -0.551227 0.626338
0.707106 0.707108 0.000000
0.707106 0.707108 0.000000
-0.779550 -0.000001 -0.626340
0.292104 0.000000 -0.956387
0.206548 -0.206549 -0.956387
-0.551225 0.551226 -0.626339
0.000000 0.779550 -0.626340
0.000000 -0.292104 -0.956387
-0.206549 -0.206549 -0.956387
0.551225 0.551225 -0.626340
0.779550 -0.000001 -0.626340
-0.292104 0.000000 -0.956387
-0.206549 0.206549 -0.956387
0.551225 -0.551225 -0.626340
0.000000 -0.779550 -0.626340
0.000000 0.292104 -0.956387
0.206549 0.206549 -0.956386
-0.551225 -0.551226 -0.626339
-0.551226 0.551226 0.626339
-0.779550 -0.000000 0.626340
-0.779551 -0.000001 0.626339
-0.551226 0.551226 0.626338
0.707107 -0.707107 0.000000
1.000000 0.000001 0.000000
-0.000000 0.779551 0.626339
-0.000000 0.779551 0.626339
0.000000 -1.000000 0.000000
0.551226 0.551225 0.626339
0.551226 0.551226 0.626339
-0.707107 -0.707107 0.000000
0.779551 -0.000001 0.626339
0.779550 -0.000000 0.626339
-1.000000 0.000001 0.000000
0.551226 -0.551225 0.626339
0.551226 -0.551226 0.626339
-0.707107 0.707107 0.000000
-0.707107 0.707106 0.000000
-0.000000 -0.779550 0.626339
-0.000000 -0.779550 0.626340
0.000000 1.000000 0.000000
-0.551226 -0.551225 0.626339
-0.551226 -0.551226 0.626339
0.707107 0.707107 0.000000
0.707107 0.707107 0.000000
-0.779550 -0.000001 -0.626340
0.292104 0.000000 -0.956387
0.206549 -0.206549 -0.956387
-0.551226 0.551225 -0.626339
-0.000000 0.779550 -0.626339
0.000000 -0.292104 -0.956387
-0.206549 -0.206549 -0.956387
0.551226 0.551225 -0.626339
0.779550 -0.000001 -0.626340
-0.292104 0.000000 -0.956387
-0.206549 0.206549 -0.956387
0.551225 -0.551225 -0.626340
-0.000000 -0.779550 -0.626340
0.000000 0.292104 -0.956387
0.206549 0.206549 -0.956387
-0.551225 -0.551225 -0.626340
0.779549 -0.000001 0.626342
0.779547 -0.000000 0.626343
0.551225 0.551225 0.626340
0.551226 0.551225 0.626340
-1.000000 0.000001 0.000000
-0.923879 -0.382685 0.000000
0.000000 0.779551 0.626339
0.000000 0.779551 0.626339
-0.382684 -0.923880 0.000000
-0.000001 -1.000000 0.000000
-0.551225 0.551225 0.626340
-0.551224 0.551225 0.626340
0.707108 -0.707106 0.000000
0.707108 -0.707106 0.000000
-0.779550 -0.000001 0.626340
-0.779552 -0.000000 0.626338
1.000000 0.000001 0.000000
-0.551225 -0.551225 0.626340
-0.551224 -0.551225 0.626341
0.707108 0.707106 0.000000
0.000000 -0.779550 0.626340
0.000000 -0.779550 0.626340
0.382684 0.923879 0.000000
0.551225 -0.551225 0.626341
0.551226 -0.551224 0.626340
-0.382685 0.923879 0.000000
-0.707106 0.707107 0.000000
-0.827027 -0.342567 -0.445728
-0.292106 0.000000 -0.956386
0.779546 -0.000000 -0.626344
0.551226 0.551224 -0.626341
0.313689 -0.030154 -0.949047
0.779550 -0.000001 -0.626341
-1.000000 0.000001 0.000000
0.000000 0.779550 -0.626340
-0.000000 -0.292104 -0.956387
-0.000001 -1.000000 0.000000
0.206549 -0.206547 -0.956387
-0.551224 0.551225 -0.626341
-0.779550 -0.000001 -0.626341
0.292103 0.000000 -0.956387
1.000000 0.000001 0.000000
0.206550 0.206547 -0.956387
-0.551223 -0.551225 -0.626342
0.000000 -0.779549 -0.626341
0.279038 -0.408175 -0.869213
0.382684 0.923879 0.000000
0.472389 -0.623730 -0.622744
0.551225 -0.551224 -0.626341
-0.617823 0.761295 -0.196788
0.000000 -0.242723 0.970096
0.000000 -0.242723 0.970096
0.864823 -0.502077 0.000000
0.000000 -0.242722 -0.970096
0.000000 -0.242722 -0.970096
-0.864822 -0.502078 0.000000
-0.864822 -0.502078 0.000000
-0.653282 0.270597 -0.707107
-0.479842 0.479841 -0.734510
-0.923880 0.382682 0.000000
-0.707107 0.707107 0.000000
0.000001 0.678598 -0.734510
0.000001 1.000000 0.000000
0.479842 0.479842 -0.734509
0.707107 0.707107 0.000000
0.653281 0.270599 -0.707107
0.923879 0.382685 0.000000
0.653281 0.270599 0.707107
0.479842 0.479841 0.734509
0.923879 0.382684 0.000000
0.707107 0.707107 0.000000
0.000000 0.678598 0.734510
0.000000 1.000000 0.000000
-0.479842 0.479841 0.734510
-0.707107 0.707106 0.000000
-0.653282 0.270598 0.707107
-0.923880 0.382683 0.000000
0.649429 -0.279717 0.707107
0.532422 0.216182 0.818408
0.918432 -0.395580 0.000000
0.926536 0.376207 0.000000
-0.000000 0.678598 0.734510
-0.000000 1.000000 0.000000
-0.479842 0.479841 0.734510
-0.707107 0.707106 0.000000
-0.653282 0.270598 0.707107
-0.923880 0.382683 0.000000
0.479842 0.479841 -0.734509
0.653281 0.270599 -0.707107
0.923879 0.382684 0.000000
0.000000 0.678598 -0.734510
0.000000 1.000000 0.000000
-0.479842 0.479841 -0.734510
-0.653282 0.270598 -0.707107
-0.923880 0.382683 0.000000
0.532422 0.216182 -0.818408
0.649429 -0.279717 -0.707107
0.918432 -0.395580 0.000000
0.926536 0.376207 0.000000
-0.000000 0.678598 -0.734510
-0.000000 1.000000 0.000000
-0.479842 0.479841 -0.734510
-0.653282 0.270598 -0.707107
-0.923880 0.382683 0.000000
-0.479842 0.479841 0.734510
-0.653282 0.270597 0.707107
-0.923880 0.382682 0.000000
0.000001 0.678598 0.734510
0.479842 0.479842 0.734509
0.707107 0.707107 0.000000
0.653281 0.270599 0.707107
0.923879 0.382685 0.000000
1.000000 0.000000 0.000000
-1.000000 0.000000 0.000000
-0.405768 0.913976 -0.000000
-0.400022 0.916505 0.000000
-0.385866 0.645297 0.659317
-0.386037 0.651408 0.653180
-0.371770 -0.000001 0.928325
-0.365815 -0.000001 0.930687
-0.385866 -0.645297 0.659317
-0.386036 -0.651409 0.653179
-0.400023 -0.916505 -0.000000
-0.405769 -0.913975 -0.000000
-0.385865 -0.645297 -0.659318
-0.386035 -0.651408 -0.653180
-0.371768 -0.000001 -0.928326
-0.365813 -0.000001 -0.930688
-0.385865 0.645296 -0.659318
-0.386035 0.651407 -0.653181
-0.385866 0.645296 -0.659318
-0.400022 0.916505 -0.000000
-0.405768 0.913976 -0.000000
-0.386036 0.651407 -0.653180
-0.371769 -0.000001 -0.928325
-0.365814 -0.000001 -0.930688
-0.385865 -0.645297 -0.659318
-0.386036 -0.651408 -0.653180
-0.400023 -0.916505 -0.000000
-0.405769 -0.913975 -0.000000
-0.385866 -0.645297 0.659317
-0.386037 -0.651409 0.653179
-0.371770 -0.000001 0.928325
-0.365814 -0.000001 0.930688
-0.385866 0.645297 0.659317
-0.386037 0.651408 0.653180
0.000000 0.596360 0.802717
0.684263 0.729236 0.000000
0.000000 0.596360 -0.802717
-0.684263 0.729235 0.000000
0.000000 0.900967 0.433887
0.000000 0.623489 0.781832
0.000000 -0.222519 0.974928
0.000000 -0.900968 0.433885
0.000000 -0.900969 -0.433884
0.000000 -0.900969 -0.433884
0.000000 -0.222519 -0.974928
0.000000 -0.222519 -0.974928
0.000000 0.623489 -0.781832
0.000000 0.623489 -0.781832
0.000000 0.900967 -0.433887
500
0 0 1 2 0 0 0 2
0 3 4 5 1 1 1 2
0 6 7 2 2 3 4 1
0 1 6 2 5 2 4 1
0 8 5 9 6 7 8 1
0 8 3 5 6 6 7 1
0 0 10 1 0 0 0 2
0 11 4 3 1 1 1 2
0 10 6 1 9 2 5 1
0 10 12 6 9 10 2 1
0 11 3 8 11 6 6 1
0 13 11 8 11 11 6 1
0 0 14 10 0 0 0 2
0 15 4 11 1 1 1 2
0 16 12 10 12 10 9 1
0 14 16 10 13 12 9 1
0 17 11 13 14 11 11 1
0 17 15 11 14 14 11 1
0 0 18 14 0 0 0 2
0 19 4 15 1 1 1 2
0 18 16 14 15 12 13 1
0 18 20 16 15 16 12 1
0 19 15 17 17 14 14 1
0 21 19 17 17 17 14 1
0 0 22 18 0 0 0 2
0 23 4 19 1 1 1 2
0 24 20 18 18 16 15 1
0 22 24 18 19 18 15 1
0 25 19 21 20 17 17 1
0 25 23 19 20 20 17 1
0 0 26 22 0 0 0 2
0 27 4 23 1 1 1 2
0 26 24 22 21 18 19 1
0 26 28 24 21 22 18 1
0 27 23 25 23 20 20 1
0 29 27 25 23 23 20 1
0 0 30 26 0 0 0 2
0 31 4 27 1 1 1 2
0 32 28 26 24 22 21 1
0 30 32 26 25 24 21 1
0 33 27 29 26 23 23 1
0 33 31 27 26 27 23 1
0 0 2 30 0 0 0 2
0 5 4 31 1 1 1 2
0 2 32 30 4 24 25 1
0 2 7 32 4 3 24 1
0 5 31 33 7 27 26 1
0 9 5 33 8 7 26 1
0 34 35 36 1 1 1 2
0 37 38 39 0 0 0 2
0 34 40 41 28 29 30 1
0 34 41 35 28 30 31 1
0 40 42 41 29 8 30 1
0 42 43 41 8 6 30 1
0 35 44 36 1 1 1 2
0 39 38 45 0 0 0 2
0 35 41 44 31 30 32 1
0 41 46 44 30 33 32 1
0 41 43 47 30 6 11 1
0 41 47 46 30 11 33 1
0 44 48 36 1 1 1 2
0 45 38 49 0 0 0 2
0 44 46 50 32 33 34 1
0 44 50 48 32 34 35 1
0 46 47 50 33 11 34 1
0 47 51 50 11 14 34 1
0 48 52 36 1 1 1 2
0 49 38 53 0 0 0 2
0 48 50 52 35 34 36 1
0 50 54 52 34 37 36 1
0 50 51 55 34 14 17 1
0 50 55 54 34 17 37 1
0 52 56 36 1 1 1 2
0 53 38 57 0 0 0 2
0 52 54 58 36 37 38 1
0 52 58 56 36 38 39 1
0 54 55 58 37 17 38 1
0 55 59 58 17 20 38 1
0 56 60 36 1 1 1 2
0 57 38 61 0 0 0 2
0 56 58 60 39 38 40 1
0 58 62 60 38 41 40 1
0 58 59 63 38 20 23 1
0 58 63 62 38 23 41 1
0 60 64 36 1 1 1 2
0 61 38 65 0 0 0 2
0 60 62 66 40 41 42 1
0 60 66 64 40 42 43 1
0 62 63 66 41 23 42 1
0 63 67 66 23 27 42 1
0 64 34 36 1 1 1 2
0 65 38 37 0 0 0 2
0 64 66 34 43 42 28 1
0 66 40 34 42 29 28 1
0 66 67 42 42 27 8 1
0 66 42 40 42 8 29 1
0 68 69 70 0 0 0 2
0 71 72 73 1 1 1 2
0 74 75 70 44 45 46 1
0 69 74 70 47 44 46 1
0 76 73 77 48 49 49 1
0 76 71 73 48 48 49 1
0 68 78 69 0 0 0 2
0 79 72 71 1 1 1 2
0 78 74 69 50 44 47 1
0 78 80 74 50 51 44 1
0 79 71 76 52 48 48 1
0 81 79 76 52 52 48 1
0 68 82 78 0 0 0 2
0 83 72 79 1 1 1 2
0 84 80 78 53 51 50 1
0 82 84 78 54 53 50 1
0 85 79 81 55 52 52 1
0 85 83 79 55 55 52 1
0 68 86 82 0 0 0 2
0 87 72 83 1 1 1 2
0 86 84 82 56 53 54 1
0 86 88 84 56 57 53 1
0 87 83 85 58 55 55 1
0 89 87 85 58 58 55 1
0 68 90 86 0 0 0 2
0 91 72 87 1 1 1 2
0 92 88 86 59 57 56 1
0 90 92 86 60 59 56 1
0 93 87 89 61 58 58 1
0 93 91 87 61 62 58 1
0 68 94 90 0 0 0 2
0 95 72 91 1 1 1 2
0 94 92 90 63 59 60 1
0 94 96 92 63 64 59 1
0 95 91 93 65 62 61 1
0 97 95 93 65 65 61 1
0 68 98 94 0 0 0 2
0 99 72 95 1 1 1 2
0 100 96 94 66 64 63 1
0 98 100 94 67 66 63 1
0 101 95 97 68 65 65 1
0 101 99 95 68 69 65 1
0 68 70 98 0 0 0 2
0 73 72 99 1 1 1 2
0 70 100 98 46 66 67 1
0 70 75 100 46 45 66 1
0 73 99 101 49 69 68 1
0 77 73 101 49 49 68 1
0 102 103 104 1 1 1 2
0 105 106 107 0 0 0 2
0 102 108 109 70 71 72 1
0 102 109 103 70 72 73 1
0 108 110 109 71 49 72 1
0 110 111 109 49 48 72 1
0 103 112 104 1 1 1 2
0 107 106 113 0 0 0 2
0 103 109 112 73 72 74 1
0 109 114 112 72 75 74 1
0 109 111 115 72 48 52 1
0 109 115 114 72 52 75 1
0 112 116 104 1 1 1 2
0 113 106 117 0 0 0 2
0 112 114 118 74 75 76 1
0 112 118 116 74 76 77 1
0 114 115 118 75 52 76 1
0 115 119 118 52 55 76 1
0 116 120 104 1 1 1 2
0 117 106 121 0 0 0 2
0 116 118 120 77 76 78 1
0 118 122 120 76 79 78 1
0 118 119 123 76 55 58 1
0 118 123 122 76 58 79 1
0 120 124 104 1 1 1 2
0 121 106 125 0 0 0 2
0 120 122 126 78 79 80 1
0 120 126 124 78 80 81 1
0 122 123 126 79 58 80 1
0 123 127 126 58 61 80 1
0 124 128 104 1 1 1 2
0 125 106 129 0 0 0 2
0 124 126 128 81 80 82 1
0 126 130 128 80 83 82 1
0 126 127 131 80 61 65 1
0 126 131 130 80 65 83 1
0 128 132 104 1 1 1 2
0 129 106 133 0 0 0 2
0 128 130 134 82 83 84 1
0 128 134 132 82 84 85 1
0 130 131 134 83 65 84 1
0 131 135 134 65 69 84 1
0 132 102 104 1 1 1 2
0 133 106 105 0 0 0 2
0 132 134 102 85 84 70 1
0 134 108 102 84 71 70 1
0 134 135 110 84 69 49 1
0 134 110 108 84 49 71 1
0 136 137 138 0 0 0 2
0 139 140 141 1 1 1 2
0 136 142 143 86 87 88 1
0 136 143 137 86 88 89 1
0 144 145 146 90 90 91 1
0 145 147 146 90 91 91 1
0 137 148 138 0 0 0 2
0 141 140 149 1 1 1 2
0 137 143 148 89 88 92 1
0 143 150 148 88 93 92 1
0 151 141 149 94 94 95 1
0 151 149 152 94 95 95 1
0 148 153 138 0 0 0 2
0 149 140 154 1 1 1 2
0 148 150 155 92 93 96 1
0 148 155 153 92 96 97 1
0 152 149 156 95 95 98 1
0 149 154 156 95 99 98 1
0 153 157 138 0 0 0 2
0 154 140 158 1 1 1 2
0 153 155 157 97 96 100 1
0 155 159 157 96 101 100 1
0 156 154 158 98 99 102 1
0 156 158 160 98 102 102 1
0 157 161 138 0 0 0 2
0 158 140 162 1 1 1 2
0 157 159 163 100 101 103 1
0 157 163 161 100 103 104 1
0 160 158 164 102 102 105 1
0 158 162 164 102 105 105 1
0 161 165 138 0 0 0 2
0 162 140 166 1 1 1 2
0 161 163 165 104 103 106 1
0 163 167 165 103 107 106 1
0 164 162 166 105 105 108 1
0 164 166 168 105 108 108 1
0 165 169 138 0 0 0 2
0 166 140 170 1 1 1 2
0 165 167 171 106 107 109 1
0 165 171 169 106 109 110 1
0 172 173 174 111 111 112 1
0 173 175 174 111 112 112 1
0 169 136 138 0 0 0 2
0 170 140 139 1 1 1 2
0 169 171 136 110 109 86 1
0 171 142 136 109 87 86 1
0 174 175 145 112 112 90 1
0 174 145 144 112 90 90 1
0 176 177 178 1 1 1 2
0 179 180 181 0 0 0 2
0 182 183 184 113 114 115 1
0 177 185 178 116 117 118 1
0 182 186 183 113 119 114 1
0 182 187 186 113 91 119 1
0 176 188 177 1 1 1 2
0 189 180 179 0 0 0 2
0 188 185 177 120 117 116 1
0 188 190 185 120 121 117 1
0 191 192 185 122 94 117 1
0 190 191 185 121 122 117 1
0 176 193 188 1 1 1 2
0 194 180 189 0 0 0 2
0 195 190 188 123 121 120 1
0 193 195 188 124 123 120 1
0 195 191 190 123 122 121 1
0 195 196 191 123 99 122 1
0 176 197 193 1 1 1 2
0 198 180 194 0 0 0 2
0 197 195 193 125 123 124 1
0 197 199 195 125 126 123 1
0 200 196 195 127 99 123 1
0 199 200 195 126 127 123 1
0 176 201 197 1 1 1 2
0 202 180 198 0 0 0 2
0 203 199 197 128 126 125 1
0 201 203 197 129 128 125 1
0 203 200 199 128 127 126 1
0 203 204 200 128 105 127 1
0 176 205 201 1 1 1 2
0 206 180 202 0 0 0 2
0 205 203 201 130 128 129 1
0 205 207 203 130 131 128 1
0 208 204 203 132 105 128 1
0 207 208 203 131 132 128 1
0 176 209 205 1 1 1 2
0 210 180 206 0 0 0 2
0 211 207 205 133 131 130 1
0 209 211 205 134 133 130 1
0 212 213 214 135 111 111 1
0 212 215 213 135 112 111 1
0 176 178 209 1 1 1 2
0 181 180 210 0 0 0 2
0 178 211 209 118 133 134 1
0 184 183 212 115 114 135 1
0 186 215 212 119 112 135 1
0 183 186 212 114 119 135 1
0 216 217 218 136 136 136 1
0 217 219 218 136 137 136 1
0 220 221 222 138 138 138 2
0 221 223 222 138 138 138 2
0 224 225 226 139 139 139 1
0 225 227 226 139 140 139 1
0 228 229 230 141 142 142 2
0 229 231 230 142 142 142 2
0 232 233 234 23 23 23 3
0 233 235 234 23 23 23 3
0 236 237 238 11 11 11 3
0 237 239 238 11 11 11 3
0 240 241 242 1 143 144 1
0 240 242 243 1 144 1 1
0 241 244 242 143 145 144 1
0 244 245 242 145 146 144 1
0 243 242 246 1 144 1 1
0 242 247 246 144 147 1 1
0 242 245 248 144 146 148 1
0 242 248 247 144 148 147 1
0 246 247 249 1 147 149 1
0 246 249 250 1 149 1 1
0 247 248 249 147 148 149 1
0 248 251 249 148 150 149 1
0 250 249 252 1 149 1 1
0 249 253 252 149 151 1 1
0 249 251 254 149 150 152 1
0 249 254 253 149 152 151 1
0 255 256 257 0 153 154 1
0 255 257 258 0 154 0 1
0 256 259 257 153 155 154 1
0 259 260 257 155 156 154 1
0 258 257 261 0 154 0 1
0 257 262 261 154 157 0 1
0 257 260 263 154 156 158 1
0 257 263 262 154 158 157 1
0 261 262 264 0 157 159 1
0 261 264 265 0 159 0 1
0 262 263 264 157 158 159 1
0 263 266 264 158 160 159 1
0 265 264 267 0 159 0 1
0 264 268 267 159 161 0 1
0 264 266 269 159 160 162 1
0 264 269 268 159 162 161 1
0 270 271 272 0 163 164 1
0 270 272 273 0 164 0 1
0 271 274 272 163 165 164 1
0 274 275 272 165 166 164 1
0 273 272 276 0 164 0 1
0 272 277 276 164 167 0 1
0 272 275 278 164 166 168 1
0 272 278 277 164 168 167 1
0 276 277 279 0 167 169 1
0 276 279 280 0 169 0 1
0 277 278 279 167 168 169 1
0 278 281 279 168 170 169 1
0 280 279 282 0 169 0 1
0 279 283 282 169 171 0 1
0 279 281 284 169 170 172 1
0 279 284 283 169 172 171 1
0 285 286 287 173 174 1 1
0 288 285 287 1 173 1 1
0 285 289 286 173 175 174 1
0 285 290 289 173 156 175 1
0 291 285 288 1 173 1 1
0 291 292 285 1 176 173 1
0 293 290 285 177 156 173 1
0 292 293 285 176 177 173 1
0 294 292 291 178 176 1 1
0 295 294 291 1 178 1 1
0 294 293 292 178 177 176 1
0 294 296 293 178 160 177 1
0 297 294 295 1 178 1 1
0 297 298 294 1 179 178 1
0 299 296 294 180 160 178 1
0 298 299 294 179 180 178 1
0 300 301 302 181 182 1 1
0 303 300 302 1 181 1 1
0 300 304 301 181 183 182 1
0 300 305 304 181 184 183 1
0 306 300 303 1 181 1 1
0 306 307 300 1 185 181 1
0 308 305 300 186 184 181 1
0 307 308 300 185 186 181 1
0 309 307 306 187 185 1 1
0 310 309 306 1 187 1 1
0 309 308 307 187 186 185 1
0 309 311 308 187 170 186 1
0 312 309 310 1 187 1 1
0 312 313 309 1 188 187 1
0 314 311 309 189 170 187 1
0 313 314 309 188 189 187 1
0 315 316 317 190 191 0 1
0 318 315 317 0 190 0 1
0 315 319 316 190 192 191 1
0 315 320 319 190 62 192 1
0 321 315 318 0 190 0 1
0 321 322 315 0 193 190 1
0 323 320 315 148 62 190 1
0 322 323 315 193 148 190 1
0 324 322 321 194 193 0 1
0 325 324 321 0 194 0 1
0 324 323 322 194 148 193 1
0 324 326 323 194 195 148 1
0 327 324 325 0 194 0 1
0 327 328 324 0 196 194 1
0 329 326 324 197 195 194 1
0 328 329 324 196 197 194 1
0 330 331 332 198 198 198 2
0 333 334 335 199 199 199 2
0 330 333 331 200 201 202 1
0 333 335 331 201 203 202 1
0 331 336 332 198 198 198 2
0 335 334 337 199 199 199 2
0 331 335 337 202 203 204 1
0 331 337 336 202 204 205 1
0 336 338 332 198 198 198 2
0 337 334 339 199 199 199 2
0 336 337 338 205 204 206 1
0 337 339 338 204 207 206 1
0 338 340 332 198 198 198 2
0 339 334 341 199 199 199 2
0 338 339 341 206 207 208 1
0 338 341 340 206 208 209 1
0 340 342 332 198 198 198 2
0 341 334 343 199 199 199 2
0 340 341 342 209 208 210 1
0 341 343 342 208 211 210 1
0 342 344 332 198 198 198 2
0 343 334 345 199 199 199 2
0 342 343 345 210 211 212 1
0 342 345 344 210 212 213 1
0 344 346 332 198 198 198 2
0 345 334 347 199 199 199 2
0 344 345 346 213 212 214 1
0 345 347 346 212 215 214 1
0 346 330 332 198 198 198 2
0 347 334 333 199 199 199 2
0 346 347 333 214 215 201 1
0 346 333 330 214 201 200 1
0 348 349 350 198 198 198 2
0 351 352 353 199 199 199 2
0 349 353 350 216 217 218 1
0 349 351 353 216 219 217 1
0 348 354 349 198 198 198 2
0 355 352 351 199 199 199 2
0 355 351 349 220 219 216 1
0 354 355 349 221 220 216 1
0 348 356 354 198 198 198 2
0 357 352 355 199 199 199 2
0 356 355 354 222 220 221 1
0 356 357 355 222 223 220 1
0 348 358 356 198 198 198 2
0 359 352 357 199 199 199 2
0 359 357 356 224 223 222 1
0 358 359 356 225 224 222 1
0 348 360 358 198 198 198 2
0 361 352 359 199 199 199 2
0 360 359 358 226 224 225 1
0 360 361 359 226 227 224 1
0 348 362 360 198 198 198 2
0 363 352 361 199 199 199 2
0 363 361 360 228 227 226 1
0 362 363 360 229 228 226 1
0 348 364 362 198 198 198 2
0 365 352 363 199 199 199 2
0 364 363 362 230 228 229 1
0 364 365 363 230 231 228 1
0 348 350 364 198 198 198 2
0 353 352 365 199 199 199 2
0 353 365 364 217 231 230 1
0 350 353 364 218 217 230 1
0 366 367 368 232 232 232 1
0 367 369 368 232 232 232 1
0 370 371 372 233 233 233 2
0 371 373 372 233 233 233 2
0 374 375 376 234 234 234 1
0 375 377 376 234 234 234 1
0 378 379 380 235 235 235 2
0 379 381 380 235 235 235 2
0 378 382 372 23 23 23 3
0 382 383 372 23 23 23 3
0 384 379 385 11 11 11 3
0 379 373 385 11 11 11 3
0 386 387 388 198 198 198 2
0 389 390 391 199 199 199 2
0 392 389 393 236 236 237 1
0 389 394 393 236 237 237 1
0 387 395 388 198 198 198 2
0 391 390 396 199 199 199 2
0 393 394 397 237 237 238 1
0 393 397 398 237 238 238 1
0 395 399 388 198 198 198 2
0 396 390 400 199 199 199 2
0 398 397 401 238 238 239 1
0 397 402 401 238 239 239 1
0 399 403 388 198 198 198 2
0 400 390 404 199 199 199 2
0 401 402 405 239 239 240 1
0 401 405 406 239 240 241 1
0 403 407 388 198 198 198 2
0 404 390 408 199 199 199 2
0 406 405 409 241 240 242 1
0 405 410 409 240 243 242 1
0 407 411 388 198 198 198 2
0 408 390 412 199 199 199 2
0 409 410 413 242 243 244 1
0 409 413 414 242 244 245 1
0 411 386 388 198 198 198 2
0 412 390 389 199 199 199 2
0 414 413 415 245 244 246 1
0 413 416 415 244 246 246 1

Materials: 1
"Material01"
0.325490 0.325490 0.325490 1.000000
0.341176 0.341176 0.341176 1.000000
0.490196 0.490196 0.490196 1.000000
0.082353 0.082353 0.082353 1.000000
16.000000
1.000000
"..\L6\XTank.tga"
""

Bones: 0
GroupComments: 0
MaterialComments: 0
BoneComments: 0
ModelComment: 0
