// MilkShape 3D ASCII

Frames: 30
Frame: 1

Meshes: 1
"Regroup01" 1 0
84
1 -0.244025 15.367944 -0.545427 0.402187 0.048849 -1
1 -1.257684 16.281231 -0.545427 0.383160 0.020241 -1
1 -0.765957 16.679991 -0.545427 0.399649 0.014739 -1
1 0.609804 16.123350 -0.545427 0.431361 0.037845 -1
1 1.222474 15.414328 -0.545427 0.441507 0.058751 -1
1 -0.519656 15.039458 -0.545427 0.392039 0.054350 -1
1 1.072218 14.553032 -0.545427 0.426064 0.073972 -1
1 0.606376 13.780319 -0.545427 0.407037 0.088276 -1
1 -1.343178 14.485076 -0.545427 0.365403 0.060953 -1
1 0.672229 12.989243 -0.545427 0.401964 0.106981 -1
1 -2.292205 12.551775 -0.545427 0.323545 0.098362 -1
1 -2.595806 14.221506 -0.545427 0.329886 0.057650 -1
1 -3.640919 12.878214 -0.545427 0.290566 0.080758 -1
1 -3.107995 14.915370 -0.545427 0.322276 0.037845 -1
1 -4.342300 13.271670 -0.545427 0.275344 0.066453 -1
1 -4.509751 13.934180 -0.545427 0.276613 0.049948 -1
1 -3.766118 15.322826 -0.545427 0.308323 0.023541 -1
1 -4.316243 14.809522 -0.545427 0.289297 0.031244 -1
1 1.152831 1.654748 -0.545427 0.318993 0.513547 -1
1 3.507848 3.232473 -0.545427 0.395099 0.494841 -1
1 0.803708 1.111202 -0.545427 0.305040 0.523449 -1
1 2.345942 1.660051 -0.545427 0.350703 0.522350 -1
1 1.708266 0.974937 -0.545427 0.327872 0.533352 -1
1 1.055506 0.189300 -0.545427 0.303773 0.546557 -1
1 2.294006 0.496154 -0.545427 0.339288 0.548756 -1
1 2.318835 -0.021510 -0.545427 0.335483 0.560860 -1
1 3.342275 0.358837 -0.545427 0.365925 0.559759 -1
1 4.190645 0.395498 -0.545427 0.387749 0.563519 -1
1 4.190645 0.395498 -0.545427 0.388756 0.565261 -1
1 4.066441 1.072053 -0.545427 0.391294 0.548756 -1
1 5.017498 1.381071 -0.545427 0.416178 0.548756 -1
1 4.029723 1.920406 -0.545427 0.397635 0.528951 -1
1 4.694430 2.375373 -0.545427 0.419199 0.523449 -1
1 5.017498 1.381071 -0.545427 0.419199 0.548756 -1
1 3.139217 2.013424 -0.545427 0.374804 0.520148 -1
1 -0.244045 15.367970 0.000000 0.402187 0.048848 -1
1 -1.257695 16.281254 0.000000 0.383160 0.020240 -1
1 1.222499 15.414332 0.000000 0.441508 0.058751 -1
1 -1.343201 14.485090 0.000000 0.365402 0.060952 -1
1 0.606369 13.780326 0.000000 0.407037 0.088276 -1
1 -3.107994 14.915354 0.000000 0.322276 0.037845 -1
1 -2.292217 12.551755 0.000000 0.323545 0.098362 -1
1 -4.509757 13.934167 0.000000 0.276613 0.049949 -1
1 -3.766119 15.322835 0.000000 0.308323 0.023541 -1
1 1.152844 1.654763 0.000000 0.318994 0.513547 -1
1 3.507851 3.232445 0.000000 0.395099 0.494841 -1
1 1.055474 0.189312 0.000000 0.303773 0.546556 -1
1 2.318821 -0.021521 0.000000 0.335483 0.560860 -1
1 4.190662 0.395502 0.000000 0.388757 0.565261 -1
1 5.017485 1.381060 0.000000 0.419199 0.548757 -1
1 4.694422 2.375347 0.000000 0.419199 0.523450 -1
1 -0.765957 16.679991 0.499972 0.399649 0.014739 -1
1 -1.257684 16.281231 0.499972 0.383160 0.020241 -1
1 -0.244025 15.367944 0.499972 0.402187 0.048849 -1
1 0.609804 16.123350 0.499972 0.431361 0.037845 -1
1 1.222474 15.414328 0.499972 0.441507 0.058751 -1
1 -0.519656 15.039458 0.499972 0.392039 0.054350 -1
1 1.072218 14.553032 0.499972 0.426064 0.073972 -1
1 0.606376 13.780319 0.499972 0.407037 0.088276 -1
1 -1.343178 14.485076 0.499972 0.365403 0.060953 -1
1 0.672229 12.989243 0.499972 0.401964 0.106981 -1
1 -2.292205 12.551775 0.499972 0.323545 0.098362 -1
1 -2.595806 14.221506 0.499972 0.329886 0.057650 -1
1 -3.640919 12.878214 0.499972 0.290566 0.080758 -1
1 -3.107995 14.915370 0.499972 0.322276 0.037845 -1
1 -4.342300 13.271670 0.499972 0.275344 0.066453 -1
1 -4.509751 13.934180 0.499972 0.276613 0.049948 -1
1 -4.316243 14.809522 0.499972 0.289297 0.031244 -1
1 -3.766118 15.322826 0.499972 0.308323 0.023541 -1
1 1.152831 1.654748 0.499972 0.318993 0.513547 -1
1 3.507848 3.232473 0.499972 0.395099 0.494841 -1
1 2.345942 1.660051 0.499972 0.350703 0.522350 -1
1 0.803708 1.111202 0.499972 0.305040 0.523449 -1
1 1.708266 0.974937 0.499972 0.327872 0.533352 -1
1 1.055506 0.189300 0.499972 0.303773 0.546557 -1
1 2.294006 0.496154 0.499972 0.339288 0.548756 -1
1 2.318835 -0.021510 0.499972 0.335483 0.560860 -1
1 3.342275 0.358837 0.499972 0.365925 0.559759 -1
1 4.190645 0.395498 0.499972 0.388756 0.565261 -1
1 4.066441 1.072053 0.499972 0.391294 0.548756 -1
1 5.017498 1.381071 0.499972 0.419199 0.548756 -1
1 4.029723 1.920406 0.499972 0.397635 0.528951 -1
1 4.694430 2.375373 0.499972 0.419199 0.523449 -1
1 3.139217 2.013424 0.499972 0.374804 0.520148 -1
82
0.000000 0.000000 -1.000000
-0.928300 -0.371833 -0.000014
-0.564844 0.825132 -0.010382
-0.988700 -0.149651 -0.008807
-0.999662 0.025988 -0.000021
-0.005549 0.721032 0.692880
0.358078 0.661758 0.658678
0.963378 0.268003 -0.008775
0.963783 0.266689 -0.000048
-0.653998 0.754777 -0.050972
-0.351925 0.936008 0.006235
0.931922 -0.349279 0.097598
0.990331 -0.138724 -0.000254
0.973727 -0.227720 0.000016
-0.389367 0.921082 -0.000041
0.974108 0.208513 -0.087382
0.307824 0.907304 -0.286434
0.563496 0.826108 0.004159
-0.682394 -0.730985 -0.000041
-0.753117 -0.657868 -0.004853
-0.359411 -0.811041 0.461559
0.677703 0.735336 0.000021
-0.926994 -0.374902 -0.011418
-0.766433 -0.512503 0.387196
-0.963053 0.145943 0.226341
0.150670 0.988584 -0.000000
-0.628307 0.777944 -0.005781
-0.799229 0.496230 0.339100
-0.999742 -0.022717 0.000002
-0.947507 -0.318381 -0.029396
0.999752 0.021063 -0.007229
0.746397 0.665501 0.000033
-0.975782 0.122153 0.181460
-0.702280 -0.711880 -0.005370
0.732976 -0.505337 0.455390
0.324320 -0.945942 -0.003222
0.440123 0.416970 -0.795253
-0.670407 -0.741993 -0.000024
0.787943 -0.615745 -0.002125
-0.189862 0.981436 0.027133
-0.037869 -0.999283 -0.000009
0.420032 -0.907510 -0.000011
0.859545 0.511018 -0.006501
-0.603700 0.337706 0.722150
0.930642 -0.365930 0.000006
0.495905 0.868105 -0.021710
-0.353226 -0.315136 0.880864
0.867167 0.498017 0.000037
0.197105 -0.530357 0.824543
0.000000 0.000000 1.000000
-0.928300 -0.371833 0.000015
-0.999662 0.025988 0.000023
-0.019913 0.700442 -0.713431
0.356363 0.641730 -0.679109
0.963783 0.266689 0.000052
-0.653860 0.754577 0.055512
0.931136 -0.348979 -0.105827
0.973727 -0.227720 -0.000017
-0.389367 0.921082 0.000045
0.973464 0.208254 0.094854
0.307451 0.902699 0.301012
-0.351488 -0.799041 -0.487842
-0.682394 -0.730985 0.000045
0.677703 0.735336 -0.000023
-0.763233 -0.500916 -0.408116
-0.959890 0.144786 -0.240100
0.150671 0.988584 0.000000
-0.790076 0.496380 -0.359703
-0.999742 -0.022717 -0.000002
0.746397 0.665501 -0.000037
-0.973273 0.122262 -0.194399
0.711048 -0.499300 -0.495085
0.415898 0.394228 0.819520
-0.670407 -0.741993 0.000026
-0.194620 0.980578 -0.024281
-0.037869 -0.999283 0.000010
0.420032 -0.907510 0.000012
-0.576833 0.343016 -0.741353
0.930642 -0.365930 -0.000007
-0.331609 -0.293368 -0.896644
0.867167 0.498017 -0.000041
0.187257 -0.500838 -0.845042
178
1 0 1 2 0 0 0 1
1 0 2 3 0 0 0 1
1 0 3 4 0 0 0 1
1 5 0 4 0 0 0 1
1 5 4 6 0 0 0 1
1 5 6 7 0 0 0 1
1 8 5 7 0 0 0 1
1 8 7 9 0 0 0 1
1 8 9 10 0 0 0 1
1 11 8 10 0 0 0 1
1 11 10 12 0 0 0 1
1 13 11 12 0 0 0 1
1 13 12 14 0 0 0 1
1 14 15 13 0 0 0 1
1 16 13 17 0 0 0 1
1 13 15 17 0 0 0 1
1 9 18 10 0 0 0 1
1 9 19 18 0 0 0 1
1 20 18 21 0 0 0 1
1 20 21 22 0 0 0 1
1 23 20 22 0 0 0 1
1 23 22 24 0 0 0 1
1 25 23 24 0 0 0 1
1 25 24 26 0 0 0 1
1 27 25 26 0 0 0 1
1 28 26 29 0 0 0 1
1 29 26 24 0 0 0 1
1 30 28 29 0 0 0 1
1 30 29 31 0 0 0 1
1 32 33 31 0 0 0 1
1 19 31 34 0 0 0 1
1 19 32 31 0 0 0 1
1 34 21 18 0 0 0 1
1 34 18 19 0 0 0 1
1 0 35 36 1 2 3 2
1 0 36 1 1 3 4 2
1 1 36 2 4 3 5 2
1 2 36 35 5 3 2 2
1 2 35 3 5 2 6 2
1 3 35 37 6 2 7 2
1 3 37 4 6 7 8 2
1 5 38 35 9 10 2 2
1 5 35 0 9 2 1 2
1 4 37 6 8 7 11 2
1 6 37 39 11 7 12 2
1 6 39 7 11 12 13 2
1 8 38 5 14 10 9 2
1 7 39 9 13 12 15 2
1 11 40 38 16 17 10 2
1 11 38 8 16 10 14 2
1 10 41 12 18 19 20 2
1 13 40 11 21 17 16 2
1 12 41 42 20 19 22 2
1 12 42 14 20 22 23 2
1 14 42 15 23 22 24 2
1 16 43 40 25 26 17 2
1 16 40 13 25 17 21 2
1 17 43 16 27 26 25 2
1 15 42 43 24 22 26 2
1 15 43 17 24 26 27 2
1 18 44 41 28 29 19 2
1 18 41 10 28 19 18 2
1 9 39 45 15 12 30 2
1 9 45 19 15 30 31 2
1 20 46 44 32 33 29 2
1 20 44 18 32 29 28 2
1 21 44 47 34 29 35 2
1 21 47 22 34 35 36 2
1 23 46 20 37 33 32 2
1 22 47 48 36 35 38 2
1 22 48 24 36 38 39 2
1 25 47 46 40 35 33 2
1 25 46 23 40 33 37 2
1 28 48 47 41 38 35 2
1 28 47 25 41 35 40 2
1 24 48 49 39 38 42 2
1 24 49 29 39 42 43 2
1 33 49 48 44 42 38 2
1 33 48 28 44 38 41 2
1 29 49 50 43 42 45 2
1 29 50 31 43 45 46 2
1 32 50 49 47 45 42 2
1 32 49 33 47 42 44 2
1 31 50 45 46 45 30 2
1 31 45 34 46 30 48 2
1 19 45 50 31 30 45 2
1 19 50 32 31 45 47 2
1 34 45 44 48 30 29 2
1 34 44 21 48 29 34 2
1 51 52 53 49 49 49 1
1 54 51 53 49 49 49 1
1 55 54 53 49 49 49 1
1 55 53 56 49 49 49 1
1 57 55 56 49 49 49 1
1 58 57 56 49 49 49 1
1 58 56 59 49 49 49 1
1 60 58 59 49 49 49 1
1 61 60 59 49 49 49 1
1 61 59 62 49 49 49 1
1 63 61 62 49 49 49 1
1 63 62 64 49 49 49 1
1 65 63 64 49 49 49 1
1 64 66 65 49 49 49 1
1 67 64 68 49 49 49 1
1 67 66 64 49 49 49 1
1 61 69 60 49 49 49 1
1 69 70 60 49 49 49 1
1 71 69 72 49 49 49 1
1 73 71 72 49 49 49 1
1 73 72 74 49 49 49 1
1 75 73 74 49 49 49 1
1 75 74 76 49 49 49 1
1 77 75 76 49 49 49 1
1 77 76 78 49 49 49 1
1 79 77 78 49 49 49 1
1 75 77 79 49 49 49 1
1 79 78 80 49 49 49 1
1 81 79 80 49 49 49 1
1 81 80 82 49 49 49 1
1 83 81 70 49 49 49 1
1 81 82 70 49 49 49 1
1 69 71 83 49 49 49 1
1 70 69 83 49 49 49 1
1 36 35 53 3 2 50 2
1 52 36 53 51 3 50 2
1 51 36 52 52 3 51 2
1 35 36 51 2 3 52 2
1 54 35 51 53 2 52 2
1 37 35 54 7 2 53 2
1 55 37 54 54 7 53 2
1 35 38 56 2 10 55 2
1 53 35 56 50 2 55 2
1 57 37 55 56 7 54 2
1 39 37 57 12 7 56 2
1 58 39 57 57 12 56 2
1 56 38 59 55 10 58 2
1 60 39 58 59 12 57 2
1 38 40 62 10 17 60 2
1 59 38 62 58 10 60 2
1 63 41 61 61 19 62 2
1 62 40 64 60 17 63 2
1 42 41 63 22 19 61 2
1 65 42 63 64 22 61 2
1 66 42 65 65 22 64 2
1 40 43 68 17 26 66 2
1 64 40 68 63 17 66 2
1 68 43 67 66 26 67 2
1 43 42 66 26 22 65 2
1 67 43 66 67 26 65 2
1 41 44 69 19 29 68 2
1 61 41 69 62 19 68 2
1 45 39 60 30 12 59 2
1 70 45 60 69 30 59 2
1 44 46 72 29 33 70 2
1 69 44 72 68 29 70 2
1 47 44 71 35 29 71 2
1 73 47 71 72 35 71 2
1 72 46 74 70 33 73 2
1 48 47 73 38 35 72 2
1 75 48 73 74 38 72 2
1 46 47 76 33 35 75 2
1 74 46 76 73 33 75 2
1 47 48 78 35 38 76 2
1 76 47 78 75 35 76 2
1 49 48 75 42 38 74 2
1 79 49 75 77 42 74 2
1 48 49 80 38 42 78 2
1 78 48 80 76 38 78 2
1 50 49 79 45 42 77 2
1 81 50 79 79 45 77 2
1 49 50 82 42 45 80 2
1 80 49 82 78 42 80 2
1 45 50 81 30 45 79 2
1 83 45 81 81 30 79 2
1 50 45 70 45 30 69 2
1 82 50 70 80 45 69 2
1 44 45 83 29 30 81 2
1 71 44 83 71 29 81 2

Materials: 1
"Material02"
0.200000 0.200000 0.200000 1.000000
0.341176 0.341176 0.341176 1.000000
0.235294 0.235294 0.235294 1.000000
0.000000 0.000000 0.000000 1.000000
0.000000
1.000000
"..\Image\RunTimeItem.tga"
""

Bones: 0
GroupComments: 0
MaterialComments: 0
BoneComments: 0
ModelComment: 0
