// MilkShape 3D ASCII

Frames: 30
Frame: 1

Meshes: 1
"Regroup00" 0 0
72
0 1.224854 13.906982 0.974359 0.666987 0.019099 -1
0 -0.886292 13.951477 0.974359 0.623365 0.017677 -1
0 -2.086304 12.929260 0.974359 0.598570 0.050360 -1
0 2.424805 12.840332 0.974359 0.691781 0.053203 -1
0 -3.841858 12.218140 0.974359 0.562296 0.073096 -1
0 4.091492 11.995911 0.974359 0.726219 0.080201 -1
0 -3.664063 11.395874 0.974359 0.565969 0.099386 -1
0 3.913696 11.729248 0.974359 0.722546 0.088727 -1
0 -3.508484 11.062561 0.974359 0.569184 0.110043 -1
0 3.847046 11.062561 0.974359 0.721168 0.110043 -1
0 -3.375183 4.329224 0.974359 0.571938 0.325324 -1
0 3.558167 9.573669 0.974359 0.715199 0.157646 -1
0 3.402588 4.173706 0.974359 0.711985 0.330296 -1
0 -2.441833 2.351440 0.974359 0.591224 0.388558 -1
0 2.580383 2.484802 0.974359 0.694996 0.384294 -1
0 -0.864075 0.507019 0.974359 0.623824 0.447529 -1
0 1.047058 0.818115 0.974359 0.663313 0.437582 -1
0 0.002625 0.106995 0.974359 0.641733 0.460319 -1
0 1.224841 13.906982 0.000000 0.666987 0.019099 -1
0 1.276093 13.907013 0.000000 0.668046 0.019098 -1
0 -0.835018 13.951458 0.000000 0.624425 0.017677 -1
0 -0.886304 13.951477 0.000000 0.623365 0.017677 -1
0 -2.035018 12.929235 0.000000 0.599630 0.050360 -1
0 -2.086316 12.929260 0.000000 0.598570 0.050360 -1
0 2.424792 12.840332 0.000000 0.691781 0.053203 -1
0 2.476093 12.840346 0.000000 0.692841 0.053202 -1
0 -3.790574 12.218124 0.000000 0.563355 0.073096 -1
0 -3.841870 12.218140 0.000000 0.562295 0.073096 -1
0 4.091479 11.995911 0.000000 0.726219 0.080201 -1
0 4.142759 11.995902 0.000000 0.727279 0.080201 -1
0 -3.612796 11.395902 0.000000 0.567029 0.099385 -1
0 -3.664075 11.395874 0.000000 0.565969 0.099386 -1
0 3.913684 11.729248 0.000000 0.722545 0.088727 -1
0 3.964982 11.729235 0.000000 0.723605 0.088727 -1
0 -3.457240 11.062569 0.000000 0.570243 0.110042 -1
0 -3.508496 11.062561 0.000000 0.569184 0.110043 -1
0 3.847034 11.062561 0.000000 0.721168 0.110043 -1
0 3.898315 11.062569 0.000000 0.722228 0.110042 -1
0 -3.323907 4.329235 0.000000 0.572998 0.325323 -1
0 -3.375196 4.329224 0.000000 0.571938 0.325324 -1
0 3.558154 9.573669 0.000000 0.715199 0.157646 -1
0 3.609426 9.573680 0.000000 0.716259 0.157646 -1
0 3.402575 4.173706 0.000000 0.711985 0.330296 -1
0 3.453871 4.173679 0.000000 0.713044 0.330297 -1
0 -2.390574 2.351457 0.000000 0.592283 0.388558 -1
0 -2.441846 2.351440 0.000000 0.591224 0.388558 -1
0 2.580371 2.484802 0.000000 0.694996 0.384294 -1
0 2.631649 2.484791 0.000000 0.696055 0.384295 -1
0 -0.812796 0.507013 0.000000 0.624884 0.447529 -1
0 -0.864087 0.507019 0.000000 0.623824 0.447529 -1
0 1.047046 0.818115 0.000000 0.663313 0.437582 -1
0 1.098315 0.818124 0.000000 0.664373 0.437582 -1
0 0.053871 0.107013 0.000000 0.642792 0.460318 -1
0 0.002612 0.106995 0.000000 0.641732 0.460319 -1
0 -2.035018 12.929235 -0.004364 0.599630 0.050360 -1
0 -0.835018 13.951458 -0.004364 0.624425 0.017677 -1
0 1.276093 13.907013 -0.004364 0.668046 0.019098 -1
0 2.476093 12.840346 -0.004364 0.692841 0.053202 -1
0 -3.790574 12.218124 -0.004364 0.563355 0.073096 -1
0 4.142759 11.995902 -0.004364 0.727279 0.080201 -1
0 -3.612796 11.395902 -0.004364 0.567029 0.099385 -1
0 3.964982 11.729235 -0.004364 0.723605 0.088727 -1
0 -3.457240 11.062569 -0.004364 0.570243 0.110042 -1
0 3.898315 11.062569 -0.004364 0.722228 0.110042 -1
0 -3.323907 4.329235 -0.004364 0.572998 0.325323 -1
0 3.609426 9.573680 -0.004364 0.716259 0.157646 -1
0 3.453871 4.173679 -0.004364 0.713044 0.330297 -1
0 -2.390574 2.351457 -0.004364 0.592283 0.388558 -1
0 2.631649 2.484791 -0.004364 0.696055 0.384295 -1
0 -0.812796 0.507013 -0.004364 0.624884 0.447529 -1
0 1.098315 0.818124 -0.004364 0.664373 0.437582 -1
0 0.053871 0.107013 -0.004364 0.642792 0.460318 -1
38
0.000000 0.000000 1.000000
0.326948 0.604228 0.726645
-0.202222 0.920798 -0.333523
0.000000 0.000000 -1.000000
-0.396432 0.580616 -0.711144
0.371011 0.598881 0.709713
-0.451015 0.428590 -0.782877
0.575377 -0.059127 0.815748
-0.676218 -0.199875 -0.709069
0.673993 -0.180003 0.716472
-0.669223 -0.206021 -0.713930
0.697640 -0.113290 0.707435
-0.691218 -0.111007 -0.714069
0.703636 -0.058557 0.708144
0.666049 -0.215260 0.714172
-0.607824 -0.355804 -0.709897
0.561474 -0.424319 0.710423
-0.461708 -0.525804 -0.714392
0.440052 -0.550848 0.709169
-0.096990 -0.930861 0.352266
0.249093 0.968480 -0.000003
-0.451373 0.892335 0.000006
-0.471821 0.881694 0.000006
0.597970 0.801518 -0.000008
-0.977386 0.211462 0.000012
0.816084 0.577933 -0.000010
-0.935098 -0.354388 0.000012
0.910329 -0.413886 -0.000012
-0.987566 -0.157203 0.000013
0.991523 -0.129930 -0.000013
-0.954896 -0.296941 0.000012
0.990573 -0.136984 -0.000013
0.985709 -0.168456 -0.000013
-0.814478 -0.580195 0.000010
0.852709 -0.522386 -0.000011
-0.543832 -0.839194 0.000007
0.682204 -0.731162 -0.000009
0.265933 -0.963991 -0.000003
104
1 0 1 2 0 0 0 1
1 3 0 2 0 0 0 1
1 4 3 2 0 0 0 1
1 4 5 3 0 0 0 1
1 4 6 5 0 0 0 1
1 6 7 5 0 0 0 1
1 6 8 7 0 0 0 1
1 8 9 7 0 0 0 1
1 8 10 9 0 0 0 1
1 10 11 9 0 0 0 1
1 10 12 11 0 0 0 1
1 10 13 12 0 0 0 1
1 13 14 12 0 0 0 1
1 13 15 14 0 0 0 1
1 15 16 14 0 0 0 1
1 15 17 16 0 0 0 1
1 18 19 20 1 0 0 2
1 18 20 21 1 0 2 2
1 21 20 22 2 0 3 2
1 21 22 23 2 3 4 2
1 24 25 19 5 0 0 2
1 24 19 18 5 0 1 2
1 23 22 26 4 3 3 2
1 23 26 27 4 3 6 2
1 28 29 25 7 0 0 2
1 28 25 24 7 0 5 2
1 27 26 30 6 3 3 2
1 27 30 31 6 3 8 2
1 32 33 29 9 0 0 2
1 32 29 28 9 0 7 2
1 31 30 34 8 3 3 2
1 31 34 35 8 3 10 2
1 36 37 33 11 0 0 2
1 36 33 32 11 0 9 2
1 35 34 38 10 3 3 2
1 35 38 39 10 3 12 2
1 40 41 37 13 0 0 2
1 40 37 36 13 0 11 2
1 42 43 41 14 0 0 2
1 42 41 40 14 0 13 2
1 39 38 44 12 3 3 2
1 39 44 45 12 3 15 2
1 46 47 43 16 0 0 2
1 46 43 42 16 0 14 2
1 45 44 48 15 3 3 2
1 45 48 49 15 3 17 2
1 50 51 47 18 0 0 2
1 50 47 46 18 0 16 2
1 49 48 52 17 3 3 2
1 49 52 53 17 3 19 2
1 53 52 51 19 3 0 2
1 53 51 50 19 0 18 2
1 0 18 21 20 1 2 2
1 0 21 1 20 2 21 2
1 1 21 23 21 2 4 2
1 1 23 2 21 4 22 2
1 3 24 18 23 5 1 2
1 3 18 0 23 1 20 2
1 2 23 27 22 4 6 2
1 2 27 4 22 6 24 2
1 5 28 24 25 7 5 2
1 5 24 3 25 5 23 2
1 4 27 31 24 6 8 2
1 4 31 6 24 8 26 2
1 7 32 28 27 9 7 2
1 7 28 5 27 7 25 2
1 6 31 35 26 8 10 2
1 6 35 8 26 10 28 2
1 9 36 32 29 11 9 2
1 9 32 7 29 9 27 2
1 8 35 39 28 10 12 2
1 8 39 10 28 12 30 2
1 11 40 36 31 13 11 2
1 11 36 9 31 11 29 2
1 12 42 40 32 14 13 2
1 12 40 11 32 13 31 2
1 10 39 45 30 12 15 2
1 10 45 13 30 15 33 2
1 14 46 42 34 16 14 2
1 14 42 12 34 14 32 2
1 13 45 49 33 15 17 2
1 13 49 15 33 17 35 2
1 16 50 46 36 18 16 2
1 16 46 14 36 16 34 2
1 15 49 53 35 17 19 2
1 15 53 17 35 19 37 2
1 17 53 50 37 19 18 2
1 17 50 16 37 18 36 2
1 54 55 56 3 3 3 1
1 54 56 57 3 3 3 1
1 54 57 58 3 3 3 1
1 57 59 58 3 3 3 1
1 59 60 58 3 3 3 1
1 59 61 60 3 3 3 1
1 61 62 60 3 3 3 1
1 61 63 62 3 3 3 1
1 63 64 62 3 3 3 1
1 63 65 64 3 3 3 1
1 65 66 64 3 3 3 1
1 66 67 64 3 3 3 1
1 66 68 67 3 3 3 1
1 68 69 67 3 3 3 1
1 68 70 69 3 3 3 1
1 70 71 69 3 3 3 1

Materials: 1
"Material02"
0.200000 0.200000 0.200000 1.000000
0.341176 0.341176 0.341176 1.000000
0.235294 0.235294 0.235294 1.000000
0.000000 0.000000 0.000000 1.000000
0.000000
1.000000
"..\Image\RunTimeItem.tga"
""

Bones: 0
GroupComments: 0
MaterialComments: 0
BoneComments: 0
ModelComment: 0
