// MilkShape 3D ASCII

Frames: 30
Frame: 1

Meshes: 1
"Regroup01" 1 0
168
1 6.311721 2.129006 -0.017796 0.526750 0.534843 -1
1 6.179780 2.073000 0.517141 0.524608 0.534843 -1
1 4.689749 3.212001 -0.017796 0.510758 0.501677 -1
1 3.125979 9.634147 -0.017796 0.525743 0.292360 -1
1 0.229712 13.719192 -0.017796 0.509751 0.192864 -1
1 2.994038 9.578139 0.517141 0.523601 0.292360 -1
1 5.819309 1.919990 0.908740 0.518754 0.534843 -1
1 2.633567 9.425132 0.908740 0.517747 0.292360 -1
1 5.326897 1.710973 1.052078 0.510758 0.534843 -1
1 2.141154 9.216117 1.052078 0.509751 0.292360 -1
1 4.834485 1.501957 0.908740 0.502761 0.534843 -1
1 1.648743 9.007096 0.908740 0.501754 0.292360 -1
1 4.474014 1.348946 0.517141 0.496908 0.534843 -1
1 1.288271 8.854089 0.517141 0.495901 0.292360 -1
1 4.342072 1.292940 -0.017796 0.494765 0.534843 -1
1 1.156330 8.798081 -0.017796 0.493758 0.292360 -1
1 4.474014 1.348946 -0.552733 0.496908 0.534843 -1
1 1.288271 8.854089 -0.552733 0.495901 0.292360 -1
1 4.834485 1.501957 -0.944337 0.502761 0.534843 -1
1 1.648743 9.007096 -0.944337 0.501754 0.292360 -1
1 5.326897 1.710973 -1.087670 0.510758 0.534843 -1
1 2.141154 9.216117 -1.087670 0.509751 0.292360 -1
1 5.819309 1.919990 -0.944337 0.518754 0.534843 -1
1 2.633567 9.425132 -0.944337 0.517747 0.292360 -1
1 6.179780 2.073000 -0.552733 0.524608 0.534843 -1
1 2.994038 9.578139 -0.552733 0.523601 0.292360 -1
1 3.213328 10.446248 -0.005913 0.531688 0.277850 -1
1 3.032338 10.369420 0.727883 0.528749 0.277850 -1
1 1.225255 11.373839 -0.005913 0.509751 0.244685 -1
1 0.027586 17.951385 -0.005913 0.531688 0.112022 -1
1 -3.274606 21.974846 -0.005913 0.510758 0.087108 -1
1 -0.153403 17.874561 0.727883 0.528749 0.112022 -1
1 2.537866 10.159528 1.265057 0.520720 0.277850 -1
1 -0.647876 17.664669 1.265057 0.520720 0.112022 -1
1 1.862403 9.872811 1.461679 0.509751 0.277850 -1
1 -1.323339 17.377953 1.461679 0.509751 0.112022 -1
1 1.186940 9.586097 1.265057 0.498782 0.277850 -1
1 -1.998802 17.091232 1.265057 0.498782 0.112022 -1
1 0.692467 9.376203 0.727883 0.490752 0.277850 -1
1 -2.493274 16.881340 0.727883 0.490752 0.112022 -1
1 0.511478 9.299378 -0.005913 0.487813 0.277850 -1
1 -2.674263 16.804512 -0.005913 0.487813 0.112022 -1
1 0.692467 9.376203 -0.739708 0.490752 0.277850 -1
1 -2.493274 16.881340 -0.739708 0.490752 0.112022 -1
1 1.186940 9.586097 -1.276887 0.498782 0.277850 -1
1 -1.998802 17.091232 -1.276887 0.498782 0.112022 -1
1 1.862403 9.872811 -1.473504 0.509751 0.277850 -1
1 -1.323339 17.377953 -1.473504 0.509751 0.112022 -1
1 2.537866 10.159528 -1.276887 0.520720 0.277850 -1
1 -0.647876 17.664669 -1.276887 0.520720 0.112022 -1
1 3.032338 10.369420 -0.739708 0.528749 0.277850 -1
1 -0.153403 17.874561 -0.739708 0.528749 0.112022 -1
1 3.171112 10.428325 0.246330 0.531003 0.277850 -1
1 3.171112 10.428325 -0.258155 0.531003 0.277850 -1
1 4.566648 11.131412 0.246330 0.554312 0.275778 -1
1 4.566648 11.131412 -0.258155 0.554312 0.275778 -1
1 4.166036 11.957824 0.246330 0.553626 0.257122 -1
1 4.166036 11.957824 -0.258155 0.553626 0.257122 -1
1 1.837081 13.571105 0.246330 0.531003 0.208410 -1
1 1.837081 13.571105 -0.258155 0.531003 0.208410 -1
1 -0.921485 8.801839 0.246330 0.465190 0.275778 -1
1 0.553694 9.317296 -0.258155 0.488498 0.277850 -1
1 0.553694 9.317296 0.246330 0.488498 0.277850 -1
1 -0.921485 8.801839 -0.258155 0.465190 0.275778 -1
1 -1.237665 9.664088 0.246330 0.465875 0.257122 -1
1 -1.237665 9.664088 -0.258155 0.465875 0.257122 -1
1 -0.780336 12.460074 0.246330 0.488498 0.208410 -1
1 -0.780336 12.460074 -0.258155 0.488498 0.208410 -1
1 2.071719 9.961659 -1.431828 0.513150 0.277850 -1
1 1.607408 9.764573 -1.423024 0.505610 0.277850 -1
1 2.006845 10.044843 -2.990909 0.512743 0.275778 -1
1 1.542536 9.847756 -2.982104 0.505203 0.275778 -1
1 1.649188 10.889483 -2.945053 0.512755 0.257122 -1
1 1.184876 10.692395 -2.936249 0.505215 0.257122 -1
1 0.737687 13.104440 -1.431828 0.513150 0.208410 -1
1 0.273377 12.907350 -1.423024 0.505610 0.208410 -1
1 2.102627 10.085498 2.970278 0.514298 0.275778 -1
1 1.653088 9.783965 1.420003 0.506352 0.277850 -1
1 2.117399 9.981050 1.411199 0.513892 0.277850 -1
1 1.638316 9.888410 2.979083 0.506758 0.275778 -1
1 1.743494 10.929513 2.924423 0.514286 0.257122 -1
1 1.279183 10.732425 2.933227 0.506746 0.257122 -1
1 0.783368 13.123828 1.411199 0.513892 0.208410 -1
1 0.319058 12.926744 1.420003 0.506352 0.208410 -1
1 3.365954 0.878602 -0.017796 0.478914 0.534843 -1
1 3.234012 0.822596 0.517141 0.476771 0.534843 -1
1 1.743981 1.961597 -0.017796 0.462921 0.501677 -1
1 0.180212 8.383742 -0.017796 0.477907 0.292360 -1
1 -2.716056 12.468789 -0.017796 0.461914 0.192864 -1
1 0.048270 8.327737 0.517141 0.475764 0.292360 -1
1 2.873542 0.669586 0.908740 0.470918 0.534843 -1
1 -0.312201 8.174726 0.908740 0.469910 0.292360 -1
1 2.381130 0.460569 1.052078 0.462921 0.534843 -1
1 -0.804613 7.965709 1.052078 0.461914 0.292360 -1
1 1.888717 0.251553 0.908740 0.454925 0.534843 -1
1 -1.297024 7.756691 0.908740 0.453918 0.292360 -1
1 1.528249 0.098542 0.517141 0.449071 0.534843 -1
1 -1.657495 7.603682 0.517141 0.448064 0.292360 -1
1 1.396307 0.042537 -0.017796 0.446929 0.534843 -1
1 -1.789435 7.547676 -0.017796 0.445922 0.292360 -1
1 1.528249 0.098542 -0.552733 0.449071 0.534843 -1
1 -1.657495 7.603682 -0.552733 0.448064 0.292360 -1
1 1.888717 0.251553 -0.944337 0.454925 0.534843 -1
1 -1.297024 7.756691 -0.944337 0.453918 0.292360 -1
1 2.381130 0.460569 -1.087670 0.462921 0.534843 -1
1 -0.804613 7.965709 -1.087670 0.461914 0.292360 -1
1 2.873542 0.669586 -0.944337 0.470918 0.534843 -1
1 -0.312201 8.174726 -0.944337 0.469910 0.292360 -1
1 3.234012 0.822596 -0.552733 0.476771 0.534843 -1
1 0.048270 8.327737 -0.552733 0.475764 0.292360 -1
1 0.267561 9.195840 -0.005913 0.483852 0.277850 -1
1 0.086571 9.119016 0.727883 0.480913 0.277850 -1
1 -1.720512 10.123431 -0.005913 0.461914 0.244685 -1
1 -2.918183 16.700981 -0.005913 0.483852 0.112022 -1
1 -6.220376 20.724445 -0.005913 0.462921 0.087108 -1
1 -3.099172 16.624153 0.727883 0.480913 0.112022 -1
1 -0.407901 8.909125 1.265057 0.472883 0.277850 -1
1 -3.593645 16.414265 1.265057 0.472883 0.112022 -1
1 -1.083364 8.622407 1.461679 0.461914 0.277850 -1
1 -4.269107 16.127548 1.461679 0.461914 0.112022 -1
1 -1.758826 8.335687 1.265057 0.450945 0.277850 -1
1 -4.944571 15.840831 1.265057 0.450945 0.112022 -1
1 -2.253298 8.125799 0.727883 0.442915 0.277850 -1
1 -5.439041 15.630939 0.727883 0.442915 0.112022 -1
1 -2.434288 8.048973 -0.005913 0.439976 0.277850 -1
1 -5.620029 15.554112 -0.005913 0.439976 0.112022 -1
1 -2.253298 8.125799 -0.739708 0.442915 0.277850 -1
1 -5.439041 15.630939 -0.739708 0.442915 0.112022 -1
1 -1.758826 8.335687 -1.276887 0.450945 0.277850 -1
1 -4.944571 15.840831 -1.276887 0.450945 0.112022 -1
1 -1.083364 8.622407 -1.473504 0.461914 0.277850 -1
1 -4.269107 16.127548 -1.473504 0.461914 0.112022 -1
1 -0.407901 8.909125 -1.276887 0.472883 0.277850 -1
1 -3.593645 16.414265 -1.276887 0.472883 0.112022 -1
1 0.086571 9.119016 -0.739708 0.480913 0.277850 -1
1 -3.099172 16.624153 -0.739708 0.480913 0.112022 -1
1 0.225345 9.177920 0.246330 0.483166 0.277850 -1
1 0.225345 9.177920 -0.258155 0.483166 0.277850 -1
1 1.620880 9.881009 0.246330 0.506475 0.275778 -1
1 1.620880 9.881009 -0.258155 0.506475 0.275778 -1
1 1.220268 10.707417 0.246330 0.505790 0.257122 -1
1 1.220268 10.707417 -0.258155 0.505790 0.257122 -1
1 -1.108685 12.320701 0.246330 0.483166 0.208410 -1
1 -1.108685 12.320701 -0.258155 0.483166 0.208410 -1
1 -3.867251 7.551435 0.246330 0.417353 0.275778 -1
1 -2.392070 8.066893 -0.258155 0.440662 0.277850 -1
1 -2.392070 8.066893 0.246330 0.440662 0.277850 -1
1 -3.867251 7.551435 -0.258155 0.417353 0.275778 -1
1 -4.183428 8.413684 0.246330 0.418039 0.257122 -1
1 -4.183428 8.413684 -0.258155 0.418039 0.257122 -1
1 -3.726101 11.209674 0.246330 0.440662 0.208410 -1
1 -3.726101 11.209674 -0.258155 0.440662 0.208410 -1
1 -0.874048 8.711255 -1.431828 0.465313 0.277850 -1
1 -1.338360 8.514167 -1.423024 0.457773 0.277850 -1
1 -0.938922 8.794436 -2.990909 0.464906 0.275778 -1
1 -1.403231 8.597348 -2.982104 0.457366 0.275778 -1
1 -1.296581 9.639079 -2.945053 0.464918 0.257122 -1
1 -1.760891 9.441991 -2.936249 0.457378 0.257122 -1
1 -2.208080 11.854037 -1.431828 0.465313 0.208410 -1
1 -2.672390 11.656949 -1.423024 0.457773 0.208410 -1
1 -0.843142 8.835095 2.970278 0.466462 0.275778 -1
1 -1.292679 8.533559 1.420003 0.458515 0.277850 -1
1 -0.828369 8.730645 1.411199 0.466055 0.277850 -1
1 -1.307451 8.638005 2.979083 0.458922 0.275778 -1
1 -1.202274 9.679111 2.924423 0.466450 0.257122 -1
1 -1.666584 9.482020 2.933227 0.458910 0.257122 -1
1 -2.162399 11.873427 1.411199 0.466055 0.208410 -1
1 -2.626710 11.676337 1.420003 0.458515 0.208410 -1
301
-0.555296 -0.831653 0.000000
-0.452184 -0.787884 -0.418054
0.390731 -0.920505 -0.000001
0.815771 0.578376 0.000000
-0.390730 0.920505 0.000002
0.695294 0.527236 0.488456
0.920505 0.390731 0.000000
0.920505 0.390731 0.000000
0.797180 0.338383 0.500001
0.797180 0.338383 0.500001
-0.170477 -0.668306 -0.724089
0.366147 0.387521 0.846028
0.460253 0.195366 0.866025
0.460253 0.195366 0.866025
0.214343 -0.504960 -0.836105
-0.083480 0.196666 0.976910
0.000000 0.000000 1.000000
0.000000 0.000000 1.000000
0.599163 -0.341613 -0.724089
-0.533106 0.005811 0.846029
-0.460253 -0.195366 0.866025
-0.460253 -0.195366 0.866025
0.880869 -0.222037 -0.418054
-0.862253 -0.133903 0.488456
-0.797180 -0.338383 0.500001
-0.797180 -0.338383 0.500001
0.983982 -0.178268 0.000000
-0.982730 -0.185043 0.000000
-0.920505 -0.390731 0.000000
-0.920505 -0.390731 0.000000
0.880870 -0.222036 0.418052
-0.862254 -0.133904 -0.488454
-0.797181 -0.338383 -0.499999
-0.797181 -0.338383 -0.499999
0.599162 -0.341615 0.724088
-0.533105 0.005812 -0.846029
-0.460252 -0.195365 -0.866026
-0.460252 -0.195365 -0.866026
0.214343 -0.504960 0.836105
-0.083480 0.196666 -0.976910
0.000000 0.000000 -1.000000
0.000000 0.000000 -1.000000
-0.170476 -0.668307 0.724088
0.366146 0.387522 -0.846028
0.460252 0.195365 -0.866026
0.460252 0.195365 -0.866026
-0.452185 -0.787884 0.418052
0.695295 0.527236 -0.488453
0.797181 0.338383 -0.499999
0.797181 0.338383 -0.499998
-0.422820 -0.906214 0.000000
-0.331153 -0.867303 -0.371649
0.390731 -0.920505 -0.000001
0.772989 0.634419 -0.000000
-0.390732 0.920505 0.000001
0.654668 0.584195 0.479714
0.920505 0.390731 -0.000000
0.920505 0.390731 -0.000000
0.797180 0.338383 0.500001
0.797180 0.338383 0.500001
-0.080718 -0.760999 -0.643712
0.331411 0.446980 0.830889
0.460253 0.195366 0.866025
0.460253 0.195366 0.866025
0.261384 -0.615786 -0.743294
-0.110169 0.259540 0.959428
0.000000 0.000000 1.000000
0.000000 0.000000 1.000000
0.603488 -0.470571 -0.643712
-0.551748 0.072101 0.830888
-0.460252 -0.195366 0.866025
-0.460252 -0.195366 0.866025
0.853925 -0.364267 -0.371647
-0.875006 -0.065114 0.479714
-0.797180 -0.338383 0.500001
-0.797180 -0.338383 0.500001
0.945591 -0.325357 0.000000
-0.993326 -0.115338 -0.000000
-0.920505 -0.390731 -0.000000
-0.920505 -0.390731 -0.000000
0.853926 -0.364267 0.371645
-0.875007 -0.065114 -0.479712
-0.797181 -0.338383 -0.499998
-0.797182 -0.338383 -0.499998
0.603488 -0.470573 0.643711
-0.551748 0.072102 -0.830889
-0.460252 -0.195365 -0.866026
-0.460252 -0.195365 -0.866026
0.261384 -0.615786 0.743294
-0.110169 0.259540 -0.959428
0.000000 0.000000 -1.000000
0.000000 0.000000 -1.000000
-0.080717 -0.761000 0.643711
0.331410 0.446980 -0.830889
0.460252 0.195365 -0.866026
0.460252 0.195365 -0.866026
-0.331154 -0.867303 0.371648
0.654670 0.584195 -0.479712
0.797181 0.338383 -0.499999
0.797182 0.338383 -0.499998
0.449935 -0.893062 0.000000
0.899845 0.436209 0.000000
0.899845 0.436209 0.000000
0.569431 0.822039 0.000000
-0.920505 -0.390731 0.000000
-0.920505 -0.390731 0.000000
-0.000000 -0.000000 1.000000
0.000000 -0.000000 1.000000
0.000000 -0.000000 1.000000
-0.000000 0.000000 -1.000000
0.000000 0.000000 -1.000000
0.000000 0.000000 -1.000000
0.329862 -0.944029 0.000000
-0.938869 -0.344275 0.000000
-0.986886 0.161421 0.000000
0.920505 0.390731 0.000000
0.920505 0.390731 0.000000
0.000000 -0.000000 1.000000
0.000000 -0.000000 1.000000
0.000000 -0.000000 1.000000
-0.000000 0.000000 -1.000000
-0.000000 0.000000 -1.000000
-0.000000 0.000000 -1.000000
0.388848 -0.918991 -0.065212
0.388849 -0.918991 -0.065212
0.388849 -0.918991 -0.065212
-0.035558 0.039157 -0.998600
-0.035558 0.039157 -0.998600
-0.035557 0.039157 -0.998600
-0.222308 0.485965 -0.845232
-0.222308 0.485965 -0.845232
-0.222309 0.485965 -0.845232
0.920365 0.390672 -0.017452
0.920365 0.390671 -0.017452
0.920365 0.390670 -0.017453
-0.920364 -0.390672 0.017452
-0.920364 -0.390672 0.017452
-0.920364 -0.390672 0.017452
0.390944 -0.918102 0.065210
0.390940 -0.918103 0.065211
0.390947 -0.918100 0.065209
-0.003466 0.052779 0.998600
-0.003465 0.052779 0.998600
-0.003468 0.052779 0.998600
-0.195145 0.497495 0.845232
-0.195147 0.497495 0.845232
-0.195143 0.497496 0.845232
0.920365 0.390672 -0.017452
0.920365 0.390672 -0.017452
0.920365 0.390671 -0.017452
-0.920365 -0.390672 0.017451
-0.920365 -0.390672 0.017451
-0.920365 -0.390672 0.017451
-0.555296 -0.831653 0.000000
-0.452184 -0.787884 -0.418054
0.390732 -0.920505 -0.000001
0.815771 0.578375 0.000000
-0.390732 0.920504 0.000002
0.695293 0.527236 0.488456
0.797180 0.338383 0.500001
-0.170477 -0.668306 -0.724089
0.366146 0.387521 0.846029
0.460253 0.195366 0.866025
0.214343 -0.504960 -0.836105
-0.083480 0.196666 0.976910
0.000000 0.000000 1.000000
0.000000 0.000000 1.000000
0.599164 -0.341613 -0.724088
-0.533106 0.005811 0.846029
-0.460254 -0.195366 0.866025
-0.460254 -0.195366 0.866025
0.880870 -0.222036 -0.418053
-0.862254 -0.133904 0.488455
-0.797181 -0.338383 0.500000
-0.797181 -0.338383 0.500000
0.983982 -0.178267 0.000000
-0.982730 -0.185043 0.000000
-0.920505 -0.390731 0.000000
-0.920505 -0.390731 0.000000
0.880871 -0.222035 0.418051
-0.862255 -0.133904 -0.488453
-0.797182 -0.338384 -0.499998
-0.797182 -0.338384 -0.499997
0.599163 -0.341615 0.724088
-0.533105 0.005812 -0.846029
-0.460253 -0.195366 -0.866025
-0.460253 -0.195366 -0.866025
0.214343 -0.504960 0.836105
-0.083480 0.196666 -0.976910
0.000000 0.000000 -1.000000
0.000000 0.000000 -1.000000
-0.170476 -0.668307 0.724088
0.366145 0.387521 -0.846029
0.460252 0.195365 -0.866026
0.460252 0.195365 -0.866026
-0.452185 -0.787884 0.418052
0.695295 0.527236 -0.488454
0.797181 0.338383 -0.499999
0.797181 0.338383 -0.499999
-0.422820 -0.906214 0.000000
-0.331153 -0.867304 -0.371646
0.390732 -0.920505 -0.000001
0.772990 0.634419 -0.000000
-0.390732 0.920505 0.000001
0.654669 0.584194 0.479715
0.920505 0.390731 -0.000000
0.920505 0.390731 -0.000000
0.797180 0.338383 0.500000
0.797180 0.338383 0.500001
-0.080717 -0.761000 -0.643711
0.331412 0.446980 0.830888
0.460253 0.195366 0.866025
0.460253 0.195366 0.866025
0.261388 -0.615785 -0.743293
-0.110168 0.259540 0.959428
0.000000 0.000000 1.000000
0.000000 0.000000 1.000000
0.603489 -0.470570 -0.643711
-0.551748 0.072100 0.830888
-0.460253 -0.195366 0.866025
-0.460254 -0.195366 0.866025
0.853924 -0.364268 -0.371648
-0.875006 -0.065115 0.479713
-0.797181 -0.338383 0.500000
-0.797181 -0.338383 0.499999
0.945591 -0.325357 0.000000
-0.993326 -0.115339 -0.000000
-0.920505 -0.390731 -0.000000
-0.920505 -0.390731 -0.000000
0.853925 -0.364267 0.371646
-0.875007 -0.065115 -0.479711
-0.797182 -0.338384 -0.499997
-0.797182 -0.338384 -0.499997
0.603489 -0.470572 0.643711
-0.551748 0.072101 -0.830889
-0.460253 -0.195366 -0.866025
-0.460253 -0.195366 -0.866025
0.261388 -0.615785 0.743293
-0.110168 0.259540 -0.959428
0.000000 0.000000 -1.000000
0.000000 0.000000 -1.000000
-0.080716 -0.761001 0.643710
0.331411 0.446980 -0.830888
0.460252 0.195366 -0.866025
0.460252 0.195366 -0.866026
-0.331154 -0.867305 0.371644
0.654670 0.584195 -0.479712
0.797181 0.338384 -0.499998
0.797181 0.338384 -0.499998
0.449936 -0.893061 0.000000
0.899844 0.436211 0.000000
0.899844 0.436211 0.000000
0.569432 0.822038 0.000000
-0.920505 -0.390731 0.000000
-0.920505 -0.390731 0.000000
-0.000000 -0.000000 1.000000
0.000000 -0.000000 1.000000
0.000000 -0.000000 1.000000
-0.000000 0.000000 -1.000000
0.000000 0.000000 -1.000000
0.000000 0.000000 -1.000000
0.329863 -0.944029 0.000000
-0.938869 -0.344273 0.000000
-0.938869 -0.344273 0.000000
-0.986886 0.161420 0.000000
0.000000 -0.000000 1.000000
0.000000 -0.000000 1.000000
0.000000 -0.000000 1.000000
-0.000000 0.000000 -1.000000
-0.000000 0.000000 -1.000000
-0.000000 0.000000 -1.000000
0.388851 -0.918990 -0.065211
0.388852 -0.918990 -0.065211
0.388853 -0.918989 -0.065210
-0.035558 0.039157 -0.998600
-0.035558 0.039157 -0.998600
-0.035557 0.039157 -0.998600
-0.222308 0.485965 -0.845232
-0.222308 0.485965 -0.845232
-0.222308 0.485965 -0.845232
0.920365 0.390672 -0.017453
0.920365 0.390671 -0.017453
0.920365 0.390671 -0.017453
-0.920365 -0.390671 0.017452
-0.920365 -0.390672 0.017453
-0.920364 -0.390672 0.017454
0.390948 -0.918100 0.065211
0.390944 -0.918101 0.065212
0.390952 -0.918098 0.065210
-0.003466 0.052779 0.998600
-0.003465 0.052779 0.998600
-0.003468 0.052779 0.998600
-0.195148 0.497494 0.845232
-0.195149 0.497494 0.845232
-0.195148 0.497494 0.845232
0.920365 0.390671 -0.017452
0.920365 0.390671 -0.017452
0.920365 0.390671 -0.017452
-0.920365 -0.390672 0.017452
-0.920365 -0.390672 0.017452
-0.920365 -0.390672 0.017452
280
1 0 1 2 0 1 2 2
1 3 4 5 3 4 5 2
1 0 3 1 6 7 8 1
1 3 5 1 7 9 8 1
1 1 6 2 1 10 2 2
1 5 4 7 5 4 11 2
1 1 5 7 8 9 12 1
1 1 7 6 8 12 13 1
1 6 8 2 10 14 2 2
1 7 4 9 11 4 15 2
1 6 7 8 13 12 16 1
1 7 9 8 12 17 16 1
1 8 10 2 14 18 2 2
1 9 4 11 15 4 19 2
1 8 9 11 16 17 20 1
1 8 11 10 16 20 21 1
1 10 12 2 18 22 2 2
1 11 4 13 19 4 23 2
1 10 11 12 21 20 24 1
1 11 13 12 20 25 24 1
1 12 14 2 22 26 2 2
1 13 4 15 23 4 27 2
1 12 13 15 24 25 28 1
1 12 15 14 24 28 29 1
1 14 16 2 26 30 2 2
1 15 4 17 27 4 31 2
1 14 15 16 29 28 32 1
1 15 17 16 28 33 32 1
1 16 18 2 30 34 2 2
1 17 4 19 31 4 35 2
1 16 17 19 32 33 36 1
1 16 19 18 32 36 37 1
1 18 20 2 34 38 2 2
1 19 4 21 35 4 39 2
1 18 19 20 37 36 40 1
1 19 21 20 36 41 40 1
1 20 22 2 38 42 2 2
1 21 4 23 39 4 43 2
1 20 21 23 40 41 44 1
1 20 23 22 40 44 45 1
1 22 24 2 42 46 2 2
1 23 4 25 43 4 47 2
1 22 23 24 45 44 48 1
1 23 25 24 44 49 48 1
1 24 0 2 46 0 2 2
1 25 4 3 47 4 3 2
1 24 25 3 48 49 7 1
1 24 3 0 48 7 6 1
1 26 27 28 50 51 52 2
1 29 30 31 53 54 55 2
1 26 29 27 56 57 58 1
1 29 31 27 57 59 58 1
1 27 32 28 51 60 52 2
1 31 30 33 55 54 61 2
1 27 31 33 58 59 62 1
1 27 33 32 58 62 63 1
1 32 34 28 60 64 52 2
1 33 30 35 61 54 65 2
1 32 33 34 63 62 66 1
1 33 35 34 62 67 66 1
1 34 36 28 64 68 52 2
1 35 30 37 65 54 69 2
1 34 35 37 66 67 70 1
1 34 37 36 66 70 71 1
1 36 38 28 68 72 52 2
1 37 30 39 69 54 73 2
1 36 37 38 71 70 74 1
1 37 39 38 70 75 74 1
1 38 40 28 72 76 52 2
1 39 30 41 73 54 77 2
1 38 39 41 74 75 78 1
1 38 41 40 74 78 79 1
1 40 42 28 76 80 52 2
1 41 30 43 77 54 81 2
1 40 41 42 79 78 82 1
1 41 43 42 78 83 82 1
1 42 44 28 80 84 52 2
1 43 30 45 81 54 85 2
1 42 43 45 82 83 86 1
1 42 45 44 82 86 87 1
1 44 46 28 84 88 52 2
1 45 30 47 85 54 89 2
1 44 45 46 87 86 90 1
1 45 47 46 86 91 90 1
1 46 48 28 88 92 52 2
1 47 30 49 89 54 93 2
1 46 47 49 90 91 94 1
1 46 49 48 90 94 95 1
1 48 50 28 92 96 52 2
1 49 30 51 93 54 97 2
1 48 49 50 95 94 98 1
1 49 51 50 94 99 98 1
1 50 26 28 96 50 52 2
1 51 30 29 97 54 53 2
1 50 51 29 98 99 57 1
1 50 29 26 98 57 56 1
1 52 53 54 100 100 100 1
1 53 55 54 100 100 100 1
1 54 55 56 101 102 102 2
1 55 57 56 102 102 102 2
1 56 57 58 103 103 103 1
1 57 59 58 103 103 103 1
1 58 59 52 104 104 104 2
1 59 53 52 104 105 104 2
1 58 52 56 106 107 107 3
1 52 54 56 107 108 107 3
1 53 59 55 109 110 110 3
1 59 57 55 110 111 110 3
1 60 61 62 112 112 112 1
1 60 63 61 112 112 112 1
1 64 63 60 113 113 113 2
1 64 65 63 113 113 113 2
1 66 65 64 114 114 114 1
1 66 67 65 114 114 114 1
1 62 67 66 115 115 115 2
1 62 61 67 115 116 115 2
1 64 62 66 117 117 118 3
1 64 60 62 117 119 117 3
1 63 67 61 120 120 121 3
1 63 65 67 120 122 120 3
1 68 69 70 123 124 124 1
1 69 71 70 124 125 124 1
1 70 71 72 126 127 127 2
1 71 73 72 127 128 127 2
1 72 73 74 129 130 130 1
1 73 75 74 130 131 130 1
1 74 68 72 132 133 133 3
1 68 70 72 133 134 133 3
1 69 75 71 135 136 136 3
1 75 73 71 136 137 136 3
1 76 77 78 138 138 139 1
1 76 79 77 138 140 138 1
1 80 79 76 141 141 142 2
1 80 81 79 141 143 141 2
1 82 81 80 144 144 145 1
1 82 83 81 144 146 144 1
1 80 78 82 147 147 148 3
1 80 76 78 147 149 147 3
1 79 83 77 150 150 151 3
1 79 81 83 150 152 150 3
1 84 85 86 153 154 155 2
1 87 88 89 156 157 158 2
1 84 87 85 7 7 159 1
1 87 89 85 7 159 159 1
1 85 90 86 154 160 155 2
1 89 88 91 158 157 161 2
1 85 89 91 159 159 162 1
1 85 91 90 159 162 162 1
1 90 92 86 160 163 155 2
1 91 88 93 161 157 164 2
1 90 91 92 162 162 165 1
1 91 93 92 162 166 165 1
1 92 94 86 163 167 155 2
1 93 88 95 164 157 168 2
1 92 93 95 165 166 169 1
1 92 95 94 165 169 170 1
1 94 96 86 167 171 155 2
1 95 88 97 168 157 172 2
1 94 95 96 170 169 173 1
1 95 97 96 169 174 173 1
1 96 98 86 171 175 155 2
1 97 88 99 172 157 176 2
1 96 97 99 173 174 177 1
1 96 99 98 173 177 178 1
1 98 100 86 175 179 155 2
1 99 88 101 176 157 180 2
1 98 99 100 178 177 181 1
1 99 101 100 177 182 181 1
1 100 102 86 179 183 155 2
1 101 88 103 180 157 184 2
1 100 101 103 181 182 185 1
1 100 103 102 181 185 186 1
1 102 104 86 183 187 155 2
1 103 88 105 184 157 188 2
1 102 103 104 186 185 189 1
1 103 105 104 185 190 189 1
1 104 106 86 187 191 155 2
1 105 88 107 188 157 192 2
1 104 105 107 189 190 193 1
1 104 107 106 189 193 194 1
1 106 108 86 191 195 155 2
1 107 88 109 192 157 196 2
1 106 107 108 194 193 197 1
1 107 109 108 193 198 197 1
1 108 84 86 195 153 155 2
1 109 88 87 196 157 156 2
1 108 109 87 197 198 7 1
1 108 87 84 197 7 7 1
1 110 111 112 199 200 201 2
1 113 114 115 202 203 204 2
1 110 113 111 205 206 207 1
1 113 115 111 206 208 207 1
1 111 116 112 200 209 201 2
1 115 114 117 204 203 210 2
1 111 115 117 207 208 211 1
1 111 117 116 207 211 212 1
1 116 118 112 209 213 201 2
1 117 114 119 210 203 214 2
1 116 117 118 212 211 215 1
1 117 119 118 211 216 215 1
1 118 120 112 213 217 201 2
1 119 114 121 214 203 218 2
1 118 119 121 215 216 219 1
1 118 121 120 215 219 220 1
1 120 122 112 217 221 201 2
1 121 114 123 218 203 222 2
1 120 121 122 220 219 223 1
1 121 123 122 219 224 223 1
1 122 124 112 221 225 201 2
1 123 114 125 222 203 226 2
1 122 123 125 223 224 227 1
1 122 125 124 223 227 228 1
1 124 126 112 225 229 201 2
1 125 114 127 226 203 230 2
1 124 125 126 228 227 231 1
1 125 127 126 227 232 231 1
1 126 128 112 229 233 201 2
1 127 114 129 230 203 234 2
1 126 127 129 231 232 235 1
1 126 129 128 231 235 236 1
1 128 130 112 233 237 201 2
1 129 114 131 234 203 238 2
1 128 129 130 236 235 239 1
1 129 131 130 235 240 239 1
1 130 132 112 237 241 201 2
1 131 114 133 238 203 242 2
1 130 131 133 239 240 243 1
1 130 133 132 239 243 244 1
1 132 134 112 241 245 201 2
1 133 114 135 242 203 246 2
1 132 133 134 244 243 247 1
1 133 135 134 243 248 247 1
1 134 110 112 245 199 201 2
1 135 114 113 246 203 202 2
1 134 135 113 247 248 206 1
1 134 113 110 247 206 205 1
1 136 137 138 249 249 249 1
1 137 139 138 249 249 249 1
1 138 139 140 250 250 250 2
1 139 141 140 250 251 250 2
1 140 141 142 252 252 252 1
1 141 143 142 252 252 252 1
1 142 143 136 253 253 253 2
1 143 137 136 253 254 253 2
1 142 136 140 255 256 256 3
1 136 138 140 256 257 256 3
1 137 143 139 258 259 259 3
1 143 141 139 259 260 259 3
1 144 145 146 261 261 261 1
1 144 147 145 261 261 261 1
1 148 147 144 262 262 262 2
1 148 149 147 262 263 262 2
1 150 149 148 264 264 264 1
1 150 151 149 264 264 264 1
1 146 151 150 116 116 116 2
1 146 145 151 116 116 116 2
1 148 146 150 265 265 266 3
1 148 144 146 265 267 265 3
1 147 151 145 268 268 269 3
1 147 149 151 268 270 268 3
1 152 153 154 271 272 272 1
1 153 155 154 272 273 272 1
1 154 155 156 274 275 275 2
1 155 157 156 275 276 275 2
1 156 157 158 277 278 278 1
1 157 159 158 278 279 278 1
1 158 152 156 280 281 281 3
1 152 154 156 281 282 281 3
1 153 159 155 283 284 284 3
1 159 157 155 284 285 284 3
1 160 161 162 286 286 287 1
1 160 163 161 286 288 286 1
1 164 163 160 289 289 290 2
1 164 165 163 289 291 289 2
1 166 165 164 292 292 293 1
1 166 167 165 292 294 292 1
1 164 162 166 295 295 296 3
1 164 160 162 295 297 295 3
1 163 167 161 298 298 299 3
1 163 165 167 298 300 298 3

Materials: 1
"Material02"
0.200000 0.200000 0.200000 1.000000
0.800000 0.800000 0.800000 1.000000
0.000000 0.000000 0.000000 1.000000
0.000000 0.000000 0.000000 1.000000
0.000000
1.000000
"..\Image\RunTimeItem.tga"
""

Bones: 0
GroupComments: 0
MaterialComments: 0
BoneComments: 0
ModelComment: 0
