// MilkShape 3D ASCII

Frames: 30
Frame: 1

Meshes: 1
"Cylinder03" 1 0
26
1 -0.022727 13.085855 -0.703754 0.685213 0.503785 -1
1 4.411165 11.249271 -0.703754 0.775649 0.541290 -1
1 -0.022727 6.815383 -1.621212 0.685213 0.631834 -1
1 -0.022727 13.085855 -0.175034 0.685213 0.503785 -1
1 -0.022727 6.815383 0.742424 0.685213 0.631834 -1
1 4.411165 11.249271 -0.175034 0.775649 0.541290 -1
1 -0.022727 13.712904 -0.439394 0.685213 0.503785 -1
1 4.854555 11.692659 -0.439394 0.775649 0.541290 -1
1 6.247742 6.815383 -0.703754 0.813108 0.631834 -1
1 6.247742 6.815383 -0.175034 0.813108 0.631834 -1
1 6.874790 6.815383 -0.439394 0.813108 0.631834 -1
1 4.411165 2.381492 -0.703754 0.775649 0.722378 -1
1 4.411165 2.381492 -0.175034 0.775649 0.722378 -1
1 4.854555 1.938103 -0.439394 0.775649 0.722378 -1
1 -0.022727 0.544913 -0.703754 0.685213 0.759882 -1
1 -0.022727 0.544913 -0.175034 0.685213 0.759882 -1
1 -0.022727 -0.082132 -0.439395 0.685213 0.759882 -1
1 -4.456619 2.381492 -0.703754 0.594777 0.722378 -1
1 -4.456619 2.381492 -0.175034 0.594777 0.722378 -1
1 -4.900008 1.938103 -0.439394 0.594777 0.722378 -1
1 -6.293197 6.815383 -0.703754 0.557318 0.631834 -1
1 -6.293197 6.815383 -0.175034 0.557318 0.631834 -1
1 -6.920245 6.815383 -0.439394 0.557318 0.631834 -1
1 -4.456619 11.249271 -0.703754 0.594777 0.541290 -1
1 -4.456619 11.249271 -0.175034 0.594777 0.541290 -1
1 -4.900008 11.692659 -0.439394 0.594777 0.541290 -1
42
-0.000000 0.144773 -0.989465
0.102370 0.102370 -0.989465
0.000000 0.000000 -1.000000
-0.000000 0.144773 0.989465
0.000000 0.000000 1.000000
0.102370 0.102370 0.989465
-0.000000 0.388481 -0.921457
-0.000000 1.000000 0.000000
0.707107 0.707106 0.000000
0.274698 0.274698 -0.921456
-0.000000 0.388481 0.921457
0.274698 0.274698 0.921457
0.144773 0.000000 -0.989465
0.144773 0.000000 0.989465
0.388481 0.000000 -0.921457
1.000000 0.000000 0.000000
0.388481 0.000000 0.921457
0.102370 -0.102370 -0.989465
0.102370 -0.102370 0.989465
0.707107 -0.707107 -0.000000
0.274698 -0.274698 -0.921457
0.274698 -0.274698 0.921456
0.000000 -0.144773 -0.989465
0.000000 -0.144773 0.989465
-0.000000 -0.388482 -0.921456
-0.000000 -1.000000 -0.000000
-0.000000 -0.388482 0.921456
-0.102370 -0.102370 -0.989465
-0.102370 -0.102370 0.989465
-0.707106 -0.707107 -0.000000
-0.274698 -0.274698 -0.921457
-0.274698 -0.274698 0.921456
-0.144773 0.000000 -0.989465
-0.144773 0.000000 0.989465
-0.388481 0.000000 -0.921457
-1.000000 0.000000 0.000000
-0.388481 0.000000 0.921457
-0.102370 0.102370 -0.989465
-0.102370 0.102370 0.989465
-0.707107 0.707106 0.000000
-0.274698 0.274698 -0.921456
-0.274698 0.274698 0.921457
48
1 0 1 2 0 1 2 2
1 3 4 5 3 4 5 2
1 0 6 7 6 7 8 1
1 0 7 1 6 8 9 1
1 6 3 7 7 10 8 1
1 3 5 7 10 11 8 1
1 1 8 2 1 12 2 2
1 5 4 9 5 4 13 2
1 1 7 8 9 8 14 1
1 7 10 8 8 15 14 1
1 7 5 9 8 11 16 1
1 7 9 10 8 16 15 1
1 8 11 2 12 17 2 2
1 9 4 12 13 4 18 2
1 8 10 13 14 15 19 1
1 8 13 11 14 19 20 1
1 10 9 13 15 16 19 1
1 9 12 13 16 21 19 1
1 11 14 2 17 22 2 2
1 12 4 15 18 4 23 2
1 11 13 14 20 19 24 1
1 13 16 14 19 25 24 1
1 13 12 15 19 21 26 1
1 13 15 16 19 26 25 1
1 14 17 2 22 27 2 2
1 15 4 18 23 4 28 2
1 14 16 19 24 25 29 1
1 14 19 17 24 29 30 1
1 16 15 19 25 26 29 1
1 15 18 19 26 31 29 1
1 17 20 2 27 32 2 2
1 18 4 21 28 4 33 2
1 17 19 20 30 29 34 1
1 19 22 20 29 35 34 1
1 19 18 21 29 31 36 1
1 19 21 22 29 36 35 1
1 20 23 2 32 37 2 2
1 21 4 24 33 4 38 2
1 20 22 25 34 35 39 1
1 20 25 23 34 39 40 1
1 22 21 25 35 36 39 1
1 21 24 25 36 41 39 1
1 23 0 2 37 0 2 2
1 24 4 3 38 4 3 2
1 23 25 0 40 39 6 1
1 25 6 0 39 7 6 1
1 25 24 3 39 41 10 1
1 25 3 6 39 10 7 1

Materials: 1
"Material02"
0.200000 0.200000 0.200000 1.000000
0.341176 0.341176 0.341176 1.000000
0.235294 0.235294 0.235294 1.000000
0.000000 0.000000 0.000000 1.000000
0.000000
1.000000
"..\Image\RunTimeItem.tga"
""

Bones: 0
GroupComments: 0
MaterialComments: 0
BoneComments: 0
ModelComment: 0
