// MilkShape 3D ASCII

Frames: 30
Frame: 1

Meshes: 1
"Regroup00" 0 0
58
1 -2.354617 1.424454 3.508603 0.500000 1.000000 -1
1 -2.354617 0.389471 3.766652 0.500000 0.000000 -1
0 1.914734 -0.452099 2.665989 0.625000 1.000000 -1
0 1.914734 -1.447918 2.283732 0.625000 0.000000 -1
0 3.683158 -0.497908 -0.191129 0.750000 0.000000 -1
0 3.683158 0.497911 0.191130 0.750000 1.000000 -1
0 1.914733 1.447921 -2.283729 0.875000 1.000000 -1
0 1.914733 0.452102 -2.665984 0.875000 0.000000 -1
1 -2.354618 -1.424450 -3.508599 1.000000 0.000000 -1
1 -2.354618 -0.389469 -3.766649 1.000000 1.000000 -1
0 3.716666 2.032816 -0.000000 0.000000 1.000000 -1
0 2.650000 2.032816 -0.000000 0.000000 0.000000 -1
0 3.716666 1.437418 1.437418 0.125000 1.000000 -1
0 2.650001 1.437418 1.437418 0.125000 0.000000 -1
0 2.650001 -0.000000 2.032816 0.250000 0.000000 -1
0 3.716666 0.000000 2.032816 0.250000 1.000000 -1
0 3.716666 -1.437418 1.437418 0.375000 1.000000 -1
0 2.650001 -1.437418 1.437418 0.375000 0.000000 -1
0 2.650001 -2.032816 -0.000000 0.500000 0.000000 -1
0 3.716667 -2.032816 -0.000000 0.500000 1.000000 -1
0 3.716666 -1.437418 -1.437418 0.625000 1.000000 -1
0 2.650001 -1.437418 -1.437418 0.625000 0.000000 -1
0 2.650001 -0.000000 -2.032816 0.750000 0.000000 -1
0 3.716666 0.000000 -2.032816 0.750000 1.000000 -1
0 3.716666 1.437418 -1.437418 0.875000 1.000000 -1
0 2.650001 1.437418 -1.437418 0.875000 0.000000 -1
0 2.650000 2.032816 -0.000000 1.000000 0.000000 -1
0 3.716666 2.032816 -0.000000 1.000000 1.000000 -1
1 -2.354617 -1.944837 3.249156 0.500000 1.000000 -1
1 -2.354617 -2.773796 2.577879 0.500000 0.000000 -1
0 1.914734 -2.401234 1.243371 0.625000 1.000000 -1
0 1.914734 -2.695248 0.218026 0.625000 0.000000 -1
0 3.683158 -0.147005 -0.512672 0.750000 0.000000 -1
0 3.683158 0.147009 0.512675 0.750000 1.000000 -1
0 1.914734 2.695254 -0.218023 0.875000 1.000000 -1
0 1.914734 2.401236 -1.243368 0.875000 0.000000 -1
1 -2.354618 1.944840 -3.249149 1.000000 0.000000 -1
1 -2.354617 2.773796 -2.577874 1.000000 1.000000 -1
1 -2.354617 -3.656053 0.986249 0.500000 1.000000 -1
1 -2.354618 -3.786048 -0.072469 0.500000 0.000000 -1
0 1.914734 -2.591020 -0.773632 0.625000 1.000000 -1
0 1.914734 -2.090251 -1.715441 0.625000 0.000000 -1
0 3.683158 0.250388 -0.470904 0.750000 0.000000 -1
0 3.683158 -0.250382 0.470908 0.750000 1.000000 -1
0 1.914734 2.090258 1.715448 0.875000 1.000000 -1
0 1.914734 2.591023 0.773634 0.875000 0.000000 -1
1 -2.354617 3.656051 -0.986243 1.000000 0.000000 -1
1 -2.354617 3.786047 0.072474 1.000000 1.000000 -1
1 -2.354618 -3.346488 -1.772126 0.500000 1.000000 -1
1 -2.354618 -2.719515 -2.635079 0.500000 0.000000 -1
0 1.914733 -1.367335 -2.332870 0.625000 1.000000 -1
0 1.914733 -0.358782 -2.680143 0.625000 0.000000 -1
0 3.683158 0.504279 -0.173634 0.750000 0.000000 -1
0 3.683158 -0.504275 0.173640 0.750000 1.000000 -1
0 1.914734 0.358786 2.680153 0.875000 1.000000 -1
0 1.914734 1.367340 2.332874 0.875000 0.000000 -1
1 -2.354617 3.346485 1.772129 1.000000 0.000000 -1
1 -2.354617 2.719515 2.635081 1.000000 1.000000 -1
56
0.285444 0.231856 0.929927
0.237360 -0.063620 0.969336
0.585258 -0.143543 0.798040
0.544224 -0.300647 0.783218
1.000000 -0.000000 -0.000000
1.000000 0.000000 -0.000000
0.584532 0.149236 -0.797528
0.483470 0.313699 -0.817221
0.229373 0.072965 -0.970600
0.403612 -0.221343 -0.887753
-0.000000 1.000000 0.000000
-0.000000 1.000000 0.000000
-0.000000 0.707107 0.707107
-0.000000 0.707107 0.707107
-0.000000 0.000000 1.000000
0.000000 0.000000 1.000000
0.000000 -0.707107 0.707107
0.000000 -0.707107 0.707107
0.000000 -1.000000 0.000000
0.000000 -1.000000 0.000000
0.000000 -0.707107 -0.707107
0.000000 -0.707107 -0.707107
0.000000 0.000000 -1.000000
0.000000 0.000000 -1.000000
-0.000000 0.707107 -0.707107
-0.000000 0.707107 -0.707107
0.285445 -0.603137 0.744813
0.237361 -0.812433 0.532552
0.585259 -0.723729 0.365634
0.544225 -0.806440 0.231243
1.000000 -0.000000 -0.000001
1.000000 -0.000000 0.000000
0.584533 0.726746 -0.360780
0.483471 0.841449 -0.241286
0.229374 0.819066 -0.525850
0.403612 0.575784 -0.711035
0.285445 -0.951251 0.116799
0.237361 -0.954357 -0.181278
0.585259 -0.774597 -0.239730
0.544225 -0.740740 -0.393858
1.000000 0.000000 -0.000001
1.000000 -0.000000 -0.000000
0.584533 0.773396 0.245316
0.483471 0.772900 0.410953
0.229374 0.954473 0.190706
0.403612 0.908110 -0.111503
0.285445 -0.775358 -0.563331
0.237361 -0.574341 -0.783449
0.585259 -0.403009 -0.703602
0.544225 -0.273132 -0.793233
1.000000 0.000001 -0.000000
1.000000 -0.000000 -0.000000
0.584533 0.398320 0.706868
0.483471 0.284994 0.827668
0.229374 0.567995 0.790423
0.403612 0.740195 0.537782
48
0 0 1 2 0 1 2 1
0 1 3 2 1 3 2 1
0 2 3 4 2 3 4 1
0 2 4 5 2 4 5 1
0 5 4 6 5 4 6 1
0 4 7 6 4 7 6 1
0 6 7 8 6 7 8 1
0 6 8 9 6 8 9 1
0 10 11 12 10 11 12 1
0 11 13 12 11 13 12 1
0 12 13 14 12 13 14 1
0 12 14 15 12 14 15 1
0 15 14 16 15 14 16 1
0 14 17 16 14 17 16 1
0 16 17 18 16 17 18 1
0 16 18 19 16 18 19 1
0 19 18 20 19 18 20 1
0 18 21 20 18 21 20 1
0 20 21 22 20 21 22 1
0 20 22 23 20 22 23 1
0 23 22 24 23 22 24 1
0 22 25 24 22 25 24 1
0 24 25 26 24 25 11 1
0 24 26 27 24 11 10 1
0 28 29 30 26 27 28 1
0 29 31 30 27 29 28 1
0 30 31 32 28 29 30 1
0 30 32 33 28 30 31 1
0 33 32 34 31 30 32 1
0 32 35 34 30 33 32 1
0 34 35 36 32 33 34 1
0 34 36 37 32 34 35 1
0 38 39 40 36 37 38 1
0 39 41 40 37 39 38 1
0 40 41 42 38 39 40 1
0 40 42 43 38 40 41 1
0 43 42 44 41 40 42 1
0 42 45 44 40 43 42 1
0 44 45 46 42 43 44 1
0 44 46 47 42 44 45 1
0 48 49 50 46 47 48 1
0 49 51 50 47 49 48 1
0 50 51 52 48 49 50 1
0 50 52 53 48 50 51 1
0 53 52 54 51 50 52 1
0 52 55 54 50 53 52 1
0 54 55 56 52 53 54 1
0 54 56 57 52 54 55 1

Materials: 1
"Material02"
0.200000 0.200000 0.200000 1.000000
0.800000 0.800000 0.800000 1.000000
0.000000 0.000000 0.000000 1.000000
0.000000 0.000000 0.000000 1.000000
0.000000
1.000000
"ThunderBoltStart.tga"
""

Bones: 0
GroupComments: 0
MaterialComments: 0
BoneComments: 0
ModelComment: 0
