// MilkShape 3D ASCII

Frames: 30
Frame: 1

Meshes: 3
"1_Blz" 0 0
24
0 11.167236 18.000000 1.667236 4.138081 1.311475 -1
0 11.167262 0.000000 1.667262 4.138084 0.000000 -1
0 16.000000 0.000000 -10.000000 4.816601 0.000000 -1
0 16.000000 18.000000 -10.000000 4.816601 1.311475 -1
0 -0.500000 18.000000 6.500000 2.500000 1.311475 -1
0 -0.500000 0.000000 6.500000 2.500000 0.000000 -1
0 -12.167236 18.000000 1.667236 0.861920 1.311475 -1
0 -12.167262 0.000000 1.667262 0.861916 0.000000 -1
0 -17.000000 18.000000 -10.000000 0.183399 1.311475 -1
0 -17.000000 0.000000 -10.000000 0.183399 0.000000 -1
0 -12.167236 18.000000 -21.667236 0.861920 1.311475 -1
0 -12.167262 0.000000 -21.667263 0.861916 0.000000 -1
0 -0.500000 18.000000 -26.500000 2.500000 1.311475 -1
0 -0.500000 0.000000 -26.500000 2.500000 0.000000 -1
0 11.167236 18.000000 -21.667236 4.138081 1.311475 -1
0 11.167262 0.000000 -21.667263 4.138084 0.000000 -1
0 10.000000 37.000000 -16.000000 0.000000 0.000000 -1
0 10.000000 19.000000 -16.000000 0.000000 0.000000 -1
0 -11.000000 19.000000 -16.000000 0.000000 0.000000 -1
0 -11.000000 37.000000 -16.000000 0.000000 0.000000 -1
0 -11.000000 19.000000 0.000000 0.000000 0.000000 -1
0 -11.000000 37.000000 0.000000 0.000000 0.000000 -1
0 10.000000 19.000000 0.000000 0.000000 0.000000 -1
0 10.000000 37.000000 0.000000 0.000000 0.000000 -1
24
0.797175 0.000001 0.603748
0.603749 0.000001 0.797175
0.990602 0.000001 0.136775
0.990602 0.000001 -0.136774
0.136774 0.000001 0.990602
-0.136775 0.000001 0.990602
-0.603748 0.000001 0.797175
-0.797175 0.000001 0.603749
-0.990602 0.000001 0.136774
-0.990602 0.000001 -0.136775
-0.797175 0.000001 -0.603748
-0.603749 0.000001 -0.797175
-0.136774 0.000001 -0.990602
0.136775 0.000001 -0.990602
0.603748 0.000001 -0.797175
0.797175 0.000001 -0.603749
0.447214 0.000000 -0.894427
0.894427 0.000000 -0.447214
-0.447214 0.000000 -0.894427
-0.894427 0.000000 -0.447214
-0.894427 0.000000 0.447214
-0.447214 0.000000 0.894427
0.447214 0.000000 0.894427
0.894427 0.000000 0.447214
24
0 0 1 2 0 1 2 3
0 0 2 3 0 2 3 3
0 4 5 1 4 5 1 3
0 4 1 0 4 1 0 3
0 6 7 5 6 7 5 3
0 6 5 4 6 5 4 3
0 8 9 7 8 9 7 3
0 8 7 6 8 7 6 3
0 10 11 9 10 11 9 3
0 10 9 8 10 9 8 3
0 12 13 11 12 13 11 3
0 12 11 10 12 11 10 3
0 14 15 13 14 15 13 3
0 14 13 12 14 13 12 3
0 3 2 15 3 2 15 3
0 3 15 14 3 15 14 3
0 16 17 18 16 17 18 2
0 16 18 19 16 18 19 2
0 19 18 20 19 18 20 2
0 19 20 21 19 20 21 2
0 21 20 22 21 20 22 2
0 21 22 23 21 22 23 2
0 23 22 17 23 22 17 2
0 23 17 16 23 17 16 2
"1_Blz_Frame" 0 1
236
0 -9.000000 35.000000 0.772727 0.000000 0.000000 -1
0 -8.667847 34.736572 0.772727 0.000000 0.000000 -1
0 -4.332153 34.736572 0.772727 0.000000 0.000000 -1
0 -4.000000 35.000000 0.772727 0.000000 0.000000 -1
0 -8.667847 31.263428 0.772727 0.000000 0.000000 -1
0 -9.000000 31.000000 0.772727 0.000000 0.000000 -1
0 -4.332153 31.263428 0.772727 0.000000 0.000000 -1
0 -4.000000 31.000000 0.772727 0.000000 0.000000 -1
0 -8.667877 34.736626 0.272727 0.000000 0.000000 -1
0 -4.332123 34.736626 0.272727 0.000000 0.000000 -1
0 -4.000000 35.000000 -0.227273 0.000000 0.000000 -1
0 -9.000000 35.000000 -0.227273 0.000000 0.000000 -1
0 -8.667877 31.263386 0.272727 0.000000 0.000000 -1
0 -9.000000 31.000000 -0.227273 0.000000 0.000000 -1
0 -4.332123 31.263386 0.272727 0.000000 0.000000 -1
0 -4.000000 31.000000 -0.227273 0.000000 0.000000 -1
0 -2.681817 35.000000 0.772727 0.000000 0.000000 -1
0 -2.349664 34.736572 0.772727 0.000000 0.000000 -1
0 1.986028 34.736572 0.772727 0.000000 0.000000 -1
0 2.318182 35.000000 0.772727 0.000000 0.000000 -1
0 -2.349664 31.263428 0.772727 0.000000 0.000000 -1
0 -2.681817 31.000000 0.772727 0.000000 0.000000 -1
0 1.986028 31.263428 0.772727 0.000000 0.000000 -1
0 2.318182 31.000000 0.772727 0.000000 0.000000 -1
0 -2.349694 34.736626 0.272727 0.000000 0.000000 -1
0 1.986059 34.736626 0.272727 0.000000 0.000000 -1
0 2.318182 35.000000 -0.227273 0.000000 0.000000 -1
0 -2.681817 35.000000 -0.227273 0.000000 0.000000 -1
0 -2.349694 31.263386 0.272727 0.000000 0.000000 -1
0 -2.681817 31.000000 -0.227273 0.000000 0.000000 -1
0 1.986059 31.263386 0.272727 0.000000 0.000000 -1
0 2.318182 31.000000 -0.227273 0.000000 0.000000 -1
0 3.500001 35.000000 0.772727 0.000000 0.000000 -1
0 3.832154 34.736572 0.772727 0.000000 0.000000 -1
0 8.167847 34.736572 0.772727 0.000000 0.000000 -1
0 8.500000 35.000000 0.772727 0.000000 0.000000 -1
0 3.832154 31.263428 0.772727 0.000000 0.000000 -1
0 3.500001 31.000000 0.772727 0.000000 0.000000 -1
0 8.167847 31.263428 0.772727 0.000000 0.000000 -1
0 8.500000 31.000000 0.772727 0.000000 0.000000 -1
0 3.832124 34.736626 0.272727 0.000000 0.000000 -1
0 8.167877 34.736626 0.272727 0.000000 0.000000 -1
0 8.500000 35.000000 -0.227273 0.000000 0.000000 -1
0 3.500001 35.000000 -0.227273 0.000000 0.000000 -1
0 3.832124 31.263386 0.272727 0.000000 0.000000 -1
0 3.500001 31.000000 -0.227273 0.000000 0.000000 -1
0 8.167877 31.263386 0.272727 0.000000 0.000000 -1
0 8.500000 31.000000 -0.227273 0.000000 0.000000 -1
0 -9.000000 29.166672 0.772727 0.000000 0.000000 -1
0 -8.667847 28.903242 0.772727 0.000000 0.000000 -1
0 -4.332153 28.903242 0.772727 0.000000 0.000000 -1
0 -4.000000 29.166672 0.772727 0.000000 0.000000 -1
0 -8.667847 25.430096 0.772727 0.000000 0.000000 -1
0 -9.000000 25.166668 0.772727 0.000000 0.000000 -1
0 -4.332153 25.430096 0.772727 0.000000 0.000000 -1
0 -4.000000 25.166668 0.772727 0.000000 0.000000 -1
0 -8.667877 28.903296 0.272727 0.000000 0.000000 -1
0 -4.332123 28.903296 0.272727 0.000000 0.000000 -1
0 -4.000000 29.166672 -0.227273 0.000000 0.000000 -1
0 -9.000000 29.166672 -0.227273 0.000000 0.000000 -1
0 -8.667877 25.430054 0.272727 0.000000 0.000000 -1
0 -9.000000 25.166668 -0.227273 0.000000 0.000000 -1
0 -4.332123 25.430054 0.272727 0.000000 0.000000 -1
0 -4.000000 25.166668 -0.227273 0.000000 0.000000 -1
0 -2.681817 29.166672 0.772727 0.000000 0.000000 -1
0 -2.349664 28.903242 0.772727 0.000000 0.000000 -1
0 1.986028 28.903242 0.772727 0.000000 0.000000 -1
0 2.318182 29.166672 0.772727 0.000000 0.000000 -1
0 -2.349664 25.430096 0.772727 0.000000 0.000000 -1
0 -2.681817 25.166668 0.772727 0.000000 0.000000 -1
0 1.986028 25.430096 0.772727 0.000000 0.000000 -1
0 2.318182 25.166668 0.772727 0.000000 0.000000 -1
0 -2.349694 28.903296 0.272727 0.000000 0.000000 -1
0 1.986059 28.903296 0.272727 0.000000 0.000000 -1
0 2.318182 29.166672 -0.227273 0.000000 0.000000 -1
0 -2.681817 29.166672 -0.227273 0.000000 0.000000 -1
0 -2.349694 25.430054 0.272727 0.000000 0.000000 -1
0 -2.681817 25.166668 -0.227273 0.000000 0.000000 -1
0 1.986059 25.430054 0.272727 0.000000 0.000000 -1
0 2.318182 25.166668 -0.227273 0.000000 0.000000 -1
0 3.500001 29.166672 0.772727 0.000000 0.000000 -1
0 3.832154 28.903242 0.772727 0.000000 0.000000 -1
0 8.167847 28.903242 0.772727 0.000000 0.000000 -1
0 8.500000 29.166672 0.772727 0.000000 0.000000 -1
0 3.832154 25.430096 0.772727 0.000000 0.000000 -1
0 3.500001 25.166668 0.772727 0.000000 0.000000 -1
0 8.167847 25.430096 0.772727 0.000000 0.000000 -1
0 8.500000 25.166668 0.772727 0.000000 0.000000 -1
0 3.832124 28.903296 0.272727 0.000000 0.000000 -1
0 8.167877 28.903296 0.272727 0.000000 0.000000 -1
0 8.500000 29.166672 -0.227273 0.000000 0.000000 -1
0 3.500001 29.166672 -0.227273 0.000000 0.000000 -1
0 3.832124 25.430054 0.272727 0.000000 0.000000 -1
0 3.500001 25.166668 -0.227273 0.000000 0.000000 -1
0 8.167877 25.430054 0.272727 0.000000 0.000000 -1
0 8.500000 25.166668 -0.227273 0.000000 0.000000 -1
0 -10.739647 13.000000 3.015686 0.000000 0.000000 -1
0 -9.833340 12.000000 3.438304 0.000000 0.000000 -1
0 -3.489185 12.000000 6.396632 0.000000 0.000000 -1
0 -2.582877 13.000000 6.819250 0.000000 0.000000 -1
0 -3.489185 6.000000 6.396632 0.000000 0.000000 -1
0 -2.582877 5.000000 6.819250 0.000000 0.000000 -1
0 -9.833340 6.000000 3.438304 0.000000 0.000000 -1
0 -10.739647 5.000000 3.015686 0.000000 0.000000 -1
0 -9.610909 11.947369 2.961299 0.000000 0.000000 -1
0 -3.266754 11.947369 5.919627 0.000000 0.000000 -1
0 -2.160259 13.000000 5.912941 0.000000 0.000000 -1
0 -10.317029 13.000000 2.109377 0.000000 0.000000 -1
0 -3.266754 5.947369 5.919627 0.000000 0.000000 -1
0 -2.160259 5.000000 5.912941 0.000000 0.000000 -1
0 -9.610909 5.947369 2.961299 0.000000 0.000000 -1
0 -10.317029 5.000000 2.109377 0.000000 0.000000 -1
0 -17.872856 13.000000 -7.902189 0.000000 0.000000 -1
0 -17.498249 12.000000 -6.975007 0.000000 0.000000 -1
0 -14.876001 12.000000 -0.484719 0.000000 0.000000 -1
0 -14.501396 13.000000 0.442464 0.000000 0.000000 -1
0 -14.876001 6.000000 -0.484719 0.000000 0.000000 -1
0 -14.501396 5.000000 0.442464 0.000000 0.000000 -1
0 -17.498249 6.000000 -6.975007 0.000000 0.000000 -1
0 -17.872856 5.000000 -7.902189 0.000000 0.000000 -1
0 -17.010258 11.947369 -7.172168 0.000000 0.000000 -1
0 -14.388012 11.947369 -0.681881 0.000000 0.000000 -1
0 -13.574211 13.000000 0.067858 0.000000 0.000000 -1
0 -16.945671 13.000000 -8.276797 0.000000 0.000000 -1
0 -14.388012 5.947369 -0.681881 0.000000 0.000000 -1
0 -13.574211 5.000000 0.067858 0.000000 0.000000 -1
0 -17.010258 5.947369 -7.172168 0.000000 0.000000 -1
0 -16.945671 5.000000 -8.276797 0.000000 0.000000 -1
0 1.729045 13.000000 6.458953 0.000000 0.000000 -1
0 2.649549 12.000000 6.068222 0.000000 0.000000 -1
0 9.093087 12.000000 3.333103 0.000000 0.000000 -1
0 10.013590 13.000000 2.942372 0.000000 0.000000 -1
0 9.093087 6.000000 3.333103 0.000000 0.000000 -1
0 10.013590 5.000000 2.942372 0.000000 0.000000 -1
0 2.649549 6.000000 6.068222 0.000000 0.000000 -1
0 1.729045 5.000000 6.458953 0.000000 0.000000 -1
0 2.443902 11.947369 5.583745 0.000000 0.000000 -1
0 8.887436 11.947369 2.848627 0.000000 0.000000 -1
0 9.622860 13.000000 2.021867 0.000000 0.000000 -1
0 1.338314 13.000000 5.538448 0.000000 0.000000 -1
0 8.887436 5.947369 2.848627 0.000000 0.000000 -1
0 9.622860 5.000000 2.021867 0.000000 0.000000 -1
0 2.443902 5.947369 5.583745 0.000000 0.000000 -1
0 1.338314 5.000000 5.538448 0.000000 0.000000 -1
0 12.537401 13.000000 0.751897 0.000000 0.000000 -1
0 12.928130 12.000000 -0.168607 0.000000 0.000000 -1
0 15.663252 12.000000 -6.612146 0.000000 0.000000 -1
0 16.053986 13.000000 -7.532649 0.000000 0.000000 -1
0 15.663252 6.000000 -6.612146 0.000000 0.000000 -1
0 16.053986 5.000000 -7.532649 0.000000 0.000000 -1
0 12.928130 6.000000 -0.168607 0.000000 0.000000 -1
0 12.537401 5.000000 0.751897 0.000000 0.000000 -1
0 12.443653 11.947369 -0.374257 0.000000 0.000000 -1
0 15.178773 11.947369 -6.817791 0.000000 0.000000 -1
0 15.133477 13.000000 -7.923383 0.000000 0.000000 -1
0 11.616896 13.000000 0.361166 0.000000 0.000000 -1
0 15.178773 5.947369 -6.817791 0.000000 0.000000 -1
0 15.133477 5.000000 -7.923383 0.000000 0.000000 -1
0 12.443653 5.947369 -0.374257 0.000000 0.000000 -1
0 11.616896 5.000000 0.361166 0.000000 0.000000 -1
0 16.650639 13.000000 -12.065641 0.000000 0.000000 -1
0 16.276030 12.000000 -12.992824 0.000000 0.000000 -1
0 13.653782 12.000000 -19.483112 0.000000 0.000000 -1
0 13.279177 13.000000 -20.410297 0.000000 0.000000 -1
0 13.653782 6.000000 -19.483112 0.000000 0.000000 -1
0 13.279177 5.000000 -20.410297 0.000000 0.000000 -1
0 16.276030 6.000000 -12.992824 0.000000 0.000000 -1
0 16.650639 5.000000 -12.065641 0.000000 0.000000 -1
0 15.788036 11.947369 -12.795662 0.000000 0.000000 -1
0 13.165792 11.947369 -19.285946 0.000000 0.000000 -1
0 12.351992 13.000000 -20.035690 0.000000 0.000000 -1
0 15.723452 13.000000 -11.691032 0.000000 0.000000 -1
0 13.165792 5.947369 -19.285946 0.000000 0.000000 -1
0 12.351992 5.000000 -20.035690 0.000000 0.000000 -1
0 15.788036 5.947369 -12.795662 0.000000 0.000000 -1
0 15.723452 5.000000 -11.691032 0.000000 0.000000 -1
0 -13.907152 13.000000 -20.361176 0.000000 0.000000 -1
0 -14.313887 12.000000 -19.447643 0.000000 0.000000 -1
0 -17.161057 12.000000 -13.052820 0.000000 0.000000 -1
0 -17.567780 13.000000 -12.139276 0.000000 0.000000 -1
0 -17.161057 6.000000 -13.052820 0.000000 0.000000 -1
0 -17.567780 5.000000 -12.139276 0.000000 0.000000 -1
0 -14.313887 6.000000 -19.447643 0.000000 0.000000 -1
0 -13.907152 5.000000 -20.361176 0.000000 0.000000 -1
0 -13.833072 11.947369 -19.233566 0.000000 0.000000 -1
0 -16.680233 11.947369 -12.838748 0.000000 0.000000 -1
0 -16.654240 13.000000 -11.732535 0.000000 0.000000 -1
0 -12.993602 13.000000 -19.954449 0.000000 0.000000 -1
0 -16.680233 5.947369 -12.838748 0.000000 0.000000 -1
0 -16.654240 5.000000 -11.732535 0.000000 0.000000 -1
0 -13.833072 5.947369 -19.233566 0.000000 0.000000 -1
0 -12.993602 5.000000 -19.954449 0.000000 0.000000 -1
0 11.768203 19.000000 2.268202 4.222456 1.442623 -1
0 11.167236 18.000000 1.667236 4.138081 1.311475 -1
0 16.000000 18.000000 -10.000000 4.816601 1.311475 -1
0 16.849897 19.000000 -10.000000 4.935926 1.442623 -1
0 -0.500000 19.000000 7.349899 2.500000 1.442623 -1
0 -0.500000 18.000000 6.500000 2.500000 1.311475 -1
0 -12.768203 19.000000 2.268202 0.777544 1.442623 -1
0 -12.167236 18.000000 1.667236 0.861920 1.311475 -1
0 -17.849897 19.000000 -10.000000 0.064074 1.442623 -1
0 -17.000000 18.000000 -10.000000 0.183399 1.311475 -1
0 -12.768203 19.000000 -22.268204 0.777544 1.442623 -1
0 -12.167236 18.000000 -21.667236 0.861920 1.311475 -1
0 -0.500000 19.000000 -27.349895 2.500000 1.442623 -1
0 -0.500000 18.000000 -26.500000 2.500000 1.311475 -1
0 11.768203 19.000000 -22.268204 4.222456 1.442623 -1
0 11.167236 18.000000 -21.667236 4.138081 1.311475 -1
0 11.006578 20.000000 1.506577 4.115524 1.573771 -1
0 15.772831 20.000000 -10.000000 4.784706 1.573771 -1
0 -0.500000 20.000000 6.272829 2.500000 1.573771 -1
0 -12.006578 20.000000 1.506577 0.884476 1.573771 -1
0 -16.772831 20.000000 -10.000000 0.215294 1.573771 -1
0 -12.006578 20.000000 -21.506577 0.884476 1.573771 -1
0 -0.500000 20.000000 -26.272829 2.500000 1.573771 -1
0 11.006578 20.000000 -21.506577 4.115524 1.573771 -1
0 11.006592 20.000000 1.506592 4.115526 1.573771 -1
0 15.772827 20.000000 -10.000000 4.784706 1.573771 -1
0 -0.500000 20.000000 6.272827 2.500000 1.573771 -1
0 -12.006592 20.000000 1.506592 0.884474 1.573771 -1
0 -16.772827 20.000000 -10.000000 0.215294 1.573771 -1
0 -12.006592 20.000000 -21.506592 0.884474 1.573771 -1
0 -0.500000 20.000000 -26.272827 2.500000 1.573771 -1
0 11.006592 20.000000 -21.506592 4.115526 1.573771 -1
0 12.621948 39.000000 -18.875000 0.000000 0.000000 -1
0 -13.621948 39.000000 -18.875000 0.000000 0.000000 -1
0 -13.621948 39.000000 2.875000 0.000000 0.000000 -1
0 12.621948 39.000000 2.875000 0.000000 0.000000 -1
0 12.621954 38.000000 -18.875008 0.000000 0.000000 -1
0 10.000000 37.000000 -16.000000 0.000000 0.000000 -1
0 -11.000000 37.000000 -16.000000 0.000000 0.000000 -1
0 -13.621954 38.000000 -18.875008 0.000000 0.000000 -1
0 -11.000000 37.000000 0.000000 0.000000 0.000000 -1
0 -13.621954 38.000000 2.875005 0.000000 0.000000 -1
0 10.000000 37.000000 0.000000 0.000000 0.000000 -1
0 12.621954 38.000000 2.875005 0.000000 0.000000 -1
193
0.000000 0.000000 1.000000
0.447214 -0.894427 -0.000123
0.894427 -0.447214 -0.000102
-0.447214 -0.894427 -0.000122
-0.894427 -0.447214 -0.000102
0.447214 0.894427 0.000000
0.894427 0.447214 0.000000
-0.447214 0.894427 0.000000
-0.894427 0.447214 0.000000
0.894427 0.447214 -0.000092
0.447214 0.894427 -0.000102
-0.894427 -0.447214 0.000000
-0.447214 -0.894427 0.000000
-0.447214 0.894427 -0.000102
-0.894427 0.447214 -0.000091
0.447214 -0.894427 0.000000
0.894427 -0.447214 0.000000
0.447214 -0.894427 -0.000122
0.894427 -0.447214 -0.000102
-0.447214 -0.894427 -0.000123
-0.894427 -0.447214 -0.000103
0.894427 0.447214 -0.000091
0.447214 0.894427 -0.000102
-0.447214 0.894427 -0.000103
-0.894427 0.447214 -0.000093
-0.447214 -0.894427 -0.000123
-0.894427 -0.447214 -0.000102
-0.447214 0.894427 -0.000102
-0.894427 0.447214 -0.000092
-0.687530 0.000000 0.726156
-0.422618 -0.000000 0.906308
-0.422618 0.000000 0.906308
-0.422618 0.000000 0.906308
-0.422618 -0.000000 0.906308
-0.422618 -0.000000 0.906308
-0.422618 -0.000000 0.906308
-0.854369 0.000000 0.519668
0.367701 -0.889988 0.269660
0.791821 -0.444994 0.418330
-0.442925 -0.889988 -0.108341
-0.829432 -0.444994 -0.337671
0.405313 0.894427 0.189000
0.810627 0.447214 0.378001
0.000000 1.000000 0.000000
-0.791820 0.444994 -0.418331
-0.367701 0.889988 -0.269660
0.810627 -0.447214 0.378001
0.405313 -0.894427 0.189000
0.442925 0.889988 0.108341
0.829433 0.444994 0.337670
0.000000 -1.000000 0.000000
-0.906308 0.000000 -0.422617
-0.998065 -0.000001 0.062182
-0.927184 -0.000000 0.374607
-0.927184 -0.000001 0.374606
-0.927184 -0.000000 0.374606
-0.927184 0.000000 0.374606
-0.927184 0.000001 0.374606
-0.927184 0.000001 0.374607
-0.979258 0.000000 -0.202617
0.085011 -0.889988 0.447989
0.293798 -0.444994 0.845968
-0.250048 -0.889988 -0.381309
-0.376320 -0.444994 -0.812628
0.167529 0.894427 0.414649
0.335057 0.447214 0.829299
-0.293802 0.444994 -0.845967
-0.085013 0.889988 -0.447988
0.335057 -0.447214 0.829299
0.167529 -0.894427 0.414649
0.250046 0.889988 0.381310
0.376316 0.444994 0.812629
-0.374608 0.000000 -0.927183
0.079591 0.000000 0.996828
0.390731 -0.000000 0.920505
0.390731 0.000000 0.920505
0.390731 0.000000 0.920505
0.390731 -0.000000 0.920505
0.390731 -0.000000 0.920505
0.390731 -0.000000 0.920505
-0.185496 0.000000 0.982645
0.446437 -0.889988 -0.092816
0.840713 -0.444994 -0.308517
-0.376887 -0.889988 0.256666
-0.805935 -0.444994 0.390447
0.411662 0.894427 -0.174740
0.823325 0.447214 -0.349480
-0.840710 0.444994 0.308524
-0.446435 0.889989 0.092820
0.823325 -0.447214 -0.349480
0.411662 -0.894427 -0.174740
0.376889 0.889989 -0.256662
0.805938 0.444994 -0.390440
-0.920505 0.000000 0.390731
0.749708 -0.000001 0.661769
0.920505 -0.000001 0.390730
0.920504 -0.000002 0.390732
0.920504 -0.000001 0.390733
0.920504 0.000001 0.390733
0.920504 0.000002 0.390732
0.920505 0.000002 0.390731
0.549168 0.000001 0.835712
0.256665 -0.889988 -0.376887
0.390445 -0.444994 -0.805936
-0.092814 -0.889988 0.446438
-0.308513 -0.444994 0.840714
0.174741 0.894427 -0.411662
0.349482 0.447214 -0.823324
-0.390436 0.444994 0.805940
-0.256660 0.889989 0.376890
0.349482 -0.447214 -0.823324
0.174741 -0.894427 -0.411662
0.092819 0.889989 -0.446436
0.308522 0.444994 -0.840711
-0.390731 0.000000 0.920505
0.998065 -0.000001 -0.062183
0.927183 -0.000001 -0.374608
0.927184 -0.000002 -0.374606
0.927184 -0.000001 -0.374606
0.927184 0.000001 -0.374606
0.927184 0.000002 -0.374606
0.927183 0.000002 -0.374608
0.979258 0.000001 0.202616
-0.085011 -0.889988 -0.447989
-0.293799 -0.444994 -0.845968
0.250051 -0.889988 0.381308
0.376326 -0.444994 0.812625
-0.167529 0.894427 -0.414649
-0.335058 0.447214 -0.829298
0.293808 0.444994 0.845965
0.085016 0.889989 0.447987
-0.335058 -0.447214 -0.829298
-0.167529 -0.894427 -0.414649
-0.250046 0.889988 -0.381310
-0.376316 0.444994 -0.812629
0.374608 0.000000 0.927183
-0.738044 0.000004 -0.674753
-0.913544 0.000001 -0.406739
-0.913547 0.000005 -0.406733
-0.913549 0.000004 -0.406729
-0.913549 -0.000005 -0.406730
-0.913547 -0.000006 -0.406733
-0.913545 -0.000006 -0.406738
-0.534500 -0.000001 -0.845168
-0.263204 -0.889988 0.372350
-0.404454 -0.444994 0.798998
0.100592 -0.889988 -0.444750
0.323139 -0.444994 -0.835202
-0.181900 0.894427 0.408549
-0.363801 0.447214 0.817098
0.404441 0.444994 -0.799004
0.263198 0.889989 -0.372353
-0.363801 -0.447214 0.817098
-0.181900 -0.894427 0.408549
-0.100599 0.889989 0.444747
-0.323151 0.444994 0.835197
0.406727 0.000000 -0.913550
0.710726 0.063421 0.700604
0.461859 -0.644048 0.609827
0.757796 -0.644048 0.104631
0.997961 0.063417 -0.007157
0.007157 0.063418 0.997961
-0.104631 -0.644049 0.757795
-0.700605 0.063420 0.710726
-0.609827 -0.644047 0.461859
-0.997961 0.063417 0.007157
-0.757796 -0.644048 -0.104631
-0.710726 0.063421 -0.700604
-0.461859 -0.644047 -0.609827
-0.007157 0.063418 -0.997961
0.104630 -0.644048 -0.757796
0.700604 0.063421 -0.710726
0.609827 -0.644048 -0.461859
0.694724 0.490429 0.526155
0.531893 0.843621 -0.073439
0.073439 0.843622 0.531892
-0.526155 0.490429 0.694723
-0.531893 0.843621 0.073439
-0.694723 0.490429 -0.526154
-0.073439 0.843621 -0.531893
0.526155 0.490429 -0.694723
0.584192 -0.699964 -0.410816
0.244029 -0.963222 -0.112483
-0.122014 -0.966697 -0.224967
-0.424619 -0.697448 -0.577291
-0.244029 -0.963222 0.112483
-0.584192 -0.699964 0.410816
0.122014 -0.966697 0.224967
0.424619 -0.697449 0.577291
0.447214 0.000009 -0.894427
-0.894427 0.000009 -0.447214
-0.447214 0.000007 0.894427
0.894427 0.000007 0.447214
354
0 0 1 2 0 0 0 1
0 0 2 3 0 0 0 1
0 4 1 0 0 0 0 1
0 0 5 4 0 0 0 1
0 6 4 5 0 0 0 1
0 7 6 5 0 0 0 1
0 2 6 7 0 0 0 1
0 7 3 2 0 0 0 1
0 1 8 9 1 2 3 2
0 1 9 2 1 3 4 2
0 3 10 11 5 6 7 2
0 3 11 0 5 7 8 2
0 4 12 8 9 10 2 2
0 4 8 1 9 2 1 2
0 0 11 13 8 7 11 2
0 0 13 5 8 11 12 2
0 6 14 12 13 14 10 2
0 6 12 4 13 10 9 2
0 5 13 15 12 11 15 2
0 5 15 7 12 15 16 2
0 2 9 14 4 3 14 2
0 2 14 6 4 14 13 2
0 7 15 10 16 15 6 2
0 7 10 3 16 6 5 2
0 16 17 18 0 0 0 1
0 16 18 19 0 0 0 1
0 20 17 16 0 0 0 1
0 16 21 20 0 0 0 1
0 22 20 21 0 0 0 1
0 23 22 21 0 0 0 1
0 18 22 23 0 0 0 1
0 23 19 18 0 0 0 1
0 17 24 25 17 18 19 2
0 17 25 18 17 19 20 2
0 19 26 27 5 6 7 2
0 19 27 16 5 7 8 2
0 20 28 24 21 22 18 2
0 20 24 17 21 18 17 2
0 16 27 29 8 7 11 2
0 16 29 21 8 11 12 2
0 22 30 28 23 24 22 2
0 22 28 20 23 22 21 2
0 21 29 31 12 11 15 2
0 21 31 23 12 15 16 2
0 18 25 30 20 19 24 2
0 18 30 22 20 24 23 2
0 23 31 26 16 15 6 2
0 23 26 19 16 6 5 2
0 32 33 34 0 0 0 1
0 32 34 35 0 0 0 1
0 36 33 32 0 0 0 1
0 32 37 36 0 0 0 1
0 38 36 37 0 0 0 1
0 39 38 37 0 0 0 1
0 34 38 39 0 0 0 1
0 39 35 34 0 0 0 1
0 33 40 41 17 18 25 2
0 33 41 34 17 25 26 2
0 35 42 43 5 6 7 2
0 35 43 32 5 7 8 2
0 36 44 40 21 22 18 2
0 36 40 33 21 18 17 2
0 32 43 45 8 7 11 2
0 32 45 37 8 11 12 2
0 38 46 44 27 28 22 2
0 38 44 36 27 22 21 2
0 37 45 47 12 11 15 2
0 37 47 39 12 15 16 2
0 34 41 46 26 25 28 2
0 34 46 38 26 28 27 2
0 39 47 42 16 15 6 2
0 39 42 35 16 6 5 2
0 48 49 50 0 0 0 1
0 48 50 51 0 0 0 1
0 52 49 48 0 0 0 1
0 48 53 52 0 0 0 1
0 54 52 53 0 0 0 1
0 55 54 53 0 0 0 1
0 50 54 55 0 0 0 1
0 55 51 50 0 0 0 1
0 49 56 57 1 2 3 2
0 49 57 50 1 3 4 2
0 51 58 59 5 6 7 2
0 51 59 48 5 7 8 2
0 52 60 56 9 10 2 2
0 52 56 49 9 2 1 2
0 48 59 61 8 7 11 2
0 48 61 53 8 11 12 2
0 54 62 60 13 14 10 2
0 54 60 52 13 10 9 2
0 53 61 63 12 11 15 2
0 53 63 55 12 15 16 2
0 50 57 62 4 3 14 2
0 50 62 54 4 14 13 2
0 55 63 58 16 15 6 2
0 55 58 51 16 6 5 2
0 64 65 66 0 0 0 1
0 64 66 67 0 0 0 1
0 68 65 64 0 0 0 1
0 64 69 68 0 0 0 1
0 70 68 69 0 0 0 1
0 71 70 69 0 0 0 1
0 66 70 71 0 0 0 1
0 71 67 66 0 0 0 1
0 65 72 73 17 18 19 2
0 65 73 66 17 19 20 2
0 67 74 75 5 6 7 2
0 67 75 64 5 7 8 2
0 68 76 72 21 22 18 2
0 68 72 65 21 18 17 2
0 64 75 77 8 7 11 2
0 64 77 69 8 11 12 2
0 70 78 76 23 24 22 2
0 70 76 68 23 22 21 2
0 69 77 79 12 11 15 2
0 69 79 71 12 15 16 2
0 66 73 78 20 19 24 2
0 66 78 70 20 24 23 2
0 71 79 74 16 15 6 2
0 71 74 67 16 6 5 2
0 80 81 82 0 0 0 1
0 80 82 83 0 0 0 1
0 84 81 80 0 0 0 1
0 80 85 84 0 0 0 1
0 86 84 85 0 0 0 1
0 87 86 85 0 0 0 1
0 82 86 87 0 0 0 1
0 87 83 82 0 0 0 1
0 81 88 89 17 18 25 2
0 81 89 82 17 25 26 2
0 83 90 91 5 6 7 2
0 83 91 80 5 7 8 2
0 84 92 88 21 22 18 2
0 84 88 81 21 18 17 2
0 80 91 93 8 7 11 2
0 80 93 85 8 11 12 2
0 86 94 92 27 28 22 2
0 86 92 84 27 22 21 2
0 85 93 95 12 11 15 2
0 85 95 87 12 15 16 2
0 82 89 94 26 25 28 2
0 82 94 86 26 28 27 2
0 87 95 90 16 15 6 2
0 87 90 83 16 6 5 2
0 96 97 98 29 30 31 1
0 98 99 96 31 32 29 1
0 99 98 100 32 31 33 1
0 100 101 99 33 34 32 1
0 100 102 101 33 35 34 1
0 102 103 101 35 36 34 1
0 103 102 97 36 35 30 1
0 96 103 97 29 36 30 1
0 97 104 105 37 38 39 2
0 97 105 98 37 39 40 2
0 99 106 107 41 42 43 2
0 99 107 96 41 43 43 2
0 98 105 108 40 39 44 2
0 98 108 100 40 44 45 2
0 101 109 106 46 47 42 2
0 101 106 99 46 42 41 2
0 100 108 110 45 44 48 2
0 100 110 102 45 48 49 2
0 103 111 109 50 50 47 2
0 103 109 101 50 47 46 2
0 102 110 104 49 48 38 2
0 102 104 97 49 38 37 2
0 103 96 107 36 29 51 1
0 107 111 103 51 51 36 1
0 112 113 114 52 53 54 1
0 114 115 112 54 55 52 1
0 115 114 116 55 54 56 1
0 116 117 115 56 57 55 1
0 116 118 117 56 58 57 1
0 118 119 117 58 59 57 1
0 119 118 113 59 58 53 1
0 112 119 113 52 59 53 1
0 113 120 121 60 61 62 2
0 113 121 114 60 62 63 2
0 115 122 123 64 65 43 2
0 115 123 112 64 43 43 2
0 114 121 124 63 62 66 2
0 114 124 116 63 66 67 2
0 117 125 122 68 69 65 2
0 117 122 115 68 65 64 2
0 116 124 126 67 66 70 2
0 116 126 118 67 70 71 2
0 119 127 125 50 50 69 2
0 119 125 117 50 69 68 2
0 118 126 120 71 70 61 2
0 118 120 113 71 61 60 2
0 119 112 123 59 52 72 1
0 123 127 119 72 72 59 1
0 128 129 130 73 74 75 1
0 130 131 128 75 76 73 1
0 131 130 132 76 75 77 1
0 132 133 131 77 78 76 1
0 132 134 133 77 79 78 1
0 134 135 133 79 80 78 1
0 135 134 129 80 79 74 1
0 128 135 129 73 80 74 1
0 129 136 137 81 82 83 2
0 129 137 130 81 83 84 2
0 131 138 139 85 86 43 2
0 131 139 128 85 43 43 2
0 130 137 140 84 83 87 2
0 130 140 132 84 87 88 2
0 133 141 138 89 90 86 2
0 133 138 131 89 86 85 2
0 132 140 142 88 87 91 2
0 132 142 134 88 91 92 2
0 135 143 141 50 50 90 2
0 135 141 133 50 90 89 2
0 134 142 136 92 91 82 2
0 134 136 129 92 82 81 2
0 135 128 139 80 73 93 1
0 139 143 135 93 93 80 1
0 144 145 146 94 95 96 1
0 146 147 144 96 97 94 1
0 147 146 148 97 96 98 1
0 148 149 147 98 99 97 1
0 148 150 149 98 100 99 1
0 150 151 149 100 101 99 1
0 151 150 145 101 100 95 1
0 144 151 145 94 101 95 1
0 145 152 153 102 103 104 2
0 145 153 146 102 104 105 2
0 147 154 155 106 107 43 2
0 147 155 144 106 43 43 2
0 146 153 156 105 104 108 2
0 146 156 148 105 108 109 2
0 149 157 154 110 111 107 2
0 149 154 147 110 107 106 2
0 148 156 158 109 108 112 2
0 148 158 150 109 112 113 2
0 151 159 157 50 50 111 2
0 151 157 149 50 111 110 2
0 150 158 152 113 112 103 2
0 150 152 145 113 103 102 2
0 151 144 155 101 94 114 1
0 155 159 151 114 114 101 1
0 160 161 162 115 116 117 1
0 162 163 160 117 118 115 1
0 163 162 164 118 117 119 1
0 164 165 163 119 120 118 1
0 164 166 165 119 121 120 1
0 166 167 165 121 122 120 1
0 167 166 161 122 121 116 1
0 160 167 161 115 122 116 1
0 161 168 169 123 124 125 2
0 161 169 162 123 125 126 2
0 163 170 171 127 128 43 2
0 163 171 160 127 43 43 2
0 162 169 172 126 125 129 2
0 162 172 164 126 129 130 2
0 165 173 170 131 132 128 2
0 165 170 163 131 128 127 2
0 164 172 174 130 129 133 2
0 164 174 166 130 133 134 2
0 167 175 173 50 50 132 2
0 167 173 165 50 132 131 2
0 166 174 168 134 133 124 2
0 166 168 161 134 124 123 2
0 167 160 171 122 115 135 1
0 171 175 167 135 135 122 1
0 176 177 178 136 137 138 1
0 178 179 176 138 139 136 1
0 179 178 180 139 138 140 1
0 180 181 179 140 141 139 1
0 180 182 181 140 142 141 1
0 182 183 181 142 143 141 1
0 183 182 177 143 142 137 1
0 176 183 177 136 143 137 1
0 177 184 185 144 145 146 2
0 177 185 178 144 146 147 2
0 179 186 187 148 149 43 2
0 179 187 176 148 43 43 2
0 178 185 188 147 146 150 2
0 178 188 180 147 150 151 2
0 181 189 186 152 153 149 2
0 181 186 179 152 149 148 2
0 180 188 190 151 150 154 2
0 180 190 182 151 154 155 2
0 183 191 189 50 50 153 2
0 183 189 181 50 153 152 2
0 182 190 184 155 154 145 2
0 182 184 177 155 145 144 2
0 183 176 187 143 136 156 1
0 187 191 183 156 156 143 1
0 192 193 194 157 158 159 3
0 192 194 195 157 159 160 3
0 196 197 193 161 162 158 3
0 196 193 192 161 158 157 3
0 198 199 197 163 164 162 3
0 198 197 196 163 162 161 3
0 200 201 199 165 166 164 3
0 200 199 198 165 164 163 3
0 202 203 201 167 168 166 3
0 202 201 200 167 166 165 3
0 204 205 203 169 170 168 3
0 204 203 202 169 168 167 3
0 206 207 205 171 172 170 3
0 206 205 204 171 170 169 3
0 195 194 207 160 159 172 3
0 195 207 206 160 172 171 3
0 208 192 195 173 157 160 3
0 208 195 209 173 160 174 3
0 210 196 192 175 161 157 3
0 210 192 208 175 157 173 3
0 211 198 196 176 163 161 3
0 211 196 210 176 161 175 3
0 212 200 198 177 165 163 3
0 212 198 211 177 163 176 3
0 213 202 200 178 167 165 3
0 213 200 212 178 165 177 3
0 214 204 202 179 169 167 3
0 214 202 213 179 167 178 3
0 215 206 204 180 171 169 3
0 215 204 214 180 169 179 3
0 209 195 206 174 160 171 3
0 209 206 215 174 171 180 3
0 216 208 209 50 173 174 3
0 216 209 217 50 174 43 3
0 218 210 208 43 175 173 3
0 218 208 216 43 173 50 3
0 219 211 210 50 176 175 3
0 219 210 218 50 175 43 3
0 220 212 211 43 177 176 3
0 220 211 219 43 176 50 3
0 221 213 212 50 178 177 3
0 221 212 220 50 177 43 3
0 222 214 213 43 179 178 3
0 222 213 221 43 178 50 3
0 223 215 214 50 180 179 3
0 223 214 222 50 179 43 3
0 217 209 215 43 174 180 3
0 217 215 223 43 180 50 3
0 224 225 226 43 43 43 1
0 224 226 227 43 43 43 1
0 228 229 230 181 182 183 2
0 228 230 231 181 183 184 2
0 231 230 232 184 183 185 2
0 231 232 233 184 185 186 2
0 233 232 234 186 185 187 2
0 233 234 235 186 187 188 2
0 235 234 229 188 187 182 2
0 235 229 228 188 182 181 2
0 224 228 231 189 181 184 2
0 224 231 225 189 184 190 2
0 225 231 233 190 184 186 2
0 225 233 226 190 186 191 2
0 226 233 235 191 186 188 2
0 226 235 227 191 188 192 2
0 227 235 228 192 188 181 2
0 227 228 224 192 181 189 2
"1_Blz_Windows" 0 2
48
0 -3.266754 11.947369 5.919627 0.000000 0.000000 -1
0 -9.610909 11.947369 2.961299 0.000000 0.000000 -1
0 -9.610909 5.947369 2.961299 0.000000 0.000000 -1
0 -3.266754 5.947369 5.919627 0.000000 0.000000 -1
0 -14.388012 11.947369 -0.681881 0.000000 0.000000 -1
0 -17.010258 11.947369 -7.172168 0.000000 0.000000 -1
0 -17.010258 5.947369 -7.172168 0.000000 0.000000 -1
0 -14.388012 5.947369 -0.681881 0.000000 0.000000 -1
0 8.887436 11.947369 2.848627 0.000000 0.000000 -1
0 2.443902 11.947369 5.583745 0.000000 0.000000 -1
0 2.443902 5.947369 5.583745 0.000000 0.000000 -1
0 8.887436 5.947369 2.848627 0.000000 0.000000 -1
0 15.178773 11.947369 -6.817791 0.000000 0.000000 -1
0 12.443653 11.947369 -0.374257 0.000000 0.000000 -1
0 12.443653 5.947369 -0.374257 0.000000 0.000000 -1
0 15.178773 5.947369 -6.817791 0.000000 0.000000 -1
0 13.165792 11.947369 -19.285946 0.000000 0.000000 -1
0 15.788036 11.947369 -12.795662 0.000000 0.000000 -1
0 15.788036 5.947369 -12.795662 0.000000 0.000000 -1
0 13.165792 5.947369 -19.285946 0.000000 0.000000 -1
0 -16.680233 11.947369 -12.838748 0.000000 0.000000 -1
0 -13.833072 11.947369 -19.233566 0.000000 0.000000 -1
0 -13.833072 5.947369 -19.233566 0.000000 0.000000 -1
0 -16.680233 5.947369 -12.838748 0.000000 0.000000 -1
0 -8.667877 34.736626 0.272727 0.000000 0.000000 -1
0 -8.667877 31.263386 0.272727 0.000000 0.000000 -1
0 -4.332123 31.263386 0.272727 0.000000 0.000000 -1
0 -4.332123 34.736626 0.272727 0.000000 0.000000 -1
0 -2.349694 34.736626 0.272727 0.000000 0.000000 -1
0 -2.349694 31.263386 0.272727 0.000000 0.000000 -1
0 1.986059 31.263386 0.272727 0.000000 0.000000 -1
0 1.986059 34.736626 0.272727 0.000000 0.000000 -1
0 3.832124 34.736626 0.272727 0.000000 0.000000 -1
0 3.832124 31.263386 0.272727 0.000000 0.000000 -1
0 8.167877 31.263386 0.272727 0.000000 0.000000 -1
0 8.167877 34.736626 0.272727 0.000000 0.000000 -1
0 -8.667877 28.903296 0.272727 0.000000 0.000000 -1
0 -8.667877 25.430054 0.272727 0.000000 0.000000 -1
0 -4.332123 25.430054 0.272727 0.000000 0.000000 -1
0 -4.332123 28.903296 0.272727 0.000000 0.000000 -1
0 -2.349694 28.903296 0.272727 0.000000 0.000000 -1
0 -2.349694 25.430054 0.272727 0.000000 0.000000 -1
0 1.986059 25.430054 0.272727 0.000000 0.000000 -1
0 1.986059 28.903296 0.272727 0.000000 0.000000 -1
0 3.832124 28.903296 0.272727 0.000000 0.000000 -1
0 3.832124 25.430054 0.272727 0.000000 0.000000 -1
0 8.167877 25.430054 0.272727 0.000000 0.000000 -1
0 8.167877 28.903296 0.272727 0.000000 0.000000 -1
7
-0.422618 0.000000 0.906308
-0.927184 0.000000 0.374607
0.390731 0.000000 0.920505
0.920505 0.000000 0.390731
0.927184 0.000000 -0.374606
-0.913545 0.000000 -0.406737
0.000000 0.000000 1.000000
24
0 0 1 2 0 0 0 1
0 3 0 2 0 0 0 1
0 4 5 6 1 1 1 1
0 7 4 6 1 1 1 1
0 8 9 10 2 2 2 1
0 11 8 10 2 2 2 1
0 12 13 14 3 3 3 1
0 15 12 14 3 3 3 1
0 16 17 18 4 4 4 1
0 19 16 18 4 4 4 1
0 20 21 22 5 5 5 1
0 23 20 22 5 5 5 1
0 24 25 26 6 6 6 1
0 26 27 24 6 6 6 1
0 28 29 30 6 6 6 1
0 30 31 28 6 6 6 1
0 32 33 34 6 6 6 1
0 34 35 32 6 6 6 1
0 36 37 38 6 6 6 1
0 38 39 36 6 6 6 1
0 40 41 42 6 6 6 1
0 42 43 40 6 6 6 1
0 44 45 46 6 6 6 1
0 46 47 44 6 6 6 1

Materials: 3
"Blz"
0.200000 0.200000 0.200000 1.000000
0.800000 0.800000 0.800000 1.000000
0.000000 0.000000 0.000000 1.000000
0.000000 0.000000 0.000000 1.000000
0.000000
1.000000
"..\Image\brick01.tga"
""
"Blz_Other"
0.200000 0.200000 0.200000 1.000000
0.800000 0.800000 0.800000 1.000000
0.000000 0.000000 0.000000 1.000000
0.000000 0.000000 0.000000 1.000000
0.000000
1.000000
"..\Image\Blz_Round_Gate_Windows.tga"
""
"windows"
0.200000 0.200000 0.200000 1.000000
0.800000 0.800000 0.800000 1.000000
0.000000 0.000000 0.000000 1.000000
0.000000 0.000000 0.000000 1.000000
0.000000
1.000000
"..\Image\window.tga"
""

Bones: 0
GroupComments: 0
MaterialComments: 0
BoneComments: 0
ModelComment: 0
