// MilkShape 3D ASCII

Frames: 30
Frame: 1

Meshes: 3
"1_Blz" 0 0
89
0 -0.500000 38.125000 -10.000000 2.500000 5.000000 -1
0 11.846802 38.125000 2.785583 4.233491 5.000000 -1
0 16.961060 38.125000 -10.000000 4.951533 5.000000 -1
0 -0.500000 38.125000 8.081726 2.500000 5.000000 -1
0 -12.846802 38.125000 2.785583 0.766509 5.000000 -1
0 -17.961060 38.125000 -10.000000 0.048467 5.000000 -1
0 -12.846802 38.125000 -22.785583 0.766509 5.000000 -1
0 -0.500000 38.125000 -28.081665 2.500000 5.000000 -1
0 11.846802 38.125000 -22.785583 4.233491 5.000000 -1
0 11.167236 10.000000 1.667236 4.138081 1.311475 -1
0 11.167262 0.000000 1.667262 4.138084 0.000000 -1
0 16.000000 0.000000 -10.000000 4.816601 0.000000 -1
0 16.000000 10.000000 -10.000000 4.816601 1.311475 -1
0 -0.500000 10.000000 6.500000 2.500000 1.311475 -1
0 -0.500000 0.000000 6.500000 2.500000 0.000000 -1
0 -12.167236 10.000000 1.667236 0.861920 1.311475 -1
0 -12.167262 0.000000 1.667262 0.861916 0.000000 -1
0 -17.000000 10.000000 -10.000000 0.183399 1.311475 -1
0 -17.000000 0.000000 -10.000000 0.183399 0.000000 -1
0 -12.167236 10.000000 -21.667236 0.861920 1.311475 -1
0 -12.167262 0.000000 -21.667263 0.861916 0.000000 -1
0 -0.500000 10.000000 -26.500000 2.500000 1.311475 -1
0 -0.500000 0.000000 -26.500000 2.500000 0.000000 -1
0 11.167236 10.000000 -21.667236 4.138081 1.311475 -1
0 11.167262 0.000000 -21.667263 4.138084 0.000000 -1
0 11.768203 11.000000 2.268202 4.222456 1.442623 -1
0 16.849897 11.000000 -10.000000 4.935926 1.442623 -1
0 -0.500000 11.000000 7.349899 2.500000 1.442623 -1
0 -12.768203 11.000000 2.268202 0.777544 1.442623 -1
0 -17.849897 11.000000 -10.000000 0.064074 1.442623 -1
0 -12.768203 11.000000 -22.268204 0.777544 1.442623 -1
0 -0.500000 11.000000 -27.349895 2.500000 1.442623 -1
0 11.768203 11.000000 -22.268204 4.222456 1.442623 -1
0 11.006578 12.000000 1.506577 4.115524 1.573771 -1
0 15.772831 12.000000 -10.000000 4.784706 1.573771 -1
0 -0.500000 12.000000 6.272829 2.500000 1.573771 -1
0 -12.006578 12.000000 1.506577 0.884476 1.573771 -1
0 -16.772831 12.000000 -10.000000 0.215294 1.573771 -1
0 -12.006578 12.000000 -21.506577 0.884476 1.573771 -1
0 -0.500000 12.000000 -26.272829 2.500000 1.573771 -1
0 11.006578 12.000000 -21.506577 4.115524 1.573771 -1
0 11.006592 12.000000 1.506592 4.115526 1.573771 -1
0 15.772827 12.000000 -10.000000 4.784706 1.573771 -1
0 -0.500000 12.000000 6.272827 2.500000 1.573771 -1
0 -12.006592 12.000000 1.506592 0.884474 1.573771 -1
0 -16.772827 12.000000 -10.000000 0.215294 1.573771 -1
0 -12.006592 12.000000 -21.506592 0.884474 1.573771 -1
0 -0.500000 12.000000 -26.272827 2.500000 1.573771 -1
0 11.006592 12.000000 -21.506592 4.115526 1.573771 -1
0 11.006592 22.000000 1.506592 4.115526 2.885246 -1
0 15.772827 22.000000 -10.000000 4.784706 2.885246 -1
0 -0.500000 22.000000 6.272827 2.500000 2.885246 -1
0 -12.006592 22.000000 1.506592 0.884474 2.885246 -1
0 -16.772827 22.000000 -10.000000 0.215294 2.885246 -1
0 -12.006592 22.000000 -21.506592 0.884474 2.885246 -1
0 -0.500000 22.000000 -26.272827 2.500000 2.885246 -1
0 11.006592 22.000000 -21.506592 4.115526 2.885246 -1
0 12.090896 23.000000 2.590895 4.267762 3.016393 -1
0 17.306263 23.000000 -10.000000 5.000000 3.016393 -1
0 -0.500000 23.000000 7.806268 2.500000 3.016393 -1
0 -13.090896 23.000000 2.590895 0.732238 3.016393 -1
0 -18.306263 23.000000 -10.000000 0.000000 3.016393 -1
0 -13.090896 23.000000 -22.590889 0.732238 3.016393 -1
0 -0.500000 23.000000 -27.806271 2.500000 3.016393 -1
0 12.090896 23.000000 -22.590889 4.267762 3.016393 -1
0 11.065758 24.000000 1.603834 4.123833 3.147541 -1
0 15.856522 24.000000 -10.000000 4.796456 3.147541 -1
0 -0.500000 24.000000 6.410372 2.500000 3.147541 -1
0 -12.065758 24.000000 1.603834 0.876167 3.147541 -1
0 -16.856520 24.000000 -10.000000 0.203544 3.147541 -1
0 -12.065758 24.000000 -21.603836 0.876167 3.147541 -1
0 -0.500000 24.000000 -26.410368 2.500000 3.147541 -1
0 11.065758 24.000000 -21.603836 4.123833 3.147541 -1
0 11.065735 35.125000 1.603821 4.123830 4.606557 -1
0 15.856506 35.125000 -10.000000 4.796454 4.606557 -1
0 -0.500000 35.125000 6.410400 2.500000 4.606557 -1
0 -12.065735 35.125000 1.603821 0.876170 4.606557 -1
0 -16.856506 35.125000 -10.000000 0.203546 4.606557 -1
0 -12.065735 35.125000 -21.603821 0.876170 4.606557 -1
0 -0.500000 35.125000 -26.410339 2.500000 4.606557 -1
0 11.065735 35.125000 -21.603821 4.123830 4.606557 -1
0 11.846787 36.125000 2.785612 4.233490 4.737705 -1
0 16.961086 36.125000 -10.000000 4.951537 4.737705 -1
0 -0.500000 36.125000 8.081719 2.500000 4.737705 -1
0 -12.846787 36.125000 2.785612 0.766511 4.737705 -1
0 -17.961086 36.125000 -10.000000 0.048463 4.737705 -1
0 -12.846787 36.125000 -22.785610 0.766511 4.737705 -1
0 -0.500000 36.125000 -28.081657 2.500000 4.737705 -1
0 11.846787 36.125000 -22.785610 4.233490 4.737705 -1
116
0.000000 1.000000 0.000000
0.673113 -0.350397 0.651261
0.603749 0.000002 0.797175
0.990602 0.000001 0.136775
0.936474 -0.350398 -0.015451
0.015451 -0.350398 0.936473
-0.136775 0.000001 0.990602
-0.651261 -0.350396 0.673113
-0.797175 0.000002 0.603749
-0.936474 -0.350398 0.015451
-0.990602 0.000001 -0.136775
-0.673113 -0.350396 -0.651261
-0.603749 0.000002 -0.797175
-0.015451 -0.350397 -0.936474
0.136775 0.000001 -0.990602
0.651261 -0.350397 -0.673113
0.797175 0.000002 -0.603749
0.710726 0.063421 0.700604
0.997961 0.063417 -0.007157
0.007157 0.063418 0.997961
-0.700605 0.063420 0.710726
-0.997961 0.063417 0.007157
-0.710726 0.063421 -0.700604
-0.085257 -0.125192 -0.988463
0.700604 0.063421 -0.710726
0.694724 0.490429 0.526155
0.531893 0.843621 -0.073439
0.073439 0.843622 0.531892
-0.526155 0.490429 0.694723
-0.531893 0.843621 0.073439
-0.694723 0.490429 -0.526154
-0.193990 0.861996 -0.468328
0.674706 0.299234 -0.674708
0.271268 0.705360 -0.654890
0.568528 -0.336556 0.750670
0.932813 0.336557 0.128796
-0.128796 0.336557 0.932813
-0.750670 -0.336556 0.568528
-0.932813 0.336557 -0.128796
-0.568528 -0.336556 -0.750670
0.128796 0.336557 -0.932813
0.750670 -0.336556 -0.568528
0.639258 -0.488917 0.593556
0.871731 -0.488918 -0.032317
0.032317 -0.488918 0.871731
-0.593556 -0.488917 0.639258
-0.871731 -0.488918 0.032317
-0.639258 -0.488917 -0.593556
-0.032317 -0.488918 -0.871731
0.593557 -0.488917 -0.639258
0.703631 -0.020946 0.710257
0.999878 -0.015344 0.002808
-0.003916 -0.023372 0.999719
-0.708437 -0.017744 0.705551
-0.999878 -0.015344 -0.002808
-0.703631 -0.020946 -0.710257
0.003916 -0.023372 -0.999719
0.708437 -0.017744 -0.705551
0.601040 0.474013 0.643477
0.819091 0.560049 0.124233
0.054505 0.556083 0.829338
-0.392824 0.664076 0.636155
-0.567555 0.819560 0.078750
-0.458637 0.817419 -0.348538
-0.079538 0.811468 -0.578959
0.350211 0.813674 -0.463989
0.797875 0.000002 0.602823
0.924321 0.000001 0.381617
0.383765 -0.000000 0.923431
-0.383763 0.000002 0.923432
-0.383766 -0.000002 0.923430
-0.924321 0.000001 0.381615
-0.924321 0.000002 0.381616
-0.924321 0.000002 -0.381615
-0.924321 0.000001 -0.381617
-0.383763 0.000002 -0.923432
-0.383762 0.000002 -0.923432
0.383763 0.000002 -0.923432
0.383762 0.000002 -0.923432
0.924321 0.000001 -0.381616
0.924321 0.000002 -0.381617
0.599681 -0.760976 0.247585
0.648190 -0.715978 0.259279
0.208682 -0.839232 0.502137
0.229783 -0.812548 0.535692
-0.224008 -0.811963 0.539014
-0.215084 -0.838041 0.501425
-0.646772 -0.714411 0.267027
-0.605011 -0.758547 0.242007
-0.426770 -0.809600 -0.403008
-0.599681 -0.760976 -0.247585
-0.648190 -0.715978 -0.259279
0.003275 -0.858120 -0.513439
-0.208680 -0.839232 -0.502138
-0.229781 -0.812548 -0.535693
0.224005 -0.811963 -0.539016
0.215082 -0.838041 -0.501425
0.646772 -0.714411 -0.267027
0.605011 -0.758547 -0.242007
0.928475 -0.000001 0.371394
0.928476 0.000012 0.371392
0.394210 -0.000003 0.919020
0.394212 0.000011 0.919019
-0.394210 0.000011 0.919020
-0.394212 -0.000003 0.919019
-0.928475 0.000012 0.371394
-0.928476 -0.000001 0.371392
-0.928475 -0.000002 -0.371394
-0.928476 0.000012 -0.371392
-0.394206 -0.000004 -0.919022
-0.394208 0.000009 -0.919021
0.394206 0.000009 -0.919022
0.394208 -0.000004 -0.919021
0.928475 0.000012 -0.371394
0.928476 -0.000002 -0.371392
0.000000 0.000000 0.000000
200
0 0 1 2 0 0 0 2
0 0 3 1 0 0 0 2
0 0 4 3 0 0 0 2
0 0 5 4 0 0 0 2
0 0 6 5 0 0 0 2
0 0 7 6 0 0 0 2
0 0 8 7 0 0 0 2
0 0 2 8 0 0 0 2
0 9 10 11 1 2 3 3
0 9 11 12 1 3 4 3
0 13 14 10 5 6 2 3
0 13 10 9 5 2 1 3
0 15 16 14 7 8 6 3
0 15 14 13 7 6 5 3
0 17 18 16 9 10 8 3
0 17 16 15 9 8 7 3
0 19 20 18 11 12 10 3
0 19 18 17 11 10 9 3
0 21 22 20 13 14 12 3
0 21 20 19 13 12 11 3
0 23 24 22 15 16 14 3
0 23 22 21 15 14 13 3
0 12 11 24 4 3 16 3
0 12 24 23 4 16 15 3
0 9 9 12 1 1 4 3
0 9 12 12 1 4 4 3
0 13 13 9 5 5 1 3
0 13 9 9 5 1 1 3
0 15 15 13 7 7 5 3
0 15 13 13 7 5 5 3
0 17 17 15 9 9 7 3
0 17 15 15 9 7 7 3
0 19 19 17 11 11 9 3
0 19 17 17 11 9 9 3
0 21 21 19 13 13 11 3
0 21 19 19 13 11 11 3
0 23 23 21 15 15 13 3
0 23 21 21 15 13 13 3
0 12 12 23 4 4 15 3
0 12 23 23 4 15 15 3
0 25 9 12 17 1 4 3
0 25 12 26 17 4 18 3
0 27 13 9 19 5 1 3
0 27 9 25 19 1 17 3
0 28 15 13 20 7 5 3
0 28 13 27 20 5 19 3
0 29 17 15 21 9 7 3
0 29 15 28 21 7 20 3
0 30 19 17 22 11 9 3
0 30 17 29 22 9 21 3
0 31 21 19 23 13 11 3
0 31 19 30 23 11 22 3
0 32 23 21 24 15 13 3
0 32 21 31 24 13 23 3
0 26 12 23 18 4 15 3
0 26 23 32 18 15 24 3
0 33 25 26 25 17 18 3
0 33 26 34 25 18 26 3
0 35 27 25 27 19 17 3
0 35 25 33 27 17 25 3
0 36 28 27 28 20 19 3
0 36 27 35 28 19 27 3
0 37 29 28 29 21 20 3
0 37 28 36 29 20 28 3
0 38 30 29 30 22 21 3
0 38 29 37 30 21 29 3
0 39 31 30 31 23 22 3
0 39 30 38 31 22 30 3
0 40 32 31 32 24 23 3
0 40 31 39 33 33 33 3
0 34 26 32 26 18 24 3
0 34 32 40 26 24 32 3
0 41 33 34 34 25 26 3
0 41 34 42 34 26 35 3
0 43 35 33 36 27 25 3
0 43 33 41 36 25 34 3
0 44 36 35 37 28 27 3
0 44 35 43 37 27 36 3
0 45 37 36 38 29 28 3
0 45 36 44 38 28 37 3
0 46 38 37 39 30 29 3
0 46 37 45 39 29 38 3
0 47 39 38 40 31 30 3
0 47 38 46 40 30 39 3
0 48 40 39 41 32 31 3
0 48 39 47 41 31 40 3
0 42 34 40 35 26 32 3
0 42 40 48 35 32 41 3
0 49 41 42 42 34 35 3
0 49 42 50 42 35 43 3
0 51 43 41 44 36 34 3
0 51 41 49 44 34 42 3
0 52 44 43 45 37 36 3
0 52 43 51 45 36 44 3
0 53 45 44 46 38 37 3
0 53 44 52 46 37 45 3
0 54 46 45 47 39 38 3
0 54 45 53 47 38 46 3
0 55 47 46 48 40 39 3
0 55 46 54 48 39 47 3
0 56 48 47 49 41 40 3
0 56 47 55 49 40 48 3
0 50 42 48 43 35 41 3
0 50 48 56 43 41 49 3
0 57 49 50 50 42 43 3
0 57 50 58 50 43 51 3
0 59 51 49 52 44 42 3
0 59 49 57 52 42 50 3
0 60 52 51 53 45 44 3
0 60 51 59 53 44 52 3
0 61 53 52 54 46 45 3
0 61 52 60 54 45 53 3
0 62 54 53 55 47 46 3
0 62 53 61 55 46 54 3
0 63 55 54 56 48 47 3
0 63 54 62 56 47 55 3
0 64 56 55 57 49 48 3
0 64 55 63 57 48 56 3
0 58 50 56 51 43 49 3
0 58 56 64 51 49 57 3
0 65 57 58 58 50 51 3
0 65 58 66 58 51 59 3
0 67 59 57 60 52 50 3
0 67 57 65 60 50 58 3
0 68 60 59 61 53 52 3
0 68 59 67 61 52 60 3
0 69 61 60 62 54 53 3
0 69 60 68 62 53 61 3
0 70 62 61 63 55 54 3
0 70 61 69 63 54 62 3
0 71 63 62 64 56 55 3
0 71 62 70 64 55 63 3
0 72 64 63 65 57 56 3
0 72 63 71 65 56 64 3
0 66 58 64 59 51 57 3
0 66 64 72 59 57 65 3
0 73 65 66 66 58 59 3
0 73 66 74 66 59 67 3
0 75 67 65 68 60 58 3
0 75 65 73 68 58 66 3
0 76 68 67 69 61 60 3
0 76 67 75 70 70 70 3
0 77 69 68 71 71 71 3
0 77 68 76 72 72 72 3
0 78 70 69 73 73 73 3
0 78 69 77 74 74 74 3
0 79 71 70 75 75 75 3
0 79 70 78 76 76 76 3
0 80 72 71 77 77 77 3
0 80 71 79 78 78 78 3
0 74 66 72 79 79 79 3
0 74 72 80 80 80 80 3
0 81 73 74 81 81 81 3
0 81 74 82 82 82 82 3
0 83 75 73 83 83 83 3
0 83 73 81 84 84 84 3
0 84 76 75 85 85 85 3
0 84 75 83 86 86 86 3
0 85 77 76 87 87 87 3
0 85 76 84 88 88 88 3
0 86 78 77 89 90 90 3
0 86 77 85 91 91 91 3
0 87 79 78 92 93 93 3
0 87 78 86 94 94 89 3
0 88 80 79 95 95 95 3
0 88 79 87 96 96 92 3
0 82 74 80 97 97 97 3
0 82 80 88 98 98 98 3
0 1 81 82 99 99 99 3
0 1 82 2 100 100 100 3
0 3 83 81 101 101 101 3
0 3 81 1 102 102 102 3
0 4 84 83 103 103 103 3
0 4 83 3 104 104 104 3
0 5 85 84 105 105 105 3
0 5 84 4 106 106 106 3
0 6 86 85 107 107 107 3
0 6 85 5 108 108 108 3
0 7 87 86 109 109 109 3
0 7 86 6 110 110 110 3
0 8 88 87 111 111 111 3
0 8 87 7 112 112 112 3
0 2 82 88 113 113 113 3
0 2 88 8 114 114 114 3
0 1 1 2 115 115 115 3
0 1 2 2 115 115 115 3
0 3 3 1 115 115 115 3
0 3 1 1 115 115 115 3
0 4 4 3 115 115 115 3
0 4 3 3 115 115 115 3
0 5 5 4 115 115 115 3
0 5 4 4 115 115 115 3
0 6 6 5 115 115 115 3
0 6 5 5 115 115 115 3
0 7 7 6 115 115 115 3
0 7 6 6 115 115 115 3
0 8 8 7 115 115 115 3
0 8 7 7 115 115 115 3
0 2 2 8 115 115 115 3
0 2 8 8 115 115 115 3
"1_Blz_Windows" 0 2
72
0 -14.388012 19.997374 -0.681881 0.000000 0.000000 -1
0 -17.010258 19.997374 -7.172168 0.000000 0.000000 -1
0 -17.010258 13.997370 -7.172168 0.000000 0.000000 -1
0 -16.680233 25.847370 -12.838748 0.000000 0.000000 -1
0 -16.680233 31.847374 -12.838748 0.000000 0.000000 -1
0 -13.833072 25.847370 -19.233566 0.000000 0.000000 -1
0 -3.266754 7.947369 5.919627 0.000000 0.000000 -1
0 -9.610909 7.947369 2.961299 0.000000 0.000000 -1
0 -9.610909 1.947369 2.961299 0.000000 0.000000 -1
0 -3.266754 1.947369 5.919627 0.000000 0.000000 -1
0 -3.266754 19.997374 5.919627 0.000000 0.000000 -1
0 -9.610909 19.997374 2.961299 0.000000 0.000000 -1
0 -9.610909 13.997370 2.961299 0.000000 0.000000 -1
0 -3.266754 13.997370 5.919627 0.000000 0.000000 -1
0 -3.266754 31.847374 5.919627 0.000000 0.000000 -1
0 -9.610909 31.847374 2.961299 0.000000 0.000000 -1
0 -9.610909 25.847370 2.961299 0.000000 0.000000 -1
0 -3.266754 25.847370 5.919627 0.000000 0.000000 -1
0 -14.388012 7.947369 -0.681881 0.000000 0.000000 -1
0 -17.010258 7.947369 -7.172168 0.000000 0.000000 -1
0 -17.010258 1.947369 -7.172168 0.000000 0.000000 -1
0 -14.388012 1.947369 -0.681881 0.000000 0.000000 -1
0 -14.388012 13.997370 -0.681881 0.000000 0.000000 -1
0 -14.388012 31.847374 -0.681881 0.000000 0.000000 -1
0 -17.010258 31.847374 -7.172168 0.000000 0.000000 -1
0 -17.010258 25.847370 -7.172168 0.000000 0.000000 -1
0 -14.388012 25.847370 -0.681881 0.000000 0.000000 -1
0 8.887436 7.947369 2.848627 0.000000 0.000000 -1
0 2.443902 7.947369 5.583745 0.000000 0.000000 -1
0 2.443902 1.947369 5.583745 0.000000 0.000000 -1
0 8.887436 1.947369 2.848627 0.000000 0.000000 -1
0 8.887436 19.997374 2.848627 0.000000 0.000000 -1
0 2.443902 19.997374 5.583745 0.000000 0.000000 -1
0 2.443902 13.997370 5.583745 0.000000 0.000000 -1
0 8.887436 13.997370 2.848627 0.000000 0.000000 -1
0 8.887436 31.847374 2.848627 0.000000 0.000000 -1
0 2.443902 31.847374 5.583745 0.000000 0.000000 -1
0 2.443902 25.847370 5.583745 0.000000 0.000000 -1
0 8.887436 25.847370 2.848627 0.000000 0.000000 -1
0 15.178773 7.947369 -6.817791 0.000000 0.000000 -1
0 12.443653 7.947369 -0.374257 0.000000 0.000000 -1
0 12.443653 1.947369 -0.374257 0.000000 0.000000 -1
0 15.178773 1.947369 -6.817791 0.000000 0.000000 -1
0 15.178773 19.997374 -6.817791 0.000000 0.000000 -1
0 12.443653 19.997374 -0.374257 0.000000 0.000000 -1
0 12.443653 13.997370 -0.374257 0.000000 0.000000 -1
0 15.178773 13.997370 -6.817791 0.000000 0.000000 -1
0 15.178773 31.847374 -6.817791 0.000000 0.000000 -1
0 12.443653 31.847374 -0.374257 0.000000 0.000000 -1
0 12.443653 25.847370 -0.374257 0.000000 0.000000 -1
0 15.178773 25.847370 -6.817791 0.000000 0.000000 -1
0 13.165792 7.947369 -19.285946 0.000000 0.000000 -1
0 15.788036 7.947369 -12.795662 0.000000 0.000000 -1
0 15.788036 1.947369 -12.795662 0.000000 0.000000 -1
0 13.165792 1.947369 -19.285946 0.000000 0.000000 -1
0 13.165792 19.997374 -19.285946 0.000000 0.000000 -1
0 15.788036 19.997374 -12.795662 0.000000 0.000000 -1
0 15.788036 13.997370 -12.795662 0.000000 0.000000 -1
0 13.165792 13.997370 -19.285946 0.000000 0.000000 -1
0 13.165792 31.847374 -19.285946 0.000000 0.000000 -1
0 15.788036 31.847374 -12.795662 0.000000 0.000000 -1
0 15.788036 25.847370 -12.795662 0.000000 0.000000 -1
0 13.165792 25.847370 -19.285946 0.000000 0.000000 -1
0 -16.680233 7.947369 -12.838748 0.000000 0.000000 -1
0 -13.833072 7.947369 -19.233566 0.000000 0.000000 -1
0 -13.833072 1.947369 -19.233566 0.000000 0.000000 -1
0 -16.680233 1.947369 -12.838748 0.000000 0.000000 -1
0 -16.680233 19.997374 -12.838748 0.000000 0.000000 -1
0 -13.833072 19.997374 -19.233566 0.000000 0.000000 -1
0 -13.833072 13.997370 -19.233566 0.000000 0.000000 -1
0 -16.680233 13.997370 -12.838748 0.000000 0.000000 -1
0 -13.833072 31.847374 -19.233566 0.000000 0.000000 -1
11
-0.927184 0.000000 0.374607
-0.913545 0.000000 -0.406737
-0.422618 0.000000 0.906308
-0.422618 0.000000 0.906308
-0.927184 0.000000 0.374607
0.390731 0.000000 0.920505
0.390731 0.000000 0.920505
0.920505 0.000000 0.390731
0.920505 0.000000 0.390731
0.927184 0.000000 -0.374606
-0.913545 0.000000 -0.406737
36
0 0 1 2 0 0 0 1
0 3 4 5 1 1 1 1
0 6 7 8 2 2 2 1
0 9 6 8 2 2 2 1
0 10 11 12 3 3 3 1
0 13 10 12 3 3 3 1
0 14 15 16 3 3 3 1
0 17 14 16 3 3 3 1
0 18 19 20 4 4 4 1
0 21 18 20 4 4 4 1
0 22 0 2 0 0 0 1
0 23 24 25 0 0 0 1
0 26 23 25 0 0 0 1
0 27 28 29 5 5 5 1
0 30 27 29 5 5 5 1
0 31 32 33 6 6 6 1
0 34 31 33 6 6 6 1
0 35 36 37 6 6 6 1
0 38 35 37 6 6 6 1
0 39 40 41 7 7 7 1
0 42 39 41 7 7 7 1
0 43 44 45 8 8 8 1
0 46 43 45 8 8 8 1
0 47 48 49 8 8 8 1
0 50 47 49 8 8 8 1
0 51 52 53 9 9 9 1
0 54 51 53 9 9 9 1
0 55 56 57 9 9 9 1
0 58 55 57 9 9 9 1
0 59 60 61 9 9 9 1
0 62 59 61 9 9 9 1
0 63 64 65 10 10 10 1
0 66 63 65 10 10 10 1
0 67 68 69 1 1 1 1
0 70 67 69 1 1 1 1
0 4 71 5 1 1 1 1
"1_Blz_Frame" 0 1
288
0 -10.739647 9.000000 3.015686 0.000000 0.000000 -1
0 -9.833340 8.000000 3.438304 0.000000 0.000000 -1
0 -3.489185 8.000000 6.396632 0.000000 0.000000 -1
0 -2.582877 9.000000 6.819250 0.000000 0.000000 -1
0 -3.489185 2.000000 6.396632 0.000000 0.000000 -1
0 -2.582877 1.000000 6.819250 0.000000 0.000000 -1
0 -9.833340 2.000000 3.438304 0.000000 0.000000 -1
0 -10.739647 1.000000 3.015686 0.000000 0.000000 -1
0 -9.610909 7.947369 2.961299 0.000000 0.000000 -1
0 -3.266754 7.947369 5.919627 0.000000 0.000000 -1
0 -2.160259 9.000000 5.912941 0.000000 0.000000 -1
0 -10.317029 9.000000 2.109377 0.000000 0.000000 -1
0 -3.266754 1.947369 5.919627 0.000000 0.000000 -1
0 -2.160259 1.000000 5.912941 0.000000 0.000000 -1
0 -9.610909 1.947369 2.961299 0.000000 0.000000 -1
0 -10.317029 1.000000 2.109377 0.000000 0.000000 -1
0 -10.739647 21.050005 3.015686 0.000000 0.000000 -1
0 -9.833340 20.050005 3.438304 0.000000 0.000000 -1
0 -3.489185 20.050005 6.396632 0.000000 0.000000 -1
0 -2.582877 21.050005 6.819250 0.000000 0.000000 -1
0 -3.489185 14.050001 6.396632 0.000000 0.000000 -1
0 -2.582877 13.050001 6.819250 0.000000 0.000000 -1
0 -9.833340 14.050001 3.438304 0.000000 0.000000 -1
0 -10.739647 13.050001 3.015686 0.000000 0.000000 -1
0 -9.610909 19.997374 2.961299 0.000000 0.000000 -1
0 -3.266754 19.997374 5.919627 0.000000 0.000000 -1
0 -2.160259 21.050005 5.912941 0.000000 0.000000 -1
0 -10.317029 21.050005 2.109377 0.000000 0.000000 -1
0 -3.266754 13.997370 5.919627 0.000000 0.000000 -1
0 -2.160259 13.050001 5.912941 0.000000 0.000000 -1
0 -9.610909 13.997370 2.961299 0.000000 0.000000 -1
0 -10.317029 13.050001 2.109377 0.000000 0.000000 -1
0 -10.739647 32.900009 3.015686 0.000000 0.000000 -1
0 -9.833340 31.900005 3.438304 0.000000 0.000000 -1
0 -3.489185 31.900005 6.396632 0.000000 0.000000 -1
0 -2.582877 32.900009 6.819250 0.000000 0.000000 -1
0 -3.489185 25.900002 6.396632 0.000000 0.000000 -1
0 -2.582877 24.900002 6.819250 0.000000 0.000000 -1
0 -9.833340 25.900002 3.438304 0.000000 0.000000 -1
0 -10.739647 24.900002 3.015686 0.000000 0.000000 -1
0 -9.610909 31.847374 2.961299 0.000000 0.000000 -1
0 -3.266754 31.847374 5.919627 0.000000 0.000000 -1
0 -2.160259 32.900009 5.912941 0.000000 0.000000 -1
0 -10.317029 32.900009 2.109377 0.000000 0.000000 -1
0 -3.266754 25.847370 5.919627 0.000000 0.000000 -1
0 -2.160259 24.900002 5.912941 0.000000 0.000000 -1
0 -9.610909 25.847370 2.961299 0.000000 0.000000 -1
0 -10.317029 24.900002 2.109377 0.000000 0.000000 -1
0 -17.872856 9.000000 -7.902189 0.000000 0.000000 -1
0 -17.498249 8.000000 -6.975007 0.000000 0.000000 -1
0 -14.876001 8.000000 -0.484719 0.000000 0.000000 -1
0 -14.501396 9.000000 0.442464 0.000000 0.000000 -1
0 -14.876001 2.000000 -0.484719 0.000000 0.000000 -1
0 -14.501396 1.000000 0.442464 0.000000 0.000000 -1
0 -17.498249 2.000000 -6.975007 0.000000 0.000000 -1
0 -17.872856 1.000000 -7.902189 0.000000 0.000000 -1
0 -17.010258 7.947369 -7.172168 0.000000 0.000000 -1
0 -14.388012 7.947369 -0.681881 0.000000 0.000000 -1
0 -13.574211 9.000000 0.067858 0.000000 0.000000 -1
0 -16.945671 9.000000 -8.276797 0.000000 0.000000 -1
0 -14.388012 1.947369 -0.681881 0.000000 0.000000 -1
0 -13.574211 1.000000 0.067858 0.000000 0.000000 -1
0 -17.010258 1.947369 -7.172168 0.000000 0.000000 -1
0 -16.945671 1.000000 -8.276797 0.000000 0.000000 -1
0 -17.872856 21.050005 -7.902189 0.000000 0.000000 -1
0 -17.498249 20.050005 -6.975007 0.000000 0.000000 -1
0 -14.876001 20.050005 -0.484719 0.000000 0.000000 -1
0 -14.501396 21.050005 0.442464 0.000000 0.000000 -1
0 -14.876001 14.050001 -0.484719 0.000000 0.000000 -1
0 -14.501396 13.050001 0.442464 0.000000 0.000000 -1
0 -17.498249 14.050001 -6.975007 0.000000 0.000000 -1
0 -17.872856 13.050001 -7.902189 0.000000 0.000000 -1
0 -17.010258 19.997374 -7.172168 0.000000 0.000000 -1
0 -14.388012 19.997374 -0.681881 0.000000 0.000000 -1
0 -13.574211 21.050005 0.067858 0.000000 0.000000 -1
0 -16.945671 21.050005 -8.276797 0.000000 0.000000 -1
0 -14.388012 13.997370 -0.681881 0.000000 0.000000 -1
0 -13.574211 13.050001 0.067858 0.000000 0.000000 -1
0 -17.010258 13.997370 -7.172168 0.000000 0.000000 -1
0 -16.945671 13.050001 -8.276797 0.000000 0.000000 -1
0 -17.872856 32.900009 -7.902189 0.000000 0.000000 -1
0 -17.498249 31.900005 -6.975007 0.000000 0.000000 -1
0 -14.876001 31.900005 -0.484719 0.000000 0.000000 -1
0 -14.501396 32.900009 0.442464 0.000000 0.000000 -1
0 -14.876001 25.900002 -0.484719 0.000000 0.000000 -1
0 -14.501396 24.900002 0.442464 0.000000 0.000000 -1
0 -17.498249 25.900002 -6.975007 0.000000 0.000000 -1
0 -17.872856 24.900002 -7.902189 0.000000 0.000000 -1
0 -17.010258 31.847374 -7.172168 0.000000 0.000000 -1
0 -14.388012 31.847374 -0.681881 0.000000 0.000000 -1
0 -13.574211 32.900009 0.067858 0.000000 0.000000 -1
0 -16.945671 32.900009 -8.276797 0.000000 0.000000 -1
0 -14.388012 25.847370 -0.681881 0.000000 0.000000 -1
0 -13.574211 24.900002 0.067858 0.000000 0.000000 -1
0 -17.010258 25.847370 -7.172168 0.000000 0.000000 -1
0 -16.945671 24.900002 -8.276797 0.000000 0.000000 -1
0 1.729045 9.000000 6.458953 0.000000 0.000000 -1
0 2.649549 8.000000 6.068222 0.000000 0.000000 -1
0 9.093087 8.000000 3.333103 0.000000 0.000000 -1
0 10.013590 9.000000 2.942372 0.000000 0.000000 -1
0 9.093087 2.000000 3.333103 0.000000 0.000000 -1
0 10.013590 1.000000 2.942372 0.000000 0.000000 -1
0 2.649549 2.000000 6.068222 0.000000 0.000000 -1
0 1.729045 1.000000 6.458953 0.000000 0.000000 -1
0 2.443902 7.947369 5.583745 0.000000 0.000000 -1
0 8.887436 7.947369 2.848627 0.000000 0.000000 -1
0 9.622860 9.000000 2.021867 0.000000 0.000000 -1
0 1.338314 9.000000 5.538448 0.000000 0.000000 -1
0 8.887436 1.947369 2.848627 0.000000 0.000000 -1
0 9.622860 1.000000 2.021867 0.000000 0.000000 -1
0 2.443902 1.947369 5.583745 0.000000 0.000000 -1
0 1.338314 1.000000 5.538448 0.000000 0.000000 -1
0 1.729045 21.050005 6.458953 0.000000 0.000000 -1
0 2.649549 20.050005 6.068222 0.000000 0.000000 -1
0 9.093087 20.050005 3.333103 0.000000 0.000000 -1
0 10.013590 21.050005 2.942372 0.000000 0.000000 -1
0 9.093087 14.050001 3.333103 0.000000 0.000000 -1
0 10.013590 13.050001 2.942372 0.000000 0.000000 -1
0 2.649549 14.050001 6.068222 0.000000 0.000000 -1
0 1.729045 13.050001 6.458953 0.000000 0.000000 -1
0 2.443902 19.997374 5.583745 0.000000 0.000000 -1
0 8.887436 19.997374 2.848627 0.000000 0.000000 -1
0 9.622860 21.050005 2.021867 0.000000 0.000000 -1
0 1.338314 21.050005 5.538448 0.000000 0.000000 -1
0 8.887436 13.997370 2.848627 0.000000 0.000000 -1
0 9.622860 13.050001 2.021867 0.000000 0.000000 -1
0 2.443902 13.997370 5.583745 0.000000 0.000000 -1
0 1.338314 13.050001 5.538448 0.000000 0.000000 -1
0 1.729045 32.900009 6.458953 0.000000 0.000000 -1
0 2.649549 31.900005 6.068222 0.000000 0.000000 -1
0 9.093087 31.900005 3.333103 0.000000 0.000000 -1
0 10.013590 32.900009 2.942372 0.000000 0.000000 -1
0 9.093087 25.900002 3.333103 0.000000 0.000000 -1
0 10.013590 24.900002 2.942372 0.000000 0.000000 -1
0 2.649549 25.900002 6.068222 0.000000 0.000000 -1
0 1.729045 24.900002 6.458953 0.000000 0.000000 -1
0 2.443902 31.847374 5.583745 0.000000 0.000000 -1
0 8.887436 31.847374 2.848627 0.000000 0.000000 -1
0 9.622860 32.900009 2.021867 0.000000 0.000000 -1
0 1.338314 32.900009 5.538448 0.000000 0.000000 -1
0 8.887436 25.847370 2.848627 0.000000 0.000000 -1
0 9.622860 24.900002 2.021867 0.000000 0.000000 -1
0 2.443902 25.847370 5.583745 0.000000 0.000000 -1
0 1.338314 24.900002 5.538448 0.000000 0.000000 -1
0 12.537401 9.000000 0.751897 0.000000 0.000000 -1
0 12.928130 8.000000 -0.168607 0.000000 0.000000 -1
0 15.663252 8.000000 -6.612146 0.000000 0.000000 -1
0 16.053986 9.000000 -7.532649 0.000000 0.000000 -1
0 15.663252 2.000000 -6.612146 0.000000 0.000000 -1
0 16.053986 1.000000 -7.532649 0.000000 0.000000 -1
0 12.928130 2.000000 -0.168607 0.000000 0.000000 -1
0 12.537401 1.000000 0.751897 0.000000 0.000000 -1
0 12.443653 7.947369 -0.374257 0.000000 0.000000 -1
0 15.178773 7.947369 -6.817791 0.000000 0.000000 -1
0 15.133477 9.000000 -7.923383 0.000000 0.000000 -1
0 11.616896 9.000000 0.361166 0.000000 0.000000 -1
0 15.178773 1.947369 -6.817791 0.000000 0.000000 -1
0 15.133477 1.000000 -7.923383 0.000000 0.000000 -1
0 12.443653 1.947369 -0.374257 0.000000 0.000000 -1
0 11.616896 1.000000 0.361166 0.000000 0.000000 -1
0 12.537401 21.050005 0.751897 0.000000 0.000000 -1
0 12.928130 20.050005 -0.168607 0.000000 0.000000 -1
0 15.663252 20.050005 -6.612146 0.000000 0.000000 -1
0 16.053986 21.050005 -7.532649 0.000000 0.000000 -1
0 15.663252 14.050001 -6.612146 0.000000 0.000000 -1
0 16.053986 13.050001 -7.532649 0.000000 0.000000 -1
0 12.928130 14.050001 -0.168607 0.000000 0.000000 -1
0 12.537401 13.050001 0.751897 0.000000 0.000000 -1
0 12.443653 19.997374 -0.374257 0.000000 0.000000 -1
0 15.178773 19.997374 -6.817791 0.000000 0.000000 -1
0 15.133477 21.050005 -7.923383 0.000000 0.000000 -1
0 11.616896 21.050005 0.361166 0.000000 0.000000 -1
0 15.178773 13.997370 -6.817791 0.000000 0.000000 -1
0 15.133477 13.050001 -7.923383 0.000000 0.000000 -1
0 12.443653 13.997370 -0.374257 0.000000 0.000000 -1
0 11.616896 13.050001 0.361166 0.000000 0.000000 -1
0 12.537401 32.900009 0.751897 0.000000 0.000000 -1
0 12.928130 31.900005 -0.168607 0.000000 0.000000 -1
0 15.663252 31.900005 -6.612146 0.000000 0.000000 -1
0 16.053986 32.900009 -7.532649 0.000000 0.000000 -1
0 15.663252 25.900002 -6.612146 0.000000 0.000000 -1
0 16.053986 24.900002 -7.532649 0.000000 0.000000 -1
0 12.928130 25.900002 -0.168607 0.000000 0.000000 -1
0 12.537401 24.900002 0.751897 0.000000 0.000000 -1
0 12.443653 31.847374 -0.374257 0.000000 0.000000 -1
0 15.178773 31.847374 -6.817791 0.000000 0.000000 -1
0 15.133477 32.900009 -7.923383 0.000000 0.000000 -1
0 11.616896 32.900009 0.361166 0.000000 0.000000 -1
0 15.178773 25.847370 -6.817791 0.000000 0.000000 -1
0 15.133477 24.900002 -7.923383 0.000000 0.000000 -1
0 12.443653 25.847370 -0.374257 0.000000 0.000000 -1
0 11.616896 24.900002 0.361166 0.000000 0.000000 -1
0 16.650639 9.000000 -12.065641 0.000000 0.000000 -1
0 16.276030 8.000000 -12.992824 0.000000 0.000000 -1
0 13.653782 8.000000 -19.483112 0.000000 0.000000 -1
0 13.279177 9.000000 -20.410297 0.000000 0.000000 -1
0 13.653782 2.000000 -19.483112 0.000000 0.000000 -1
0 13.279177 1.000000 -20.410297 0.000000 0.000000 -1
0 16.276030 2.000000 -12.992824 0.000000 0.000000 -1
0 16.650639 1.000000 -12.065641 0.000000 0.000000 -1
0 15.788036 7.947369 -12.795662 0.000000 0.000000 -1
0 13.165792 7.947369 -19.285946 0.000000 0.000000 -1
0 12.351992 9.000000 -20.035690 0.000000 0.000000 -1
0 15.723452 9.000000 -11.691032 0.000000 0.000000 -1
0 13.165792 1.947369 -19.285946 0.000000 0.000000 -1
0 12.351992 1.000000 -20.035690 0.000000 0.000000 -1
0 15.788036 1.947369 -12.795662 0.000000 0.000000 -1
0 15.723452 1.000000 -11.691032 0.000000 0.000000 -1
0 16.650639 21.050005 -12.065641 0.000000 0.000000 -1
0 16.276030 20.050005 -12.992824 0.000000 0.000000 -1
0 13.653782 20.050005 -19.483112 0.000000 0.000000 -1
0 13.279177 21.050005 -20.410297 0.000000 0.000000 -1
0 13.653782 14.050001 -19.483112 0.000000 0.000000 -1
0 13.279177 13.050001 -20.410297 0.000000 0.000000 -1
0 16.276030 14.050001 -12.992824 0.000000 0.000000 -1
0 16.650639 13.050001 -12.065641 0.000000 0.000000 -1
0 15.788036 19.997374 -12.795662 0.000000 0.000000 -1
0 13.165792 19.997374 -19.285946 0.000000 0.000000 -1
0 12.351992 21.050005 -20.035690 0.000000 0.000000 -1
0 15.723452 21.050005 -11.691032 0.000000 0.000000 -1
0 13.165792 13.997370 -19.285946 0.000000 0.000000 -1
0 12.351992 13.050001 -20.035690 0.000000 0.000000 -1
0 15.788036 13.997370 -12.795662 0.000000 0.000000 -1
0 15.723452 13.050001 -11.691032 0.000000 0.000000 -1
0 16.650639 32.900009 -12.065641 0.000000 0.000000 -1
0 16.276030 31.900005 -12.992824 0.000000 0.000000 -1
0 13.653782 31.900005 -19.483112 0.000000 0.000000 -1
0 13.279177 32.900009 -20.410297 0.000000 0.000000 -1
0 13.653782 25.900002 -19.483112 0.000000 0.000000 -1
0 13.279177 24.900002 -20.410297 0.000000 0.000000 -1
0 16.276030 25.900002 -12.992824 0.000000 0.000000 -1
0 16.650639 24.900002 -12.065641 0.000000 0.000000 -1
0 15.788036 31.847374 -12.795662 0.000000 0.000000 -1
0 13.165792 31.847374 -19.285946 0.000000 0.000000 -1
0 12.351992 32.900009 -20.035690 0.000000 0.000000 -1
0 15.723452 32.900009 -11.691032 0.000000 0.000000 -1
0 13.165792 25.847370 -19.285946 0.000000 0.000000 -1
0 12.351992 24.900002 -20.035690 0.000000 0.000000 -1
0 15.788036 25.847370 -12.795662 0.000000 0.000000 -1
0 15.723452 24.900002 -11.691032 0.000000 0.000000 -1
0 -13.907152 9.000000 -20.361176 0.000000 0.000000 -1
0 -14.313887 8.000000 -19.447643 0.000000 0.000000 -1
0 -17.161057 8.000000 -13.052820 0.000000 0.000000 -1
0 -17.567780 9.000000 -12.139276 0.000000 0.000000 -1
0 -17.161057 2.000000 -13.052820 0.000000 0.000000 -1
0 -17.567780 1.000000 -12.139276 0.000000 0.000000 -1
0 -14.313887 2.000000 -19.447643 0.000000 0.000000 -1
0 -13.907152 1.000000 -20.361176 0.000000 0.000000 -1
0 -13.833072 7.947369 -19.233566 0.000000 0.000000 -1
0 -16.680233 7.947369 -12.838748 0.000000 0.000000 -1
0 -16.654240 9.000000 -11.732535 0.000000 0.000000 -1
0 -12.993602 9.000000 -19.954449 0.000000 0.000000 -1
0 -16.680233 1.947369 -12.838748 0.000000 0.000000 -1
0 -16.654240 1.000000 -11.732535 0.000000 0.000000 -1
0 -13.833072 1.947369 -19.233566 0.000000 0.000000 -1
0 -12.993602 1.000000 -19.954449 0.000000 0.000000 -1
0 -13.907152 21.050005 -20.361176 0.000000 0.000000 -1
0 -14.313887 20.050005 -19.447643 0.000000 0.000000 -1
0 -17.161057 20.050005 -13.052820 0.000000 0.000000 -1
0 -17.567780 21.050005 -12.139276 0.000000 0.000000 -1
0 -17.161057 14.050001 -13.052820 0.000000 0.000000 -1
0 -17.567780 13.050001 -12.139276 0.000000 0.000000 -1
0 -14.313887 14.050001 -19.447643 0.000000 0.000000 -1
0 -13.907152 13.050001 -20.361176 0.000000 0.000000 -1
0 -13.833072 19.997374 -19.233566 0.000000 0.000000 -1
0 -16.680233 19.997374 -12.838748 0.000000 0.000000 -1
0 -16.654240 21.050005 -11.732535 0.000000 0.000000 -1
0 -12.993602 21.050005 -19.954449 0.000000 0.000000 -1
0 -16.680233 13.997370 -12.838748 0.000000 0.000000 -1
0 -16.654240 13.050001 -11.732535 0.000000 0.000000 -1
0 -13.833072 13.997370 -19.233566 0.000000 0.000000 -1
0 -12.993602 13.050001 -19.954449 0.000000 0.000000 -1
0 -13.907152 32.900009 -20.361176 0.000000 0.000000 -1
0 -14.313887 31.900005 -19.447643 0.000000 0.000000 -1
0 -17.161057 31.900005 -13.052820 0.000000 0.000000 -1
0 -17.567780 32.900009 -12.139276 0.000000 0.000000 -1
0 -17.161057 25.900002 -13.052820 0.000000 0.000000 -1
0 -17.567780 24.900002 -12.139276 0.000000 0.000000 -1
0 -14.313887 25.900002 -19.447643 0.000000 0.000000 -1
0 -13.907152 24.900002 -20.361176 0.000000 0.000000 -1
0 -13.833072 31.847374 -19.233566 0.000000 0.000000 -1
0 -16.680233 31.847374 -12.838748 0.000000 0.000000 -1
0 -16.654240 32.900009 -11.732535 0.000000 0.000000 -1
0 -12.993602 32.900009 -19.954449 0.000000 0.000000 -1
0 -16.680233 25.847370 -12.838748 0.000000 0.000000 -1
0 -16.654240 24.900002 -11.732535 0.000000 0.000000 -1
0 -13.833072 25.847370 -19.233566 0.000000 0.000000 -1
0 -12.993602 24.900002 -19.954449 0.000000 0.000000 -1
211
-0.687530 0.000000 0.726156
-0.422618 -0.000000 0.906308
-0.422618 0.000000 0.906308
-0.422618 0.000000 0.906308
-0.422618 -0.000000 0.906308
-0.422618 -0.000000 0.906308
-0.422618 -0.000000 0.906308
-0.854369 0.000000 0.519668
0.000000 1.000000 0.000000
0.000000 -1.000000 0.000000
0.367701 -0.889988 0.269659
0.791821 -0.444994 0.418330
-0.442925 -0.889988 -0.108342
-0.829432 -0.444994 -0.337672
0.405313 0.894427 0.189000
0.810627 0.447214 0.378001
-0.791820 0.444994 -0.418331
-0.367701 0.889988 -0.269660
0.810627 -0.447214 0.378001
0.405313 -0.894427 0.189000
0.442925 0.889988 0.108341
0.829433 0.444994 0.337670
-0.906308 0.000000 -0.422617
-0.422618 0.000000 0.906308
-0.422618 0.000000 0.906308
0.367701 -0.889988 0.269660
0.791821 -0.444994 0.418330
-0.442925 -0.889988 -0.108341
-0.829432 -0.444994 -0.337671
-0.791820 0.444994 -0.418331
-0.367701 0.889988 -0.269661
0.442926 0.889988 0.108340
0.829433 0.444994 0.337670
-0.687530 0.000000 0.726156
-0.422618 -0.000000 0.906308
-0.422618 0.000000 0.906308
-0.422618 0.000000 0.906308
-0.998065 -0.000001 0.062182
-0.927184 -0.000000 0.374607
-0.927184 -0.000001 0.374606
-0.927184 -0.000000 0.374606
-0.927184 0.000000 0.374606
-0.927184 0.000001 0.374606
-0.927184 0.000001 0.374607
-0.979258 0.000000 -0.202617
0.085011 -0.889988 0.447989
0.293799 -0.444994 0.845968
-0.250048 -0.889988 -0.381310
-0.376319 -0.444994 -0.812628
0.167529 0.894427 0.414649
0.335057 0.447214 0.829299
-0.293802 0.444994 -0.845967
-0.085013 0.889988 -0.447988
0.335057 -0.447214 0.829299
0.167529 -0.894427 0.414649
0.250046 0.889988 0.381310
0.376316 0.444994 0.812629
-0.374608 0.000000 -0.927183
0.085011 -0.889988 0.447989
0.293798 -0.444994 0.845968
-0.250048 -0.889988 -0.381309
-0.376320 -0.444994 -0.812628
-0.293801 0.444994 -0.845967
-0.085012 0.889988 -0.447988
0.250047 0.889988 0.381310
0.376316 0.444994 0.812629
-0.998065 -0.000001 0.062182
-0.927184 -0.000000 0.374607
-0.927184 -0.000001 0.374606
-0.927184 -0.000000 0.374606
0.079591 0.000000 0.996828
0.390731 -0.000000 0.920505
0.390731 0.000000 0.920505
0.390731 0.000000 0.920505
0.390731 -0.000000 0.920505
0.390731 -0.000000 0.920505
0.390731 -0.000000 0.920505
-0.185496 0.000000 0.982645
0.446437 -0.889988 -0.092817
0.840712 -0.444994 -0.308517
-0.376887 -0.889988 0.256665
-0.805935 -0.444994 0.390447
0.411662 0.894427 -0.174740
0.823325 0.447214 -0.349480
-0.840710 0.444994 0.308524
-0.446436 0.889989 0.092820
0.823325 -0.447214 -0.349480
0.411662 -0.894427 -0.174740
0.376889 0.889988 -0.256662
0.805938 0.444994 -0.390440
-0.920505 0.000000 0.390731
0.446437 -0.889988 -0.092816
0.840713 -0.444994 -0.308517
-0.376887 -0.889988 0.256666
-0.805935 -0.444994 0.390447
-0.840710 0.444994 0.308524
-0.446436 0.889989 0.092819
0.376888 0.889988 -0.256663
0.805938 0.444994 -0.390440
0.079591 0.000000 0.996828
0.390731 -0.000000 0.920505
0.390731 0.000000 0.920505
0.390731 0.000000 0.920505
-0.920505 0.000000 0.390731
0.749708 -0.000001 0.661769
0.920505 -0.000001 0.390730
0.920504 -0.000002 0.390732
0.920504 -0.000001 0.390733
0.920504 0.000001 0.390733
0.920504 0.000002 0.390732
0.920505 0.000002 0.390731
0.549168 0.000001 0.835712
0.256664 -0.889988 -0.376888
0.390444 -0.444994 -0.805936
-0.092815 -0.889988 0.446437
-0.308513 -0.444994 0.840714
0.174741 0.894427 -0.411662
0.349482 0.447214 -0.823324
-0.390436 0.444994 0.805940
-0.256660 0.889989 0.376889
0.349482 -0.447214 -0.823324
0.174741 -0.894427 -0.411662
0.092819 0.889989 -0.446436
0.308522 0.444994 -0.840711
-0.390731 0.000000 0.920505
0.920505 -0.000001 0.390730
0.256665 -0.889988 -0.376887
0.390445 -0.444994 -0.805936
-0.092814 -0.889988 0.446438
-0.308513 -0.444994 0.840714
-0.390437 0.444994 0.805940
-0.256661 0.889989 0.376889
0.092818 0.889988 -0.446436
0.308521 0.444994 -0.840711
0.749708 -0.000001 0.661769
0.920505 -0.000001 0.390730
0.920504 -0.000002 0.390732
0.920504 -0.000001 0.390733
0.998065 -0.000001 -0.062183
0.927183 -0.000001 -0.374608
0.927184 -0.000002 -0.374606
0.927184 -0.000001 -0.374606
0.927184 0.000001 -0.374606
0.927184 0.000002 -0.374606
0.927183 0.000002 -0.374608
0.979258 0.000001 0.202616
-0.085012 -0.889988 -0.447988
-0.293799 -0.444994 -0.845968
0.250050 -0.889988 0.381308
0.376325 -0.444994 0.812625
-0.167529 0.894427 -0.414649
-0.335058 0.447214 -0.829298
0.293808 0.444994 0.845965
0.085016 0.889989 0.447987
-0.335058 -0.447214 -0.829298
-0.167529 -0.894427 -0.414649
-0.250046 0.889988 -0.381310
-0.376316 0.444994 -0.812629
0.374608 0.000000 0.927183
-0.085011 -0.889988 -0.447989
-0.293799 -0.444994 -0.845968
0.250051 -0.889988 0.381308
0.376326 -0.444994 0.812625
0.293808 0.444994 0.845965
0.085016 0.889989 0.447987
-0.250047 0.889988 -0.381310
-0.376317 0.444994 -0.812629
0.374608 0.000000 0.927183
0.998065 -0.000001 -0.062183
0.927183 -0.000001 -0.374608
0.927184 -0.000002 -0.374606
0.927184 -0.000001 -0.374606
-0.738044 0.000004 -0.674753
-0.913544 0.000001 -0.406739
-0.913547 0.000005 -0.406733
-0.913549 0.000004 -0.406729
-0.913549 -0.000005 -0.406730
-0.913547 -0.000006 -0.406733
-0.913545 -0.000006 -0.406738
-0.534500 -0.000001 -0.845168
-0.263204 -0.889988 0.372350
-0.404454 -0.444994 0.798998
0.100593 -0.889988 -0.444749
0.323139 -0.444994 -0.835201
-0.181900 0.894427 0.408549
-0.363801 0.447214 0.817098
0.404442 0.444994 -0.799004
0.263198 0.889989 -0.372353
-0.363801 -0.447214 0.817098
-0.181900 -0.894427 0.408549
-0.100599 0.889989 0.444747
-0.323151 0.444994 0.835197
0.406727 0.000000 -0.913550
-0.913545 -0.000006 -0.406738
-0.263204 -0.889988 0.372350
-0.404454 -0.444994 0.798998
0.100592 -0.889988 -0.444750
0.323139 -0.444994 -0.835202
0.404442 0.444994 -0.799004
0.263198 0.889989 -0.372353
-0.100598 0.889989 0.444747
-0.323151 0.444994 0.835197
0.406727 0.000000 -0.913550
-0.738044 0.000004 -0.674753
-0.913544 0.000001 -0.406739
-0.913547 0.000005 -0.406733
-0.913549 0.000004 -0.406729
-0.181900 0.894427 0.408549
-0.363801 0.447214 0.817098
-0.363801 -0.447214 0.817098
-0.181900 -0.894427 0.408549
648
0 0 1 2 0 1 2 1
0 2 3 0 2 3 0 1
0 3 2 4 3 2 4 1
0 4 5 3 4 5 3 1
0 4 6 5 4 6 5 1
0 6 7 5 6 7 5 1
0 7 6 1 7 6 1 1
0 0 7 1 0 7 1 1
0 0 0 7 8 8 9 2
0 0 7 7 8 9 9 2
0 7 7 1 9 9 10 2
0 7 1 1 9 10 10 2
0 1 1 0 10 10 8 2
0 1 0 0 10 8 8 2
0 0 0 7 8 8 9 2
0 0 7 7 8 9 9 2
0 7 7 1 9 9 10 2
0 7 1 1 9 10 10 2
0 1 1 0 10 10 8 2
0 1 0 0 10 8 8 2
0 1 8 9 10 11 12 2
0 1 9 2 10 12 13 2
0 3 10 11 14 15 8 2
0 3 11 0 14 8 8 2
0 2 9 12 13 12 16 2
0 2 12 4 13 16 17 2
0 5 13 10 18 19 15 2
0 5 10 3 18 15 14 2
0 4 12 14 17 16 20 2
0 4 14 6 17 20 21 2
0 7 15 13 9 9 19 2
0 7 13 5 9 19 18 2
0 6 14 8 21 20 11 2
0 6 8 1 21 11 10 2
0 7 0 11 7 0 22 1
0 11 15 7 22 22 7 1
0 16 17 18 0 1 23 1
0 18 19 16 23 24 0 1
0 19 18 20 24 23 4 1
0 20 21 19 4 5 24 1
0 20 22 21 4 6 5 1
0 22 23 21 6 7 5 1
0 23 22 17 7 6 1 1
0 16 23 17 0 7 1 1
0 16 16 23 8 8 9 2
0 16 23 23 8 9 9 2
0 23 23 17 9 9 25 2
0 23 17 17 9 25 25 2
0 17 17 16 25 25 8 2
0 17 16 16 25 8 8 2
0 16 16 23 8 8 9 2
0 16 23 23 8 9 9 2
0 23 23 17 9 9 25 2
0 23 17 17 9 25 25 2
0 17 17 16 25 25 8 2
0 17 16 16 25 8 8 2
0 17 24 25 25 26 27 2
0 17 25 18 25 27 28 2
0 19 26 27 14 15 8 2
0 19 27 16 14 8 8 2
0 18 25 28 28 27 29 2
0 18 28 20 28 29 30 2
0 21 29 26 18 19 15 2
0 21 26 19 18 15 14 2
0 20 28 30 30 29 31 2
0 20 30 22 30 31 32 2
0 23 31 29 9 9 19 2
0 23 29 21 9 19 18 2
0 22 30 24 32 31 26 2
0 22 24 17 32 26 25 2
0 23 16 27 7 0 22 1
0 27 31 23 22 22 7 1
0 32 33 34 33 34 35 1
0 34 35 32 35 36 33 1
0 35 34 36 36 35 4 1
0 36 37 35 4 5 36 1
0 36 38 37 4 6 5 1
0 38 39 37 6 7 5 1
0 39 38 33 7 6 34 1
0 32 39 33 33 7 34 1
0 32 32 39 8 8 9 2
0 32 39 39 8 9 9 2
0 39 39 33 9 9 25 2
0 39 33 33 9 25 25 2
0 33 33 32 25 25 8 2
0 33 32 32 25 8 8 2
0 32 32 39 8 8 9 2
0 32 39 39 8 9 9 2
0 39 39 33 9 9 25 2
0 39 33 33 9 25 25 2
0 33 33 32 25 25 8 2
0 33 32 32 25 8 8 2
0 33 40 41 25 26 27 2
0 33 41 34 25 27 28 2
0 35 42 43 14 15 8 2
0 35 43 32 14 8 8 2
0 34 41 44 28 27 29 2
0 34 44 36 28 29 30 2
0 37 45 42 18 19 15 2
0 37 42 35 18 15 14 2
0 36 44 46 30 29 31 2
0 36 46 38 30 31 32 2
0 39 47 45 9 9 19 2
0 39 45 37 9 19 18 2
0 38 46 40 32 31 26 2
0 38 40 33 32 26 25 2
0 39 32 43 7 33 22 1
0 43 47 39 22 22 7 1
0 48 49 50 37 38 39 1
0 50 51 48 39 40 37 1
0 51 50 52 40 39 41 1
0 52 53 51 41 42 40 1
0 52 54 53 41 43 42 1
0 54 55 53 43 44 42 1
0 55 54 49 44 43 38 1
0 48 55 49 37 44 38 1
0 48 48 55 8 8 9 2
0 48 55 55 8 9 9 2
0 55 55 49 9 9 45 2
0 55 49 49 9 45 45 2
0 49 49 48 45 45 8 2
0 49 48 48 45 8 8 2
0 48 48 55 8 8 9 2
0 48 55 55 8 9 9 2
0 55 55 49 9 9 45 2
0 55 49 49 9 45 45 2
0 49 49 48 45 45 8 2
0 49 48 48 45 8 8 2
0 49 56 57 45 46 47 2
0 49 57 50 45 47 48 2
0 51 58 59 49 50 8 2
0 51 59 48 49 8 8 2
0 50 57 60 48 47 51 2
0 50 60 52 48 51 52 2
0 53 61 58 53 54 50 2
0 53 58 51 53 50 49 2
0 52 60 62 52 51 55 2
0 52 62 54 52 55 56 2
0 55 63 61 9 9 54 2
0 55 61 53 9 54 53 2
0 54 62 56 56 55 46 2
0 54 56 49 56 46 45 2
0 55 48 59 44 37 57 1
0 59 63 55 57 57 44 1
0 64 65 66 37 38 39 1
0 66 67 64 39 40 37 1
0 67 66 68 40 39 41 1
0 68 69 67 41 42 40 1
0 68 70 69 41 43 42 1
0 70 71 69 43 44 42 1
0 71 70 65 44 43 38 1
0 64 71 65 37 44 38 1
0 64 64 71 8 8 9 2
0 64 71 71 8 9 9 2
0 71 71 65 9 9 58 2
0 71 65 65 9 58 58 2
0 65 65 64 58 58 8 2
0 65 64 64 58 8 8 2
0 64 64 71 8 8 9 2
0 64 71 71 8 9 9 2
0 71 71 65 9 9 58 2
0 71 65 65 9 58 58 2
0 65 65 64 58 58 8 2
0 65 64 64 58 8 8 2
0 65 72 73 58 59 60 2
0 65 73 66 58 60 61 2
0 67 74 75 49 50 8 2
0 67 75 64 49 8 8 2
0 66 73 76 61 60 62 2
0 66 76 68 61 62 63 2
0 69 77 74 53 54 50 2
0 69 74 67 53 50 49 2
0 68 76 78 63 62 64 2
0 68 78 70 63 64 65 2
0 71 79 77 9 9 54 2
0 71 77 69 9 54 53 2
0 70 78 72 65 64 59 2
0 70 72 65 65 59 58 2
0 71 64 75 44 37 57 1
0 75 79 71 57 57 44 1
0 80 81 82 66 67 68 1
0 82 83 80 68 69 66 1
0 83 82 84 69 68 41 1
0 84 85 83 41 42 69 1
0 84 86 85 41 43 42 1
0 86 87 85 43 44 42 1
0 87 86 81 44 43 67 1
0 80 87 81 66 44 67 1
0 80 80 87 8 8 9 2
0 80 87 87 8 9 9 2
0 87 87 81 9 9 58 2
0 87 81 81 9 58 58 2
0 81 81 80 58 58 8 2
0 81 80 80 58 8 8 2
0 80 80 87 8 8 9 2
0 80 87 87 8 9 9 2
0 87 87 81 9 9 58 2
0 87 81 81 9 58 58 2
0 81 81 80 58 58 8 2
0 81 80 80 58 8 8 2
0 81 88 89 58 59 60 2
0 81 89 82 58 60 61 2
0 83 90 91 49 50 8 2
0 83 91 80 49 8 8 2
0 82 89 92 61 60 62 2
0 82 92 84 61 62 63 2
0 85 93 90 53 54 50 2
0 85 90 83 53 50 49 2
0 84 92 94 63 62 64 2
0 84 94 86 63 64 65 2
0 87 95 93 9 9 54 2
0 87 93 85 9 54 53 2
0 86 94 88 65 64 59 2
0 86 88 81 65 59 58 2
0 87 80 91 44 66 57 1
0 91 95 87 57 57 44 1
0 96 97 98 70 71 72 1
0 98 99 96 72 73 70 1
0 99 98 100 73 72 74 1
0 100 101 99 74 75 73 1
0 100 102 101 74 76 75 1
0 102 103 101 76 77 75 1
0 103 102 97 77 76 71 1
0 96 103 97 70 77 71 1
0 96 96 103 8 8 9 2
0 96 103 103 8 9 9 2
0 103 103 97 9 9 78 2
0 103 97 97 9 78 78 2
0 97 97 96 78 78 8 2
0 97 96 96 78 8 8 2
0 96 96 103 8 8 9 2
0 96 103 103 8 9 9 2
0 103 103 97 9 9 78 2
0 103 97 97 9 78 78 2
0 97 97 96 78 78 8 2
0 97 96 96 78 8 8 2
0 97 104 105 78 79 80 2
0 97 105 98 78 80 81 2
0 99 106 107 82 83 8 2
0 99 107 96 82 8 8 2
0 98 105 108 81 80 84 2
0 98 108 100 81 84 85 2
0 101 109 106 86 87 83 2
0 101 106 99 86 83 82 2
0 100 108 110 85 84 88 2
0 100 110 102 85 88 89 2
0 103 111 109 9 9 87 2
0 103 109 101 9 87 86 2
0 102 110 104 89 88 79 2
0 102 104 97 89 79 78 2
0 103 96 107 77 70 90 1
0 107 111 103 90 90 77 1
0 112 113 114 70 71 72 1
0 114 115 112 72 73 70 1
0 115 114 116 73 72 74 1
0 116 117 115 74 75 73 1
0 116 118 117 74 76 75 1
0 118 119 117 76 77 75 1
0 119 118 113 77 76 71 1
0 112 119 113 70 77 71 1
0 112 112 119 8 8 9 2
0 112 119 119 8 9 9 2
0 119 119 113 9 9 91 2
0 119 113 113 9 91 91 2
0 113 113 112 91 91 8 2
0 113 112 112 91 8 8 2
0 112 112 119 8 8 9 2
0 112 119 119 8 9 9 2
0 119 119 113 9 9 91 2
0 119 113 113 9 91 91 2
0 113 113 112 91 91 8 2
0 113 112 112 91 8 8 2
0 113 120 121 91 92 93 2
0 113 121 114 91 93 94 2
0 115 122 123 82 83 8 2
0 115 123 112 82 8 8 2
0 114 121 124 94 93 95 2
0 114 124 116 94 95 96 2
0 117 125 122 86 87 83 2
0 117 122 115 86 83 82 2
0 116 124 126 96 95 97 2
0 116 126 118 96 97 98 2
0 119 127 125 9 9 87 2
0 119 125 117 9 87 86 2
0 118 126 120 98 97 92 2
0 118 120 113 98 92 91 2
0 119 112 123 77 70 90 1
0 123 127 119 90 90 77 1
0 128 129 130 99 100 101 1
0 130 131 128 101 102 99 1
0 131 130 132 102 101 74 1
0 132 133 131 74 75 102 1
0 132 134 133 74 76 75 1
0 134 135 133 76 77 75 1
0 135 134 129 77 76 100 1
0 128 135 129 99 77 100 1
0 128 128 135 8 8 9 2
0 128 135 135 8 9 9 2
0 135 135 129 9 9 91 2
0 135 129 129 9 91 91 2
0 129 129 128 91 91 8 2
0 129 128 128 91 8 8 2
0 128 128 135 8 8 9 2
0 128 135 135 8 9 9 2
0 135 135 129 9 9 91 2
0 135 129 129 9 91 91 2
0 129 129 128 91 91 8 2
0 129 128 128 91 8 8 2
0 129 136 137 91 92 93 2
0 129 137 130 91 93 94 2
0 131 138 139 82 83 8 2
0 131 139 128 82 8 8 2
0 130 137 140 94 93 95 2
0 130 140 132 94 95 96 2
0 133 141 138 86 87 83 2
0 133 138 131 86 83 82 2
0 132 140 142 96 95 97 2
0 132 142 134 96 97 98 2
0 135 143 141 9 9 87 2
0 135 141 133 9 87 86 2
0 134 142 136 98 97 92 2
0 134 136 129 98 92 91 2
0 135 128 139 77 99 103 1
0 139 143 135 103 103 77 1
0 144 145 146 104 105 106 1
0 146 147 144 106 107 104 1
0 147 146 148 107 106 108 1
0 148 149 147 108 109 107 1
0 148 150 149 108 110 109 1
0 150 151 149 110 111 109 1
0 151 150 145 111 110 105 1
0 144 151 145 104 111 105 1
0 144 144 151 8 8 9 2
0 144 151 151 8 9 9 2
0 151 151 145 9 9 112 2
0 151 145 145 9 112 112 2
0 145 145 144 112 112 8 2
0 145 144 144 112 8 8 2
0 144 144 151 8 8 9 2
0 144 151 151 8 9 9 2
0 151 151 145 9 9 112 2
0 151 145 145 9 112 112 2
0 145 145 144 112 112 8 2
0 145 144 144 112 8 8 2
0 145 152 153 112 113 114 2
0 145 153 146 112 114 115 2
0 147 154 155 116 117 8 2
0 147 155 144 116 8 8 2
0 146 153 156 115 114 118 2
0 146 156 148 115 118 119 2
0 149 157 154 120 121 117 2
0 149 154 147 120 117 116 2
0 148 156 158 119 118 122 2
0 148 158 150 119 122 123 2
0 151 159 157 9 9 121 2
0 151 157 149 9 121 120 2
0 150 158 152 123 122 113 2
0 150 152 145 123 113 112 2
0 151 144 155 111 104 124 1
0 155 159 151 124 124 111 1
0 160 161 162 104 125 106 1
0 162 163 160 106 107 104 1
0 163 162 164 107 106 108 1
0 164 165 163 108 109 107 1
0 164 166 165 108 110 109 1
0 166 167 165 110 111 109 1
0 167 166 161 111 110 125 1
0 160 167 161 104 111 125 1
0 160 160 167 8 8 9 2
0 160 167 167 8 9 9 2
0 167 167 161 9 9 126 2
0 167 161 161 9 126 126 2
0 161 161 160 126 126 8 2
0 161 160 160 126 8 8 2
0 160 160 167 8 8 9 2
0 160 167 167 8 9 9 2
0 167 167 161 9 9 126 2
0 167 161 161 9 126 126 2
0 161 161 160 126 126 8 2
0 161 160 160 126 8 8 2
0 161 168 169 126 127 128 2
0 161 169 162 126 128 129 2
0 163 170 171 116 117 8 2
0 163 171 160 116 8 8 2
0 162 169 172 129 128 130 2
0 162 172 164 129 130 131 2
0 165 173 170 120 121 117 2
0 165 170 163 120 117 116 2
0 164 172 174 131 130 132 2
0 164 174 166 131 132 133 2
0 167 175 173 9 9 121 2
0 167 173 165 9 121 120 2
0 166 174 168 133 132 127 2
0 166 168 161 133 127 126 2
0 167 160 171 111 104 124 1
0 171 175 167 124 124 111 1
0 176 177 178 134 135 136 1
0 178 179 176 136 137 134 1
0 179 178 180 137 136 108 1
0 180 181 179 108 109 137 1
0 180 182 181 108 110 109 1
0 182 183 181 110 111 109 1
0 183 182 177 111 110 135 1
0 176 183 177 134 111 135 1
0 176 176 183 8 8 9 2
0 176 183 183 8 9 9 2
0 183 183 177 9 9 126 2
0 183 177 177 9 126 126 2
0 177 177 176 126 126 8 2
0 177 176 176 126 8 8 2
0 176 176 183 8 8 9 2
0 176 183 183 8 9 9 2
0 183 183 177 9 9 126 2
0 183 177 177 9 126 126 2
0 177 177 176 126 126 8 2
0 177 176 176 126 8 8 2
0 177 184 185 126 127 128 2
0 177 185 178 126 128 129 2
0 179 186 187 116 117 8 2
0 179 187 176 116 8 8 2
0 178 185 188 129 128 130 2
0 178 188 180 129 130 131 2
0 181 189 186 120 121 117 2
0 181 186 179 120 117 116 2
0 180 188 190 131 130 132 2
0 180 190 182 131 132 133 2
0 183 191 189 9 9 121 2
0 183 189 181 9 121 120 2
0 182 190 184 133 132 127 2
0 182 184 177 133 127 126 2
0 183 176 187 111 134 124 1
0 187 191 183 124 124 111 1
0 192 193 194 138 139 140 1
0 194 195 192 140 141 138 1
0 195 194 196 141 140 142 1
0 196 197 195 142 143 141 1
0 196 198 197 142 144 143 1
0 198 199 197 144 145 143 1
0 199 198 193 145 144 139 1
0 192 199 193 138 145 139 1
0 192 192 199 8 8 9 2
0 192 199 199 8 9 9 2
0 199 199 193 9 9 146 2
0 199 193 193 9 146 146 2
0 193 193 192 146 146 8 2
0 193 192 192 146 8 8 2
0 192 192 199 8 8 9 2
0 192 199 199 8 9 9 2
0 199 199 193 9 9 146 2
0 199 193 193 9 146 146 2
0 193 193 192 146 146 8 2
0 193 192 192 146 8 8 2
0 193 200 201 146 147 148 2
0 193 201 194 146 148 149 2
0 195 202 203 150 151 8 2
0 195 203 192 150 8 8 2
0 194 201 204 149 148 152 2
0 194 204 196 149 152 153 2
0 197 205 202 154 155 151 2
0 197 202 195 154 151 150 2
0 196 204 206 153 152 156 2
0 196 206 198 153 156 157 2
0 199 207 205 9 9 155 2
0 199 205 197 9 155 154 2
0 198 206 200 157 156 147 2
0 198 200 193 157 147 146 2
0 199 192 203 145 138 158 1
0 203 207 199 158 158 145 1
0 208 209 210 138 139 140 1
0 210 211 208 140 141 138 1
0 211 210 212 141 140 142 1
0 212 213 211 142 143 141 1
0 212 214 213 142 144 143 1
0 214 215 213 144 145 143 1
0 215 214 209 145 144 139 1
0 208 215 209 138 145 139 1
0 208 208 215 8 8 9 2
0 208 215 215 8 9 9 2
0 215 215 209 9 9 159 2
0 215 209 209 9 159 159 2
0 209 209 208 159 159 8 2
0 209 208 208 159 8 8 2
0 208 208 215 8 8 9 2
0 208 215 215 8 9 9 2
0 215 215 209 9 9 159 2
0 215 209 209 9 159 159 2
0 209 209 208 159 159 8 2
0 209 208 208 159 8 8 2
0 209 216 217 159 160 161 2
0 209 217 210 159 161 162 2
0 211 218 219 150 151 8 2
0 211 219 208 150 8 8 2
0 210 217 220 162 161 163 2
0 210 220 212 162 163 164 2
0 213 221 218 154 155 151 2
0 213 218 211 154 151 150 2
0 212 220 222 164 163 165 2
0 212 222 214 164 165 166 2
0 215 223 221 9 9 155 2
0 215 221 213 9 155 154 2
0 214 222 216 166 165 160 2
0 214 216 209 166 160 159 2
0 215 208 219 145 138 167 1
0 219 223 215 167 167 145 1
0 224 225 226 168 169 170 1
0 226 227 224 170 171 168 1
0 227 226 228 171 170 142 1
0 228 229 227 142 143 171 1
0 228 230 229 142 144 143 1
0 230 231 229 144 145 143 1
0 231 230 225 145 144 169 1
0 224 231 225 168 145 169 1
0 224 224 231 8 8 9 2
0 224 231 231 8 9 9 2
0 231 231 225 9 9 159 2
0 231 225 225 9 159 159 2
0 225 225 224 159 159 8 2
0 225 224 224 159 8 8 2
0 224 224 231 8 8 9 2
0 224 231 231 8 9 9 2
0 231 231 225 9 9 159 2
0 231 225 225 9 159 159 2
0 225 225 224 159 159 8 2
0 225 224 224 159 8 8 2
0 225 232 233 159 160 161 2
0 225 233 226 159 161 162 2
0 227 234 235 150 151 8 2
0 227 235 224 150 8 8 2
0 226 233 236 162 161 163 2
0 226 236 228 162 163 164 2
0 229 237 234 154 155 151 2
0 229 234 227 154 151 150 2
0 228 236 238 164 163 165 2
0 228 238 230 164 165 166 2
0 231 239 237 9 9 155 2
0 231 237 229 9 155 154 2
0 230 238 232 166 165 160 2
0 230 232 225 166 160 159 2
0 231 224 235 145 168 158 1
0 235 239 231 158 158 145 1
0 240 241 242 172 173 174 1
0 242 243 240 174 175 172 1
0 243 242 244 175 174 176 1
0 244 245 243 176 177 175 1
0 244 246 245 176 178 177 1
0 246 247 245 178 179 177 1
0 247 246 241 179 178 173 1
0 240 247 241 172 179 173 1
0 240 240 247 8 8 9 2
0 240 247 247 8 9 9 2
0 247 247 241 9 9 180 2
0 247 241 241 9 180 180 2
0 241 241 240 180 180 8 2
0 241 240 240 180 8 8 2
0 240 240 247 8 8 9 2
0 240 247 247 8 9 9 2
0 247 247 241 9 9 180 2
0 247 241 241 9 180 180 2
0 241 241 240 180 180 8 2
0 241 240 240 180 8 8 2
0 241 248 249 180 181 182 2
0 241 249 242 180 182 183 2
0 243 250 251 184 185 8 2
0 243 251 240 184 8 8 2
0 242 249 252 183 182 186 2
0 242 252 244 183 186 187 2
0 245 253 250 188 189 185 2
0 245 250 243 188 185 184 2
0 244 252 254 187 186 190 2
0 244 254 246 187 190 191 2
0 247 255 253 9 9 189 2
0 247 253 245 9 189 188 2
0 246 254 248 191 190 181 2
0 246 248 241 191 181 180 2
0 247 240 251 179 172 192 1
0 251 255 247 192 192 179 1
0 256 257 258 172 173 174 1
0 258 259 256 174 175 172 1
0 259 258 260 175 174 176 1
0 260 261 259 176 177 175 1
0 260 262 261 176 193 177 1
0 262 263 261 193 179 177 1
0 263 262 257 179 193 173 1
0 256 263 257 172 179 173 1
0 256 256 263 8 8 9 2
0 256 263 263 8 9 9 2
0 263 263 257 9 9 194 2
0 263 257 257 9 194 194 2
0 257 257 256 194 194 8 2
0 257 256 256 194 8 8 2
0 256 256 263 8 8 9 2
0 256 263 263 8 9 9 2
0 263 263 257 9 9 194 2
0 263 257 257 9 194 194 2
0 257 257 256 194 194 8 2
0 257 256 256 194 8 8 2
0 257 264 265 194 195 196 2
0 257 265 258 194 196 197 2
0 259 266 267 184 185 8 2
0 259 267 256 184 8 8 2
0 258 265 268 197 196 198 2
0 258 268 260 197 198 199 2
0 261 269 266 188 189 185 2
0 261 266 259 188 185 184 2
0 260 268 270 199 198 200 2
0 260 270 262 199 200 201 2
0 263 271 269 9 9 189 2
0 263 269 261 9 189 188 2
0 262 270 264 201 200 195 2
0 262 264 257 201 195 194 2
0 263 256 267 179 172 202 1
0 267 271 263 202 202 179 1
0 272 273 274 203 204 205 1
0 274 275 272 205 206 203 1
0 275 274 276 206 205 176 1
0 276 277 275 176 177 206 1
0 276 278 277 176 193 177 1
0 278 279 277 193 179 177 1
0 279 278 273 179 193 204 1
0 272 279 273 203 179 204 1
0 272 272 279 8 8 9 2
0 272 279 279 8 9 9 2
0 279 279 273 9 9 194 2
0 279 273 273 9 194 194 2
0 273 273 272 194 194 8 2
0 273 272 272 194 8 8 2
0 272 272 279 8 8 9 2
0 272 279 279 8 9 9 2
0 279 279 273 9 9 194 2
0 279 273 273 9 194 194 2
0 273 273 272 194 194 8 2
0 273 272 272 194 8 8 2
0 273 280 281 194 195 196 2
0 273 281 274 194 196 197 2
0 275 282 283 207 208 8 2
0 275 283 272 207 8 8 2
0 274 281 284 197 196 198 2
0 274 284 276 197 198 199 2
0 277 285 282 209 210 208 2
0 277 282 275 209 208 207 2
0 276 284 286 199 198 200 2
0 276 286 278 199 200 201 2
0 279 287 285 9 9 210 2
0 279 285 277 9 210 209 2
0 278 286 280 201 200 195 2
0 278 280 273 201 195 194 2
0 279 272 283 179 203 192 1
0 283 287 279 192 192 179 1

Materials: 3
"Blz"
0.200000 0.200000 0.200000 1.000000
0.800000 0.800000 0.800000 1.000000
0.000000 0.000000 0.000000 1.000000
0.000000 0.000000 0.000000 1.000000
0.000000
1.000000
"..\Image\brick01.tga"
""
"Blz_Other"
0.200000 0.200000 0.200000 1.000000
0.800000 0.800000 0.800000 1.000000
0.000000 0.000000 0.000000 1.000000
0.000000 0.000000 0.000000 1.000000
0.000000
1.000000
"..\Image\Blz_Round_Gate_Windows.tga"
""
"windows"
0.200000 0.200000 0.200000 1.000000
0.800000 0.800000 0.800000 1.000000
0.000000 0.000000 0.000000 1.000000
0.000000 0.000000 0.000000 1.000000
0.000000
1.000000
"..\Image\window.tga"
""

Bones: 0
GroupComments: 0
MaterialComments: 0
BoneComments: 0
ModelComment: 0
