// MilkShape 3D ASCII

Frames: 30
Frame: 1

Meshes: 3
"1_Blz" 0 0
89
0 -0.507103 71.500000 -9.481460 2.500000 5.000000 -1
0 8.882627 71.500000 -0.095441 4.233491 5.000000 -1
0 12.772011 71.500000 -9.481460 4.951533 5.000000 -1
0 -0.507103 71.500000 3.792507 2.500000 5.000000 -1
0 -9.896832 71.500000 -0.095441 0.766509 5.000000 -1
0 -13.786225 71.500000 -9.481460 0.048467 5.000000 -1
0 -9.896832 71.500000 -18.867466 0.766509 5.000000 -1
0 -0.507103 71.500000 -22.755379 2.500000 5.000000 -1
0 8.882627 71.500000 -18.867466 4.233491 5.000000 -1
0 11.167236 20.000000 1.667236 4.138081 1.311475 -1
0 11.167262 0.000000 1.667262 4.138084 0.000000 -1
0 16.000000 0.000000 -10.000000 4.816601 0.000000 -1
0 16.000000 20.000000 -10.000000 4.816601 1.311475 -1
0 -0.500000 20.000000 6.500000 2.500000 1.311475 -1
0 -0.500000 0.000000 6.500000 2.500000 0.000000 -1
0 -12.167236 20.000000 1.667236 0.861920 1.311475 -1
0 -12.167262 0.000000 1.667262 0.861916 0.000000 -1
0 -17.000000 20.000000 -10.000000 0.183399 1.311475 -1
0 -17.000000 0.000000 -10.000000 0.183399 0.000000 -1
0 -12.167236 20.000000 -21.667236 0.861920 1.311475 -1
0 -12.167262 0.000000 -21.667263 0.861916 0.000000 -1
0 -0.500000 20.000000 -26.500000 2.500000 1.311475 -1
0 -0.500000 0.000000 -26.500000 2.500000 0.000000 -1
0 11.167236 20.000000 -21.667236 4.138081 1.311475 -1
0 11.167262 0.000000 -21.667263 4.138084 0.000000 -1
0 11.768203 21.000000 2.268202 4.222456 1.442623 -1
0 16.849897 21.000000 -10.000000 4.935926 1.442623 -1
0 -0.500000 21.000000 7.349899 2.500000 1.442623 -1
0 -12.768203 21.000000 2.268202 0.777544 1.442623 -1
0 -17.849897 21.000000 -10.000000 0.064074 1.442623 -1
0 -12.768203 21.000000 -22.268204 0.777544 1.442623 -1
0 -0.500000 21.000000 -27.349895 2.500000 1.442623 -1
0 11.768203 21.000000 -22.268204 4.222456 1.442623 -1
0 11.006578 22.000000 1.506577 4.115524 1.573771 -1
0 15.772831 22.000000 -10.000000 4.784706 1.573771 -1
0 -0.500000 22.000000 6.272829 2.500000 1.573771 -1
0 -12.006578 22.000000 1.506577 0.884476 1.573771 -1
0 -16.772831 22.000000 -10.000000 0.215294 1.573771 -1
0 -12.006578 22.000000 -21.506577 0.884476 1.573771 -1
0 -0.500000 22.000000 -26.272829 2.500000 1.573771 -1
0 11.006578 22.000000 -21.506577 4.115524 1.573771 -1
0 11.006592 22.000000 1.506592 4.115526 1.573771 -1
0 15.772827 22.000000 -10.000000 4.784706 1.573771 -1
0 -0.500000 22.000000 6.272827 2.500000 1.573771 -1
0 -12.006592 22.000000 1.506592 0.884474 1.573771 -1
0 -16.772827 22.000000 -10.000000 0.215294 1.573771 -1
0 -12.006592 22.000000 -21.506592 0.884474 1.573771 -1
0 -0.500000 22.000000 -26.272827 2.500000 1.573771 -1
0 11.006592 22.000000 -21.506592 4.115526 1.573771 -1
0 9.589170 46.250000 0.311633 4.115526 2.885246 -1
0 13.769847 46.250000 -9.743662 4.784706 2.885246 -1
0 -0.503786 46.250000 4.476713 2.500000 2.885246 -1
0 -10.596742 46.250000 0.311633 0.884474 2.885246 -1
0 -14.777418 46.250000 -9.743662 0.215294 2.885246 -1
0 -10.596742 46.250000 -19.798950 0.884474 2.885246 -1
0 -0.503786 46.250000 -23.964022 2.500000 2.885246 -1
0 9.589170 46.250000 -19.798950 4.115526 2.885246 -1
0 10.540258 47.250000 1.259169 4.267762 3.016393 -1
0 15.114894 47.250000 -9.743662 5.000000 3.016393 -1
0 -0.503786 47.250000 5.816735 2.500000 3.016393 -1
0 -11.547832 47.250000 1.259169 0.732238 3.016393 -1
0 -16.122467 47.250000 -9.743662 0.000000 3.016393 -1
0 -11.547832 47.250000 -20.746487 0.732238 3.016393 -1
0 -0.503786 47.250000 -25.304068 2.500000 3.016393 -1
0 10.540258 47.250000 -20.746487 4.267762 3.016393 -1
0 9.641067 48.250000 0.396609 4.123833 3.147541 -1
0 13.843260 48.250000 -9.743662 4.796456 3.147541 -1
0 -0.503786 48.250000 4.596907 2.500000 3.147541 -1
0 -10.648634 48.250000 0.396609 0.876167 3.147541 -1
0 -14.850828 48.250000 -9.743662 0.203544 3.147541 -1
0 -10.648634 48.250000 -19.883924 0.876167 3.147541 -1
0 -0.503786 48.250000 -24.084221 2.500000 3.147541 -1
0 9.641067 48.250000 -19.883924 4.123833 3.147541 -1
0 8.288623 68.500000 -0.962987 4.123830 4.606557 -1
0 11.932004 68.500000 -9.481460 4.796454 4.606557 -1
0 -0.507103 68.500000 2.565575 2.500000 4.606557 -1
0 -9.302835 68.500000 -0.962987 0.876170 4.606557 -1
0 -12.946209 68.500000 -9.481460 0.203546 4.606557 -1
0 -9.302835 68.500000 -17.999935 0.876170 4.606557 -1
0 -0.507103 68.500000 -21.528439 2.500000 4.606557 -1
0 8.288623 68.500000 -17.999935 4.123830 4.606557 -1
0 8.882617 69.500000 -0.095420 4.233490 4.737705 -1
0 12.772032 69.500000 -9.481460 4.951537 4.737705 -1
0 -0.507103 69.500000 3.792502 2.500000 4.737705 -1
0 -9.896820 69.500000 -0.095420 0.766511 4.737705 -1
0 -13.786242 69.500000 -9.481460 0.048463 4.737705 -1
0 -9.896820 69.500000 -18.867493 0.766511 4.737705 -1
0 -0.507103 69.500000 -22.755371 2.500000 4.737705 -1
0 8.882617 69.500000 -18.867493 4.233490 4.737705 -1
116
0.000000 1.000000 0.000000
0.673113 -0.350397 0.651261
0.603749 0.000001 0.797175
0.990602 0.000001 0.136775
0.936473 -0.350398 -0.015451
0.015451 -0.350398 0.936473
-0.136775 0.000001 0.990602
-0.651261 -0.350397 0.673113
-0.797175 0.000001 0.603749
-0.936473 -0.350398 0.015451
-0.990602 0.000001 -0.136775
-0.673113 -0.350397 -0.651261
-0.603749 0.000001 -0.797175
-0.015451 -0.350398 -0.936474
0.136775 0.000001 -0.990602
0.651261 -0.350397 -0.673113
0.797175 0.000001 -0.603749
0.710726 0.063421 0.700604
0.997961 0.063417 -0.007157
0.007157 0.063418 0.997961
-0.700605 0.063420 0.710726
-0.997961 0.063417 0.007157
-0.710726 0.063421 -0.700604
-0.085257 -0.125192 -0.988463
0.700604 0.063421 -0.710726
0.694724 0.490429 0.526155
0.531893 0.843621 -0.073439
0.073439 0.843622 0.531892
-0.526155 0.490429 0.694723
-0.531893 0.843621 0.073439
-0.694723 0.490429 -0.526154
-0.193990 0.861996 -0.468328
0.674706 0.299234 -0.674708
0.271268 0.705360 -0.654890
0.580456 -0.272786 0.767241
0.906966 0.401994 0.125749
-0.125179 0.396063 0.909651
-0.766876 -0.271748 0.581424
-0.906101 0.404042 -0.125424
-0.582999 -0.258239 -0.770340
0.124184 0.412536 -0.902437
0.769469 -0.260380 -0.583198
0.658715 -0.426124 0.620091
0.905507 -0.423390 -0.028262
0.028506 -0.427020 0.903793
-0.618231 -0.426907 0.659955
-0.904840 -0.424804 0.028381
-0.660628 -0.420582 -0.621837
-0.028554 -0.417771 -0.908104
0.620758 -0.419363 -0.662415
0.702790 -0.021848 0.711062
0.999871 -0.015859 0.002532
-0.003540 -0.024094 0.999703
-0.707151 -0.018087 0.706831
-0.999871 -0.015858 -0.002532
-0.702791 -0.021846 -0.711061
0.003541 -0.024095 -0.999703
0.707152 -0.018089 -0.706830
0.597967 0.485476 0.637768
0.823663 0.554588 0.118370
0.056927 0.550192 0.833096
-0.406239 0.639510 0.652684
-0.617366 0.781968 0.085938
-0.498577 0.779136 -0.379958
-0.086284 0.771729 -0.630071
0.380304 0.774639 -0.505275
0.789356 0.091299 0.607110
0.916381 0.081416 0.391940
0.375919 0.089601 0.922310
-0.381086 0.087125 0.920425
-0.370723 0.092639 0.924111
-0.920731 0.081659 0.381557
-0.915934 0.087174 0.391747
-0.919500 0.096560 -0.381047
-0.915603 0.091188 -0.391606
-0.379969 0.115765 -0.917727
-0.370043 0.110412 -0.922430
0.380184 0.110822 -0.918248
0.369789 0.116402 -0.921796
0.919919 0.091761 -0.381221
0.915051 0.097526 -0.391370
0.687734 -0.663702 0.294146
0.729838 -0.613084 0.302432
0.245682 -0.751390 0.612416
0.266645 -0.717076 0.643974
-0.259828 -0.716240 0.647680
-0.253080 -0.749913 0.611213
-0.727666 -0.611263 0.311224
-0.693232 -0.660990 0.287264
-0.496331 -0.718075 -0.487877
-0.687739 -0.663696 -0.294148
-0.729836 -0.613086 -0.302432
0.003820 -0.775144 -0.631774
-0.245677 -0.751392 -0.612415
-0.266644 -0.717072 -0.643979
0.259826 -0.716238 -0.647684
0.253076 -0.749915 -0.611211
0.727667 -0.611260 -0.311226
0.693231 -0.660992 -0.287263
0.923824 -0.000000 0.382817
0.923825 0.000010 0.382815
0.382564 -0.000002 0.923929
0.382565 0.000008 0.923928
-0.382564 0.000007 0.923929
-0.382565 -0.000002 0.923928
-0.923824 0.000007 0.382818
-0.923825 -0.000002 0.382816
-0.923824 -0.000001 -0.382818
-0.923824 0.000007 -0.382816
-0.382560 -0.000004 -0.923931
-0.382562 0.000010 -0.923930
0.382560 0.000011 -0.923931
0.382562 -0.000004 -0.923930
0.923824 0.000010 -0.382817
0.923825 0.000001 -0.382816
0.000000 0.000000 0.000000
200
0 0 1 2 0 0 0 2
0 0 3 1 0 0 0 2
0 0 4 3 0 0 0 2
0 0 5 4 0 0 0 2
0 0 6 5 0 0 0 2
0 0 7 6 0 0 0 2
0 0 8 7 0 0 0 2
0 0 2 8 0 0 0 2
0 9 10 11 1 2 3 3
0 9 11 12 1 3 4 3
0 13 14 10 5 6 2 3
0 13 10 9 5 2 1 3
0 15 16 14 7 8 6 3
0 15 14 13 7 6 5 3
0 17 18 16 9 10 8 3
0 17 16 15 9 8 7 3
0 19 20 18 11 12 10 3
0 19 18 17 11 10 9 3
0 21 22 20 13 14 12 3
0 21 20 19 13 12 11 3
0 23 24 22 15 16 14 3
0 23 22 21 15 14 13 3
0 12 11 24 4 3 16 3
0 12 24 23 4 16 15 3
0 9 9 12 1 1 4 3
0 9 12 12 1 4 4 3
0 13 13 9 5 5 1 3
0 13 9 9 5 1 1 3
0 15 15 13 7 7 5 3
0 15 13 13 7 5 5 3
0 17 17 15 9 9 7 3
0 17 15 15 9 7 7 3
0 19 19 17 11 11 9 3
0 19 17 17 11 9 9 3
0 21 21 19 13 13 11 3
0 21 19 19 13 11 11 3
0 23 23 21 15 15 13 3
0 23 21 21 15 13 13 3
0 12 12 23 4 4 15 3
0 12 23 23 4 15 15 3
0 25 9 12 17 1 4 3
0 25 12 26 17 4 18 3
0 27 13 9 19 5 1 3
0 27 9 25 19 1 17 3
0 28 15 13 20 7 5 3
0 28 13 27 20 5 19 3
0 29 17 15 21 9 7 3
0 29 15 28 21 7 20 3
0 30 19 17 22 11 9 3
0 30 17 29 22 9 21 3
0 31 21 19 23 13 11 3
0 31 19 30 23 11 22 3
0 32 23 21 24 15 13 3
0 32 21 31 24 13 23 3
0 26 12 23 18 4 15 3
0 26 23 32 18 15 24 3
0 33 25 26 25 17 18 3
0 33 26 34 25 18 26 3
0 35 27 25 27 19 17 3
0 35 25 33 27 17 25 3
0 36 28 27 28 20 19 3
0 36 27 35 28 19 27 3
0 37 29 28 29 21 20 3
0 37 28 36 29 20 28 3
0 38 30 29 30 22 21 3
0 38 29 37 30 21 29 3
0 39 31 30 31 23 22 3
0 39 30 38 31 22 30 3
0 40 32 31 32 24 23 3
0 40 31 39 33 33 33 3
0 34 26 32 26 18 24 3
0 34 32 40 26 24 32 3
0 41 33 34 34 25 26 3
0 41 34 42 34 26 35 3
0 43 35 33 36 27 25 3
0 43 33 41 36 25 34 3
0 44 36 35 37 28 27 3
0 44 35 43 37 27 36 3
0 45 37 36 38 29 28 3
0 45 36 44 38 28 37 3
0 46 38 37 39 30 29 3
0 46 37 45 39 29 38 3
0 47 39 38 40 31 30 3
0 47 38 46 40 30 39 3
0 48 40 39 41 32 31 3
0 48 39 47 41 31 40 3
0 42 34 40 35 26 32 3
0 42 40 48 35 32 41 3
0 49 41 42 42 34 35 3
0 49 42 50 42 35 43 3
0 51 43 41 44 36 34 3
0 51 41 49 44 34 42 3
0 52 44 43 45 37 36 3
0 52 43 51 45 36 44 3
0 53 45 44 46 38 37 3
0 53 44 52 46 37 45 3
0 54 46 45 47 39 38 3
0 54 45 53 47 38 46 3
0 55 47 46 48 40 39 3
0 55 46 54 48 39 47 3
0 56 48 47 49 41 40 3
0 56 47 55 49 40 48 3
0 50 42 48 43 35 41 3
0 50 48 56 43 41 49 3
0 57 49 50 50 42 43 3
0 57 50 58 50 43 51 3
0 59 51 49 52 44 42 3
0 59 49 57 52 42 50 3
0 60 52 51 53 45 44 3
0 60 51 59 53 44 52 3
0 61 53 52 54 46 45 3
0 61 52 60 54 45 53 3
0 62 54 53 55 47 46 3
0 62 53 61 55 46 54 3
0 63 55 54 56 48 47 3
0 63 54 62 56 47 55 3
0 64 56 55 57 49 48 3
0 64 55 63 57 48 56 3
0 58 50 56 51 43 49 3
0 58 56 64 51 49 57 3
0 65 57 58 58 50 51 3
0 65 58 66 58 51 59 3
0 67 59 57 60 52 50 3
0 67 57 65 60 50 58 3
0 68 60 59 61 53 52 3
0 68 59 67 61 52 60 3
0 69 61 60 62 54 53 3
0 69 60 68 62 53 61 3
0 70 62 61 63 55 54 3
0 70 61 69 63 54 62 3
0 71 63 62 64 56 55 3
0 71 62 70 64 55 63 3
0 72 64 63 65 57 56 3
0 72 63 71 65 56 64 3
0 66 58 64 59 51 57 3
0 66 64 72 59 57 65 3
0 73 65 66 66 58 59 3
0 73 66 74 66 59 67 3
0 75 67 65 68 60 58 3
0 75 65 73 68 58 66 3
0 76 68 67 69 61 60 3
0 76 67 75 70 70 70 3
0 77 69 68 71 71 71 3
0 77 68 76 72 72 72 3
0 78 70 69 73 73 73 3
0 78 69 77 74 74 74 3
0 79 71 70 75 75 75 3
0 79 70 78 76 76 76 3
0 80 72 71 77 77 77 3
0 80 71 79 78 78 78 3
0 74 66 72 79 79 79 3
0 74 72 80 80 80 80 3
0 81 73 74 81 81 81 3
0 81 74 82 82 82 82 3
0 83 75 73 83 83 83 3
0 83 73 81 84 84 84 3
0 84 76 75 85 85 85 3
0 84 75 83 86 86 86 3
0 85 77 76 87 87 87 3
0 85 76 84 88 88 88 3
0 86 78 77 89 90 90 3
0 86 77 85 91 91 91 3
0 87 79 78 92 93 93 3
0 87 78 86 94 94 89 3
0 88 80 79 95 95 95 3
0 88 79 87 96 96 92 3
0 82 74 80 97 97 97 3
0 82 80 88 98 98 98 3
0 1 81 82 99 99 99 3
0 1 82 2 100 100 100 3
0 3 83 81 101 101 101 3
0 3 81 1 102 102 102 3
0 4 84 83 103 103 103 3
0 4 83 3 104 104 104 3
0 5 85 84 105 105 105 3
0 5 84 4 106 106 106 3
0 6 86 85 107 107 107 3
0 6 85 5 108 108 108 3
0 7 87 86 109 109 109 3
0 7 86 6 110 110 110 3
0 8 88 87 111 111 111 3
0 8 87 7 112 112 112 3
0 2 82 88 113 113 113 3
0 2 88 8 114 114 114 3
0 1 1 2 115 115 115 3
0 1 2 2 115 115 115 3
0 3 3 1 115 115 115 3
0 3 1 1 115 115 115 3
0 4 4 3 115 115 115 3
0 4 3 3 115 115 115 3
0 5 5 4 115 115 115 3
0 5 4 4 115 115 115 3
0 6 6 5 115 115 115 3
0 6 5 5 115 115 115 3
0 7 7 6 115 115 115 3
0 7 6 6 115 115 115 3
0 8 8 7 115 115 115 3
0 8 7 7 115 115 115 3
0 2 2 8 115 115 115 3
0 2 8 8 115 115 115 3
"1_Blz_Windows" 0 2
72
0 -12.364942 43.927635 -1.667483 0.000000 0.000000 -1
0 -14.656279 44.128109 -7.339162 0.000000 0.000000 -1
0 -15.179216 38.150928 -7.339162 0.000000 0.000000 -1
1 -13.723548 59.343727 -11.465411 0.000000 0.000000 -1
1 -13.096377 65.310867 -11.465411 0.000000 0.000000 -1
1 -11.570148 59.117401 -16.159904 0.000000 0.000000 -1
0 -3.266754 17.697369 5.919627 0.000000 0.000000 -1
0 -9.610909 17.697369 2.961299 0.000000 0.000000 -1
0 -9.610909 11.697369 2.961299 0.000000 0.000000 -1
0 -3.266754 11.697369 5.919627 0.000000 0.000000 -1
0 -2.930631 44.247375 4.440786 0.000000 0.000000 -1
0 -8.495377 44.247375 1.855586 0.000000 0.000000 -1
0 -8.495377 38.247368 1.855586 0.000000 0.000000 -1
0 -2.930631 38.247368 4.440786 0.000000 0.000000 -1
0 -2.611217 65.323189 2.654194 0.000000 0.000000 -1
0 -7.435940 65.058517 0.498649 0.000000 0.000000 -1
0 -7.435940 59.103237 1.229866 0.000000 0.000000 -1
0 -2.611217 59.367908 3.385410 0.000000 0.000000 -1
0 -13.521345 17.697369 -0.748548 0.000000 0.000000 -1
0 -16.143600 17.697369 -7.238834 0.000000 0.000000 -1
0 -16.143600 11.697369 -7.238834 0.000000 0.000000 -1
0 -13.521345 11.697369 -0.748548 0.000000 0.000000 -1
0 -12.887876 37.950462 -1.667483 0.000000 0.000000 -1
0 -10.697876 65.093346 -2.707605 0.000000 0.000000 -1
0 -12.681168 65.301811 -7.472186 0.000000 0.000000 -1
0 -13.308338 59.334663 -7.472186 0.000000 0.000000 -1
0 -11.325047 59.126213 -2.707605 0.000000 0.000000 -1
0 8.887436 17.697369 2.848627 0.000000 0.000000 -1
0 2.443902 17.697369 5.583745 0.000000 0.000000 -1
0 2.443902 11.697369 5.583745 0.000000 0.000000 -1
0 8.887436 11.697369 2.848627 0.000000 0.000000 -1
0 7.730356 44.123806 1.412401 0.000000 0.000000 -1
0 2.078445 44.332115 3.793449 0.000000 0.000000 -1
0 2.078445 38.354942 4.316384 0.000000 0.000000 -1
0 7.730356 38.146629 1.935336 0.000000 0.000000 -1
0 6.632031 65.092979 0.373759 0.000000 0.000000 -1
0 1.731732 65.302864 2.370635 0.000000 0.000000 -1
0 1.731732 59.335735 2.997805 0.000000 0.000000 -1
0 6.632031 59.125854 1.000929 0.000000 0.000000 -1
0 15.178773 17.697369 -6.817791 0.000000 0.000000 -1
0 12.443653 17.697369 -0.374257 0.000000 0.000000 -1
0 12.443653 11.697369 -0.374257 0.000000 0.000000 -1
0 15.178773 11.697369 -6.817791 0.000000 0.000000 -1
0 13.544509 44.284168 -6.962817 0.000000 0.000000 -1
0 11.146871 44.200443 -1.331990 0.000000 0.000000 -1
0 11.356268 38.204086 -1.331990 0.000000 0.000000 -1
0 13.753907 38.287819 -6.962817 0.000000 0.000000 -1
0 11.554221 65.294647 -7.145369 0.000000 0.000000 -1
0 9.482081 65.113380 -2.415108 0.000000 0.000000 -1
0 10.005017 59.136196 -2.415108 0.000000 0.000000 -1
0 12.077158 59.317478 -7.145369 0.000000 0.000000 -1
0 12.665792 17.697369 -19.285946 0.000000 0.000000 -1
0 15.288036 17.697369 -12.795662 0.000000 0.000000 -1
0 15.288036 11.697369 -12.795662 0.000000 0.000000 -1
0 12.665792 11.697369 -19.285946 0.000000 0.000000 -1
0 10.929115 44.127640 -17.858387 0.000000 0.000000 -1
0 13.220451 44.328114 -12.186710 0.000000 0.000000 -1
0 13.743393 38.350933 -12.186710 0.000000 0.000000 -1
0 11.452051 38.150467 -17.858387 0.000000 0.000000 -1
0 10.081341 65.093338 -16.298363 0.000000 0.000000 -1
0 12.064626 65.301811 -11.533781 0.000000 0.000000 -1
0 12.691801 59.334660 -11.533781 0.000000 0.000000 -1
0 10.708512 59.126209 -16.298363 0.000000 0.000000 -1
0 -16.280231 17.697369 -12.738749 0.000000 0.000000 -1
0 -13.433070 17.697369 -19.133568 0.000000 0.000000 -1
0 -13.433070 11.697369 -19.133568 0.000000 0.000000 -1
0 -16.280231 11.697369 -12.738749 0.000000 0.000000 -1
0 -14.541563 43.861813 -12.019075 0.000000 0.000000 -1
0 -12.642294 43.828659 -17.837753 0.000000 0.000000 -1
0 -12.747009 37.829567 -17.837753 0.000000 0.000000 -1
0 -14.646277 37.862717 -12.019075 0.000000 0.000000 -1
1 -10.942975 65.084549 -16.159904 0.000000 0.000000 -1
40
-0.923169 0.080767 0.375812
-0.923170 0.080767 0.375812
-0.903090 0.094918 -0.418830
-0.903090 0.094919 -0.418830
-0.422618 0.000000 0.906308
-0.421321 0.000000 0.906911
-0.410460 0.111130 0.905082
-0.410460 0.111130 0.905081
-0.410460 0.111130 0.905082
-0.927183 0.000000 0.374608
-0.923169 0.080767 0.375812
-0.917406 0.096423 0.386095
-0.917405 0.096423 0.386096
-0.917406 0.096423 0.386095
0.390731 0.000000 0.920505
0.389495 0.080273 0.917524
0.389495 0.080273 0.917524
0.389495 0.080273 0.917524
0.379152 0.096724 0.920265
0.379152 0.096724 0.920265
0.379152 0.096724 0.920265
0.920505 0.000000 0.390731
0.919417 0.032107 0.391971
0.919417 0.032107 0.391971
0.919417 0.032107 0.391971
0.911922 0.079783 0.402534
0.911922 0.079783 0.402534
0.911921 0.079783 0.402534
0.927184 0.000000 -0.374606
0.923169 0.080767 -0.375812
0.923170 0.080768 -0.375812
0.923169 0.080767 -0.375813
0.917406 0.096423 -0.386095
0.917406 0.096424 -0.386095
0.917406 0.096423 -0.386095
-0.913545 0.000000 -0.406737
-0.950481 0.016591 -0.310340
-0.950481 0.016591 -0.310340
-0.950481 0.016591 -0.310340
-0.903090 0.094919 -0.418831
36
0 0 1 2 0 1 0 1
0 3 4 5 2 3 3 1
0 6 7 8 4 4 4 1
0 9 6 8 4 4 4 1
0 10 11 12 5 5 5 1
0 13 10 12 5 5 5 1
0 14 15 16 6 7 6 1
0 17 14 16 8 6 6 1
0 18 19 20 9 9 9 1
0 21 18 20 9 9 9 1
0 22 0 2 10 0 0 1
0 23 24 25 11 12 11 1
0 26 23 25 13 11 11 1
0 27 28 29 14 14 14 1
0 30 27 29 14 14 14 1
0 31 32 33 15 16 15 1
0 34 31 33 17 15 15 1
0 35 36 37 18 19 18 1
0 38 35 37 20 18 18 1
0 39 40 41 21 21 21 1
0 42 39 41 21 21 21 1
0 43 44 45 22 23 22 1
0 46 43 45 24 22 22 1
0 47 48 49 25 26 25 1
0 50 47 49 27 25 25 1
0 51 52 53 28 28 28 1
0 54 51 53 28 28 28 1
0 55 56 57 29 30 29 1
0 58 55 57 31 29 29 1
0 59 60 61 32 33 32 1
0 62 59 61 34 32 32 1
0 63 64 65 35 35 35 1
0 66 63 65 35 35 35 1
0 67 68 69 36 37 36 1
0 70 67 69 38 36 36 1
0 4 71 5 3 39 3 1
"1_Blz_Frame" 0 1
288
0 -10.739647 18.750000 3.015686 0.000000 0.000000 -1
0 -9.833340 17.750000 3.438304 0.000000 0.000000 -1
0 -3.489185 17.750000 6.396632 0.000000 0.000000 -1
0 -2.582877 18.750000 6.819250 0.000000 0.000000 -1
0 -3.489185 11.750000 6.396632 0.000000 0.000000 -1
0 -2.582877 10.750000 6.819250 0.000000 0.000000 -1
0 -9.833340 11.750000 3.438304 0.000000 0.000000 -1
0 -10.739647 10.750000 3.015686 0.000000 0.000000 -1
0 -9.610909 17.697369 2.961299 0.000000 0.000000 -1
0 -3.266754 17.697369 5.919627 0.000000 0.000000 -1
0 -2.160259 18.750000 5.912941 0.000000 0.000000 -1
0 -10.317029 18.750000 2.109377 0.000000 0.000000 -1
0 -3.266754 11.697369 5.919627 0.000000 0.000000 -1
0 -2.160259 10.750000 5.912941 0.000000 0.000000 -1
0 -9.610909 11.697369 2.961299 0.000000 0.000000 -1
0 -10.317029 10.750000 2.109377 0.000000 0.000000 -1
0 -9.485442 45.300003 1.903111 0.000000 0.000000 -1
0 -8.690478 44.300003 2.272430 0.000000 0.000000 -1
0 -3.125736 44.300003 4.857625 0.000000 0.000000 -1
0 -2.330771 45.300003 5.226944 0.000000 0.000000 -1
0 -3.125736 38.300003 4.857625 0.000000 0.000000 -1
0 -2.330771 37.300003 5.226944 0.000000 0.000000 -1
0 -8.690478 38.300003 2.272430 0.000000 0.000000 -1
0 -9.485442 37.300003 1.903111 0.000000 0.000000 -1
0 -8.495377 44.247375 1.855586 0.000000 0.000000 -1
0 -2.930631 44.247375 4.440786 0.000000 0.000000 -1
0 -1.960073 45.300003 4.434941 0.000000 0.000000 -1
0 -9.114744 45.300003 1.111112 0.000000 0.000000 -1
0 -2.930631 38.247368 4.440786 0.000000 0.000000 -1
0 -1.960073 37.300003 4.434941 0.000000 0.000000 -1
0 -8.495377 38.247368 1.855586 0.000000 0.000000 -1
0 -9.114744 37.300003 1.111112 0.000000 0.000000 -1
0 -8.294341 66.108170 0.409989 0.000000 0.000000 -1
0 -7.605098 65.153435 0.839799 0.000000 0.000000 -1
0 -2.780375 65.418106 2.995339 0.000000 0.000000 -1
0 -2.091129 66.448463 3.181413 0.000000 0.000000 -1
0 -2.780375 59.462814 3.726559 0.000000 0.000000 -1
0 -2.091129 58.508087 4.156370 0.000000 0.000000 -1
0 -7.605098 59.198154 1.571015 0.000000 0.000000 -1
0 -8.294341 58.167801 1.384945 0.000000 0.000000 -1
0 -7.435940 65.058517 0.498649 0.000000 0.000000 -1
0 -2.611217 65.323189 2.654194 0.000000 0.000000 -1
0 -1.769729 66.367386 2.521037 0.000000 0.000000 -1
0 -7.972941 66.027092 -0.250385 0.000000 0.000000 -1
0 -2.611217 59.367908 3.385410 0.000000 0.000000 -1
0 -1.769729 58.427002 3.495992 0.000000 0.000000 -1
0 -7.435940 59.103237 1.229866 0.000000 0.000000 -1
0 -7.972941 58.086716 0.724573 0.000000 0.000000 -1
0 -17.006199 18.750000 -7.968856 0.000000 0.000000 -1
0 -16.631592 17.750000 -7.041674 0.000000 0.000000 -1
0 -14.009335 17.750000 -0.551385 0.000000 0.000000 -1
0 -13.634729 18.750000 0.375798 0.000000 0.000000 -1
0 -14.009335 11.750000 -0.551385 0.000000 0.000000 -1
0 -13.634729 10.750000 0.375798 0.000000 0.000000 -1
0 -16.631592 11.750000 -7.041674 0.000000 0.000000 -1
0 -17.006199 10.750000 -7.968856 0.000000 0.000000 -1
0 -16.143600 17.697369 -7.238834 0.000000 0.000000 -1
0 -13.521345 17.697369 -0.748548 0.000000 0.000000 -1
0 -12.707544 18.750000 0.001191 0.000000 0.000000 -1
0 -16.079014 18.750000 -8.343464 0.000000 0.000000 -1
0 -13.521345 11.697369 -0.748548 0.000000 0.000000 -1
0 -12.707544 10.750000 0.001191 0.000000 0.000000 -1
0 -16.143600 11.697369 -7.238834 0.000000 0.000000 -1
0 -16.079014 10.750000 -8.343464 0.000000 0.000000 -1
0 -15.318279 45.242672 -7.977109 0.000000 0.000000 -1
0 -15.078103 44.217834 -7.166871 0.000000 0.000000 -1
0 -12.786762 44.017365 -1.495187 0.000000 0.000000 -1
0 -12.372276 44.984928 -0.684949 0.000000 0.000000 -1
0 -13.309697 38.040207 -1.495187 0.000000 0.000000 -1
0 -13.069523 37.015373 -0.684949 0.000000 0.000000 -1
0 -15.601041 38.240669 -7.166871 0.000000 0.000000 -1
0 -16.015526 37.273113 -7.977109 0.000000 0.000000 -1
0 -14.656279 44.128109 -7.339162 0.000000 0.000000 -1
0 -12.364942 43.927635 -1.667483 0.000000 0.000000 -1
0 -11.562096 44.914055 -1.012309 0.000000 0.000000 -1
0 -14.508098 45.171787 -8.304466 0.000000 0.000000 -1
0 -12.887876 37.950462 -1.667483 0.000000 0.000000 -1
0 -12.259337 36.944489 -1.012309 0.000000 0.000000 -1
0 -15.179216 38.150928 -7.339162 0.000000 0.000000 -1
0 -15.205345 37.202225 -8.304466 0.000000 0.000000 -1
0 -13.223547 66.417252 -8.008102 0.000000 0.000000 -1
0 -13.044754 65.392937 -7.327448 0.000000 0.000000 -1
0 -11.061459 65.184479 -2.562866 0.000000 0.000000 -1
0 -10.673607 66.149223 -1.882214 0.000000 0.000000 -1
0 -11.688629 59.217354 -2.562866 0.000000 0.000000 -1
0 -11.509836 58.193050 -1.882214 0.000000 0.000000 -1
0 -13.671925 59.425804 -7.327448 0.000000 0.000000 -1
0 -14.059772 58.461060 -8.008102 0.000000 0.000000 -1
0 -12.681168 65.301811 -7.472186 0.000000 0.000000 -1
0 -10.697876 65.093346 -2.707605 0.000000 0.000000 -1
0 -9.972343 66.075531 -2.157217 0.000000 0.000000 -1
0 -12.522287 66.343544 -8.283102 0.000000 0.000000 -1
0 -11.325047 59.126213 -2.707605 0.000000 0.000000 -1
0 -10.808571 58.119347 -2.157217 0.000000 0.000000 -1
0 -13.308338 59.334663 -7.472186 0.000000 0.000000 -1
0 -13.358517 58.387356 -8.283102 0.000000 0.000000 -1
0 1.729045 18.750000 6.458953 0.000000 0.000000 -1
0 2.649549 17.750000 6.068222 0.000000 0.000000 -1
0 9.093087 17.750000 3.333103 0.000000 0.000000 -1
0 10.013590 18.750000 2.942372 0.000000 0.000000 -1
0 9.093087 11.750000 3.333103 0.000000 0.000000 -1
0 10.013590 10.750000 2.942372 0.000000 0.000000 -1
0 2.649549 11.750000 6.068222 0.000000 0.000000 -1
0 1.729045 10.750000 6.458953 0.000000 0.000000 -1
0 2.443902 17.697369 5.583745 0.000000 0.000000 -1
0 8.887436 17.697369 2.848627 0.000000 0.000000 -1
0 9.622860 18.750000 2.021867 0.000000 0.000000 -1
0 1.338314 18.750000 5.538448 0.000000 0.000000 -1
0 8.887436 11.697369 2.848627 0.000000 0.000000 -1
0 9.622860 10.750000 2.021867 0.000000 0.000000 -1
0 2.443902 11.697369 5.583745 0.000000 0.000000 -1
0 1.338314 10.750000 5.538448 0.000000 0.000000 -1
0 1.451412 45.447399 4.463615 0.000000 0.000000 -1
0 2.258826 44.421448 4.210621 0.000000 0.000000 -1
0 7.910744 44.213135 1.829573 0.000000 0.000000 -1
0 8.718156 45.179569 1.402266 0.000000 0.000000 -1
0 7.910744 38.235962 2.352508 0.000000 0.000000 -1
0 8.718156 37.210007 2.099513 0.000000 0.000000 -1
0 2.258826 38.444275 4.733557 0.000000 0.000000 -1
0 1.451412 37.477840 5.160862 0.000000 0.000000 -1
0 2.078445 44.332115 3.793449 0.000000 0.000000 -1
0 7.730356 44.123806 1.412401 0.000000 0.000000 -1
0 8.375435 45.109459 0.600923 0.000000 0.000000 -1
0 1.108683 45.377289 3.662275 0.000000 0.000000 -1
0 7.730356 38.146629 1.935336 0.000000 0.000000 -1
0 8.375435 37.139896 1.298169 0.000000 0.000000 -1
0 2.078445 38.354942 4.316384 0.000000 0.000000 -1
0 1.108683 37.407734 4.359521 0.000000 0.000000 -1
0 1.188084 66.416901 2.899581 0.000000 0.000000 -1
0 1.888125 65.392387 2.718843 0.000000 0.000000 -1
0 6.788427 65.182518 0.721964 0.000000 0.000000 -1
0 7.488466 66.147057 0.332165 0.000000 0.000000 -1
0 6.788427 59.215378 1.349137 0.000000 0.000000 -1
0 7.488466 58.190872 1.168393 0.000000 0.000000 -1
0 1.888125 59.425262 3.346014 0.000000 0.000000 -1
0 1.188084 58.460716 3.735809 0.000000 0.000000 -1
0 1.731732 65.302864 2.370635 0.000000 0.000000 -1
0 6.632031 65.092979 0.373759 0.000000 0.000000 -1
0 7.191321 66.076424 -0.339885 0.000000 0.000000 -1
0 0.890933 66.346260 2.227535 0.000000 0.000000 -1
0 6.632031 59.125854 1.000929 0.000000 0.000000 -1
0 7.191321 58.120239 0.496342 0.000000 0.000000 -1
0 1.731732 59.335735 2.997805 0.000000 0.000000 -1
0 0.890933 58.390083 3.063762 0.000000 0.000000 -1
0 12.537401 18.750000 0.751897 0.000000 0.000000 -1
0 12.928130 17.750000 -0.168607 0.000000 0.000000 -1
0 15.663252 17.750000 -6.612146 0.000000 0.000000 -1
0 16.053986 18.750000 -7.532649 0.000000 0.000000 -1
0 15.663252 11.750000 -6.612146 0.000000 0.000000 -1
0 16.053986 10.750000 -7.532649 0.000000 0.000000 -1
0 12.928130 11.750000 -0.168607 0.000000 0.000000 -1
0 12.537401 10.750000 0.751897 0.000000 0.000000 -1
0 12.443653 17.697369 -0.374257 0.000000 0.000000 -1
0 15.178773 17.697369 -6.817791 0.000000 0.000000 -1
0 15.133477 18.750000 -7.923383 0.000000 0.000000 -1
0 11.616896 18.750000 0.361166 0.000000 0.000000 -1
0 15.178773 11.697369 -6.817791 0.000000 0.000000 -1
0 15.133477 10.750000 -7.923383 0.000000 0.000000 -1
0 12.443653 11.697369 -0.374257 0.000000 0.000000 -1
0 11.616896 10.750000 0.361166 0.000000 0.000000 -1
0 11.192316 45.255299 -0.347878 0.000000 0.000000 -1
0 11.569735 44.267868 -1.152281 0.000000 0.000000 -1
0 13.967371 44.351593 -6.783109 0.000000 0.000000 -1
0 14.274994 45.362946 -7.587511 0.000000 0.000000 -1
0 14.176765 38.355247 -6.783109 0.000000 0.000000 -1
0 14.554191 37.367817 -7.587511 0.000000 0.000000 -1
0 11.779133 38.271523 -1.152281 0.000000 0.000000 -1
0 11.471512 37.260170 -0.347878 0.000000 0.000000 -1
0 11.146871 44.200443 -1.331990 0.000000 0.000000 -1
0 13.544509 44.284168 -6.962817 0.000000 0.000000 -1
0 13.468066 45.334770 -7.928962 0.000000 0.000000 -1
0 10.385388 45.227116 -0.689325 0.000000 0.000000 -1
0 13.753907 38.287819 -6.962817 0.000000 0.000000 -1
0 13.747261 37.339638 -7.928962 0.000000 0.000000 -1
0 11.356268 38.204086 -1.331990 0.000000 0.000000 -1
0 10.664585 37.231991 -0.689325 0.000000 0.000000 -1
0 9.461366 66.168213 -1.588390 0.000000 0.000000 -1
0 9.844539 65.197906 -2.264143 0.000000 0.000000 -1
0 11.916679 65.379196 -6.994402 0.000000 0.000000 -1
0 12.125546 66.401299 -7.670152 0.000000 0.000000 -1
0 12.439615 59.402031 -6.994402 0.000000 0.000000 -1
0 12.822792 58.431732 -7.670152 0.000000 0.000000 -1
0 10.367473 59.220737 -2.264143 0.000000 0.000000 -1
0 10.158612 58.198647 -1.588390 0.000000 0.000000 -1
0 9.482081 65.113380 -2.415108 0.000000 0.000000 -1
0 11.554221 65.294647 -7.145369 0.000000 0.000000 -1
0 11.428165 66.340286 -7.956994 0.000000 0.000000 -1
0 8.763982 66.107208 -1.875226 0.000000 0.000000 -1
0 12.077158 59.317478 -7.145369 0.000000 0.000000 -1
0 12.125412 58.370720 -7.956994 0.000000 0.000000 -1
0 10.005017 59.136196 -2.415108 0.000000 0.000000 -1
0 9.461229 58.137630 -1.875226 0.000000 0.000000 -1
0 16.150639 18.750000 -12.065641 0.000000 0.000000 -1
0 15.776030 17.750000 -12.992824 0.000000 0.000000 -1
0 13.153782 17.750000 -19.483112 0.000000 0.000000 -1
0 12.779177 18.750000 -20.410297 0.000000 0.000000 -1
0 13.153782 11.750000 -19.483112 0.000000 0.000000 -1
0 12.779177 10.750000 -20.410297 0.000000 0.000000 -1
0 15.776030 11.750000 -12.992824 0.000000 0.000000 -1
0 16.150639 10.750000 -12.065641 0.000000 0.000000 -1
0 15.288036 17.697369 -12.795662 0.000000 0.000000 -1
0 12.665792 17.697369 -19.285946 0.000000 0.000000 -1
0 11.851992 18.750000 -20.035690 0.000000 0.000000 -1
0 15.223452 18.750000 -11.691032 0.000000 0.000000 -1
0 12.665792 11.697369 -19.285946 0.000000 0.000000 -1
0 11.851992 10.750000 -20.035690 0.000000 0.000000 -1
0 15.288036 11.697369 -12.795662 0.000000 0.000000 -1
0 15.223452 10.750000 -11.691032 0.000000 0.000000 -1
0 13.882467 45.442680 -11.548765 0.000000 0.000000 -1
0 13.642284 44.417847 -12.359005 0.000000 0.000000 -1
0 11.350947 44.217369 -18.030687 0.000000 0.000000 -1
0 10.936456 45.184940 -18.840925 0.000000 0.000000 -1
0 11.873877 38.240204 -18.030687 0.000000 0.000000 -1
0 11.633701 37.215363 -18.840925 0.000000 0.000000 -1
0 14.165213 38.440659 -12.359005 0.000000 0.000000 -1
0 14.579710 37.473118 -11.548765 0.000000 0.000000 -1
0 13.220451 44.328114 -12.186710 0.000000 0.000000 -1
0 10.929115 44.127640 -17.858387 0.000000 0.000000 -1
0 10.126268 45.114052 -18.513569 0.000000 0.000000 -1
0 13.072278 45.371792 -11.221409 0.000000 0.000000 -1
0 11.452051 38.150467 -17.858387 0.000000 0.000000 -1
0 10.823515 37.144493 -18.513569 0.000000 0.000000 -1
0 13.743393 38.350933 -12.186710 0.000000 0.000000 -1
0 13.769527 37.402222 -11.221409 0.000000 0.000000 -1
0 12.607014 66.417252 -10.997866 0.000000 0.000000 -1
0 12.428220 65.392937 -11.678519 0.000000 0.000000 -1
0 10.444926 65.184471 -16.443096 0.000000 0.000000 -1
0 10.057071 66.149223 -17.123755 0.000000 0.000000 -1
0 11.072093 59.217358 -16.443096 0.000000 0.000000 -1
0 10.893297 58.193047 -17.123755 0.000000 0.000000 -1
0 13.055386 59.425804 -11.678519 0.000000 0.000000 -1
0 13.443240 58.461060 -10.997866 0.000000 0.000000 -1
0 12.064626 65.301811 -11.533781 0.000000 0.000000 -1
0 10.081341 65.093338 -16.298363 0.000000 0.000000 -1
0 9.355805 66.075531 -16.848747 0.000000 0.000000 -1
0 11.905746 66.343559 -10.722861 0.000000 0.000000 -1
0 10.708512 59.126209 -16.298363 0.000000 0.000000 -1
0 10.192035 58.119339 -16.848747 0.000000 0.000000 -1
0 12.691801 59.334660 -11.533781 0.000000 0.000000 -1
0 12.741979 58.387360 -10.722861 0.000000 0.000000 -1
0 -13.507151 18.750000 -20.261177 0.000000 0.000000 -1
0 -13.913885 17.750000 -19.347645 0.000000 0.000000 -1
0 -16.761055 17.750000 -12.952821 0.000000 0.000000 -1
0 -17.167778 18.750000 -12.039276 0.000000 0.000000 -1
0 -16.761055 11.750000 -12.952821 0.000000 0.000000 -1
0 -17.167778 10.750000 -12.039276 0.000000 0.000000 -1
0 -13.913885 11.750000 -19.347645 0.000000 0.000000 -1
0 -13.507151 10.750000 -20.261177 0.000000 0.000000 -1
0 -13.433070 17.697369 -19.133568 0.000000 0.000000 -1
0 -16.280231 17.697369 -12.738749 0.000000 0.000000 -1
0 -16.254238 18.750000 -11.632536 0.000000 0.000000 -1
0 -12.593600 18.750000 -19.854450 0.000000 0.000000 -1
0 -16.280231 11.697369 -12.738749 0.000000 0.000000 -1
0 -16.254238 10.750000 -11.632536 0.000000 0.000000 -1
0 -13.433070 11.697369 -19.133568 0.000000 0.000000 -1
0 -12.593600 10.750000 -19.854450 0.000000 0.000000 -1
0 -12.791520 44.884052 -18.810949 0.000000 0.000000 -1
0 -13.080295 43.888943 -17.979725 0.000000 0.000000 -1
0 -14.979574 43.922092 -12.161034 0.000000 0.000000 -1
0 -15.233434 44.926678 -11.329794 0.000000 0.000000 -1
0 -15.084289 37.923008 -12.161034 0.000000 0.000000 -1
0 -15.373054 36.927895 -11.329794 0.000000 0.000000 -1
0 -13.185009 37.889854 -17.979725 0.000000 0.000000 -1
0 -12.931140 36.885273 -18.810949 0.000000 0.000000 -1
0 -12.642294 43.828659 -17.837753 0.000000 0.000000 -1
0 -14.541563 43.861813 -12.019075 0.000000 0.000000 -1
0 -14.399490 44.912121 -11.060062 0.000000 0.000000 -1
0 -11.957565 44.869495 -18.541229 0.000000 0.000000 -1
0 -14.646277 37.862717 -12.019075 0.000000 0.000000 -1
0 -14.539110 36.913338 -11.060062 0.000000 0.000000 -1
0 -12.747009 37.829567 -17.837753 0.000000 0.000000 -1
0 -12.097185 36.870716 -18.541229 0.000000 0.000000 -1
1 -10.888976 66.137283 -16.987698 0.000000 0.000000 -1
1 -11.301129 65.175102 -16.317070 0.000000 0.000000 -1
1 -13.454541 65.401428 -11.622563 0.000000 0.000000 -1
1 -13.657630 66.428291 -10.951921 0.000000 0.000000 -1
1 -14.081712 59.434303 -11.622563 0.000000 0.000000 -1
1 -14.493859 58.472107 -10.951921 0.000000 0.000000 -1
1 -11.928302 59.207973 -16.317070 0.000000 0.000000 -1
1 -11.725204 58.181114 -16.987698 0.000000 0.000000 -1
1 -10.942975 65.084549 -16.159904 0.000000 0.000000 -1
1 -13.096377 65.310867 -11.465411 0.000000 0.000000 -1
1 -12.966687 66.355667 -10.653330 0.000000 0.000000 -1
1 -10.198022 66.064674 -16.689106 0.000000 0.000000 -1
1 -13.723548 59.343727 -11.465411 0.000000 0.000000 -1
1 -13.802917 58.399494 -10.653330 0.000000 0.000000 -1
1 -11.570148 59.117401 -16.159904 0.000000 0.000000 -1
1 -11.034253 58.108490 -16.689106 0.000000 0.000000 -1
433
-0.687530 0.000000 0.726156
-0.422618 -0.000000 0.906308
-0.422618 0.000000 0.906308
-0.422618 0.000000 0.906308
-0.422618 -0.000000 0.906308
-0.422618 -0.000000 0.906308
-0.422618 -0.000000 0.906308
-0.854369 0.000000 0.519668
0.000000 1.000000 0.000000
0.000000 -1.000000 0.000000
0.367701 -0.889988 0.269660
0.791821 -0.444994 0.418330
-0.442925 -0.889988 -0.108341
-0.829432 -0.444994 -0.337671
0.405313 0.894427 0.189000
0.810627 0.447214 0.378001
-0.791820 0.444994 -0.418331
-0.367701 0.889988 -0.269661
0.810627 -0.447214 0.378001
0.405313 -0.894427 0.189000
0.442926 0.889988 0.108340
0.829433 0.444994 0.337670
-0.906308 0.000000 -0.422617
-0.686700 0.000000 0.726941
-0.421324 0.000002 0.906910
-0.421323 0.000000 0.906911
-0.421324 -0.000001 0.906910
-0.421324 0.000001 0.906910
-0.421323 0.000000 0.906911
-0.421323 0.000000 0.906911
-0.854084 -0.000001 0.520135
0.362184 -0.888521 0.281697
0.788578 -0.444261 0.425179
-0.447912 -0.888752 -0.097441
-0.831597 -0.444376 -0.333132
0.405042 0.894427 0.189581
0.810085 0.447214 0.379161
-0.788570 0.444259 -0.425195
-0.362176 0.888519 -0.281714
0.810085 -0.447214 0.379161
0.405042 -0.894427 0.189581
0.447920 0.888750 0.097423
0.831603 0.444375 0.333116
-0.905701 0.000000 -0.423917
-0.679681 0.089392 0.728040
-0.410464 0.111132 0.905079
-0.410464 0.111130 0.905080
-0.410467 0.111128 0.905079
-0.410466 0.111133 0.905078
-0.410463 0.111131 0.905080
-0.410462 0.111131 0.905080
-0.851701 0.063862 0.520123
-0.000004 0.992547 -0.121862
-0.000001 -0.992546 0.121871
0.352921 -0.841469 0.409116
0.779621 -0.385226 0.493753
-0.452604 -0.891400 0.023589
-0.831216 -0.481312 -0.278244
0.402687 0.911468 0.084079
0.805380 0.491294 0.331653
-0.000004 0.992547 -0.121862
-0.779624 0.385229 -0.493745
-0.352925 0.841473 -0.409105
0.805381 -0.396467 0.440653
0.402690 -0.864054 0.302080
0.452600 0.891402 -0.023578
0.831217 0.481311 0.278242
-0.000001 -0.992546 0.121871
-0.900443 -0.053010 -0.431732
-0.900443 -0.053010 -0.431733
-0.998065 -0.000001 0.062183
-0.927183 0.000000 0.374608
-0.927184 -0.000001 0.374607
-0.927184 -0.000001 0.374606
-0.927184 0.000001 0.374606
-0.927184 0.000001 0.374607
-0.927183 0.000001 0.374608
-0.979258 0.000000 -0.202616
0.085010 -0.889988 0.447989
0.293797 -0.444994 0.845969
-0.250049 -0.889988 -0.381309
-0.376321 -0.444994 -0.812627
0.167529 0.894427 0.414649
0.335058 0.447214 0.829298
-0.293803 0.444994 -0.845967
-0.085013 0.889988 -0.447988
0.335058 -0.447214 0.829298
0.167529 -0.894427 0.414649
0.250046 0.889988 0.381310
0.376315 0.444994 0.812630
-0.374607 0.000000 -0.927184
-0.994202 0.086981 0.063221
-0.923170 0.080767 0.375810
-0.923170 0.080766 0.375811
-0.923171 0.080766 0.375810
-0.923170 0.080768 0.375810
-0.923170 0.080767 0.375811
-0.923170 0.080767 0.375810
-0.975632 0.085356 -0.202128
0.087159 0.996194 -0.000001
-0.087161 -0.996194 0.000003
-0.004660 -0.891549 0.452901
0.247172 -0.467603 0.848677
-0.337413 -0.862646 -0.376822
-0.418275 -0.409488 -0.810781
0.244308 0.876470 0.414867
0.371686 0.416404 0.829733
0.087153 0.996195 0.000001
-0.247166 0.467601 -0.848680
0.004681 0.891544 -0.452911
0.293734 -0.474620 0.829733
0.088397 -0.905577 0.414868
0.337433 0.862642 0.376813
0.418274 0.409488 0.810782
-0.087163 -0.996194 0.000004
-0.371982 0.032544 -0.927669
-0.371982 0.032544 -0.927669
-0.991926 0.104256 0.072199
-0.917408 0.096425 0.386090
-0.917406 0.096424 0.386094
-0.917407 0.096423 0.386092
-0.917407 0.096425 0.386093
-0.917406 0.096423 0.386093
-0.917407 0.096423 0.386092
-0.974874 0.102461 -0.197794
0.104532 0.994521 0.000001
-0.104526 -0.994522 -0.000001
-0.038535 -0.886409 0.461297
0.222831 -0.468651 0.854817
-0.362261 -0.854675 -0.371884
-0.423855 -0.401826 -0.811716
0.255092 0.872542 0.416651
0.369949 0.410794 0.833299
0.104522 0.994523 0.000004
-0.222820 0.468647 -0.854823
0.038555 0.886403 -0.461307
0.276464 -0.478735 0.833295
0.068113 -0.906513 0.416647
0.362280 0.854671 0.371875
0.423858 0.401825 0.811715
-0.104527 -0.994522 -0.000000
-0.361358 0.037980 -0.931653
-0.361359 0.037980 -0.931653
0.079591 0.000000 0.996828
0.390731 -0.000000 0.920505
0.390731 0.000000 0.920505
0.390731 0.000000 0.920505
0.390731 -0.000000 0.920505
0.390731 -0.000000 0.920505
0.390731 -0.000000 0.920505
-0.185496 0.000000 0.982645
0.446437 -0.889988 -0.092816
0.840713 -0.444994 -0.308517
-0.376887 -0.889988 0.256666
-0.805935 -0.444994 0.390447
0.411662 0.894427 -0.174740
0.823325 0.447214 -0.349480
-0.840710 0.444994 0.308524
-0.446436 0.889989 0.092819
0.823325 -0.447214 -0.349480
0.411662 -0.894427 -0.174740
0.376888 0.889988 -0.256663
0.805938 0.444994 -0.390440
-0.920505 0.000000 0.390731
0.078522 0.086887 0.993119
0.389495 0.080273 0.917524
0.389496 0.080274 0.917523
0.389497 0.080274 0.917523
0.389497 0.080272 0.917523
0.389496 0.080272 0.917524
0.389495 0.080272 0.917524
-0.186001 0.085635 0.978811
-0.000001 0.996195 -0.087158
-0.000000 -0.996195 0.087156
0.451068 -0.892481 -0.003927
0.842751 -0.469159 -0.263932
-0.371794 -0.861711 0.345288
-0.802960 -0.407941 0.434557
0.411427 0.875746 -0.252580
0.822856 0.414957 -0.388226
-0.000001 0.996195 -0.087158
-0.842746 0.469161 0.263944
-0.451067 0.892482 0.003930
0.822856 -0.476067 -0.310270
0.411428 -0.906301 -0.096669
0.371796 0.861711 -0.345285
0.802964 0.407942 -0.434549
-0.000001 -0.996195 0.087154
-0.919977 0.034163 0.390480
-0.919977 0.034163 0.390480
0.069690 0.104275 0.992104
0.379151 0.096724 0.920266
0.379153 0.096725 0.920265
0.379156 0.096725 0.920264
0.379155 0.096722 0.920264
0.379154 0.096721 0.920265
0.379151 0.096721 0.920266
-0.190086 0.102622 0.976389
-0.000003 0.994521 -0.104535
-0.000001 -0.994522 0.104526
0.455552 -0.889880 0.024200
0.842686 -0.473206 -0.256820
-0.363337 -0.849872 0.381712
-0.794900 -0.396747 0.459049
0.409381 0.870711 -0.272524
0.818766 0.407131 -0.404804
-0.000002 0.994522 -0.104530
-0.842683 0.473207 0.256828
-0.455545 0.889884 -0.024185
0.818765 -0.482397 -0.311314
0.409382 -0.908344 -0.085539
0.363345 0.849876 -0.381696
0.794909 0.396750 -0.459030
-0.000001 -0.994522 0.104526
-0.915404 0.042076 0.400331
-0.915404 0.042076 0.400331
0.749708 -0.000001 0.661769
0.920505 -0.000001 0.390730
0.920504 -0.000002 0.390732
0.920504 -0.000001 0.390733
0.920504 0.000001 0.390733
0.920504 0.000002 0.390732
0.920505 0.000002 0.390731
0.549168 0.000001 0.835712
0.256665 -0.889988 -0.376887
0.390445 -0.444994 -0.805936
-0.092814 -0.889988 0.446438
-0.308513 -0.444994 0.840714
0.174741 0.894427 -0.411662
0.349482 0.447214 -0.823324
-0.390437 0.444994 0.805940
-0.256661 0.889989 0.376889
0.349482 -0.447214 -0.823324
0.174741 -0.894427 -0.411662
0.092818 0.889988 -0.446436
0.308521 0.444994 -0.840711
-0.390731 0.000000 0.920505
0.748539 0.026139 0.662576
0.919417 0.032107 0.391971
0.919417 0.032106 0.391971
0.919416 0.032106 0.391974
0.919416 0.032109 0.391973
0.919416 0.032109 0.391973
0.919417 0.032109 0.391971
0.548401 0.019150 0.835996
-0.034904 0.999391 -0.000002
0.034900 -0.999391 0.000001
0.298322 -0.878898 -0.372212
0.410311 -0.430330 -0.804028
-0.049867 -0.890840 0.451573
-0.286021 -0.454537 0.843557
0.142866 0.899961 -0.411897
0.332557 0.459099 -0.823792
-0.034900 0.999391 -0.000000
-0.410316 0.430329 0.804026
-0.298337 0.878896 0.372206
0.363771 -0.434783 -0.823793
0.205297 -0.887803 -0.411896
0.049853 0.890838 -0.451578
0.286010 0.454536 -0.843561
0.034900 -0.999391 0.000001
-0.389254 -0.013593 0.921030
-0.389254 -0.013593 0.921030
0.740066 0.064745 0.669411
0.911923 0.079782 0.402531
0.911921 0.079780 0.402536
0.911921 0.079782 0.402537
0.911920 0.079783 0.402537
0.911921 0.079784 0.402535
0.911922 0.079785 0.402533
0.542925 0.047501 0.838437
-0.087145 0.996196 0.000005
0.087157 -0.996195 0.000000
0.353572 -0.860354 -0.367122
0.430483 -0.407983 -0.805130
0.015253 -0.887580 0.460401
-0.245396 -0.465925 0.850114
0.090968 0.905802 -0.413820
0.298858 0.475068 -0.827644
-0.087150 0.996195 0.000002
-0.430511 0.407976 0.805118
-0.353593 0.860348 0.367114
0.376812 -0.415955 -0.827644
0.246873 -0.876245 -0.413821
-0.015273 0.887576 -0.460409
0.245401 0.465927 -0.850112
0.087160 -0.996194 0.000001
-0.377703 -0.033045 0.925337
0.998065 -0.000001 -0.062183
0.927183 -0.000001 -0.374608
0.927184 -0.000002 -0.374606
0.927184 -0.000001 -0.374606
0.927184 0.000001 -0.374606
0.927184 0.000002 -0.374606
0.927183 0.000002 -0.374608
0.979258 0.000001 0.202616
-0.085011 -0.889988 -0.447989
-0.293799 -0.444994 -0.845968
0.250051 -0.889988 0.381308
0.376326 -0.444994 0.812625
-0.167529 0.894427 -0.414649
-0.335058 0.447214 -0.829298
0.293808 0.444994 0.845965
0.085016 0.889989 0.447987
-0.335058 -0.447214 -0.829298
-0.167529 -0.894427 -0.414649
-0.250047 0.889988 -0.381310
-0.376317 0.444994 -0.812629
0.374608 0.000000 0.927183
0.994202 0.086980 -0.063222
0.923168 0.080765 -0.375817
0.923169 0.080765 -0.375813
0.923169 0.080767 -0.375812
0.923170 0.080767 -0.375812
0.923170 0.080770 -0.375811
0.923168 0.080769 -0.375815
0.975633 0.085359 0.202124
-0.087162 0.996194 0.000003
0.087157 -0.996195 -0.000000
0.004663 -0.891548 -0.452902
-0.247172 -0.467603 -0.848678
0.337415 -0.862645 0.376821
0.418275 -0.409488 0.810781
-0.244314 0.876469 -0.414864
-0.371688 0.416403 -0.829733
-0.087162 0.996194 0.000003
0.247176 0.467602 0.848677
-0.004659 0.891548 0.452902
-0.293736 -0.474621 -0.829731
-0.088399 -0.905578 -0.414867
-0.337418 0.862645 -0.376818
-0.418267 0.409490 -0.810784
0.087170 -0.996193 -0.000008
0.371979 0.032544 0.927671
0.371980 0.032544 0.927670
0.991926 0.104256 -0.072200
0.917406 0.096424 -0.386094
0.917406 0.096423 -0.386095
0.917407 0.096422 -0.386093
0.917406 0.096424 -0.386093
0.917406 0.096424 -0.386094
0.917406 0.096424 -0.386095
0.974875 0.102463 0.197790
-0.104513 0.994524 -0.000010
0.104527 -0.994522 0.000002
0.038536 -0.886409 -0.461296
-0.222831 -0.468651 -0.854817
0.362253 -0.854676 0.371889
0.423844 -0.401827 0.811721
-0.255086 0.872542 -0.416655
-0.369953 0.410793 -0.833297
-0.104513 0.994524 -0.000010
0.222800 0.468643 0.854830
-0.038572 0.886398 0.461314
-0.276466 -0.478735 -0.833294
-0.068116 -0.906514 -0.416645
-0.362293 0.854668 -0.371869
-0.423860 0.401824 -0.811714
0.104522 -0.994523 0.000004
0.361361 0.037981 0.931652
0.361362 0.037981 0.931652
-0.738044 0.000004 -0.674753
-0.913544 0.000001 -0.406739
-0.913547 0.000005 -0.406733
-0.913549 0.000004 -0.406729
-0.913549 -0.000005 -0.406730
-0.913547 -0.000006 -0.406733
-0.913545 -0.000006 -0.406738
-0.534500 -0.000001 -0.845168
-0.263204 -0.889988 0.372350
-0.404454 -0.444994 0.798998
0.100592 -0.889988 -0.444750
0.323139 -0.444994 -0.835202
-0.181900 0.894427 0.408549
-0.363801 0.447214 0.817098
0.404442 0.444994 -0.799004
0.263198 0.889989 -0.372353
-0.363801 -0.447214 0.817098
-0.181900 -0.894427 0.408549
-0.100598 0.889989 0.444747
-0.323151 0.444994 0.835197
0.406727 0.000000 -0.913550
-0.803748 0.014034 -0.594804
-0.950480 0.016591 -0.310342
-0.950482 0.016595 -0.310336
-0.950484 0.016595 -0.310332
-0.950484 0.016587 -0.310332
-0.950482 0.016586 -0.310336
-0.950481 0.016586 -0.310341
-0.619402 0.010811 -0.784999
0.017453 0.999848 -0.000000
-0.017453 -0.999848 -0.000000
-0.249483 -0.884556 0.394104
-0.331160 -0.438675 0.835402
0.025717 -0.889136 -0.456920
0.219203 -0.448170 -0.866657
-0.121977 0.896693 0.425516
-0.267370 0.451949 0.851032
0.017453 0.999848 -0.000000
0.331137 0.438675 -0.835411
0.249483 0.884556 -0.394105
-0.282980 -0.442342 0.851032
-0.153198 -0.891889 0.425516
-0.025718 0.889136 0.456920
-0.219225 0.448170 0.866651
-0.017452 -0.999848 -0.000000
0.307639 -0.005370 -0.951488
-0.726864 0.076400 -0.682518
-0.903088 0.094919 -0.418834
-0.903091 0.094923 -0.418827
-0.903093 0.094922 -0.418823
-0.903094 0.094916 -0.418823
-0.903092 0.094914 -0.418827
-0.903090 0.094914 -0.418832
-0.527240 0.055414 -0.847908
0.104513 0.994523 -0.000009
-0.104525 -0.994522 0.000002
-0.374744 -0.853431 0.362246
-0.451178 -0.398989 0.798277
-0.022953 -0.887951 -0.459365
0.251579 -0.471623 -0.845151
-0.082131 0.907987 0.410871
-0.304491 0.481680 0.821748
0.104523 0.994523 -0.000003
0.451166 0.398988 -0.798284
0.374761 0.853426 -0.362240
-0.397981 -0.407847 0.821749
-0.269110 -0.871069 0.410875
0.022970 0.887946 0.459373
-0.251600 0.471625 0.845143
-0.104532 -0.994522 -0.000000
0.392692 -0.041274 -0.918743
0.392693 -0.041274 -0.918743
648
0 0 1 2 0 1 2 1
0 2 3 0 2 3 0 1
0 3 2 4 3 2 4 1
0 4 5 3 4 5 3 1
0 4 6 5 4 6 5 1
0 6 7 5 6 7 5 1
0 7 6 1 7 6 1 1
0 0 7 1 0 7 1 1
0 0 0 7 8 8 9 2
0 0 7 7 8 9 9 2
0 7 7 1 9 9 10 2
0 7 1 1 9 10 10 2
0 1 1 0 10 10 8 2
0 1 0 0 10 8 8 2
0 0 0 7 8 8 9 2
0 0 7 7 8 9 9 2
0 7 7 1 9 9 10 2
0 7 1 1 9 10 10 2
0 1 1 0 10 10 8 2
0 1 0 0 10 8 8 2
0 1 8 9 10 11 12 2
0 1 9 2 10 12 13 2
0 3 10 11 14 15 8 2
0 3 11 0 14 8 8 2
0 2 9 12 13 12 16 2
0 2 12 4 13 16 17 2
0 5 13 10 18 19 15 2
0 5 10 3 18 15 14 2
0 4 12 14 17 16 20 2
0 4 14 6 17 20 21 2
0 7 15 13 9 9 19 2
0 7 13 5 9 19 18 2
0 6 14 8 21 20 11 2
0 6 8 1 21 11 10 2
0 7 0 11 7 0 22 1
0 11 15 7 22 22 7 1
0 16 17 18 23 24 25 1
0 18 19 16 25 26 23 1
0 19 18 20 26 25 27 1
0 20 21 19 27 28 26 1
0 20 22 21 27 29 28 1
0 22 23 21 29 30 28 1
0 23 22 17 30 29 24 1
0 16 23 17 23 30 24 1
0 16 16 23 8 8 9 2
0 16 23 23 8 9 9 2
0 23 23 17 9 9 31 2
0 23 17 17 9 31 31 2
0 17 17 16 31 31 8 2
0 17 16 16 31 8 8 2
0 16 16 23 8 8 9 2
0 16 23 23 8 9 9 2
0 23 23 17 9 9 31 2
0 23 17 17 9 31 31 2
0 17 17 16 31 31 8 2
0 17 16 16 31 8 8 2
0 17 24 25 31 32 33 2
0 17 25 18 31 33 34 2
0 19 26 27 35 36 8 2
0 19 27 16 35 8 8 2
0 18 25 28 34 33 37 2
0 18 28 20 34 37 38 2
0 21 29 26 39 40 36 2
0 21 26 19 39 36 35 2
0 20 28 30 38 37 41 2
0 20 30 22 38 41 42 2
0 23 31 29 9 9 40 2
0 23 29 21 9 40 39 2
0 22 30 24 42 41 32 2
0 22 24 17 42 32 31 2
0 23 16 27 30 23 43 1
0 27 31 23 43 43 30 1
0 32 33 34 44 45 46 1
0 34 35 32 46 47 44 1
0 35 34 36 47 46 48 1
0 36 37 35 48 49 47 1
0 36 38 37 48 50 49 1
0 38 39 37 50 51 49 1
0 39 38 33 51 50 45 1
0 32 39 33 44 51 45 1
0 32 32 39 52 52 53 2
0 32 39 39 52 53 53 2
0 39 39 33 53 53 54 2
0 39 33 33 53 54 54 2
0 33 33 32 54 54 52 2
0 33 32 32 54 52 52 2
0 32 32 39 52 52 53 2
0 32 39 39 52 53 53 2
0 39 39 33 53 53 54 2
0 39 33 33 53 54 54 2
0 33 33 32 54 54 52 2
0 33 32 32 54 52 52 2
0 33 40 41 54 55 56 2
0 33 41 34 54 56 57 2
0 35 42 43 58 59 60 2
0 35 43 32 58 60 52 2
0 34 41 44 57 56 61 2
0 34 44 36 57 61 62 2
0 37 45 42 63 64 59 2
0 37 42 35 63 59 58 2
0 36 44 46 62 61 65 2
0 36 46 38 62 65 66 2
0 39 47 45 53 67 64 2
0 39 45 37 53 64 63 2
0 38 46 40 66 65 55 2
0 38 40 33 66 55 54 2
0 39 32 43 51 44 68 1
0 43 47 39 68 69 51 1
0 48 49 50 70 71 72 1
0 50 51 48 72 73 70 1
0 51 50 52 73 72 74 1
0 52 53 51 74 75 73 1
0 52 54 53 74 76 75 1
0 54 55 53 76 77 75 1
0 55 54 49 77 76 71 1
0 48 55 49 70 77 71 1
0 48 48 55 8 8 9 2
0 48 55 55 8 9 9 2
0 55 55 49 9 9 78 2
0 55 49 49 9 78 78 2
0 49 49 48 78 78 8 2
0 49 48 48 78 8 8 2
0 48 48 55 8 8 9 2
0 48 55 55 8 9 9 2
0 55 55 49 9 9 78 2
0 55 49 49 9 78 78 2
0 49 49 48 78 78 8 2
0 49 48 48 78 8 8 2
0 49 56 57 78 79 80 2
0 49 57 50 78 80 81 2
0 51 58 59 82 83 8 2
0 51 59 48 82 8 8 2
0 50 57 60 81 80 84 2
0 50 60 52 81 84 85 2
0 53 61 58 86 87 83 2
0 53 58 51 86 83 82 2
0 52 60 62 85 84 88 2
0 52 62 54 85 88 89 2
0 55 63 61 9 9 87 2
0 55 61 53 9 87 86 2
0 54 62 56 89 88 79 2
0 54 56 49 89 79 78 2
0 55 48 59 77 70 90 1
0 59 63 55 90 90 77 1
0 64 65 66 91 92 93 1
0 66 67 64 93 94 91 1
0 67 66 68 94 93 95 1
0 68 69 67 95 96 94 1
0 68 70 69 95 97 96 1
0 70 71 69 97 98 96 1
0 71 70 65 98 97 92 1
0 64 71 65 91 98 92 1
0 64 64 71 99 99 100 2
0 64 71 71 99 100 100 2
0 71 71 65 100 100 101 2
0 71 65 65 100 101 101 2
0 65 65 64 101 101 99 2
0 65 64 64 101 99 99 2
0 64 64 71 99 99 100 2
0 64 71 71 99 100 100 2
0 71 71 65 100 100 101 2
0 71 65 65 100 101 101 2
0 65 65 64 101 101 99 2
0 65 64 64 101 99 99 2
0 65 72 73 101 102 103 2
0 65 73 66 101 103 104 2
0 67 74 75 105 106 107 2
0 67 75 64 105 107 99 2
0 66 73 76 104 103 108 2
0 66 76 68 104 108 109 2
0 69 77 74 110 111 106 2
0 69 74 67 110 106 105 2
0 68 76 78 109 108 112 2
0 68 78 70 109 112 113 2
0 71 79 77 100 114 111 2
0 71 77 69 100 111 110 2
0 70 78 72 113 112 102 2
0 70 72 65 113 102 101 2
0 71 64 75 98 91 115 1
0 75 79 71 115 116 98 1
0 80 81 82 117 118 119 1
0 82 83 80 119 120 117 1
0 83 82 84 120 119 121 1
0 84 85 83 121 122 120 1
0 84 86 85 121 123 122 1
0 86 87 85 123 124 122 1
0 87 86 81 124 123 118 1
0 80 87 81 117 124 118 1
0 80 80 87 125 125 126 2
0 80 87 87 125 126 126 2
0 87 87 81 126 126 127 2
0 87 81 81 126 127 127 2
0 81 81 80 127 127 125 2
0 81 80 80 127 125 125 2
0 80 80 87 125 125 126 2
0 80 87 87 125 126 126 2
0 87 87 81 126 126 127 2
0 87 81 81 126 127 127 2
0 81 81 80 127 127 125 2
0 81 80 80 127 125 125 2
0 81 88 89 127 128 129 2
0 81 89 82 127 129 130 2
0 83 90 91 131 132 133 2
0 83 91 80 131 133 125 2
0 82 89 92 130 129 134 2
0 82 92 84 130 134 135 2
0 85 93 90 136 137 132 2
0 85 90 83 136 132 131 2
0 84 92 94 135 134 138 2
0 84 94 86 135 138 139 2
0 87 95 93 126 140 137 2
0 87 93 85 126 137 136 2
0 86 94 88 139 138 128 2
0 86 88 81 139 128 127 2
0 87 80 91 124 117 141 1
0 91 95 87 141 142 124 1
0 96 97 98 143 144 145 1
0 98 99 96 145 146 143 1
0 99 98 100 146 145 147 1
0 100 101 99 147 148 146 1
0 100 102 101 147 149 148 1
0 102 103 101 149 150 148 1
0 103 102 97 150 149 144 1
0 96 103 97 143 150 144 1
0 96 96 103 8 8 9 2
0 96 103 103 8 9 9 2
0 103 103 97 9 9 151 2
0 103 97 97 9 151 151 2
0 97 97 96 151 151 8 2
0 97 96 96 151 8 8 2
0 96 96 103 8 8 9 2
0 96 103 103 8 9 9 2
0 103 103 97 9 9 151 2
0 103 97 97 9 151 151 2
0 97 97 96 151 151 8 2
0 97 96 96 151 8 8 2
0 97 104 105 151 152 153 2
0 97 105 98 151 153 154 2
0 99 106 107 155 156 8 2
0 99 107 96 155 8 8 2
0 98 105 108 154 153 157 2
0 98 108 100 154 157 158 2
0 101 109 106 159 160 156 2
0 101 106 99 159 156 155 2
0 100 108 110 158 157 161 2
0 100 110 102 158 161 162 2
0 103 111 109 9 9 160 2
0 103 109 101 9 160 159 2
0 102 110 104 162 161 152 2
0 102 104 97 162 152 151 2
0 103 96 107 150 143 163 1
0 107 111 103 163 163 150 1
0 112 113 114 164 165 166 1
0 114 115 112 166 167 164 1
0 115 114 116 167 166 168 1
0 116 117 115 168 169 167 1
0 116 118 117 168 170 169 1
0 118 119 117 170 171 169 1
0 119 118 113 171 170 165 1
0 112 119 113 164 171 165 1
0 112 112 119 172 172 173 2
0 112 119 119 172 173 173 2
0 119 119 113 173 173 174 2
0 119 113 113 173 174 174 2
0 113 113 112 174 174 172 2
0 113 112 112 174 172 172 2
0 112 112 119 172 172 173 2
0 112 119 119 172 173 173 2
0 119 119 113 173 173 174 2
0 119 113 113 173 174 174 2
0 113 113 112 174 174 172 2
0 113 112 112 174 172 172 2
0 113 120 121 174 175 176 2
0 113 121 114 174 176 177 2
0 115 122 123 178 179 180 2
0 115 123 112 178 180 172 2
0 114 121 124 177 176 181 2
0 114 124 116 177 181 182 2
0 117 125 122 183 184 179 2
0 117 122 115 183 179 178 2
0 116 124 126 182 181 185 2
0 116 126 118 182 185 186 2
0 119 127 125 173 187 184 2
0 119 125 117 173 184 183 2
0 118 126 120 186 185 175 2
0 118 120 113 186 175 174 2
0 119 112 123 171 164 188 1
0 123 127 119 188 189 171 1
0 128 129 130 190 191 192 1
0 130 131 128 192 193 190 1
0 131 130 132 193 192 194 1
0 132 133 131 194 195 193 1
0 132 134 133 194 196 195 1
0 134 135 133 196 197 195 1
0 135 134 129 197 196 191 1
0 128 135 129 190 197 191 1
0 128 128 135 198 198 199 2
0 128 135 135 198 199 199 2
0 135 135 129 199 199 200 2
0 135 129 129 199 200 200 2
0 129 129 128 200 200 198 2
0 129 128 128 200 198 198 2
0 128 128 135 198 198 199 2
0 128 135 135 198 199 199 2
0 135 135 129 199 199 200 2
0 135 129 129 199 200 200 2
0 129 129 128 200 200 198 2
0 129 128 128 200 198 198 2
0 129 136 137 200 201 202 2
0 129 137 130 200 202 203 2
0 131 138 139 204 205 206 2
0 131 139 128 204 206 198 2
0 130 137 140 203 202 207 2
0 130 140 132 203 207 208 2
0 133 141 138 209 210 205 2
0 133 138 131 209 205 204 2
0 132 140 142 208 207 211 2
0 132 142 134 208 211 212 2
0 135 143 141 199 213 210 2
0 135 141 133 199 210 209 2
0 134 142 136 212 211 201 2
0 134 136 129 212 201 200 2
0 135 128 139 197 190 214 1
0 139 143 135 214 215 197 1
0 144 145 146 216 217 218 1
0 146 147 144 218 219 216 1
0 147 146 148 219 218 220 1
0 148 149 147 220 221 219 1
0 148 150 149 220 222 221 1
0 150 151 149 222 223 221 1
0 151 150 145 223 222 217 1
0 144 151 145 216 223 217 1
0 144 144 151 8 8 9 2
0 144 151 151 8 9 9 2
0 151 151 145 9 9 224 2
0 151 145 145 9 224 224 2
0 145 145 144 224 224 8 2
0 145 144 144 224 8 8 2
0 144 144 151 8 8 9 2
0 144 151 151 8 9 9 2
0 151 151 145 9 9 224 2
0 151 145 145 9 224 224 2
0 145 145 144 224 224 8 2
0 145 144 144 224 8 8 2
0 145 152 153 224 225 226 2
0 145 153 146 224 226 227 2
0 147 154 155 228 229 8 2
0 147 155 144 228 8 8 2
0 146 153 156 227 226 230 2
0 146 156 148 227 230 231 2
0 149 157 154 232 233 229 2
0 149 154 147 232 229 228 2
0 148 156 158 231 230 234 2
0 148 158 150 231 234 235 2
0 151 159 157 9 9 233 2
0 151 157 149 9 233 232 2
0 150 158 152 235 234 225 2
0 150 152 145 235 225 224 2
0 151 144 155 223 216 236 1
0 155 159 151 236 236 223 1
0 160 161 162 237 238 239 1
0 162 163 160 239 240 237 1
0 163 162 164 240 239 241 1
0 164 165 163 241 242 240 1
0 164 166 165 241 243 242 1
0 166 167 165 243 244 242 1
0 167 166 161 244 243 238 1
0 160 167 161 237 244 238 1
0 160 160 167 245 245 246 2
0 160 167 167 245 246 246 2
0 167 167 161 246 246 247 2
0 167 161 161 246 247 247 2
0 161 161 160 247 247 245 2
0 161 160 160 247 245 245 2
0 160 160 167 245 245 246 2
0 160 167 167 245 246 246 2
0 167 167 161 246 246 247 2
0 167 161 161 246 247 247 2
0 161 161 160 247 247 245 2
0 161 160 160 247 245 245 2
0 161 168 169 247 248 249 2
0 161 169 162 247 249 250 2
0 163 170 171 251 252 253 2
0 163 171 160 251 253 245 2
0 162 169 172 250 249 254 2
0 162 172 164 250 254 255 2
0 165 173 170 256 257 252 2
0 165 170 163 256 252 251 2
0 164 172 174 255 254 258 2
0 164 174 166 255 258 259 2
0 167 175 173 246 260 257 2
0 167 173 165 246 257 256 2
0 166 174 168 259 258 248 2
0 166 168 161 259 248 247 2
0 167 160 171 244 237 261 1
0 171 175 167 261 262 244 1
0 176 177 178 263 264 265 1
0 178 179 176 265 266 263 1
0 179 178 180 266 265 267 1
0 180 181 179 267 268 266 1
0 180 182 181 267 269 268 1
0 182 183 181 269 270 268 1
0 183 182 177 270 269 264 1
0 176 183 177 263 270 264 1
0 176 176 183 271 271 272 2
0 176 183 183 271 272 272 2
0 183 183 177 272 272 273 2
0 183 177 177 272 273 273 2
0 177 177 176 273 273 271 2
0 177 176 176 273 271 271 2
0 176 176 183 271 271 272 2
0 176 183 183 271 272 272 2
0 183 183 177 272 272 273 2
0 183 177 177 272 273 273 2
0 177 177 176 273 273 271 2
0 177 176 176 273 271 271 2
0 177 184 185 273 274 275 2
0 177 185 178 273 275 276 2
0 179 186 187 277 278 279 2
0 179 187 176 277 279 271 2
0 178 185 188 276 275 280 2
0 178 188 180 276 280 281 2
0 181 189 186 282 283 278 2
0 181 186 179 282 278 277 2
0 180 188 190 281 280 284 2
0 180 190 182 281 284 285 2
0 183 191 189 272 286 283 2
0 183 189 181 272 283 282 2
0 182 190 184 285 284 274 2
0 182 184 177 285 274 273 2
0 183 176 187 270 263 287 1
0 187 191 183 287 287 270 1
0 192 193 194 288 289 290 1
0 194 195 192 290 291 288 1
0 195 194 196 291 290 292 1
0 196 197 195 292 293 291 1
0 196 198 197 292 294 293 1
0 198 199 197 294 295 293 1
0 199 198 193 295 294 289 1
0 192 199 193 288 295 289 1
0 192 192 199 8 8 9 2
0 192 199 199 8 9 9 2
0 199 199 193 9 9 296 2
0 199 193 193 9 296 296 2
0 193 193 192 296 296 8 2
0 193 192 192 296 8 8 2
0 192 192 199 8 8 9 2
0 192 199 199 8 9 9 2
0 199 199 193 9 9 296 2
0 199 193 193 9 296 296 2
0 193 193 192 296 296 8 2
0 193 192 192 296 8 8 2
0 193 200 201 296 297 298 2
0 193 201 194 296 298 299 2
0 195 202 203 300 301 8 2
0 195 203 192 300 8 8 2
0 194 201 204 299 298 302 2
0 194 204 196 299 302 303 2
0 197 205 202 304 305 301 2
0 197 202 195 304 301 300 2
0 196 204 206 303 302 306 2
0 196 206 198 303 306 307 2
0 199 207 205 9 9 305 2
0 199 205 197 9 305 304 2
0 198 206 200 307 306 297 2
0 198 200 193 307 297 296 2
0 199 192 203 295 288 308 1
0 203 207 199 308 308 295 1
0 208 209 210 309 310 311 1
0 210 211 208 311 312 309 1
0 211 210 212 312 311 313 1
0 212 213 211 313 314 312 1
0 212 214 213 313 315 314 1
0 214 215 213 315 316 314 1
0 215 214 209 316 315 310 1
0 208 215 209 309 316 310 1
0 208 208 215 317 317 318 2
0 208 215 215 317 318 318 2
0 215 215 209 318 318 319 2
0 215 209 209 318 319 319 2
0 209 209 208 319 319 317 2
0 209 208 208 319 317 317 2
0 208 208 215 317 317 318 2
0 208 215 215 317 318 318 2
0 215 215 209 318 318 319 2
0 215 209 209 318 319 319 2
0 209 209 208 319 319 317 2
0 209 208 208 319 317 317 2
0 209 216 217 319 320 321 2
0 209 217 210 319 321 322 2
0 211 218 219 323 324 325 2
0 211 219 208 323 325 317 2
0 210 217 220 322 321 326 2
0 210 220 212 322 326 327 2
0 213 221 218 328 329 324 2
0 213 218 211 328 324 323 2
0 212 220 222 327 326 330 2
0 212 222 214 327 330 331 2
0 215 223 221 318 332 329 2
0 215 221 213 318 329 328 2
0 214 222 216 331 330 320 2
0 214 216 209 331 320 319 2
0 215 208 219 316 309 333 1
0 219 223 215 333 334 316 1
0 224 225 226 335 336 337 1
0 226 227 224 337 338 335 1
0 227 226 228 338 337 339 1
0 228 229 227 339 340 338 1
0 228 230 229 339 341 340 1
0 230 231 229 341 342 340 1
0 231 230 225 342 341 336 1
0 224 231 225 335 342 336 1
0 224 224 231 343 343 344 2
0 224 231 231 343 344 344 2
0 231 231 225 344 344 345 2
0 231 225 225 344 345 345 2
0 225 225 224 345 345 343 2
0 225 224 224 345 343 343 2
0 224 224 231 343 343 344 2
0 224 231 231 343 344 344 2
0 231 231 225 344 344 345 2
0 231 225 225 344 345 345 2
0 225 225 224 345 345 343 2
0 225 224 224 345 343 343 2
0 225 232 233 345 346 347 2
0 225 233 226 345 347 348 2
0 227 234 235 349 350 351 2
0 227 235 224 349 351 343 2
0 226 233 236 348 347 352 2
0 226 236 228 348 352 353 2
0 229 237 234 354 355 350 2
0 229 234 227 354 350 349 2
0 228 236 238 353 352 356 2
0 228 238 230 353 356 357 2
0 231 239 237 344 358 355 2
0 231 237 229 344 355 354 2
0 230 238 232 357 356 346 2
0 230 232 225 357 346 345 2
0 231 224 235 342 335 359 1
0 235 239 231 359 360 342 1
0 240 241 242 361 362 363 1
0 242 243 240 363 364 361 1
0 243 242 244 364 363 365 1
0 244 245 243 365 366 364 1
0 244 246 245 365 367 366 1
0 246 247 245 367 368 366 1
0 247 246 241 368 367 362 1
0 240 247 241 361 368 362 1
0 240 240 247 8 8 9 2
0 240 247 247 8 9 9 2
0 247 247 241 9 9 369 2
0 247 241 241 9 369 369 2
0 241 241 240 369 369 8 2
0 241 240 240 369 8 8 2
0 240 240 247 8 8 9 2
0 240 247 247 8 9 9 2
0 247 247 241 9 9 369 2
0 247 241 241 9 369 369 2
0 241 241 240 369 369 8 2
0 241 240 240 369 8 8 2
0 241 248 249 369 370 371 2
0 241 249 242 369 371 372 2
0 243 250 251 373 374 8 2
0 243 251 240 373 8 8 2
0 242 249 252 372 371 375 2
0 242 252 244 372 375 376 2
0 245 253 250 377 378 374 2
0 245 250 243 377 374 373 2
0 244 252 254 376 375 379 2
0 244 254 246 376 379 380 2
0 247 255 253 9 9 378 2
0 247 253 245 9 378 377 2
0 246 254 248 380 379 370 2
0 246 248 241 380 370 369 2
0 247 240 251 368 361 381 1
0 251 255 247 381 381 368 1
0 256 257 258 382 383 384 1
0 258 259 256 384 385 382 1
0 259 258 260 385 384 386 1
0 260 261 259 386 387 385 1
0 260 262 261 386 388 387 1
0 262 263 261 388 389 387 1
0 263 262 257 389 388 383 1
0 256 263 257 382 389 383 1
0 256 256 263 390 390 391 2
0 256 263 263 390 391 391 2
0 263 263 257 391 391 392 2
0 263 257 257 391 392 392 2
0 257 257 256 392 392 390 2
0 257 256 256 392 390 390 2
0 256 256 263 390 390 391 2
0 256 263 263 390 391 391 2
0 263 263 257 391 391 392 2
0 263 257 257 391 392 392 2
0 257 257 256 392 392 390 2
0 257 256 256 392 390 390 2
0 257 264 265 392 393 394 2
0 257 265 258 392 394 395 2
0 259 266 267 396 397 398 2
0 259 267 256 396 398 390 2
0 258 265 268 395 394 399 2
0 258 268 260 395 399 400 2
0 261 269 266 401 402 397 2
0 261 266 259 401 397 396 2
0 260 268 270 400 399 403 2
0 260 270 262 400 403 404 2
0 263 271 269 391 405 402 2
0 263 269 261 391 402 401 2
0 262 270 264 404 403 393 2
0 262 264 257 404 393 392 2
0 263 256 267 389 382 406 1
0 267 271 263 406 406 389 1
0 272 273 274 407 408 409 1
0 274 275 272 409 410 407 1
0 275 274 276 410 409 411 1
0 276 277 275 411 412 410 1
0 276 278 277 411 413 412 1
0 278 279 277 413 414 412 1
0 279 278 273 414 413 408 1
0 272 279 273 407 414 408 1
0 272 272 279 415 415 416 2
0 272 279 279 415 416 416 2
0 279 279 273 416 416 417 2
0 279 273 273 416 417 417 2
0 273 273 272 417 417 415 2
0 273 272 272 417 415 415 2
0 272 272 279 415 415 416 2
0 272 279 279 415 416 416 2
0 279 279 273 416 416 417 2
0 279 273 273 416 417 417 2
0 273 273 272 417 417 415 2
0 273 272 272 417 415 415 2
0 273 280 281 417 418 419 2
0 273 281 274 417 419 420 2
0 275 282 283 421 422 423 2
0 275 283 272 421 423 415 2
0 274 281 284 420 419 424 2
0 274 284 276 420 424 425 2
0 277 285 282 426 427 422 2
0 277 282 275 426 422 421 2
0 276 284 286 425 424 428 2
0 276 286 278 425 428 429 2
0 279 287 285 416 430 427 2
0 279 285 277 416 427 426 2
0 278 286 280 429 428 418 2
0 278 280 273 429 418 417 2
0 279 272 283 414 407 431 1
0 283 287 279 431 432 414 1

Materials: 3
"Blz"
0.200000 0.200000 0.200000 1.000000
0.800000 0.800000 0.800000 1.000000
0.000000 0.000000 0.000000 1.000000
0.000000 0.000000 0.000000 1.000000
0.000000
1.000000
"..\Image\brick01.tga"
""
"Blz_Other"
0.200000 0.200000 0.200000 1.000000
0.800000 0.800000 0.800000 1.000000
0.000000 0.000000 0.000000 1.000000
0.000000 0.000000 0.000000 1.000000
0.000000
1.000000
"..\Image\Blz_Round_Gate_Windows.tga"
""
"windows"
0.200000 0.200000 0.200000 1.000000
0.800000 0.800000 0.800000 1.000000
0.000000 0.000000 0.000000 1.000000
0.000000 0.000000 0.000000 1.000000
0.000000
1.000000
"..\Image\window.tga"
""

Bones: 0
GroupComments: 0
MaterialComments: 0
BoneComments: 0
ModelComment: 0
