// MilkShape 3D ASCII

Frames: 30
Frame: 1

Meshes: 2
"1_Blz" 0 0
65
0 12.960093 43.000000 -13.915827 2.326682 2.388889 -1
0 3.039907 43.000000 -13.915827 0.673318 2.388889 -1
0 3.039907 43.000000 -2.084169 0.673318 2.388889 -1
0 12.960093 43.000000 -2.084169 2.326682 2.388889 -1
0 16.000000 15.000000 -16.000000 2.833333 0.833333 -1
0 16.000000 0.000000 -16.000000 2.833333 0.000000 -1
0 0.000000 0.000000 -16.000000 0.166667 0.000000 -1
0 0.000000 15.000000 -16.000000 0.166667 0.833333 -1
0 0.000000 0.000000 0.000000 0.166667 0.000000 -1
0 0.000000 15.000000 0.000000 0.166667 0.833333 -1
0 16.000000 0.000000 0.000000 2.833333 0.000000 -1
0 16.000000 15.000000 0.000000 2.833333 0.833333 -1
0 17.000000 16.000000 -17.006393 3.000000 0.888889 -1
0 -1.000000 16.000000 -17.006393 0.000000 0.888889 -1
0 -1.000000 16.000000 1.006393 0.000000 0.888889 -1
0 17.000000 16.000000 1.006393 3.000000 0.888889 -1
0 17.000000 17.000000 -17.006409 3.000000 0.944444 -1
0 -1.000000 17.000000 -17.006409 0.000000 0.944444 -1
0 -1.000000 17.000000 1.006409 0.000000 0.944444 -1
0 17.000000 17.000000 1.006409 3.000000 0.944444 -1
0 16.100700 18.000000 -15.934143 2.850117 1.000000 -1
0 -0.100700 18.000000 -15.934143 0.149883 1.000000 -1
0 -0.100700 18.000000 -0.065858 0.149883 1.000000 -1
0 16.100700 18.000000 -0.065858 2.850117 1.000000 -1
0 14.850879 30.000000 -15.934143 2.641813 1.666667 -1
0 1.149127 30.000000 -15.934143 0.358188 1.666667 -1
0 1.149127 30.000000 -0.065857 0.358188 1.666667 -1
0 14.850879 30.000000 -0.065857 2.641813 1.666667 -1
0 15.836522 31.000000 -16.916328 2.806087 1.722222 -1
0 0.163479 31.000000 -16.916328 0.193913 1.722222 -1
0 0.163479 31.000000 0.916327 0.193913 1.722222 -1
0 15.836522 31.000000 0.916327 2.806087 1.722222 -1
0 15.836548 32.000000 -16.916321 2.806091 1.777778 -1
0 0.163452 32.000000 -16.916321 0.193909 1.777778 -1
0 0.163452 32.000000 0.916321 0.193909 1.777778 -1
0 15.836548 32.000000 0.916321 2.806091 1.777778 -1
0 15.053503 33.000000 -16.092327 2.675584 1.833333 -1
0 0.946497 33.000000 -16.092327 0.324416 1.833333 -1
0 0.946497 33.000000 0.092329 0.324416 1.833333 -1
0 15.053503 33.000000 0.092329 2.675584 1.833333 -1
0 12.902296 43.000000 -8.000000 2.317049 2.388889 -1
0 12.000000 46.000000 -8.000000 2.166667 2.555556 -1
0 11.464102 46.000000 -6.000000 2.077350 2.555556 -1
0 12.245511 43.000000 -5.227512 2.207585 2.388889 -1
0 8.073116 54.000000 -8.000000 1.512186 3.000000 -1
0 10.451148 43.000000 -3.197908 1.908525 2.388889 -1
0 10.000000 46.000000 -4.535898 1.833333 2.555556 -1
0 8.000000 46.000000 -4.000000 1.500000 2.555556 -1
0 8.000000 43.000000 -2.455023 1.500000 2.388889 -1
0 5.548852 43.000000 -3.197908 1.091475 2.388889 -1
0 6.000000 46.000000 -4.535898 1.166667 2.555556 -1
0 4.535898 46.000000 -6.000000 0.922650 2.555556 -1
0 3.754489 43.000000 -5.227512 0.792415 2.388889 -1
0 3.097705 43.000000 -8.000000 0.682951 2.388889 -1
0 4.000000 46.000000 -8.000000 0.833333 2.555556 -1
0 4.535898 46.000000 -10.000000 0.922650 2.555556 -1
0 3.754489 43.000000 -10.772488 0.792415 2.388889 -1
0 5.548852 43.000000 -12.802092 1.091475 2.388889 -1
0 6.000000 46.000000 -11.464102 1.166667 2.555556 -1
0 8.000000 46.000000 -12.000000 1.500000 2.555556 -1
0 8.000000 43.000000 -13.544977 1.500000 2.388889 -1
0 10.451148 43.000000 -12.802092 1.908525 2.388889 -1
0 10.000000 46.000000 -11.464102 1.833333 2.555556 -1
0 11.464102 46.000000 -10.000000 2.077350 2.555556 -1
0 12.245511 43.000000 -10.772488 2.207585 2.388889 -1
66
0.000000 1.000000 0.000000
0.574582 -0.505409 -0.643753
0.894427 0.000000 -0.447214
-0.447214 0.000000 -0.894427
-0.644290 -0.505944 -0.573507
-0.894427 0.000000 0.447214
-0.574582 -0.505409 0.643753
0.447214 0.000000 0.894427
0.644290 -0.505944 0.573508
0.644289 -0.505947 -0.573506
-0.574580 -0.505414 -0.643751
-0.644289 -0.505947 0.573506
0.574579 -0.505414 0.643751
0.591861 0.492279 -0.638249
-0.652887 0.507190 -0.562581
-0.591861 0.492279 0.638249
0.652888 0.507190 0.562580
0.634923 0.543315 -0.549255
-0.583798 0.511001 -0.630918
-0.634923 0.543316 0.549255
0.583798 0.511001 0.630918
0.582961 -0.482242 -0.653911
-0.659414 -0.462867 -0.592391
-0.582960 -0.482242 0.653911
0.659414 -0.462867 0.592391
0.645208 -0.500396 -0.577330
-0.576745 -0.500689 -0.645504
-0.645208 -0.500397 0.577330
0.576746 -0.500689 0.645504
0.610179 0.442927 -0.656885
-0.660580 0.447518 -0.602794
-0.610179 0.442926 0.656885
0.660580 0.447518 0.602795
0.610849 0.558758 -0.560939
-0.568176 0.556103 -0.606569
-0.610849 0.558758 0.560940
0.568176 0.556103 0.606569
0.430289 0.277065 -0.859120
-0.860578 0.273648 -0.429560
-0.430289 0.277064 0.859120
0.860578 0.273648 0.429560
0.954853 0.297077 -0.000000
0.930731 0.365704 0.000000
0.811846 0.372718 0.449429
0.838941 0.329960 0.432788
0.003705 0.999993 0.000000
0.477300 0.412698 0.775799
0.452098 0.431422 0.780694
0.000074 0.447456 0.894306
0.000000 0.457845 0.889032
-0.477300 0.412698 0.775799
-0.451139 0.434720 0.779418
-0.810439 0.376641 0.448698
-0.838941 0.329960 0.432787
-0.954854 0.297077 -0.000000
-0.928021 0.372528 0.000000
-0.810439 0.376641 -0.448698
-0.838941 0.329960 -0.432788
-0.477300 0.412698 -0.775799
-0.451139 0.434720 -0.779418
0.000074 0.447456 -0.894306
0.000000 0.457845 -0.889032
0.477300 0.412698 -0.775799
0.452098 0.431422 -0.780694
0.811846 0.372718 -0.449429
0.838941 0.329960 -0.432788
110
0 0 1 2 0 0 0 1
0 2 3 0 0 0 0 1
0 4 5 6 1 2 3 2
0 4 6 7 1 3 4 2
0 7 6 8 4 3 5 2
0 7 8 9 4 5 6 2
0 9 8 10 6 5 7 2
0 9 10 11 6 7 8 2
0 11 10 5 8 7 2 2
0 11 5 4 8 2 1 2
0 12 4 7 9 1 4 2
0 12 7 13 9 4 10 2
0 13 7 9 10 4 6 2
0 13 9 14 10 6 11 2
0 14 9 11 11 6 8 2
0 14 11 15 11 8 12 2
0 15 11 4 12 8 1 2
0 15 4 12 12 1 9 2
0 16 12 13 13 9 10 2
0 16 13 17 13 10 14 2
0 17 13 14 14 10 11 2
0 17 14 18 14 11 15 2
0 18 14 15 15 11 12 2
0 18 15 19 15 12 16 2
0 19 15 12 16 12 9 2
0 19 12 16 16 9 13 2
0 20 16 17 17 13 14 2
0 20 17 21 17 14 18 2
0 21 17 18 18 14 15 2
0 21 18 22 18 15 19 2
0 22 18 19 19 15 16 2
0 22 19 23 19 16 20 2
0 23 19 16 20 16 13 2
0 23 16 20 20 13 17 2
0 24 20 21 21 17 18 2
0 24 21 25 21 18 22 2
0 25 21 22 22 18 19 2
0 25 22 26 22 19 23 2
0 26 22 23 23 19 20 2
0 26 23 27 23 20 24 2
0 27 23 20 24 20 17 2
0 27 20 24 24 17 21 2
0 28 24 25 25 21 22 2
0 28 25 29 25 22 26 2
0 29 25 26 26 22 23 2
0 29 26 30 26 23 27 2
0 30 26 27 27 23 24 2
0 30 27 31 27 24 28 2
0 31 27 24 28 24 21 2
0 31 24 28 28 21 25 2
0 32 28 29 29 25 26 2
0 32 29 33 29 26 30 2
0 33 29 30 30 26 27 2
0 33 30 34 30 27 31 2
0 34 30 31 31 27 28 2
0 34 31 35 31 28 32 2
0 35 31 28 32 28 25 2
0 35 28 32 32 25 29 2
0 36 32 33 33 29 30 2
0 36 33 37 33 30 34 2
0 37 33 34 34 30 31 2
0 37 34 38 34 31 35 2
0 38 34 35 35 31 32 2
0 38 35 39 35 32 36 2
0 39 35 32 36 32 29 2
0 39 32 36 36 29 33 2
0 0 36 37 37 33 34 2
0 0 37 1 37 34 38 2
0 1 37 38 38 34 35 2
0 1 38 2 38 35 39 2
0 2 38 39 39 35 36 2
0 2 39 3 39 36 40 2
0 3 39 36 40 36 33 2
0 3 36 0 40 33 37 2
0 40 41 42 41 42 43 1
0 40 42 43 41 43 44 1
0 41 44 42 42 45 43 1
0 43 42 45 44 43 46 1
0 42 46 45 43 47 46 1
0 42 44 46 43 45 47 1
0 45 46 47 46 47 48 1
0 45 47 48 46 48 49 1
0 46 44 47 47 45 48 1
0 48 47 49 49 48 50 1
0 47 50 49 48 51 50 1
0 47 44 50 48 45 51 1
0 49 50 51 50 51 52 1
0 49 51 52 50 52 53 1
0 50 44 51 51 45 52 1
0 52 51 53 53 52 54 1
0 51 54 53 52 55 54 1
0 51 44 54 52 45 55 1
0 53 54 55 54 55 56 1
0 53 55 56 54 56 57 1
0 54 44 55 55 45 56 1
0 56 55 57 57 56 58 1
0 55 58 57 56 59 58 1
0 55 44 58 56 45 59 1
0 57 58 59 58 59 60 1
0 57 59 60 58 60 61 1
0 58 44 59 59 45 60 1
0 60 59 61 61 60 62 1
0 59 62 61 60 63 62 1
0 59 44 62 60 45 63 1
0 61 62 63 62 63 64 1
0 61 63 64 62 64 65 1
0 62 44 63 63 45 64 1
0 64 63 40 65 64 41 1
0 63 41 40 64 42 41 1
0 63 44 41 64 45 42 1
"1_Blz_Frame" 0 -1
52
0 12.412485 37.937008 0.326671 0.000000 0.000000 -1
0 8.195003 37.729095 -0.651478 0.000000 0.000000 -1
0 11.177212 35.143547 0.920439 0.000000 0.000000 -1
0 8.195003 33.986465 1.166384 0.000000 0.000000 -1
0 5.212790 35.143547 0.920439 0.000000 0.000000 -1
0 3.977515 37.937008 0.326671 0.000000 0.000000 -1
0 5.212790 40.730476 -0.267099 0.000000 0.000000 -1
0 8.195003 41.887558 -0.513045 0.000000 0.000000 -1
0 11.177212 40.730476 -0.267099 0.000000 0.000000 -1
0 12.412485 37.729095 -0.651477 0.000000 1.000000 -1
0 11.177212 34.935627 -0.057709 0.125000 1.000000 -1
0 11.177212 35.143547 0.920439 0.125000 0.000000 -1
0 8.195003 33.986465 1.166384 0.250000 0.000000 -1
0 8.195003 33.778561 0.188236 0.250000 1.000000 -1
0 5.212790 34.935627 -0.057709 0.375000 1.000000 -1
0 5.212790 35.143547 0.920439 0.375000 0.000000 -1
0 3.977515 37.937008 0.326671 0.500000 0.000000 -1
0 3.977515 37.729095 -0.651477 0.500000 1.000000 -1
0 5.212790 40.522556 -1.245246 0.625000 1.000000 -1
0 5.212790 40.730476 -0.267099 0.625000 0.000000 -1
0 8.195003 41.887558 -0.513045 0.750000 0.000000 -1
0 8.195003 41.679646 -1.491195 0.750000 1.000000 -1
0 11.177212 40.522556 -1.245246 0.875000 1.000000 -1
0 11.177212 40.730476 -0.267099 0.875000 0.000000 -1
0 12.412485 37.937008 0.326671 1.000000 0.000000 -1
0 12.412485 37.729095 -0.651477 1.000000 1.000000 -1
0 0.762777 37.819359 -4.630528 0.000000 0.000000 -1
0 1.740924 37.611446 -8.848011 0.000000 0.000000 -1
0 0.169009 35.025898 -5.865802 0.000000 0.000000 -1
0 -0.076938 33.868816 -8.848011 0.000000 0.000000 -1
0 0.169007 35.025898 -11.830223 0.000000 0.000000 -1
0 0.762775 37.819359 -13.065500 0.000000 0.000000 -1
0 1.356545 40.612827 -11.830223 0.000000 0.000000 -1
0 1.602491 41.769909 -8.848011 0.000000 0.000000 -1
0 1.356547 40.612827 -5.865802 0.000000 0.000000 -1
0 1.740925 37.611446 -4.630528 0.000000 1.000000 -1
0 1.147155 34.817978 -5.865802 0.125000 1.000000 -1
0 0.169009 35.025898 -5.865802 0.125000 0.000000 -1
0 -0.076938 33.868816 -8.848011 0.250000 0.000000 -1
0 0.901211 33.660912 -8.848011 0.250000 1.000000 -1
0 1.147155 34.817978 -11.830223 0.375000 1.000000 -1
0 0.169007 35.025898 -11.830223 0.375000 0.000000 -1
0 0.762775 37.819359 -13.065500 0.500000 0.000000 -1
0 1.740924 37.611446 -13.065500 0.500000 1.000000 -1
0 2.334692 40.404907 -11.830223 0.625000 1.000000 -1
0 1.356545 40.612827 -11.830223 0.625000 0.000000 -1
0 1.602491 41.769909 -8.848011 0.750000 0.000000 -1
0 2.580641 41.561996 -8.848011 0.750000 1.000000 -1
0 2.334693 40.404907 -5.865802 0.875000 1.000000 -1
0 1.356547 40.612827 -5.865802 0.875000 0.000000 -1
0 0.762777 37.819359 -4.630528 1.000000 0.000000 -1
0 1.740925 37.611446 -4.630528 1.000000 1.000000 -1
54
-0.230712 0.202303 0.951759
-0.000000 0.207912 0.978148
-0.163008 0.368425 0.915255
-0.000000 0.436907 0.899507
0.163008 0.368425 0.915255
0.230712 0.202303 0.951759
0.163008 0.035695 0.985979
-0.000000 -0.033271 0.999446
-0.163008 0.035695 0.985979
0.917822 -0.388317 0.082540
0.917822 -0.388317 0.082541
0.696201 -0.702160 0.149250
0.696201 -0.702159 0.149254
0.000000 -0.978147 0.207912
0.000000 -0.978149 0.207905
-0.696200 -0.702161 0.149250
-0.696201 -0.702159 0.149254
-1.000000 -0.000000 -0.000000
-1.000000 0.000000 -0.000000
-0.696202 0.702159 -0.149252
-0.696201 0.702159 -0.149255
0.000000 0.978147 -0.207916
0.000000 0.978148 -0.207912
0.696202 0.702159 -0.149252
0.696202 0.702158 -0.149254
0.917822 0.388317 -0.082541
0.917822 0.388318 -0.082540
-0.951759 0.202303 -0.230711
-0.978148 0.207912 0.000000
-0.915255 0.368425 -0.163008
-0.899507 0.436907 0.000000
-0.915255 0.368425 0.163008
-0.951759 0.202303 0.230712
-0.985979 0.035695 0.163008
-0.999446 -0.033271 0.000000
-0.985979 0.035696 -0.163008
-0.082540 -0.388317 0.917822
-0.082541 -0.388317 0.917822
-0.149250 -0.702160 0.696201
-0.149255 -0.702159 0.696201
-0.207912 -0.978147 0.000000
-0.207905 -0.978149 0.000000
-0.149250 -0.702161 -0.696200
-0.149255 -0.702159 -0.696201
0.000000 0.000000 -1.000000
0.000000 0.000000 -1.000000
0.149252 0.702159 -0.696201
0.149255 0.702159 -0.696201
0.207916 0.978147 0.000000
0.207912 0.978148 0.000000
0.149252 0.702159 0.696202
0.149255 0.702158 0.696202
0.082541 0.388317 0.917822
0.082540 0.388318 0.917821
48
0 0 1 2 0 1 2 2
0 2 1 3 2 1 3 2
0 3 1 4 3 1 4 2
0 4 1 5 4 1 5 2
0 5 1 6 5 1 6 2
0 6 1 7 6 1 7 2
0 7 1 8 7 1 8 2
0 8 1 0 8 1 0 2
0 9 0 10 9 10 11 1
0 0 11 10 10 12 11 1
0 10 11 12 11 12 13 1
0 10 12 13 11 13 14 1
0 13 12 14 14 13 15 1
0 12 15 14 13 16 15 1
0 14 15 16 15 16 17 1
0 14 16 17 15 17 18 1
0 17 16 18 18 17 19 1
0 16 19 18 17 20 19 1
0 18 19 20 19 20 21 1
0 18 20 21 19 21 22 1
0 21 20 22 22 21 23 1
0 20 23 22 21 24 23 1
0 22 23 24 23 24 25 1
0 22 24 25 23 25 26 1
0 26 27 28 27 28 29 2
0 28 27 29 29 28 30 2
0 29 27 30 30 28 31 2
0 30 27 31 31 28 32 2
0 31 27 32 32 28 33 2
0 32 27 33 33 28 34 2
0 33 27 34 34 28 35 2
0 34 27 26 35 28 27 2
0 35 26 36 36 37 38 1
0 26 37 36 37 39 38 1
0 36 37 38 38 39 40 1
0 36 38 39 38 40 41 1
0 39 38 40 41 40 42 1
0 38 41 40 40 43 42 1
0 40 41 42 42 43 44 1
0 40 42 43 42 44 45 1
0 43 42 44 45 44 46 1
0 42 45 44 44 47 46 1
0 44 45 46 46 47 48 1
0 44 46 47 46 48 49 1
0 47 46 48 49 48 50 1
0 46 49 48 48 51 50 1
0 48 49 50 50 51 52 1
0 48 50 51 50 52 53 1

Materials: 1
"Blz"
0.200000 0.200000 0.200000 1.000000
0.800000 0.800000 0.800000 1.000000
0.000000 0.000000 0.000000 1.000000
0.000000 0.000000 0.000000 1.000000
0.000000
1.000000
"..\Image\brick01.tga"
""

Bones: 0
GroupComments: 0
MaterialComments: 0
BoneComments: 0
ModelComment: 0
