// MilkShape 3D ASCII

Frames: 30
Frame: 1

Meshes: 1
"2_Tree" 0 0
24
0 -0.115166 29.743252 12.767241 0.000000 0.000000 -1
0 -0.115166 -0.496745 12.767241 0.000000 1.000000 -1
0 10.286295 -0.496745 12.767241 1.000000 1.000000 -1
0 10.286295 29.743252 12.767241 1.000000 0.000000 -1
0 5.085568 29.743252 17.967987 0.000000 0.000000 -1
0 5.085568 -0.496745 17.967987 0.000000 1.000000 -1
0 5.085568 -0.496745 7.566512 1.000000 1.000000 -1
0 5.085568 29.743252 7.566512 1.000000 0.000000 -1
0 -7.734881 29.537540 8.927838 0.000000 0.000000 -1
0 -7.734881 -0.702458 8.927838 0.000000 1.000000 -1
0 2.666579 -0.702458 8.927838 1.000000 1.000000 -1
0 2.666579 29.537540 8.927838 1.000000 0.000000 -1
0 -2.534150 29.537540 14.128573 0.000000 0.000000 -1
0 -2.534150 -0.702458 14.128573 0.000000 1.000000 -1
0 -2.534150 -0.702458 3.727107 1.000000 1.000000 -1
0 -2.534150 29.537540 3.727107 1.000000 0.000000 -1
1 -14.189207 29.537540 10.360091 0.000000 0.000000 -1
1 -14.189207 -0.702458 10.360091 0.000000 1.000000 -1
1 -3.787743 -0.702458 10.360091 1.000000 1.000000 -1
1 -3.787743 29.537540 10.360091 1.000000 0.000000 -1
1 -8.988474 29.537540 15.560842 0.000000 0.000000 -1
1 -8.988474 -0.702458 15.560842 0.000000 1.000000 -1
1 -8.988474 -0.702458 5.159361 1.000000 1.000000 -1
1 -8.988474 29.537540 5.159361 1.000000 0.000000 -1
2
0.000000 0.000000 1.000000
1.000000 0.000000 0.000000
12
0 0 1 2 0 0 0 1
0 0 2 3 0 0 0 1
0 4 5 6 1 1 1 1
0 4 6 7 1 1 1 1
0 8 9 10 0 0 0 1
0 8 10 11 0 0 0 1
0 12 13 14 1 1 1 1
0 12 14 15 1 1 1 1
0 16 17 18 0 0 0 1
0 16 18 19 0 0 0 1
0 20 21 22 1 1 1 1
0 20 22 23 1 1 1 1

Materials: 1
"Tree"
0.200000 0.200000 0.200000 1.000000
0.800000 0.800000 0.800000 1.000000
0.000000 0.000000 0.000000 1.000000
0.000000 0.000000 0.000000 1.000000
0.000000
1.000000
"..\Image\tree.tga"
""

Bones: 0
GroupComments: 0
MaterialComments: 0
BoneComments: 0
ModelComment: 0
