// MilkShape 3D ASCII

Frames: 30
Frame: 1

Meshes: 1
"Regroup00" 1 0
24
1 -19.580368 16.967382 -2.277781 0.000000 0.000000 -1
1 -19.580368 -0.503095 -2.277781 0.000000 1.000000 -1
1 6.154442 -0.503095 -2.277781 1.000000 1.000000 -1
1 6.154442 16.967382 -2.277781 1.000000 0.000000 -1
1 -6.712959 16.967382 9.895569 0.000000 0.000000 -1
1 -6.712959 -0.503095 9.895569 0.000000 1.000000 -1
1 -6.712959 -0.503095 -14.451145 1.000000 1.000000 -1
1 -6.712959 16.967382 -14.451145 1.000000 0.000000 -1
1 -8.600367 16.967382 5.462218 0.000000 0.000000 -1
1 -8.600367 -0.503095 5.462218 0.000000 1.000000 -1
1 17.134424 -0.503095 5.462218 1.000000 1.000000 -1
1 17.134424 16.967382 5.462218 1.000000 0.000000 -1
1 4.267040 16.967382 17.635557 0.000000 0.000000 -1
1 4.267040 -0.503095 17.635557 0.000000 1.000000 -1
1 4.267040 -0.503095 -6.711145 1.000000 1.000000 -1
1 4.267040 16.967382 -6.711145 1.000000 0.000000 -1
1 -1.310367 16.967382 -3.267782 0.000000 0.000000 -1
1 -1.310367 -0.503095 -3.267782 0.000000 1.000000 -1
1 24.424427 -0.503095 -3.267782 1.000000 1.000000 -1
1 24.424427 16.967382 -3.267782 1.000000 0.000000 -1
1 11.557039 16.967382 8.905559 0.000000 0.000000 -1
1 11.557039 -0.503095 8.905559 0.000000 1.000000 -1
1 11.557039 -0.503095 -15.441154 1.000000 1.000000 -1
1 11.557039 16.967382 -15.441154 1.000000 0.000000 -1
2
0.000000 0.000000 1.000000
1.000000 0.000000 0.000000
12
1 0 1 2 0 0 0 1
1 0 2 3 0 0 0 1
1 4 5 6 1 1 1 1
1 4 6 7 1 1 1 1
1 8 9 10 0 0 0 1
1 8 10 11 0 0 0 1
1 12 13 14 1 1 1 1
1 12 14 15 1 1 1 1
1 16 17 18 0 0 0 1
1 16 18 19 0 0 0 1
1 20 21 22 1 1 1 1
1 20 22 23 1 1 1 1

Materials: 1
"Tree"
0.200000 0.200000 0.200000 1.000000
0.800000 0.800000 0.800000 1.000000
0.000000 0.000000 0.000000 1.000000
0.000000 0.000000 0.000000 1.000000
0.000000
1.000000
"..\Image\Tree01.tga"
""

Bones: 0
GroupComments: 0
MaterialComments: 0
BoneComments: 0
ModelComment: 0
