// MilkShape 3D ASCII

Frames: 30
Frame: 1

Meshes: 1
"Regroup00" 1 0
16
1 -26.382881 33.529518 -2.824137 0.000000 0.000000 -1
1 -26.382881 -0.672382 -2.824137 0.000000 1.000000 -1
1 7.334599 -0.672382 -2.824137 1.000000 1.000000 -1
1 7.334599 33.529518 -2.824137 1.000000 0.000000 -1
1 -9.524136 33.529518 11.747793 0.000000 0.000000 -1
1 -9.524136 -0.672382 11.747793 0.000000 1.000000 -1
1 -9.524136 -0.672382 -17.396076 1.000000 1.000000 -1
1 -9.524136 33.529518 -17.396076 1.000000 0.000000 -1
1 -2.445716 33.529518 -4.009202 0.000000 0.000000 -1
1 -2.445716 -0.672382 -4.009202 0.000000 1.000000 -1
1 31.271742 -0.672382 -4.009202 1.000000 1.000000 -1
1 31.271742 33.529518 -4.009202 1.000000 0.000000 -1
1 14.413023 33.529518 10.562709 0.000000 0.000000 -1
1 14.413023 -0.672382 10.562709 0.000000 1.000000 -1
1 14.413023 -0.672382 -18.581154 1.000000 1.000000 -1
1 14.413023 33.529518 -18.581154 1.000000 0.000000 -1
2
0.000000 0.000000 1.000000
1.000000 0.000000 0.000000
8
1 0 1 2 0 0 0 1
1 0 2 3 0 0 0 1
1 4 5 6 1 1 1 1
1 4 6 7 1 1 1 1
1 8 9 10 0 0 0 1
1 8 10 11 0 0 0 1
1 12 13 14 1 1 1 1
1 12 14 15 1 1 1 1

Materials: 1
"Tree"
0.200000 0.200000 0.200000 1.000000
0.800000 0.800000 0.800000 1.000000
0.000000 0.000000 0.000000 1.000000
0.000000 0.000000 0.000000 1.000000
0.000000
1.000000
"..\Image\Tree02.tga"
""

Bones: 0
GroupComments: 0
MaterialComments: 0
BoneComments: 0
ModelComment: 0
