// MilkShape 3D ASCII

Frames: 30
Frame: 1

Meshes: 3
"1_Blz" 0 0
53
0 16.000000 37.600002 0.000000 0.000000 5.000000 -1
0 15.000000 0.000000 0.000000 2.187500 0.000000 -1
0 16.000000 0.000000 0.000000 0.000000 0.000000 -1
0 1.000000 37.600002 0.000000 5.000000 5.000000 -1
0 1.000000 14.000000 0.000000 5.000000 2.000000 -1
0 15.000000 14.000000 0.000000 2.187500 2.000000 -1
0 15.000000 0.000000 -16.000000 2.187500 0.000000 -1
0 16.000000 0.000000 -16.000000 0.000000 0.000000 -1
0 16.000000 37.600002 -16.000000 0.000000 5.000000 -1
0 1.000000 37.600002 -16.000000 5.000000 5.000000 -1
0 1.000000 14.000000 -16.000000 5.000000 2.000000 -1
0 15.000000 14.000000 -16.000000 2.187500 2.000000 -1
0 2.000000 0.000000 -1.000000 4.843750 0.000000 -1
0 1.292893 0.000000 -0.292893 4.954236 0.000000 -1
0 1.000000 0.000000 -1.000000 5.000000 0.000000 -1
0 1.292893 14.000000 -0.292893 4.954236 2.000000 -1
0 2.000000 14.000000 -1.000000 4.843750 2.000000 -1
0 1.000000 14.000000 -1.000000 5.000000 2.000000 -1
0 2.000000 0.000000 0.000000 4.843750 0.000000 -1
0 2.000000 14.000000 0.000000 4.843750 2.000000 -1
0 2.707107 0.000000 -0.292893 4.733264 0.000000 -1
0 2.707107 14.000000 -0.292893 4.733264 2.000000 -1
0 3.000000 0.000000 -1.000000 4.687500 0.000000 -1
0 3.000000 14.000000 -1.000000 4.687500 2.000000 -1
0 2.707107 0.000000 -1.707107 4.733264 0.000000 -1
0 2.707107 14.000000 -1.707107 4.733264 2.000000 -1
0 2.000000 0.000000 -2.000000 4.843750 0.000000 -1
0 2.000000 14.000000 -2.000000 4.843750 2.000000 -1
0 1.292893 0.000000 -1.707107 4.954236 0.000000 -1
0 1.292893 14.000000 -1.707107 4.954236 2.000000 -1
0 2.000000 0.000000 -15.000000 4.843750 0.000000 -1
0 1.292893 0.000000 -14.292893 4.954236 0.000000 -1
0 1.000000 0.000000 -15.000000 5.000000 0.000000 -1
0 1.292893 14.000000 -14.292893 4.954236 2.000000 -1
0 2.000000 14.000000 -15.000000 4.843750 2.000000 -1
0 1.000000 14.000000 -15.000000 5.000000 2.000000 -1
0 2.000000 0.000000 -14.000000 4.843750 0.000000 -1
0 2.000000 14.000000 -14.000000 4.843750 2.000000 -1
0 2.707107 0.000000 -14.292893 4.733264 0.000000 -1
0 2.707107 14.000000 -14.292893 4.733264 2.000000 -1
0 3.000000 0.000000 -15.000000 4.687500 0.000000 -1
0 3.000000 14.000000 -15.000000 4.687500 2.000000 -1
0 2.707107 0.000000 -15.707107 4.733264 0.000000 -1
0 2.707107 14.000000 -15.707107 4.733264 2.000000 -1
0 2.000000 0.000000 -16.000000 4.843750 0.000000 -1
0 2.000000 14.000000 -16.000000 4.843750 2.000000 -1
0 1.292893 0.000000 -15.707107 4.954236 0.000000 -1
0 1.292893 14.000000 -15.707107 4.954236 2.000000 -1
0 1.000000 0.000000 -16.000000 5.000000 0.000000 -1
0 15.000000 0.250000 -16.000000 2.187500 0.035714 -1
0 1.000000 0.250000 -16.000000 5.000000 0.035714 -1
0 1.000000 0.250000 0.000000 5.000000 0.035714 -1
0 15.000000 0.250000 0.000000 2.187500 0.035714 -1
32
0.000000 0.000000 1.000000
-0.447214 -0.894427 0.000000
0.894427 -0.447214 0.000000
0.447214 -0.894427 0.000000
-0.894427 -0.447214 0.000000
0.447214 0.894427 0.000000
0.894427 0.447214 0.000000
-0.894427 0.447214 0.000000
-0.447214 0.894427 0.000000
0.000000 0.000000 -1.000000
0.000000 0.000000 0.000000
0.000000 -1.000000 0.000000
0.000000 1.000000 0.000000
-0.707107 0.000000 0.707107
-1.000000 0.000000 -0.000000
-0.000000 0.000000 1.000000
0.707107 0.000000 0.707107
1.000000 0.000000 -0.000000
0.707107 0.000000 -0.707107
-0.000000 0.000000 -1.000000
-0.707107 0.000000 -0.707107
-0.707107 0.000000 -0.707107
-0.707107 0.000000 0.707107
-1.000000 0.000000 0.000000
-0.000000 0.000000 1.000000
0.707107 0.000000 0.707107
0.707107 0.000000 0.707107
1.000000 0.000000 0.000000
0.707107 0.000000 -0.707107
-0.000000 0.000000 -1.000000
-0.000000 0.000000 -1.000000
-0.707107 0.000000 -0.707107
88
0 0 1 2 0 0 0 1
0 0 3 4 0 0 0 1
0 0 4 5 0 0 0 1
0 0 5 1 0 0 0 1
0 6 7 2 1 2 3 2
0 1 6 2 4 1 3 2
0 7 8 0 2 5 6 2
0 2 7 0 3 2 6 2
0 9 10 4 7 1 4 2
0 3 9 4 8 7 4 2
0 8 9 3 5 7 8 2
0 0 8 3 6 5 8 2
0 10 11 5 1 4 1 2
0 4 10 5 4 1 1 2
0 11 6 1 4 1 4 2
0 5 11 1 1 4 4 2
0 10 9 8 9 9 9 1
0 11 10 8 10 9 9 1
0 6 11 8 9 10 9 1
0 7 6 8 9 9 9 1
0 12 13 14 11 11 11 2
0 15 16 17 12 12 12 2
0 13 17 14 13 14 14 1
0 13 15 17 13 13 14 1
0 12 18 13 11 11 11 2
0 19 16 15 12 12 12 2
0 19 15 13 15 13 13 1
0 18 19 13 15 15 13 1
0 12 20 18 11 11 11 2
0 21 16 19 12 12 12 2
0 20 19 18 16 15 15 1
0 20 21 19 16 16 15 1
0 12 22 20 11 11 11 2
0 23 16 21 12 12 12 2
0 23 21 20 17 16 16 1
0 22 23 20 17 17 16 1
0 12 24 22 11 11 11 2
0 25 16 23 12 12 12 2
0 24 23 22 18 17 17 1
0 24 25 23 18 18 17 1
0 12 26 24 11 11 11 2
0 27 16 25 12 12 12 2
0 27 25 24 19 18 18 1
0 26 27 24 19 19 18 1
0 12 28 26 11 11 11 2
0 29 16 27 12 12 12 2
0 28 27 26 20 19 19 1
0 28 29 27 20 21 19 1
0 12 14 28 11 11 11 2
0 17 16 29 12 12 12 2
0 17 29 28 14 21 20 1
0 14 17 28 14 14 20 1
0 30 31 32 11 11 11 2
0 33 34 35 12 12 12 2
0 31 35 32 22 23 23 1
0 31 33 35 22 22 23 1
0 30 36 31 11 11 11 2
0 37 34 33 12 12 12 2
0 37 33 31 24 22 22 1
0 36 37 31 24 24 22 1
0 30 38 36 11 11 11 2
0 39 34 37 12 12 12 2
0 38 37 36 25 24 24 1
0 38 39 37 25 26 24 1
0 30 40 38 11 11 11 2
0 41 34 39 12 12 12 2
0 41 39 38 27 26 25 1
0 40 41 38 27 27 25 1
0 30 42 40 11 11 11 2
0 43 34 41 12 12 12 2
0 42 41 40 28 27 27 1
0 42 43 41 28 28 27 1
0 30 44 42 11 11 11 2
0 45 34 43 12 12 12 2
0 45 43 42 29 28 28 1
0 44 45 42 30 29 28 1
0 30 46 44 11 11 11 2
0 47 34 45 12 12 12 2
0 46 45 44 31 29 30 1
0 46 47 45 31 31 29 1
0 30 32 46 11 11 11 2
0 35 34 47 12 12 12 2
0 35 47 46 23 31 31 1
0 32 35 46 23 23 31 1
0 48 6 11 0 9 10 1
0 10 48 11 9 0 10 1
0 49 50 51 12 12 12 1
0 52 49 51 12 12 12 1
"1_Blz_Windows" 0 2
40
0 0.796625 32.877911 -9.127194 0.000000 0.000000 -1
0 0.796625 32.877911 -14.323692 0.000000 0.000000 -1
0 0.796625 25.788752 -14.323692 0.000000 0.000000 -1
0 0.796625 25.788752 -9.127194 0.000000 0.000000 -1
0 0.796625 32.877911 -2.822486 0.000000 0.000000 -1
0 0.796625 32.877911 -8.350756 0.000000 0.000000 -1
0 0.796625 25.788752 -8.350756 0.000000 0.000000 -1
0 0.796625 25.788752 -2.822486 0.000000 0.000000 -1
0 0.796625 23.583038 -9.127194 0.000000 0.000000 -1
0 0.796625 23.583038 -14.323692 0.000000 0.000000 -1
0 0.796625 16.493877 -14.323692 0.000000 0.000000 -1
0 0.796625 16.493877 -9.127194 0.000000 0.000000 -1
0 0.796625 23.583038 -2.822486 0.000000 0.000000 -1
0 0.796625 23.583038 -8.350756 0.000000 0.000000 -1
0 0.796625 16.493877 -8.350756 0.000000 0.000000 -1
0 0.796625 16.493877 -2.822486 0.000000 0.000000 -1
0 9.968555 25.243305 2.498833 0.000000 0.000000 -1
0 6.653231 25.243305 2.498833 0.000000 0.000000 -1
0 9.968555 16.794439 2.498833 0.000000 0.000000 -1
0 6.653231 16.794439 2.498833 0.000000 0.000000 -1
0 13.991613 25.243305 0.919404 0.000000 0.000000 -1
0 10.986909 25.243305 2.292913 0.000000 0.000000 -1
0 13.991613 16.794439 0.919404 0.000000 0.000000 -1
0 10.986909 16.794439 2.292913 0.000000 0.000000 -1
0 5.670631 25.235374 2.298778 0.000000 0.000000 -1
0 2.665928 25.235374 0.925269 0.000000 0.000000 -1
0 5.670631 16.786528 2.298778 0.000000 0.000000 -1
0 2.665928 16.786528 0.925269 0.000000 0.000000 -1
0 9.968555 35.643265 2.498833 0.000000 0.000000 -1
0 6.653231 35.643265 2.498833 0.000000 0.000000 -1
0 9.968555 27.194441 2.498833 0.000000 0.000000 -1
0 6.653231 27.194441 2.498833 0.000000 0.000000 -1
0 13.991613 35.643265 0.919404 0.000000 0.000000 -1
0 10.986909 35.643265 2.292913 0.000000 0.000000 -1
0 13.991613 27.194441 0.919404 0.000000 0.000000 -1
0 10.986909 27.194441 2.292913 0.000000 0.000000 -1
0 5.670631 35.635338 2.298778 0.000000 0.000000 -1
0 2.665928 35.635338 0.925269 0.000000 0.000000 -1
0 5.670631 27.186529 2.298778 0.000000 0.000000 -1
0 2.665928 27.186529 0.925269 0.000000 0.000000 -1
5
-1.000000 0.000000 0.000000
0.000000 0.000000 1.000000
0.415742 0.000000 0.909483
-0.415742 0.000000 0.909482
-0.415742 0.000000 0.909482
20
0 0 1 2 0 0 0 1
0 3 0 2 0 0 0 1
0 4 5 6 0 0 0 1
0 7 4 6 0 0 0 1
0 8 9 10 0 0 0 1
0 11 8 10 0 0 0 1
0 12 13 14 0 0 0 1
0 15 12 14 0 0 0 1
0 16 17 18 1 1 1 1
0 17 19 18 1 1 1 1
0 20 21 22 2 2 2 1
0 21 23 22 2 2 2 1
0 24 25 26 3 3 3 1
0 25 27 26 3 3 3 1
0 28 29 30 1 1 1 1
0 29 31 30 1 1 1 1
0 32 33 34 2 2 2 1
0 33 35 34 2 2 2 1
0 36 37 38 4 4 4 1
0 37 39 38 4 4 4 1
"1_Blz_Frame" 0 1
136
0 0.403769 32.877926 -8.350780 0.000000 0.000000 -1
0 0.403769 32.877926 -9.127224 0.000000 0.000000 -1
0 0.403769 25.788736 -8.350780 0.000000 0.000000 -1
0 0.403769 25.788736 -9.127224 0.000000 0.000000 -1
0 0.403769 32.877926 -2.822468 0.000000 0.000000 -1
0 0.403769 33.259655 -1.965434 0.000000 0.000000 -1
0 0.403769 33.259655 -15.236048 0.000000 0.000000 -1
0 0.403769 32.877926 -14.323692 0.000000 0.000000 -1
0 0.403769 25.407017 -1.965434 0.000000 0.000000 -1
0 0.403769 25.788736 -2.822468 0.000000 0.000000 -1
0 0.403769 25.407017 -15.236048 0.000000 0.000000 -1
0 0.403769 25.788736 -14.323692 0.000000 0.000000 -1
0 0.796625 25.788752 -8.350756 0.000000 0.000000 -1
0 0.796625 32.877911 -8.350756 0.000000 0.000000 -1
0 0.796625 32.877911 -9.127194 0.000000 0.000000 -1
0 0.796625 25.788752 -9.127194 0.000000 0.000000 -1
0 0.796625 32.877911 -2.822486 0.000000 0.000000 -1
0 1.403769 33.259655 -1.965434 0.000000 0.000000 -1
0 1.403769 33.259655 -15.236048 0.000000 0.000000 -1
0 0.796625 32.877911 -14.323692 0.000000 0.000000 -1
0 1.403769 25.407017 -1.965434 0.000000 0.000000 -1
0 0.796625 25.788752 -2.822486 0.000000 0.000000 -1
0 1.403769 25.407017 -15.236048 0.000000 0.000000 -1
0 0.796625 25.788752 -14.323692 0.000000 0.000000 -1
0 0.403769 23.583054 -8.350780 0.000000 0.000000 -1
0 0.403769 23.583054 -9.127224 0.000000 0.000000 -1
0 0.403769 16.493862 -8.350780 0.000000 0.000000 -1
0 0.403769 16.493862 -9.127224 0.000000 0.000000 -1
0 0.403769 23.583054 -2.822468 0.000000 0.000000 -1
0 0.403769 23.964781 -1.965434 0.000000 0.000000 -1
0 0.403769 23.964781 -15.236048 0.000000 0.000000 -1
0 0.403769 23.583054 -14.323692 0.000000 0.000000 -1
0 0.403769 16.112143 -1.965434 0.000000 0.000000 -1
0 0.403769 16.493862 -2.822468 0.000000 0.000000 -1
0 0.403769 16.112143 -15.236048 0.000000 0.000000 -1
0 0.403769 16.493862 -14.323692 0.000000 0.000000 -1
0 0.796625 16.493877 -8.350756 0.000000 0.000000 -1
0 0.796625 23.583038 -8.350756 0.000000 0.000000 -1
0 0.796625 23.583038 -9.127194 0.000000 0.000000 -1
0 0.796625 16.493877 -9.127194 0.000000 0.000000 -1
0 0.796625 23.583038 -2.822486 0.000000 0.000000 -1
0 1.403769 23.964781 -1.965434 0.000000 0.000000 -1
0 1.403769 23.964781 -15.236048 0.000000 0.000000 -1
0 0.796625 23.583038 -14.323692 0.000000 0.000000 -1
0 1.403769 16.112143 -1.965434 0.000000 0.000000 -1
0 0.796625 16.493877 -2.822486 0.000000 0.000000 -1
0 1.403769 16.112143 -15.236048 0.000000 0.000000 -1
0 0.796625 16.493877 -14.323692 0.000000 0.000000 -1
0 6.270693 16.199459 2.909089 0.000000 0.000000 -1
0 6.653231 25.243305 2.909089 0.000000 0.000000 -1
0 6.270693 25.719307 2.909089 0.000000 0.000000 -1
0 6.653231 16.794439 2.909089 0.000000 0.000000 -1
0 9.968555 16.794439 2.909089 0.000000 0.000000 -1
0 10.351093 16.199459 2.909089 0.000000 0.000000 -1
0 10.351093 25.719307 2.909089 0.000000 0.000000 -1
0 9.968555 25.243305 2.909089 0.000000 0.000000 -1
0 6.270693 25.719307 1.909090 0.000000 0.000000 -1
0 6.270693 16.199459 1.909090 0.000000 0.000000 -1
0 6.653231 16.794439 2.498833 0.000000 0.000000 -1
0 6.653231 25.243305 2.498833 0.000000 0.000000 -1
0 9.968555 16.794439 2.498833 0.000000 0.000000 -1
0 10.351093 16.199459 1.909090 0.000000 0.000000 -1
0 9.968555 25.243305 2.498833 0.000000 0.000000 -1
0 10.351093 25.719307 1.909090 0.000000 0.000000 -1
0 11.163775 25.243305 2.664731 0.000000 0.000000 -1
0 11.163775 16.794439 2.664731 0.000000 0.000000 -1
0 14.168480 16.794439 1.291223 0.000000 0.000000 -1
0 14.515177 16.199459 1.132740 0.000000 0.000000 -1
0 14.515177 25.719307 1.132740 0.000000 0.000000 -1
0 14.168480 25.243305 1.291223 0.000000 0.000000 -1
0 10.986909 16.794439 2.292913 0.000000 0.000000 -1
0 10.986909 25.243305 2.292913 0.000000 0.000000 -1
0 13.991613 16.794439 0.919404 0.000000 0.000000 -1
0 14.084064 16.199459 0.226433 0.000000 0.000000 -1
0 13.991613 25.243305 0.919404 0.000000 0.000000 -1
0 14.084064 25.719307 0.226433 0.000000 0.000000 -1
0 2.142365 16.191521 1.138606 0.000000 0.000000 -1
0 2.489061 25.235374 1.297088 0.000000 0.000000 -1
0 2.142365 25.711369 1.138606 0.000000 0.000000 -1
0 2.489061 16.786528 1.297088 0.000000 0.000000 -1
0 5.493765 16.786528 2.670596 0.000000 0.000000 -1
0 5.493765 25.235374 2.670596 0.000000 0.000000 -1
0 2.573477 25.711369 0.232298 0.000000 0.000000 -1
0 2.573477 16.191521 0.232298 0.000000 0.000000 -1
0 2.665928 16.786528 0.925269 0.000000 0.000000 -1
0 2.665928 25.235374 0.925269 0.000000 0.000000 -1
0 5.670631 16.786528 2.298778 0.000000 0.000000 -1
0 5.670631 25.235374 2.298778 0.000000 0.000000 -1
0 6.270693 26.599461 2.909089 0.000000 0.000000 -1
0 6.653231 35.643265 2.909089 0.000000 0.000000 -1
0 6.270693 36.119270 2.909089 0.000000 0.000000 -1
0 6.653231 27.194441 2.909089 0.000000 0.000000 -1
0 9.968555 27.194441 2.909089 0.000000 0.000000 -1
0 10.351093 26.599461 2.909089 0.000000 0.000000 -1
0 10.351093 36.119270 2.909089 0.000000 0.000000 -1
0 9.968555 35.643265 2.909089 0.000000 0.000000 -1
0 6.270693 36.119270 1.909090 0.000000 0.000000 -1
0 6.270693 26.599461 1.909090 0.000000 0.000000 -1
0 6.653231 27.194441 2.498833 0.000000 0.000000 -1
0 6.653231 35.643265 2.498833 0.000000 0.000000 -1
0 9.968555 27.194441 2.498833 0.000000 0.000000 -1
0 10.351093 26.599461 1.909090 0.000000 0.000000 -1
0 9.968555 35.643265 2.498833 0.000000 0.000000 -1
0 10.351093 36.119270 1.909090 0.000000 0.000000 -1
0 11.163775 35.643265 2.664731 0.000000 0.000000 -1
0 11.163775 27.194441 2.664731 0.000000 0.000000 -1
0 14.168480 27.194441 1.291223 0.000000 0.000000 -1
0 14.515177 26.599461 1.132740 0.000000 0.000000 -1
0 14.515177 36.119270 1.132740 0.000000 0.000000 -1
0 14.168480 35.643265 1.291223 0.000000 0.000000 -1
0 10.986909 27.194441 2.292913 0.000000 0.000000 -1
0 10.986909 35.643265 2.292913 0.000000 0.000000 -1
0 13.991613 27.194441 0.919404 0.000000 0.000000 -1
0 14.084064 26.599461 0.226433 0.000000 0.000000 -1
0 13.991613 35.643265 0.919404 0.000000 0.000000 -1
0 14.084064 36.119270 0.226433 0.000000 0.000000 -1
0 2.142365 26.591522 1.138606 0.000000 0.000000 -1
0 2.489061 35.635338 1.297088 0.000000 0.000000 -1
0 2.142365 36.111328 1.138606 0.000000 0.000000 -1
0 2.489061 27.186529 1.297088 0.000000 0.000000 -1
0 5.493765 27.186529 2.670596 0.000000 0.000000 -1
0 5.493765 35.635338 2.670596 0.000000 0.000000 -1
0 2.573477 36.111328 0.232298 0.000000 0.000000 -1
0 2.573477 26.591522 0.232298 0.000000 0.000000 -1
0 2.665928 27.186529 0.925269 0.000000 0.000000 -1
0 2.665928 35.635338 0.925269 0.000000 0.000000 -1
0 5.670631 27.186529 2.298778 0.000000 0.000000 -1
0 5.670631 35.635338 2.298778 0.000000 0.000000 -1
0 0.978882 15.718211 0.529412 0.000000 0.000000 -1
0 0.978882 14.759898 0.529412 0.000000 0.000000 -1
0 14.978882 15.718211 0.529412 0.000000 0.000000 -1
0 14.978882 14.718211 0.529412 0.000000 0.000000 -1
0 0.978910 15.718208 -0.470588 0.000000 0.000000 -1
0 0.978910 14.759875 -0.470588 0.000000 0.000000 -1
0 14.978910 15.718208 -0.470588 0.000000 0.000000 -1
0 14.978910 14.718208 -0.470588 0.000000 0.000000 -1
117
-1.000000 0.000000 0.000000
-0.000072 0.447214 0.894427
-0.000062 -0.894427 0.447214
-0.000072 -0.447214 0.894427
-0.000062 0.894427 0.447214
0.000050 -0.447214 -0.894427
-0.000001 0.894427 -0.447214
0.000050 0.447214 -0.894427
-0.000001 -0.894427 -0.447214
-0.000058 -0.447214 -0.894427
-0.000055 -0.894427 -0.447214
0.000000 0.894427 0.447214
0.000000 0.447214 -0.894427
0.000000 0.894427 -0.447214
0.000000 0.447214 0.894427
-0.000035 -0.894427 0.447214
-0.000017 -0.447214 0.894427
0.000000 -0.447214 0.894427
0.000000 -0.894427 0.447214
-0.000055 0.894427 -0.447214
-0.000058 0.447214 -0.894427
0.000000 -0.894427 -0.447214
0.000000 -0.447214 -0.894427
-0.000017 0.447214 0.894427
-0.000035 0.894427 0.447214
-0.000055 -0.894427 -0.447214
-0.115652 -0.024769 0.992981
0.000000 0.000000 1.000000
-0.165265 0.030087 0.985790
0.233496 -0.035140 0.971723
0.184778 0.043713 0.981808
-0.317293 0.948327 -0.000240
0.315617 0.948887 0.000000
-0.315178 -0.949033 0.000266
0.316775 -0.948501 0.000000
0.894427 0.447214 0.000000
0.447214 0.894427 0.000000
0.894427 -0.447214 0.000000
0.447214 -0.894427 0.000000
-0.447214 0.894427 0.000000
-0.894427 0.447214 0.000000
-0.316228 -0.948683 0.000000
0.316228 -0.948683 0.000000
-0.894427 -0.447214 0.000000
-0.447214 -0.894427 0.000000
0.316228 0.948683 0.000000
-0.316228 0.948683 0.000000
0.329372 0.079343 0.940861
0.350446 -0.096047 0.931645
0.409347 -0.051956 0.910898
0.404081 -0.008183 0.914686
0.407977 0.006818 0.912967
0.406400 0.086005 0.909638
0.807703 0.447214 -0.384208
0.403851 0.894427 -0.192104
0.807703 -0.447214 -0.384208
0.403851 -0.894427 -0.192104
-0.403852 0.894427 0.192104
-0.807703 0.447214 0.384207
0.403851 -0.894427 -0.192104
0.807703 -0.447214 -0.384209
-0.807703 -0.447214 0.384207
-0.403852 -0.894427 0.192104
0.807703 0.447214 -0.384209
0.403851 0.894427 -0.192104
-0.410074 -0.036652 0.911316
-0.415743 0.000000 0.909482
-0.408020 0.059386 0.911040
-0.415743 -0.000000 0.909482
-0.349414 -0.036716 0.936249
-0.367686 0.059480 0.928046
-0.807846 0.446897 -0.384276
-0.405226 0.893763 -0.192301
-0.807545 -0.447563 -0.384133
-0.402499 -0.895087 -0.191870
0.807703 0.447214 0.384208
0.403852 0.894427 0.192104
0.807703 -0.447214 0.384208
0.403852 -0.894427 0.192104
-0.403852 0.894427 -0.192104
-0.807703 0.447214 -0.384208
-0.807703 -0.447214 -0.384208
-0.403852 -0.894427 -0.192104
-0.115652 -0.024769 0.992981
-0.165265 0.030087 0.985790
0.184778 0.043713 0.981808
-0.317294 0.948327 -0.000240
0.315616 0.948887 0.000000
0.329372 0.079343 0.940861
0.407977 0.006818 0.912967
0.406400 0.086005 0.909638
0.403851 -0.894427 -0.192104
0.807703 -0.447214 -0.384209
0.807703 0.447214 -0.384209
0.403851 0.894427 -0.192104
-0.415743 0.000000 0.909482
-0.408020 0.059387 0.911040
-0.349414 -0.036716 0.936249
-0.367686 0.059480 0.928046
-0.807846 0.446897 -0.384276
-0.405226 0.893763 -0.192301
0.807703 0.447214 0.384208
0.403852 0.894427 0.192104
0.807703 -0.447214 0.384208
0.403852 -0.894427 0.192104
-0.403852 0.894427 -0.192104
-0.807703 0.447214 -0.384208
-0.807703 -0.447214 -0.384208
-0.403852 -0.894427 -0.192104
-0.894427 0.447214 -0.000026
-0.447214 0.894427 -0.000015
-0.894694 -0.446680 -0.000015
-0.449341 -0.893360 -0.000001
0.447214 0.894427 0.000010
0.894427 0.447214 0.000024
0.894161 -0.447745 0.000027
0.445081 -0.895490 0.000024
230
0 0 1 2 0 0 0 1
0 1 3 2 0 0 0 1
0 0 4 5 0 0 0 1
0 5 6 0 0 0 0 1
0 1 0 6 0 0 0 1
0 6 7 1 0 0 0 1
0 4 8 5 0 0 0 1
0 4 9 8 0 0 0 1
0 8 9 2 0 0 0 1
0 2 3 8 0 0 0 1
0 10 8 3 0 0 0 1
0 3 11 10 0 0 0 1
0 6 11 7 0 0 0 1
0 6 10 11 0 0 0 1
0 12 13 0 1 2 3 2
0 2 12 0 4 1 3 2
0 14 15 3 5 6 7 2
0 1 14 3 8 5 7 2
0 13 16 4 2 9 10 2
0 0 13 4 3 2 10 2
0 17 18 6 11 12 13 2
0 5 17 6 14 11 13 2
0 19 14 1 15 5 8 2
0 7 19 1 16 15 8 2
0 20 17 5 17 11 14 2
0 8 20 5 18 17 14 2
0 16 21 9 9 19 20 2
0 4 16 9 10 9 20 2
0 21 12 2 19 1 4 2
0 9 21 2 20 19 4 2
0 22 20 8 21 17 18 2
0 10 22 8 22 21 18 2
0 15 23 11 6 23 24 2
0 3 15 11 7 6 24 2
0 23 19 7 23 15 16 2
0 11 23 7 24 23 16 2
0 18 22 10 12 21 22 2
0 6 18 10 13 12 22 2
0 24 25 26 0 0 0 1
0 25 27 26 0 0 0 1
0 24 28 29 0 0 0 1
0 29 30 24 0 0 0 1
0 25 24 30 0 0 0 1
0 30 31 25 0 0 0 1
0 28 32 29 0 0 0 1
0 28 33 32 0 0 0 1
0 32 33 26 0 0 0 1
0 26 27 32 0 0 0 1
0 34 32 27 0 0 0 1
0 27 35 34 0 0 0 1
0 30 35 31 0 0 0 1
0 30 34 35 0 0 0 1
0 36 37 24 1 2 3 2
0 26 36 24 4 1 3 2
0 38 39 27 5 6 7 2
0 25 38 27 8 5 7 2
0 37 40 28 2 9 25 2
0 24 37 28 3 2 25 2
0 41 42 30 11 12 13 2
0 29 41 30 14 11 13 2
0 43 38 25 15 5 8 2
0 31 43 25 16 15 8 2
0 44 41 29 17 11 14 2
0 32 44 29 18 17 14 2
0 40 45 33 9 19 20 2
0 28 40 33 25 9 20 2
0 45 36 26 19 1 4 2
0 33 45 26 20 19 4 2
0 46 44 32 21 17 18 2
0 34 46 32 22 21 18 2
0 39 47 35 6 23 24 2
0 27 39 35 7 6 24 2
0 47 43 31 23 15 16 2
0 35 47 31 24 23 16 2
0 42 46 34 12 21 22 2
0 30 42 34 13 12 22 2
0 48 49 50 26 27 28 1
0 48 51 49 26 27 27 1
0 51 48 52 27 26 27 1
0 48 53 52 26 29 27 1
0 54 55 52 30 27 27 1
0 52 53 54 27 29 30 1
0 49 55 50 27 27 28 1
0 55 54 50 27 30 28 1
0 50 56 57 31 32 33 2
0 50 57 48 31 33 34 2
0 51 58 59 35 36 37 2
0 51 59 49 35 37 38 2
0 52 60 58 39 40 36 2
0 52 58 51 39 36 35 2
0 48 57 61 34 33 41 2
0 48 61 53 34 41 42 2
0 55 62 60 43 44 40 2
0 55 60 52 43 40 39 2
0 53 61 63 42 41 45 2
0 53 63 54 42 45 46 2
0 49 59 62 38 37 44 2
0 49 62 55 38 44 43 2
0 54 63 56 46 45 32 2
0 54 56 50 46 32 31 2
0 53 64 54 29 47 30 1
0 53 65 64 29 48 47 1
0 65 53 66 48 29 49 1
0 53 67 66 29 50 49 1
0 68 69 66 51 52 49 1
0 66 67 68 49 50 51 1
0 64 69 54 47 52 30 1
0 69 68 54 52 51 30 1
0 54 63 61 46 45 41 2
0 54 61 53 46 41 42 2
0 65 70 71 53 54 55 2
0 65 71 64 53 55 56 2
0 66 72 70 57 58 54 2
0 66 70 65 57 54 53 2
0 53 61 73 42 41 59 2
0 53 73 67 42 59 60 2
0 69 74 72 61 62 58 2
0 69 72 66 61 58 57 2
0 67 73 75 60 59 63 2
0 67 75 68 60 63 64 2
0 64 71 74 56 55 62 2
0 64 74 69 56 62 61 2
0 68 75 63 64 63 45 2
0 68 63 54 64 45 46 2
0 76 77 78 65 66 67 1
0 76 79 77 65 68 66 1
0 79 76 80 68 65 69 1
0 76 48 80 65 26 69 1
0 50 81 80 28 70 69 1
0 80 48 50 69 26 28 1
0 77 81 78 66 70 67 1
0 81 50 78 70 28 67 1
0 78 82 83 71 72 73 2
0 78 83 76 71 73 74 2
0 79 84 85 75 76 77 2
0 79 85 77 75 77 78 2
0 80 86 84 79 80 76 2
0 80 84 79 79 76 75 2
0 76 83 57 74 73 33 2
0 76 57 48 74 33 34 2
0 81 87 86 81 82 80 2
0 81 86 80 81 80 79 2
0 48 57 56 34 33 32 2
0 48 56 50 34 32 31 2
0 77 85 87 78 77 82 2
0 77 87 81 78 82 81 2
0 50 56 82 31 32 72 2
0 50 82 78 31 72 71 2
0 88 89 90 83 27 84 1
0 88 91 89 83 27 27 1
0 91 88 92 27 83 27 1
0 88 93 92 83 29 27 1
0 94 95 92 85 27 27 1
0 92 93 94 27 29 85 1
0 89 95 90 27 27 84 1
0 95 94 90 27 85 84 1
0 90 96 97 86 87 33 2
0 90 97 88 86 33 34 2
0 91 98 99 35 36 37 2
0 91 99 89 35 37 38 2
0 92 100 98 39 40 36 2
0 92 98 91 39 36 35 2
0 88 97 101 34 33 41 2
0 88 101 93 34 41 42 2
0 95 102 100 43 44 40 2
0 95 100 92 43 40 39 2
0 93 101 103 42 41 45 2
0 93 103 94 42 45 46 2
0 89 99 102 38 37 44 2
0 89 102 95 38 44 43 2
0 94 103 96 46 45 87 2
0 94 96 90 46 87 86 2
0 93 104 94 29 88 85 1
0 93 105 104 29 48 88 1
0 105 93 106 48 29 49 1
0 93 107 106 29 50 49 1
0 108 109 106 89 90 49 1
0 106 107 108 49 50 89 1
0 104 109 94 88 90 85 1
0 109 108 94 90 89 85 1
0 94 103 101 46 45 41 2
0 94 101 93 46 41 42 2
0 105 110 111 53 54 55 2
0 105 111 104 53 55 56 2
0 106 112 110 57 58 54 2
0 106 110 105 57 54 53 2
0 93 101 113 42 41 91 2
0 93 113 107 42 91 92 2
0 109 114 112 61 62 58 2
0 109 112 106 61 58 57 2
0 107 113 115 92 91 93 2
0 107 115 108 92 93 94 2
0 104 111 114 56 55 62 2
0 104 114 109 56 62 61 2
0 108 115 103 94 93 45 2
0 108 103 94 94 45 46 2
0 116 117 118 65 95 96 1
0 116 119 117 65 68 95 1
0 119 116 120 68 65 97 1
0 116 88 120 65 83 97 1
0 90 121 120 84 98 97 1
0 120 88 90 97 83 84 1
0 117 121 118 95 98 96 1
0 121 90 118 98 84 96 1
0 118 122 123 99 100 73 2
0 118 123 116 99 73 74 2
0 119 124 125 101 102 103 2
0 119 125 117 101 103 104 2
0 120 126 124 105 106 102 2
0 120 124 119 105 102 101 2
0 116 123 97 74 73 33 2
0 116 97 88 74 33 34 2
0 121 127 126 107 108 106 2
0 121 126 120 107 106 105 2
0 88 97 96 34 33 87 2
0 88 96 90 34 87 86 2
0 117 125 127 104 103 108 2
0 117 127 121 104 108 107 2
0 90 96 122 86 87 100 2
0 90 122 118 86 100 99 2
0 128 129 130 27 27 27 1
0 131 130 129 27 27 27 1
0 128 132 133 109 110 111 2
0 128 133 129 109 111 112 2
0 130 134 132 113 114 110 2
0 130 132 128 113 110 109 2
0 131 135 134 115 116 114 2
0 131 134 130 115 114 113 2
0 129 133 135 112 111 116 2
0 129 135 131 112 116 115 2

Materials: 3
"Blz"
0.200000 0.200000 0.200000 1.000000
0.800000 0.800000 0.800000 1.000000
0.000000 0.000000 0.000000 1.000000
0.000000 0.000000 0.000000 1.000000
0.000000
1.000000
"..\Image\brick01.tga"
""
"Blz_Other"
0.200000 0.200000 0.200000 1.000000
0.800000 0.800000 0.800000 1.000000
0.000000 0.000000 0.000000 1.000000
0.000000 0.000000 0.000000 1.000000
0.000000
1.000000
"..\Image\Blz_Round_Gate_Windows.tga"
""
"Windows"
0.200000 0.200000 0.200000 1.000000
0.800000 0.800000 0.800000 1.000000
0.000000 0.000000 0.000000 1.000000
0.000000 0.000000 0.000000 1.000000
0.000000
1.000000
"..\Image\window.tga"
""

Bones: 0
GroupComments: 0
MaterialComments: 0
BoneComments: 0
ModelComment: 0
